m;7
n;14
P;39
P1;2 4 6 8 10 12 14 16 18 20 22 24 26 28 30 32 34 36 38
Q;40
M;100
h;1 1 1 1 1 1 1 1 1 1 1 1 1 1 1 1 1 1 1 1 1 1 1 1 1 1 1 1 1 1 1 1 1 1 1 1 1 1 1
Vmin;40 40 40 40 40 40 40 40 40 40 40 40 40 40 40 40 40 40 40 40 40 40 40 40 40 40 40 40 40 40 40 40 40 40 40 40 40 40 40;40 40 40 40 40 40 40 40 40 40 40 40 40 40 40 40 40 40 40 40 40 40 40 40 40 40 40 40 40 40 40 40 40 40 40 40 40 40 40;40 40 40 40 40 40 40 40 40 40 40 40 40 40 40 40 40 40 40 40 40 40 40 40 40 40 40 40 40 40 40 40 40 40 40 40 40 40 40;40 40 40 40 40 40 40 40 40 40 40 40 40 40 40 40 40 40 40 40 40 40 40 40 40 40 40 40 40 40 40 40 40 40 40 40 40 40 40;40 40 40 40 40 40 40 40 40 40 40 40 40 40 40 40 40 40 40 40 40 40 40 40 40 40 40 40 40 40 40 40 40 40 40 40 40 40 40;40 40 40 40 40 40 40 40 40 40 40 40 40 40 40 40 40 40 40 40 40 40 40 40 40 40 40 40 40 40 40 40 40 40 40 40 40 40 40;40 40 40 40 40 40 40 40 40 40 40 40 40 40 40 40 40 40 40 40 40 40 40 40 40 40 40 40 40 40 40 40 40 40 40 40 40 40 40;40 40 40 40 40 40 40 40 40 40 40 40 40 40 40 40 40 40 40 40 40 40 40 40 40 40 40 40 40 40 40 40 40 40 40 40 40 40 40;40 40 40 40 40 40 40 40 40 40 40 40 40 40 40 40 40 40 40 40 40 40 40 40 40 40 40 40 40 40 40 40 40 40 40 40 40 40 40;40 40 40 40 40 40 40 40 40 40 40 40 40 40 40 40 40 40 40 40 40 40 40 40 40 40 40 40 40 40 40 40 40 40 40 40 40 40 40;40 40 40 40 40 40 40 40 40 40 40 40 40 40 40 40 40 40 40 40 40 40 40 40 40 40 40 40 40 40 40 40 40 40 40 40 40 40 40;40 40 40 40 40 40 40 40 40 40 40 40 40 40 40 40 40 40 40 40 40 40 40 40 40 40 40 40 40 40 40 40 40 40 40 40 40 40 40;40 40 40 40 40 40 40 40 40 40 40 40 40 40 40 40 40 40 40 40 40 40 40 40 40 40 40 40 40 40 40 40 40 40 40 40 40 40 40;40 40 40 40 40 40 40 40 40 40 40 40 40 40 40 40 40 40 40 40 40 40 40 40 40 40 40 40 40 40 40 40 40 40 40 40 40 40 40;
Vmax;40 40 40 40 40 40 40 40 40 40 40 40 40 40 40 40 40 40 40 40 40 40 40 40 40 40 40 40 40 40 40 40 40 40 40 40 40 40 40;40 40 40 40 40 40 40 40 40 40 40 40 40 40 40 40 40 40 40 40 40 40 40 40 40 40 40 40 40 40 40 40 40 40 40 40 40 40 40;40 40 40 40 40 40 40 40 40 40 40 40 40 40 40 40 40 40 40 40 40 40 40 40 40 40 40 40 40 40 40 40 40 40 40 40 40 40 40;40 40 40 40 40 40 40 40 40 40 40 40 40 40 40 40 40 40 40 40 40 40 40 40 40 40 40 40 40 40 40 40 40 40 40 40 40 40 40;40 40 40 40 40 40 40 40 40 40 40 40 40 40 40 40 40 40 40 40 40 40 40 40 40 40 40 40 40 40 40 40 40 40 40 40 40 40 40;40 40 40 40 40 40 40 40 40 40 40 40 40 40 40 40 40 40 40 40 40 40 40 40 40 40 40 40 40 40 40 40 40 40 40 40 40 40 40;40 40 40 40 40 40 40 40 40 40 40 40 40 40 40 40 40 40 40 40 40 40 40 40 40 40 40 40 40 40 40 40 40 40 40 40 40 40 40;40 40 40 40 40 40 40 40 40 40 40 40 40 40 40 40 40 40 40 40 40 40 40 40 40 40 40 40 40 40 40 40 40 40 40 40 40 40 40;40 40 40 40 40 40 40 40 40 40 40 40 40 40 40 40 40 40 40 40 40 40 40 40 40 40 40 40 40 40 40 40 40 40 40 40 40 40 40;40 40 40 40 40 40 40 40 40 40 40 40 40 40 40 40 40 40 40 40 40 40 40 40 40 40 40 40 40 40 40 40 40 40 40 40 40 40 40;40 40 40 40 40 40 40 40 40 40 40 40 40 40 40 40 40 40 40 40 40 40 40 40 40 40 40 40 40 40 40 40 40 40 40 40 40 40 40;40 40 40 40 40 40 40 40 40 40 40 40 40 40 40 40 40 40 40 40 40 40 40 40 40 40 40 40 40 40 40 40 40 40 40 40 40 40 40;40 40 40 40 40 40 40 40 40 40 40 40 40 40 40 40 40 40 40 40 40 40 40 40 40 40 40 40 40 40 40 40 40 40 40 40 40 40 40;40 40 40 40 40 40 40 40 40 40 40 40 40 40 40 40 40 40 40 40 40 40 40 40 40 40 40 40 40 40 40 40 40 40 40 40 40 40 40;
d;3 16.8421052631579 3 16.8421052631579 3 16.8421052631579 3 16.8421052631579 3 16.8421052631579 3 16.8421052631579 3 16.8421052631579 3 16.8421052631579 3 16.8421052631579 3 16.8421052631579 3 16.8421052631579 3 16.8421052631579 3 16.8421052631579 3 16.8421052631579 3 16.8421052631579 3 16.8421052631579 3 16.8421052631579 3 16.8421052631579 3 16.8421052631579 3
S;9.5 9.4250000000000007 9.0039473684210538 8.9289473684210545 8.5078947368421076 8.4328947368421083 8.0118421052631614 7.9368421052631621 7.5157894736842144 7.4407894736842142 7.0197368421052664 6.9447368421052662 6.5236842105263184 6.4486842105263182 6.0276315789473704 5.9526315789473703 5.5315789473684225 5.4565789473684223 5.0355263157894745 4.9605263157894743 4.5394736842105265 4.4644736842105264 4.0434210526315795 3.9684210526315793 3.5473684210526319 3.4723684210526318 3.0513157894736844 2.9763157894736842 2.5552631578947369 2.4802631578947367 2.0592105263157894 1.9842105263157894 1.5631578947368421 1.4881578947368421 1.0671052631578948 0.99210526315789471 0.57105263157894737 0.49605263157894736 0.074999999999999997 0;9.6666666666666679 9.5916666666666686 9.1706140350877217 9.0956140350877224 8.6745614035087755 8.5995614035087762 8.1785087719298293 8.10350877192983 7.6824561403508822 7.607456140350882 7.1864035087719342 7.1114035087719341 6.6903508771929863 6.6153508771929861 6.1942982456140383 6.1192982456140381 5.6982456140350903 5.6232456140350902 5.2021929824561424 5.1271929824561422 4.7061403508771944 4.6311403508771942 4.2100877192982464 4.1350877192982463 3.7140350877192989 3.6390350877192987 3.2179824561403514 3.1429824561403512 2.7219298245614039 2.6469298245614037 2.2258771929824563 2.1508771929824562 1.7298245614035086 1.6548245614035086 1.2337719298245613 1.1587719298245613 0.737719298245614 0.66271929824561404 0.24166666666666664 0.16666666666666666;9.8333333333333339 9.7583333333333346 9.3372807017543877 9.2622807017543884 8.8412280701754415 8.7662280701754423 8.3451754385964954 8.2701754385964961 7.8491228070175483 7.7741228070175481 7.3530701754386003 7.2780701754386001 6.8570175438596523 6.7820175438596522 6.3609649122807044 6.2859649122807042 5.8649122807017564 5.7899122807017562 5.3688596491228084 5.2938596491228083 4.8728070175438605 4.7978070175438603 4.3767543859649125 4.3017543859649123 3.8807017543859654 3.8057017543859653 3.3846491228070179 3.3096491228070177 2.8885964912280704 2.8135964912280702 2.3925438596491229 2.3175438596491227 1.8964912280701753 1.8214912280701754 1.400438596491228 1.3254385964912281 0.90438596491228063 0.82938596491228067 0.40833333333333333 0.33333333333333331;9.9999999999999982 9.9249999999999989 9.503947368421052 9.4289473684210527 9.0078947368421058 8.9328947368421066 8.5118421052631597 8.4368421052631604 8.0157894736842135 7.9407894736842142 7.5197368421052664 7.4447368421052662 7.0236842105263184 6.9486842105263182 6.5276315789473704 6.4526315789473703 6.0315789473684225 5.9565789473684223 5.5355263157894745 5.4605263157894743 5.0394736842105265 4.9644736842105264 4.5434210526315786 4.4684210526315784 4.0473684210526315 3.9723684210526318 3.5513157894736844 3.4763157894736842 3.0552631578947369 2.9802631578947367 2.5592105263157894 2.4842105263157892 2.0631578947368419 1.9881578947368419 1.5671052631578946 1.4921052631578946 1.0710526315789473 0.9960526315789473 0.57499999999999996 0.5;10.166666666666666 10.091666666666667 9.6706140350877199 9.5956140350877206 9.1745614035087737 9.0995614035087744 8.6785087719298275 8.6035087719298282 8.1824561403508813 8.107456140350882 7.6864035087719342 7.6114035087719341 7.1903508771929863 7.1153508771929861 6.6942982456140383 6.6192982456140381 6.1982456140350903 6.1232456140350902 5.7021929824561424 5.6271929824561422 5.2061403508771944 5.1311403508771942 4.7100877192982464 4.6350877192982463 4.2140350877192985 4.1390350877192983 3.7179824561403514 3.6429824561403512 3.2219298245614039 3.1469298245614037 2.7258771929824563 2.6508771929824562 2.2298245614035088 2.1548245614035086 1.7337719298245613 1.6587719298245613 1.237719298245614 1.162719298245614 0.74166666666666659 0.66666666666666663;10.333333333333332 10.258333333333333 9.837280701754386 9.7622807017543867 9.3412280701754398 9.2662280701754405 8.8451754385964936 8.7701754385964943 8.3491228070175474 8.2741228070175481 7.8530701754386003 7.7780701754386001 7.3570175438596523 7.2820175438596522 6.8609649122807044 6.7859649122807042 6.3649122807017564 6.2899122807017562 5.8688596491228084 5.7938596491228083 5.3728070175438605 5.2978070175438603 4.8767543859649125 4.8017543859649123 4.3807017543859654 4.3057017543859653 3.8846491228070179 3.8096491228070177 3.3885964912280704 3.3135964912280702 2.8925438596491229 2.8175438596491227 2.3964912280701753 2.3214912280701752 1.9004385964912278 1.8254385964912279 1.4043859649122805 1.3293859649122806 0.90833333333333333 0.83333333333333337;10.499999999999998 10.424999999999999 10.003947368421052 9.9289473684210527 9.5078947368421058 9.4328947368421066 9.0118421052631597 8.9368421052631604 8.5157894736842135 8.4407894736842142 8.0197368421052673 7.944736842105268 7.5236842105263202 7.44868421052632 7.0276315789473722 6.952631578947372 6.5315789473684243 6.4565789473684241 6.0355263157894763 5.9605263157894761 5.5394736842105283 5.4644736842105281 5.0434210526315804 4.9684210526315802 4.5473684210526324 4.4723684210526322 4.0513157894736844 3.9763157894736847 3.5552631578947373 3.4802631578947372 3.0592105263157898 2.9842105263157896 2.5631578947368423 2.4881578947368421 2.0671052631578948 1.9921052631578946 1.5710526315789473 1.4960526315789473 1.075 1;0 0.074999999999999997 0.49605263157894736 0.57105263157894737 0.99210526315789471 1.0671052631578948 1.4881578947368421 1.5631578947368421 1.9842105263157894 2.0592105263157894 2.4802631578947367 2.5552631578947369 2.9763157894736842 3.0513157894736844 3.4723684210526318 3.5473684210526319 3.9684210526315793 4.0434210526315795 4.4644736842105264 4.5394736842105265 4.9605263157894743 5.0355263157894745 5.4565789473684223 5.5315789473684225 5.9526315789473703 6.0276315789473704 6.4486842105263182 6.5236842105263184 6.9447368421052662 7.0197368421052664 7.4407894736842142 7.5157894736842144 7.9368421052631621 8.0118421052631614 8.4328947368421083 8.5078947368421076 8.9289473684210545 9.0039473684210538 9.4250000000000007 9.5;0.16666666666666666 0.24166666666666664 0.66271929824561404 0.737719298245614 1.1587719298245613 1.2337719298245613 1.6548245614035086 1.7298245614035086 2.1508771929824562 2.2258771929824563 2.6469298245614037 2.7219298245614039 3.1429824561403512 3.2179824561403514 3.6390350877192987 3.7140350877192989 4.1350877192982463 4.2100877192982464 4.6311403508771942 4.7061403508771944 5.1271929824561422 5.2021929824561424 5.6232456140350902 5.6982456140350903 6.1192982456140381 6.1942982456140383 6.6153508771929861 6.6903508771929863 7.1114035087719341 7.1864035087719342 7.607456140350882 7.6824561403508822 8.10350877192983 8.1785087719298293 8.5995614035087762 8.6745614035087755 9.0956140350877224 9.1706140350877217 9.5916666666666686 9.6666666666666679;0.33333333333333331 0.40833333333333333 0.82938596491228067 0.90438596491228063 1.3254385964912281 1.400438596491228 1.8214912280701754 1.8964912280701753 2.3175438596491227 2.3925438596491229 2.8135964912280702 2.8885964912280704 3.3096491228070177 3.3846491228070179 3.8057017543859653 3.8807017543859654 4.3017543859649123 4.3767543859649125 4.7978070175438603 4.8728070175438605 5.2938596491228083 5.3688596491228084 5.7899122807017562 5.8649122807017564 6.2859649122807042 6.3609649122807044 6.7820175438596522 6.8570175438596523 7.2780701754386001 7.3530701754386003 7.7741228070175481 7.8491228070175483 8.2701754385964961 8.3451754385964954 8.7662280701754423 8.8412280701754415 9.2622807017543884 9.3372807017543877 9.7583333333333346 9.8333333333333339;0.5 0.57499999999999996 0.9960526315789473 1.0710526315789473 1.4921052631578946 1.5671052631578946 1.9881578947368419 2.0631578947368419 2.4842105263157892 2.5592105263157894 2.9802631578947367 3.0552631578947369 3.4763157894736842 3.5513157894736844 3.9723684210526318 4.0473684210526315 4.4684210526315784 4.5434210526315786 4.9644736842105264 5.0394736842105265 5.4605263157894743 5.5355263157894745 5.9565789473684223 6.0315789473684225 6.4526315789473703 6.5276315789473704 6.9486842105263182 7.0236842105263184 7.4447368421052662 7.5197368421052664 7.9407894736842142 8.0157894736842135 8.4368421052631604 8.5118421052631597 8.9328947368421066 9.0078947368421058 9.4289473684210527 9.503947368421052 9.9249999999999989 9.9999999999999982;0.66666666666666663 0.74166666666666659 1.162719298245614 1.237719298245614 1.6587719298245613 1.7337719298245613 2.1548245614035086 2.2298245614035088 2.6508771929824562 2.7258771929824563 3.1469298245614037 3.2219298245614039 3.6429824561403512 3.7179824561403514 4.1390350877192983 4.2140350877192985 4.6350877192982463 4.7100877192982464 5.1311403508771942 5.2061403508771944 5.6271929824561422 5.7021929824561424 6.1232456140350902 6.1982456140350903 6.6192982456140381 6.6942982456140383 7.1153508771929861 7.1903508771929863 7.6114035087719341 7.6864035087719342 8.107456140350882 8.1824561403508813 8.6035087719298282 8.6785087719298275 9.0995614035087744 9.1745614035087737 9.5956140350877206 9.6706140350877199 10.091666666666667 10.166666666666666;0.83333333333333337 0.90833333333333333 1.3293859649122806 1.4043859649122805 1.8254385964912279 1.9004385964912278 2.3214912280701752 2.3964912280701753 2.8175438596491227 2.8925438596491229 3.3135964912280702 3.3885964912280704 3.8096491228070177 3.8846491228070179 4.3057017543859653 4.3807017543859654 4.8017543859649123 4.8767543859649125 5.2978070175438603 5.3728070175438605 5.7938596491228083 5.8688596491228084 6.2899122807017562 6.3649122807017564 6.7859649122807042 6.8609649122807044 7.2820175438596522 7.3570175438596523 7.7780701754386001 7.8530701754386003 8.2741228070175481 8.3491228070175474 8.7701754385964943 8.8451754385964936 9.2662280701754405 9.3412280701754398 9.7622807017543867 9.837280701754386 10.258333333333333 10.333333333333332;1 1.075 1.4960526315789473 1.5710526315789473 1.9921052631578946 2.0671052631578948 2.4881578947368421 2.5631578947368423 2.9842105263157896 3.0592105263157898 3.4802631578947372 3.5552631578947373 3.9763157894736847 4.0513157894736844 4.4723684210526322 4.5473684210526324 4.9684210526315802 5.0434210526315804 5.4644736842105281 5.5394736842105283 5.9605263157894761 6.0355263157894763 6.4565789473684241 6.5315789473684243 6.952631578947372 7.0276315789473722 7.44868421052632 7.5236842105263202 7.944736842105268 8.0197368421052673 8.4407894736842142 8.5157894736842135 8.9368421052631604 9.0118421052631597 9.4328947368421066 9.5078947368421058 9.9289473684210527 10.003947368421052 10.424999999999999 10.499999999999998;
