m;8
n;16
P;39
P1;2 4 6 8 10 12 14 16 18 20 22 24 26 28 30 32 34 36 38
Q;40
M;100
h;1 1 1 1 1 1 1 1 1 1 1 1 1 1 1 1 1 1 1 1 1 1 1 1 1 1 1 1 1 1 1 1 1 1 1 1 1 1 1
Vmin;46 46 46 46 46 46 46 46 46 46 46 46 46 46 46 46 46 46 46 46 46 46 46 46 46 46 46 46 46 46 46 46 46 46 46 46 46 46 46;29 29 29 29 29 29 29 29 29 29 29 29 29 29 29 29 29 29 29 29 29 29 29 29 29 29 29 29 29 29 29 29 29 29 29 29 29 29 29;35 35 35 35 35 35 35 35 35 35 35 35 35 35 35 35 35 35 35 35 35 35 35 35 35 35 35 35 35 35 35 35 35 35 35 35 35 35 35;48 48 48 48 48 48 48 48 48 48 48 48 48 48 48 48 48 48 48 48 48 48 48 48 48 48 48 48 48 48 48 48 48 48 48 48 48 48 48;42 42 42 42 42 42 42 42 42 42 42 42 42 42 42 42 42 42 42 42 42 42 42 42 42 42 42 42 42 42 42 42 42 42 42 42 42 42 42;42 42 42 42 42 42 42 42 42 42 42 42 42 42 42 42 42 42 42 42 42 42 42 42 42 42 42 42 42 42 42 42 42 42 42 42 42 42 42;28 28 28 28 28 28 28 28 28 28 28 28 28 28 28 28 28 28 28 28 28 28 28 28 28 28 28 28 28 28 28 28 28 28 28 28 28 28 28;52 52 52 52 52 52 52 52 52 52 52 52 52 52 52 52 52 52 52 52 52 52 52 52 52 52 52 52 52 52 52 52 52 52 52 52 52 52 52;47 47 47 47 47 47 47 47 47 47 47 47 47 47 47 47 47 47 47 47 47 47 47 47 47 47 47 47 47 47 47 47 47 47 47 47 47 47 47;48 48 48 48 48 48 48 48 48 48 48 48 48 48 48 48 48 48 48 48 48 48 48 48 48 48 48 48 48 48 48 48 48 48 48 48 48 48 48;48 48 48 48 48 48 48 48 48 48 48 48 48 48 48 48 48 48 48 48 48 48 48 48 48 48 48 48 48 48 48 48 48 48 48 48 48 48 48;48 48 48 48 48 48 48 48 48 48 48 48 48 48 48 48 48 48 48 48 48 48 48 48 48 48 48 48 48 48 48 48 48 48 48 48 48 48 48;30 30 30 30 30 30 30 30 30 30 30 30 30 30 30 30 30 30 30 30 30 30 30 30 30 30 30 30 30 30 30 30 30 30 30 30 30 30 30;50 50 50 50 50 50 50 50 50 50 50 50 50 50 50 50 50 50 50 50 50 50 50 50 50 50 50 50 50 50 50 50 50 50 50 50 50 50 50;49 49 49 49 49 49 49 49 49 49 49 49 49 49 49 49 49 49 49 49 49 49 49 49 49 49 49 49 49 49 49 49 49 49 49 49 49 49 49;39 39 39 39 39 39 39 39 39 39 39 39 39 39 39 39 39 39 39 39 39 39 39 39 39 39 39 39 39 39 39 39 39 39 39 39 39 39 39;
Vmax;46 46 46 46 46 46 46 46 46 46 46 46 46 46 46 46 46 46 46 46 46 46 46 46 46 46 46 46 46 46 46 46 46 46 46 46 46 46 46;29 29 29 29 29 29 29 29 29 29 29 29 29 29 29 29 29 29 29 29 29 29 29 29 29 29 29 29 29 29 29 29 29 29 29 29 29 29 29;35 35 35 35 35 35 35 35 35 35 35 35 35 35 35 35 35 35 35 35 35 35 35 35 35 35 35 35 35 35 35 35 35 35 35 35 35 35 35;48 48 48 48 48 48 48 48 48 48 48 48 48 48 48 48 48 48 48 48 48 48 48 48 48 48 48 48 48 48 48 48 48 48 48 48 48 48 48;42 42 42 42 42 42 42 42 42 42 42 42 42 42 42 42 42 42 42 42 42 42 42 42 42 42 42 42 42 42 42 42 42 42 42 42 42 42 42;42 42 42 42 42 42 42 42 42 42 42 42 42 42 42 42 42 42 42 42 42 42 42 42 42 42 42 42 42 42 42 42 42 42 42 42 42 42 42;28 28 28 28 28 28 28 28 28 28 28 28 28 28 28 28 28 28 28 28 28 28 28 28 28 28 28 28 28 28 28 28 28 28 28 28 28 28 28;52 52 52 52 52 52 52 52 52 52 52 52 52 52 52 52 52 52 52 52 52 52 52 52 52 52 52 52 52 52 52 52 52 52 52 52 52 52 52;47 47 47 47 47 47 47 47 47 47 47 47 47 47 47 47 47 47 47 47 47 47 47 47 47 47 47 47 47 47 47 47 47 47 47 47 47 47 47;48 48 48 48 48 48 48 48 48 48 48 48 48 48 48 48 48 48 48 48 48 48 48 48 48 48 48 48 48 48 48 48 48 48 48 48 48 48 48;48 48 48 48 48 48 48 48 48 48 48 48 48 48 48 48 48 48 48 48 48 48 48 48 48 48 48 48 48 48 48 48 48 48 48 48 48 48 48;48 48 48 48 48 48 48 48 48 48 48 48 48 48 48 48 48 48 48 48 48 48 48 48 48 48 48 48 48 48 48 48 48 48 48 48 48 48 48;30 30 30 30 30 30 30 30 30 30 30 30 30 30 30 30 30 30 30 30 30 30 30 30 30 30 30 30 30 30 30 30 30 30 30 30 30 30 30;50 50 50 50 50 50 50 50 50 50 50 50 50 50 50 50 50 50 50 50 50 50 50 50 50 50 50 50 50 50 50 50 50 50 50 50 50 50 50;49 49 49 49 49 49 49 49 49 49 49 49 49 49 49 49 49 49 49 49 49 49 49 49 49 49 49 49 49 49 49 49 49 49 49 49 49 49 49;39 39 39 39 39 39 39 39 39 39 39 39 39 39 39 39 39 39 39 39 39 39 39 39 39 39 39 39 39 39 39 39 39 39 39 39 39 39 39;
d;3.000 2.248 3.000 22.657 3.000 3.105 3.000 14.830 3.000 6.882 3.000 37.162 3.000 11.243 3.000 15.376 3.000 3.315 3.000 16.116 3.000 29.397 3.000 10.729 3.000 7.178 3.000 5.598 3.000 3.336 3.000 19.544 3.000 10.254 3.000 24.646 3.000 18.002 3.000
S;0.26395749834052457 0.26287054181878544 0.25634806191617288 0.25526110539443375 0.2463312455709025 0.24524428904916337 0.24152902139935908 0.24044206487761996 0.23336084332703305 0.23227388680529393 0.23106524902572131 0.22997829250398219 0.2279502047625161 0.22686324824077697 0.22426269677468336 0.22317574025294423 0.21928856101675975 0.21820160449502063 0.2075504222272079 0.20646346570546878 0.2006242075685144 0.19953725104677528 0.1983361439932253 0.19724918747148618 0.19167829319660604 0.19059133667486691 0.18651795991413972 0.1854310033924006 0.17196637088994876 0.17087941436820964 0.16838593021685658 0.16729897369511745 0.16192564420189501 0.16083868768015588 0.15971381067505389 0.15862685415331476 0.15041785404558425 0.14933089752384512 0.14851651965865009 0.14742956313691097;0.40623067717130074 0.40450653924026625 0.39416053663612216 0.39243639870508767 0.3782717934677623 0.37654765553672781 0.3706544723680727 0.36893033443703821 0.35769805197748661 0.35597391404645218 0.35405676446506107 0.35233262653402664 0.34911565977170117 0.34739152184066668 0.34326650917031126 0.34154237123927683 0.33537650072670833 0.3336523627956739 0.31675738402603992 0.31503324609500544 0.30577097456742258 0.30404683663638815 0.30214163234455033 0.30041749441351584 0.29158090349474042 0.28985676556370599 0.28339554725358701 0.28167140932255258 0.26031371638762896 0.25858957845659447 0.25463439669927579 0.2529102587682413 0.24438704646864709 0.24266290853761258 0.24087862087434739 0.2391544829433129 0.22613331035863693 0.22440917242760244 0.22311740064143099 0.2213932627103965;0.43067855876923544 0.429249987340664 0.42067758518294457 0.41924901375437318 0.40751262655773213 0.40608405512916068 0.40120113193227502 0.39977256050370358 0.39046581218007509 0.38903724075150364 0.38744874538406537 0.38602017395549393 0.38335468720956711 0.38192611578099567 0.37850824813984407 0.37707967671127268 0.37197081257228731 0.37054224114371592 0.35654354444887637 0.35511497302030492 0.34744051946887922 0.34601194804030777 0.34443335019849924 0.34300477876992785 0.33568303200865679 0.3342544605800854 0.32890087969455822 0.32747230826598683 0.30977593411990723 0.30834736269133584 0.30507021209241464 0.30364164066384325 0.29657955047275092 0.29515097904417947 0.29367256926604546 0.29224399783747401 0.28145502626731395 0.2800264548387425 0.27895612964448618 0.27752755821591474;0.45278593039080806 0.45174426372414139 0.44549355381747097 0.4444518871508043 0.43589410481992019 0.43485243815325353 0.43129197332219105 0.43025030665552438 0.42346413600287863 0.42242246933621197 0.42126419146412153 0.42022252479745487 0.41827894071188321 0.41723727404521654 0.41474507889021012 0.41370341222354345 0.40997819878886671 0.40893653212220005 0.39872914911554619 0.39768748244887953 0.39209152673429826 0.39104986006763159 0.38989879914131287 0.38885713247464621 0.38351835879455276 0.3824766921278861 0.37857303939885589 0.37753137273218923 0.36462776658400625 0.36358609991733959 0.36119651093895955 0.36015484427229288 0.35500540350795473 0.35396373684128807 0.3528857297113987 0.35184406304473204 0.34397710460815695 0.34293543794149028 0.3421549924873451 0.34111332582067838;0.56787108585466339 0.56668060966418721 0.55953694119942099 0.55834646500894491 0.54856614234507728 0.54737566615460109 0.54330656349052975 0.54211608730005356 0.53436046369702983 0.53316998750655353 0.53184624136702163 0.53065576517654545 0.52843452622160636 0.52724405003113017 0.52439582699683718 0.52320535080636099 0.51894796402387322 0.51775748783339692 0.50609190725436404 0.50490143106388774 0.4985060531043663 0.49731557691389011 0.496000078712383 0.49480960252190681 0.48870814688751429 0.48751767069703805 0.48305635329243213 0.48186587710195589 0.4671188986468896 0.46592842245641342 0.46319746362397912 0.46200698743350288 0.45612191227425924 0.454931436083783 0.45369942793533802 0.45250895174486178 0.44351814210306173 0.44232766591258549 0.44143572825070526 0.44024525206022902;0.85445684007551437 0.85326636388503829 0.84612269542027208 0.84493221922979589 0.83515189656592836 0.83396142037545218 0.82989231771138072 0.82870184152090465 0.82094621791788081 0.81975574172740473 0.81843199558787272 0.81724151939739664 0.81502028044245756 0.81382980425198137 0.81098158121768849 0.8097911050272123 0.80553371824472453 0.80434324205424834 0.79267766147521534 0.79148718528473916 0.78509180732521777 0.78390133113474159 0.78258583293323447 0.78139535674275828 0.77529390110836582 0.77410342491788964 0.76964210751328366 0.76845163132280758 0.75370465286774124 0.75251417667726506 0.74978321784483082 0.74859274165435463 0.742707666495111 0.74151719030463481 0.74028518215618988 0.73909470596571369 0.7301038963239137 0.72891342013343752 0.72802148247155729 0.7268310062810811;1.0616502319105907 1.0598645176248764 1.0491490149277272 1.0473633006420129 1.0326928166462117 1.0309071023604974 1.0248034483643904 1.0230177340786761 1.0113842986741406 1.0095985843884263 1.0076129651791284 1.0058272508934141 1.0024953924610056 1.0007096781752913 0.99643734362385183 0.99465162933813767 0.98826554916440601 0.98647983487869173 0.96898146401014229 0.96719574972442812 0.95760268278514582 0.95581696849943165 0.95384372119717098 0.95205800691145681 0.94290582345986806 0.94112010917415378 0.93442813306724481 0.93264241878153054 0.91052195109893108 0.90873623681321691 0.90463979856456544 0.90285408427885128 0.89402647153998582 0.89224075725427154 0.89039274503160404 0.88860703074588976 0.87512081628318961 0.87333510199747544 0.87199719550465493 0.87021148121894076;1.2432495560828136 1.2422880176212752 1.2365181315535796 1.2355565930920411 1.2276571017096864 1.2266955632481482 1.2234089803271675 1.222447441865629 1.2161832843401099 1.2152217458785715 1.2141525663043342 1.2131910278427958 1.211396950225345 1.2104354117638065 1.208134923928416 1.2071733854668776 1.2037347269117913 1.2027731884502528 1.1933509887518032 1.1923894502902648 1.1872239527075743 1.1862624142460361 1.1851998964678956 1.1842383580063571 1.1793102592247322 1.1783487207631937 1.17474534901332 1.1737838105517815 1.1618727894919201 1.1609112510303816 1.1587054765888001 1.1577439381272616 1.1529906081909496 1.1520290697294111 1.1510339862248977 1.1500724477633593 1.1428106399757516 1.1418491015142131 1.1411286903257714 1.1401671518642329;1.2323953902362521 1.2334823467579912 1.2348402028840557 1.2359271594057948 1.2441361595135254 1.2452231160352645 1.2463479930403663 1.2474349495621053 1.2528082790553277 1.2538952355770667 1.2563887197284198 1.2574756762501589 1.2709403087526108 1.2720272652743498 1.2761006420350769 1.277187598556816 1.2827584928316962 1.2838454493534353 1.2850465564069853 1.2861335129287244 1.2919727710656788 1.2930597275874178 1.3037109098552304 1.3047978663769695 1.308685045613154 1.3097720021348931 1.3123725536009867 1.3134595101227258 1.3154875978641918 1.3165745543859309 1.3177831921655034 1.3188701486872425 1.3259513702378294 1.3270383267595685 1.3307535944093729 1.331840550931112 1.3407704107546432 1.3418573672763823 1.3483798471789947 1.3494668037007338;1.3976903630423838 1.3994145009734182 1.4015683417251068 1.4032924796561412 1.4163136522408171 1.4180377901718515 1.4198220778351167 1.4215462157661511 1.4300694280657453 1.4317935659967798 1.4357487477540982 1.4374728856851327 1.4588305786200562 1.4605547165510906 1.4670159348612095 1.4687400727922439 1.4775766637110195 1.4793008016420539 1.4812060059338918 1.4829301438649263 1.492192415392509 1.4939165533235435 1.5108115320931774 1.5125356700242116 1.5187015405367803 1.5204256784678145 1.5245506911381701 1.5262748290692045 1.5294917958315299 1.5312159337625644 1.5331330833439556 1.53485722127499 1.5460895037345417 1.5478136416655761 1.5537068248342309 1.5554309627652654 1.5695955680025908 1.5713197059336252 1.5816657085377694 1.5833898464688039;1.6018184290934618 1.6032470005220332 1.6050316114305754 1.6064601828591469 1.6172491544293068 1.6186777258578784 1.6201561356360124 1.6215847070645839 1.6286467972556762 1.6300753686842477 1.6333525192831688 1.6347810907117404 1.65247746485782 1.6539060362863913 1.6592596171719187 1.6606881886004901 1.6680099353617612 1.6694385067903326 1.6710171046321411 1.6724456760607125 1.6801201296121384 1.68154870104071 1.6955473977355495 1.6969759691641211 1.7020848333031064 1.7035134047316778 1.7069312723728296 1.7083598438014009 1.711025330547328 1.7124539019758993 1.7140423973433376 1.7154709687719092 1.7247777170955376 1.7262062885241092 1.7310892117209948 1.7325177831495664 1.7442541703462073 1.7456827417747789 1.7542551439324983 1.7556837153610698;1.6668287436309841 1.6678704102976509 1.6691716890851294 1.670213355751796 1.6780803141883711 1.6791219808550377 1.6801999879849272 1.6812416546515938 1.686391095415932 1.6874327620825986 1.6898223510609787 1.6908640177276453 1.7037676238758281 1.704809290542495 1.7087129432715251 1.7097546099381917 1.7150933836182853 1.7161350502849519 1.7172861112112707 1.7183277778779376 1.7239237335925186 1.7249654002591854 1.7351727832658392 1.7362144499325061 1.7399396633671826 1.7409813300338495 1.7434735251888556 1.7445151918555224 1.7464587759410939 1.7475004426077605 1.7486587204798512 1.7497003871465178 1.7564865577991635 1.7575282244658301 1.7610886892968927 1.7621303559635593 1.7706881382944433 1.7717298049611101 1.7779805148677805 1.7790221815344471;1.9388190647440351 1.9400095409345113 1.9414967166916297 1.9426871928821057 1.9516780025239058 1.952868478714382 1.9541004868628271 1.9552909630533033 1.9611760382125467 1.9623665144030229 1.9650974732354571 1.9662879494259333 1.9810349278809996 1.9822254040714757 1.9866867214760819 1.9878771976665581 1.9939786533009505 1.9951691294914267 1.9964846276929338 1.99767510388341 2.0040704818429314 2.0052609580334075 2.0169265386124406 2.0181170148029168 2.0223744015854046 2.0235648777758808 2.0264131008101738 2.02760357700065 2.0298248159555889 2.0310152921460651 2.0323390382855973 2.0335295144760734 2.0412851380790973 2.042475614269573 2.0465447169336444 2.0477351931241206 2.0575155157879883 2.0587059919784645 2.0658496604432304 2.0670401366337066;2.1724362812120095 2.1736267574024861 2.1751139331596048 2.176304409350081 2.1852952189918811 2.1864856951823572 2.1877177033308026 2.1889081795212788 2.1947932546805222 2.1959837308709989 2.1987146897034333 2.1999051658939095 2.2146521443489755 2.2158426205394521 2.2203039379440579 2.2214944141345341 2.2275958697689267 2.2287863459594033 2.2301018441609104 2.2312923203513866 2.237687698310908 2.2388781745013846 2.2505437550804173 2.2517342312708939 2.2559916180533812 2.2571820942438579 2.2600303172781508 2.261220793468627 2.2634420324235665 2.2646325086140426 2.2659562547535748 2.2671467309440509 2.2749023545470748 2.2760928307375514 2.2801619334016228 2.2813524095920994 2.2911327322559667 2.2923232084464429 2.2994668769112092 2.3006573531016854;2.4087964359180769 2.4105821502037914 2.4128129138394687 2.4145986281251832 2.4280848425878836 2.4298705568735977 2.4317185690962657 2.4335042833819798 2.4423318961208453 2.4441176104065594 2.4482140486552111 2.4499997629409256 2.472120230623525 2.4739059449092395 2.4805979210161482 2.4823836353018627 2.4915358187534511 2.4933215330391656 2.495294780341426 2.4970804946271405 2.5066735615664228 2.5084592758521373 2.5259576467206863 2.5277433610064008 2.5341294411801325 2.5359151554658466 2.5401874900172863 2.5419732043030003 2.5453050627354088 2.5470907770211233 2.5490763962304208 2.5508621105161353 2.5624955459206706 2.5642812602063851 2.5703849142024922 2.5721706284882067 2.5868411124840081 2.5886268267697221 2.5993423294668716 2.6011280437525861;2.4897854299402149 2.4907469684017536 2.4919481488209647 2.4929096872825034 2.500171495070111 2.5011330335316497 2.5021281170361629 2.5030896554977016 2.5078429854340132 2.5088045238955519 2.5110102983371334 2.5119718367986721 2.5238828578585331 2.5248443963200717 2.5284477680699458 2.5294093065314844 2.5343374053131091 2.5352989437746478 2.5363614615527879 2.5373230000143265 2.542488497597017 2.5434500360585557 2.5528722357570053 2.553833774218544 2.55727243277363 2.5582339712351687 2.5605344590705594 2.5614959975320981 2.5632900751495487 2.5642516136110873 2.5653207931853248 2.5662823316468635 2.5725464891723826 2.5735080276339213 2.5767946105549018 2.5777561490164405 2.5856556403987954 2.586617178860334 2.5923870649280301 2.5933486033895687;
