m;6
n;12
P;39
P1;2 4 6 8 10 12 14 16 18 20 22 24 26 28 30 32 34 36 38
Q;40
M;100
h;1 1 1 1 1 1 1 1 1 1 1 1 1 1 1 1 1 1 1 1 1 1 1 1 1 1 1 1 1 1 1 1 1 1 1 1 1 1 1
Vmin;32 32 32 32 32 32 32 32 32 32 32 32 32 32 32 32 32 32 32 32 32 32 32 32 32 32 32 32 32 32 32 32 32 32 32 32 32 32 32;42 42 42 42 42 42 42 42 42 42 42 42 42 42 42 42 42 42 42 42 42 42 42 42 42 42 42 42 42 42 42 42 42 42 42 42 42 42 42;35 35 35 35 35 35 35 35 35 35 35 35 35 35 35 35 35 35 35 35 35 35 35 35 35 35 35 35 35 35 35 35 35 35 35 35 35 35 35;28 28 28 28 28 28 28 28 28 28 28 28 28 28 28 28 28 28 28 28 28 28 28 28 28 28 28 28 28 28 28 28 28 28 28 28 28 28 28;49 49 49 49 49 49 49 49 49 49 49 49 49 49 49 49 49 49 49 49 49 49 49 49 49 49 49 49 49 49 49 49 49 49 49 49 49 49 49;47 47 47 47 47 47 47 47 47 47 47 47 47 47 47 47 47 47 47 47 47 47 47 47 47 47 47 47 47 47 47 47 47 47 47 47 47 47 47;50 50 50 50 50 50 50 50 50 50 50 50 50 50 50 50 50 50 50 50 50 50 50 50 50 50 50 50 50 50 50 50 50 50 50 50 50 50 50;42 42 42 42 42 42 42 42 42 42 42 42 42 42 42 42 42 42 42 42 42 42 42 42 42 42 42 42 42 42 42 42 42 42 42 42 42 42 42;40 40 40 40 40 40 40 40 40 40 40 40 40 40 40 40 40 40 40 40 40 40 40 40 40 40 40 40 40 40 40 40 40 40 40 40 40 40 40;51 51 51 51 51 51 51 51 51 51 51 51 51 51 51 51 51 51 51 51 51 51 51 51 51 51 51 51 51 51 51 51 51 51 51 51 51 51 51;41 41 41 41 41 41 41 41 41 41 41 41 41 41 41 41 41 41 41 41 41 41 41 41 41 41 41 41 41 41 41 41 41 41 41 41 41 41 41;52 52 52 52 52 52 52 52 52 52 52 52 52 52 52 52 52 52 52 52 52 52 52 52 52 52 52 52 52 52 52 52 52 52 52 52 52 52 52;
Vmax;32 32 32 32 32 32 32 32 32 32 32 32 32 32 32 32 32 32 32 32 32 32 32 32 32 32 32 32 32 32 32 32 32 32 32 32 32 32 32;42 42 42 42 42 42 42 42 42 42 42 42 42 42 42 42 42 42 42 42 42 42 42 42 42 42 42 42 42 42 42 42 42 42 42 42 42 42 42;35 35 35 35 35 35 35 35 35 35 35 35 35 35 35 35 35 35 35 35 35 35 35 35 35 35 35 35 35 35 35 35 35 35 35 35 35 35 35;28 28 28 28 28 28 28 28 28 28 28 28 28 28 28 28 28 28 28 28 28 28 28 28 28 28 28 28 28 28 28 28 28 28 28 28 28 28 28;49 49 49 49 49 49 49 49 49 49 49 49 49 49 49 49 49 49 49 49 49 49 49 49 49 49 49 49 49 49 49 49 49 49 49 49 49 49 49;47 47 47 47 47 47 47 47 47 47 47 47 47 47 47 47 47 47 47 47 47 47 47 47 47 47 47 47 47 47 47 47 47 47 47 47 47 47 47;50 50 50 50 50 50 50 50 50 50 50 50 50 50 50 50 50 50 50 50 50 50 50 50 50 50 50 50 50 50 50 50 50 50 50 50 50 50 50;42 42 42 42 42 42 42 42 42 42 42 42 42 42 42 42 42 42 42 42 42 42 42 42 42 42 42 42 42 42 42 42 42 42 42 42 42 42 42;40 40 40 40 40 40 40 40 40 40 40 40 40 40 40 40 40 40 40 40 40 40 40 40 40 40 40 40 40 40 40 40 40 40 40 40 40 40 40;51 51 51 51 51 51 51 51 51 51 51 51 51 51 51 51 51 51 51 51 51 51 51 51 51 51 51 51 51 51 51 51 51 51 51 51 51 51 51;41 41 41 41 41 41 41 41 41 41 41 41 41 41 41 41 41 41 41 41 41 41 41 41 41 41 41 41 41 41 41 41 41 41 41 41 41 41 41;52 52 52 52 52 52 52 52 52 52 52 52 52 52 52 52 52 52 52 52 52 52 52 52 52 52 52 52 52 52 52 52 52 52 52 52 52 52 52;
d;3.000 4.340 3.000 28.735 3.000 20.080 3.000 3.262 3.000 11.966 3.000 51.328 3.000 7.857 3.000 17.685 3.000 10.220 3.000 6.120 3.000 24.404 3.000 24.547 3.000 28.588 3.000 14.057 3.000 11.430 3.000 10.092 3.000 5.916 3.000 12.044 3.000 46.383 3.000
S;0.27554159870066691 0.27397909870066689 0.24982102899372827 0.24825852899372827 0.24198555713281378 0.24042305713281378 0.23734204399332998 0.23577954399332998 0.23052349160003957 0.22896099160003958 0.22300771234395195 0.22144521234395195 0.21412410433470233 0.21256160433470234 0.19767177949423742 0.19610927949423743 0.18332443109730837 0.18176193109730837 0.16905168469829993 0.16748918469829993 0.16430169375109058 0.16273919375109058 0.15741629462380266 0.15585379462380267 0.14664303633014736 0.14508053633014736 0.14098816661919528 0.13942566661919525 0.11269253946936038 0.11113003946936038 0.10489795279786331 0.10333545279786331 0.10163656514378247 0.10007406514378246 0.089615635338368901 0.088053135338368907 0.073086732983063632 0.071524232983063638 0.069263861135275204 0.067701361135275209;0.3958538837455079 0.39466340755503171 0.37625725920688796 0.37506678301641178 0.37028737588428645 0.36909689969381021 0.36674946111134638 0.36555898492087019 0.36155437357360132 0.36036389738312508 0.35582806556896313 0.35463758937848688 0.34905960232382049 0.34786912613334425 0.33652449768346621 0.33533402149299002 0.32559318461913928 0.32440270842866309 0.31471871117227568 0.31352823498179944 0.31109967045059234 0.30990919426011609 0.30585365206789672 0.30466317587742053 0.29764545527273073 0.29645497908225449 0.29333698311200529 0.2921465069215291 0.27177841004546444 0.27058793385498819 0.26583967734337138 0.2646492011528952 0.26335481055930982 0.26216433436883363 0.25419600689804234 0.25300553070756615 0.2416025574844764 0.24041208129400021 0.23868989321949477 0.23749941702901858;0.6583485359790886 0.65691996455051715 0.63483258653274466 0.6334040151041731 0.62766872654562278 0.62624015511705122 0.62342322881809464 0.6219946573895232 0.61718912377280044 0.615760552344229 0.61031755416723465 0.6088889827386631 0.60219539827306356 0.60076682684449201 0.58715327270463835 0.58572470127606691 0.57403569702744606 0.57260712559887461 0.5609863288912097 0.55955775746263825 0.55664348002518971 0.55521490859661815 0.55034825796595499 0.54891968653738343 0.54049842181175578 0.53906985038318422 0.53532825521888527 0.53389968379031372 0.50945796753903616 0.50802939611046471 0.50233148829652452 0.50090291686795307 0.49934964815565058 0.49792107672707914 0.48835908376212961 0.48693051233355816 0.47324694446585053 0.47181837303727908 0.46975174734787256 0.46832317591930112;0.83576985447387442 0.83398414018816025 0.8063749176659446 0.80458920338023032 0.79742009268204239 0.79563437839632811 0.79211322052263233 0.79032750623691816 0.78432058921601489 0.78253487493030061 0.77573112720905768 0.7739454129233434 0.76557843234134393 0.76379271805562965 0.74677577538081263 0.74499006109509835 0.73037880578432235 0.72859309149860807 0.71406709561402704 0.71228138132831276 0.70863853453150216 0.70685282024578788 0.70076950695745877 0.6989837926717446 0.68845721176470998 0.6866714974789957 0.6819945035236219 0.68020878923790762 0.64965664392381062 0.64787092963809634 0.64074854487067123 0.63896283058495695 0.63702124469457888 0.63523553040886471 0.62328303920267769 0.62149732491696352 0.60439286508232881 0.60260715079661464 0.60002386868485635 0.59823815439914219;0.79072005853281291 0.78969965036954759 0.77392295178542447 0.77290254362215915 0.76880590893748035 0.76778550077421504 0.76577341056067461 0.76475300239740929 0.76132047838546446 0.76030007022219914 0.75641221438148898 0.75539180621822366 0.75061067445708096 0.74959026629381564 0.73986629905106305 0.73884589088779784 0.73049660213878298 0.72947619397551766 0.72117562489861409 0.72015521673534877 0.71807358999431414 0.71705318183104894 0.71357700280914649 0.71255659464588128 0.70654140555614708 0.70552099739288177 0.70284842941838255 0.70182802125511723 0.68436965250420456 0.68334924434093935 0.67927931018812493 0.67825890202485961 0.67714942437321501 0.6761290162099497 0.66929902123498575 0.66827861307172043 0.65850463602335774 0.65748422786009242 0.65600806665337352 0.6549876584901082;0.99268747866878415 0.99162364888155008 0.97517560142150672 0.97411177163427276 0.96984081206939476 0.9687769822821608 0.96667927120846964 0.96561544142123557 0.96203685255771865 0.96097302277048469 0.95691972625570165 0.95585589646846758 0.9508713122919572 0.94980748250472324 0.93966972942185345 0.93860589963461949 0.92990132200266773 0.92883749221543377 0.92018370743313016 0.91911987764589609 0.91694967104354086 0.91588584125630679 0.9122617397228342 0.91119790993560013 0.90492675535268596 0.90386292556545189 0.90107663129416538 0.90001280150693141 0.88181152344746927 0.8807476936602352 0.87650457082006705 0.87544074103283298 0.8742840515662248 0.87322022177899083 0.86609958871998571 0.86503575893275175 0.85484586796743756 0.85378203818020348 0.8522430616029858 0.85117923181575184;1.0443813032954679 1.0459438032954678 1.0489854251432562 1.0505479251432563 1.0655143274985615 1.0670768274985614 1.0775352573039749 1.0790977573039748 1.0807966449580557 1.0823591449580556 1.0885912316295527 1.0901537316295526 1.1168868587793876 1.1184493587793876 1.1225417284903396 1.1241042284903395 1.1333149867839949 1.134877486783995 1.1402003859112828 1.1417628859112829 1.1449503768584923 1.1465128768584922 1.1592231232575008 1.1607856232575007 1.1735704716544297 1.1751329716544299 1.1900227964948946 1.1915852964948948 1.1989064045041442 1.2004689045041443 1.2064221837602318 1.2079846837602317 1.2132407361535222 1.2148032361535221 1.217884249293006 1.2194467492930059 1.2257197211539206 1.2272822211539205 1.2514402908608591 1.253002790860859;1.2615535208304836 1.2627439970209597 1.2650614231907036 1.2662518993811795 1.2776548726042694 1.2788453487947455 1.2868136762655369 1.2880041524560129 1.2892985430495982 1.2904890192400744 1.2952372757516912 1.2964277519421674 1.3167958488182319 1.317986325008708 1.3211043209789572 1.3222947971694334 1.3293125177741232 1.3305029939645994 1.3345585361568189 1.335749012347295 1.338177576878502 1.3393680530689782 1.3490520503253656 1.3502425265158418 1.3599833633896923 1.3611738395801685 1.3725184680300466 1.3737089442205226 1.379286931275189 1.3804774074656652 1.3850132392798271 1.3862037154703031 1.390208326817572 1.3913988030080482 1.3937462415905122 1.3949367177809884 1.3997161249131136 1.4009066011035898 1.4193127494517337 1.4205032256422099;1.5207523045626483 1.5221808759912199 1.5249617873949119 1.5263903588234835 1.5400739266911914 1.5415024981197627 1.5510644910847122 1.5524930625132838 1.5540463312255861 1.5554749026541577 1.5611728104680977 1.5626013818966693 1.5870430981479469 1.5884716695765182 1.5922132647408174 1.5936418361693889 1.6020631008950166 1.6034916723235881 1.6083583229542515 1.6097868943828229 1.6127011718202715 1.6141297432488428 1.6257505399565075 1.6271791113850791 1.6388681156336999 1.6402966870622715 1.6539102412021252 1.6553388126306965 1.6620323970962962 1.6634609685248676 1.6689039667018621 1.6703325381304337 1.6751380717471562 1.6765666431757278 1.6793835694746844 1.6808121409032559 1.6865474294618064 1.6879760008903777 1.7100633789081501 1.7114919503367216;1.7620035539879946 1.7637892682737089 1.7672654075283243 1.7690511218140386 1.7861555816486734 1.7879412959343877 1.7998937871405747 1.801679501426289 1.8036210873166671 1.8054068016023814 1.8125291863698068 1.814314900655521 1.8448670459696179 1.8466527602553322 1.8513297542107061 1.8531154684964204 1.8636420494034551 1.8654277636891694 1.8715110769774985 1.8732967912632128 1.8769396380600236 1.8787253523457381 1.893251348230319 1.8950370625160333 1.9096483178268095 1.9114340321125238 1.9284509747873408 1.9302366890730551 1.9386036696550548 1.9403893839407691 1.9471931316620121 1.9489788459477266 1.9549857629686298 1.9567714772543441 1.9602926351280401 1.9620783494137544 1.9692474601119423 1.9710331743976568 1.9986423969198723 2.0004281112055868;1.8653523973581956 1.866372805521461 1.8683591708098126 1.8693795789730778 1.8791535560214403 1.8801739641847057 1.8870039591596697 1.8880243673229349 1.8891338449745796 1.8901542531378448 1.8942241872906593 1.8952445954539245 1.912702964204837 1.9137233723681024 1.9163959403426019 1.9174163485058671 1.923431537595601 1.9244519457588665 1.9279281247807687 1.9289485329440339 1.9310301596850685 1.9320505678483337 1.9403511369252373 1.9413715450885027 1.9497208338375176 1.950741242000783 1.9604652092435357 1.9614856174068009 1.9662667491679435 1.967287157331209 1.9711750131719192 1.9721954213351844 1.9756279453471293 1.9766483535103947 1.978660443723935 1.9796808518872002 1.9837774865718791 1.9847978947351446 2.0005745933192678 2.0015950014825332;2.1506275216211908 2.151691351408425 2.1537622428792598 2.1548260726664941 2.1650159636318085 2.1660797934190428 2.1732004264780476 2.1742642562652819 2.1754209457318905 2.1764847755191243 2.1807278983592928 2.1817917281465271 2.1999930062059887 2.201056835993223 2.2038431302645098 2.2049069600517441 2.2111781146346581 2.2122419444218924 2.215866045955365 2.2169298757425993 2.2191000823449545 2.2201639121321888 2.2288176969144926 2.2298815267017269 2.2385861043336788 2.2396499341209131 2.2497876872037832 2.2508515169910175 2.2558361011675276 2.2568999309547619 2.2609532274695452 2.2620170572567795 2.2655956461202966 2.2666594759075309 2.268757186981222 2.2698210167684563 2.274091976333334 2.2751558061205683 2.2916038535806118 2.2926676833678461;
