m;3
n;6
P;39
P1;2 4 6 8 10 12 14 16 18 20 22 24 26 28 30 32 34 36 38
Q;40
M;100
h;1 1 1 1 1 1 1 1 1 1 1 1 1 1 1 1 1 1 1 1 1 1 1 1 1 1 1 1 1 1 1 1 1 1 1 1 1 1 1
Vmin;41 41 41 41 41 41 41 41 41 41 41 41 41 41 41 41 41 41 41 41 41 41 41 41 41 41 41 41 41 41 41 41 41 41 41 41 41 41 41;37 37 37 37 37 37 37 37 37 37 37 37 37 37 37 37 37 37 37 37 37 37 37 37 37 37 37 37 37 37 37 37 37 37 37 37 37 37 37;52 52 52 52 52 52 52 52 52 52 52 52 52 52 52 52 52 52 52 52 52 52 52 52 52 52 52 52 52 52 52 52 52 52 52 52 52 52 52;28 28 28 28 28 28 28 28 28 28 28 28 28 28 28 28 28 28 28 28 28 28 28 28 28 28 28 28 28 28 28 28 28 28 28 28 28 28 28;41 41 41 41 41 41 41 41 41 41 41 41 41 41 41 41 41 41 41 41 41 41 41 41 41 41 41 41 41 41 41 41 41 41 41 41 41 41 41;52 52 52 52 52 52 52 52 52 52 52 52 52 52 52 52 52 52 52 52 52 52 52 52 52 52 52 52 52 52 52 52 52 52 52 52 52 52 52;
Vmax;41 41 41 41 41 41 41 41 41 41 41 41 41 41 41 41 41 41 41 41 41 41 41 41 41 41 41 41 41 41 41 41 41 41 41 41 41 41 41;37 37 37 37 37 37 37 37 37 37 37 37 37 37 37 37 37 37 37 37 37 37 37 37 37 37 37 37 37 37 37 37 37 37 37 37 37 37 37;52 52 52 52 52 52 52 52 52 52 52 52 52 52 52 52 52 52 52 52 52 52 52 52 52 52 52 52 52 52 52 52 52 52 52 52 52 52 52;28 28 28 28 28 28 28 28 28 28 28 28 28 28 28 28 28 28 28 28 28 28 28 28 28 28 28 28 28 28 28 28 28 28 28 28 28 28 28;41 41 41 41 41 41 41 41 41 41 41 41 41 41 41 41 41 41 41 41 41 41 41 41 41 41 41 41 41 41 41 41 41 41 41 41 41 41 41;52 52 52 52 52 52 52 52 52 52 52 52 52 52 52 52 52 52 52 52 52 52 52 52 52 52 52 52 52 52 52 52 52 52 52 52 52 52 52;
d;3.000 4.387 3.000 14.356 3.000 33.950 3.000 13.157 3.000 23.233 3.000 5.765 3.000 4.561 3.000 13.963 3.000 18.790 3.000 20.646 3.000 24.349 3.000 19.055 3.000 30.242 3.000 3.385 3.000 3.817 3.000 43.553 3.000 8.632 3.000 32.709 3.000 4.498 3.000
S;0.24456051119433619 0.24334099899921427 0.24151241773964213 0.24029290554452018 0.22699671690420009 0.22577720470907814 0.2222681606507409 0.22104864845561897 0.20334432158753388 0.20212480939241192 0.20057320046915864 0.19935368827403671 0.19797786481385876 0.19675835261873684 0.18446472983327231 0.18324521763815038 0.17549920769230093 0.17427969549717898 0.16438166554911662 0.16316215335399467 0.15476961704252629 0.15355010484740433 0.14591187042918818 0.14469235823406626 0.13901625650217675 0.13779674430705482 0.13594269089254041 0.13472317869741846 0.13237985683092396 0.13116034463580201 0.12171618005377423 0.12049666785865228 0.11514833265374645 0.1139288204586245 0.10012792412643283 0.098908411931310877 0.093072484092920432 0.09185297189779848 0.090069454149057745 0.088849941953935793;0.51946680169976911 0.51811545034841777 0.51608918462835141 0.51473783327700007 0.50000421883772639 0.49865286748637505 0.494764467313623 0.49341311596227161 0.4737948078111503 0.47244345645979896 0.47072410603132908 0.46937275467997774 0.46784819354842921 0.46649684219707788 0.45287417911048211 0.45152282775913072 0.44293941133264891 0.44158805998129758 0.43061997274155278 0.42926862139020139 0.41996878385587155 0.41861743250452021 0.41015344301406448 0.40880209166271314 0.40251235731115992 0.40116100595980858 0.39910651433831956 0.39775516298696822 0.39515850902679867 0.39380715767544733 0.38334200232779492 0.38199065097644358 0.37606411737100742 0.37471276601965608 0.35941988089479504 0.3580685295434437 0.35160169058738944 0.3502503392360381 0.34827400875770376 0.34692265740635242;0.60559389039056388 0.60463235192902542 0.60319058593590136 0.6022290474743629 0.5917455141233412 0.59078397566180274 0.58801722938503687 0.58705569092349852 0.57309651012366214 0.57213497166212368 0.57091158770340478 0.56995004924186632 0.56886526535980297 0.56790372689826463 0.55821067816357128 0.55724913970203294 0.55114170878319002 0.55018017032165156 0.54237595440106401 0.54141441593952555 0.53479722384779083 0.53383568538625237 0.52781323132573577 0.52685169286419731 0.52237630496020748 0.52141476649866902 0.51995291669107113 0.51899137822953267 0.51714375906556587 0.51618222060402741 0.50873586006819782 0.50777432160665936 0.50355736500279136 0.5025958265412529 0.4917143505870249 0.49075281212548644 0.48615140748367858 0.48518986902214017 0.48378363387409457 0.48282209541255611;0.82653504222358287 0.82775455441870482 0.83014782826500655 0.83136734046012839 0.83720326829851888 0.83842278049364083 0.85222367682583255 0.8534431890209544 0.85879152422586025 0.86001103642098209 0.86945520100300988 0.87067471319813172 0.87301803506462627 0.87423754725974812 0.87609160067426262 0.87731111286938446 0.88298721460127394 0.88420672679639589 0.8918449612146121 0.89306447340973394 0.90145700972120235 0.9026765219163243 0.91257455186438663 0.91379406405950858 0.92154007400535798 0.92275958620047982 0.93505320898594446 0.9362727211810663 0.93764854464124425 0.9388680568363662 0.94041966575961955 0.94163917795474139 0.95934350482282649 0.96056301701794844 0.96407206107628562 0.96529157327140758 0.97858776191172769 0.97980727410684965 0.98163585536642173 0.98285536756154357;0.98449483132987192 0.98584618268122326 0.98849818883523322 0.98984954018658455 0.99631637914263882 0.99766773049399016 1.0129606156188511 1.0143119669702025 1.0202385005756387 1.0215898519269901 1.0320550072746424 1.0334063586259938 1.0360030125861635 1.0373543639375147 1.0394088555590038 1.040760206910355 1.0470499412619083 1.0484012926132595 1.0568652821037154 1.0582166334550667 1.0675164709893965 1.068867822340748 1.0798359095804926 1.081187260931844 1.0897706773583258 1.091122028709677 1.1047446917962729 1.1060960431476241 1.1076206042791727 1.108971955630524 1.1106913060589938 1.1120426574103452 1.1316609655614664 1.1330123169128179 1.1369007170855701 1.1382520684369213 1.1529856828761951 1.1543370342275463 1.1563632999476128 1.157714651298964;1.1174497019912975 1.1184112404528359 1.1202982448316507 1.1212597832931892 1.1258611879349971 1.1268227263965356 1.1377042023507637 1.1386657408123022 1.1428826974161701 1.1438442358777086 1.1512905964135383 1.1522521348750767 1.1540997540390436 1.1550612925005821 1.1565231423081801 1.1574846807697186 1.1619600686737082 1.1629216071352466 1.1689440611957633 1.1699055996573018 1.1765227917490364 1.1774843302105749 1.1852885461311624 1.1862500845927009 1.1923575155115436 1.193319053973082 1.2030121027077751 1.2039736411693136 1.2050584250513769 1.2060199635129154 1.2072433474716344 1.2082048859331729 1.2221640667330089 1.2231256051945474 1.2258923514713134 1.2268538899328518 1.2373374232838734 1.2382989617454119 1.2397407277385362 1.2407022662000746;
