m;5
n;10
P;39
P1;2 4 6 8 10 12 14 16 18 20 22 24 26 28 30 32 34 36 38
Q;40
M;100
h;1 1 1 1 1 1 1 1 1 1 1 1 1 1 1 1 1 1 1 1 1 1 1 1 1 1 1 1 1 1 1 1 1 1 1 1 1 1 1
Vmin;47 47 47 47 47 47 47 47 47 47 47 47 47 47 47 47 47 47 47 47 47 47 47 47 47 47 47 47 47 47 47 47 47 47 47 47 47 47 47;42 42 42 42 42 42 42 42 42 42 42 42 42 42 42 42 42 42 42 42 42 42 42 42 42 42 42 42 42 42 42 42 42 42 42 42 42 42 42;34 34 34 34 34 34 34 34 34 34 34 34 34 34 34 34 34 34 34 34 34 34 34 34 34 34 34 34 34 34 34 34 34 34 34 34 34 34 34;28 28 28 28 28 28 28 28 28 28 28 28 28 28 28 28 28 28 28 28 28 28 28 28 28 28 28 28 28 28 28 28 28 28 28 28 28 28 28;42 42 42 42 42 42 42 42 42 42 42 42 42 42 42 42 42 42 42 42 42 42 42 42 42 42 42 42 42 42 42 42 42 42 42 42 42 42 42;37 37 37 37 37 37 37 37 37 37 37 37 37 37 37 37 37 37 37 37 37 37 37 37 37 37 37 37 37 37 37 37 37 37 37 37 37 37 37;39 39 39 39 39 39 39 39 39 39 39 39 39 39 39 39 39 39 39 39 39 39 39 39 39 39 39 39 39 39 39 39 39 39 39 39 39 39 39;52 52 52 52 52 52 52 52 52 52 52 52 52 52 52 52 52 52 52 52 52 52 52 52 52 52 52 52 52 52 52 52 52 52 52 52 52 52 52;37 37 37 37 37 37 37 37 37 37 37 37 37 37 37 37 37 37 37 37 37 37 37 37 37 37 37 37 37 37 37 37 37 37 37 37 37 37 37;43 43 43 43 43 43 43 43 43 43 43 43 43 43 43 43 43 43 43 43 43 43 43 43 43 43 43 43 43 43 43 43 43 43 43 43 43 43 43;
Vmax;47 47 47 47 47 47 47 47 47 47 47 47 47 47 47 47 47 47 47 47 47 47 47 47 47 47 47 47 47 47 47 47 47 47 47 47 47 47 47;42 42 42 42 42 42 42 42 42 42 42 42 42 42 42 42 42 42 42 42 42 42 42 42 42 42 42 42 42 42 42 42 42 42 42 42 42 42 42;34 34 34 34 34 34 34 34 34 34 34 34 34 34 34 34 34 34 34 34 34 34 34 34 34 34 34 34 34 34 34 34 34 34 34 34 34 34 34;28 28 28 28 28 28 28 28 28 28 28 28 28 28 28 28 28 28 28 28 28 28 28 28 28 28 28 28 28 28 28 28 28 28 28 28 28 28 28;42 42 42 42 42 42 42 42 42 42 42 42 42 42 42 42 42 42 42 42 42 42 42 42 42 42 42 42 42 42 42 42 42 42 42 42 42 42 42;37 37 37 37 37 37 37 37 37 37 37 37 37 37 37 37 37 37 37 37 37 37 37 37 37 37 37 37 37 37 37 37 37 37 37 37 37 37 37;39 39 39 39 39 39 39 39 39 39 39 39 39 39 39 39 39 39 39 39 39 39 39 39 39 39 39 39 39 39 39 39 39 39 39 39 39 39 39;52 52 52 52 52 52 52 52 52 52 52 52 52 52 52 52 52 52 52 52 52 52 52 52 52 52 52 52 52 52 52 52 52 52 52 52 52 52 52;37 37 37 37 37 37 37 37 37 37 37 37 37 37 37 37 37 37 37 37 37 37 37 37 37 37 37 37 37 37 37 37 37 37 37 37 37 37 37;43 43 43 43 43 43 43 43 43 43 43 43 43 43 43 43 43 43 43 43 43 43 43 43 43 43 43 43 43 43 43 43 43 43 43 43 43 43 43;
d;3.000 16.350 3.000 27.159 3.000 13.075 3.000 32.618 3.000 28.340 3.000 3.758 3.000 6.883 3.000 3.526 3.000 22.483 3.000 13.396 3.000 3.194 3.000 21.670 3.000 20.554 3.000 14.427 3.000 17.395 3.000 18.480 3.000 24.396 3.000 3.112 3.000 16.641 3.000
S;0.4258697881274463 0.42480595834021229 0.41890505950234325 0.41784122971510923 0.41673771675964016 0.41567388697240609 0.40702297500535278 0.40595914521811877 0.39940578727374454 0.39834195748651052 0.39217357540642755 0.39110974561919348 0.38599388972384485 0.38493005993661084 0.37764143445686205 0.37657760466962803 0.36889325464265832 0.3678294248554243 0.3666967905891354 0.36563296080190139 0.36088274769513828 0.35981891790790427 0.35184604809183712 0.3507822183046031 0.34953172300450375 0.34846789321726968 0.34602728737871519 0.34496345759148117 0.34363069334615309 0.34256686355891908 0.33251730434049759 0.33145347455326352 0.31988673683595442 0.31882290704872041 0.31418630928273827 0.31312247949550426 0.30349166085166668 0.30242783106443266 0.29663008161920346 0.29556625183196944;0.58253545837981091 0.58134498218933472 0.57474159539457659 0.57355111920410051 0.57231623565869461 0.57112575946821842 0.56144497702889684 0.56025450083842065 0.5529209812340018 0.55173050504352572 0.54482779176343288 0.54363731557295669 0.53791242921387605 0.53672195302339998 0.52856563403415724 0.52737515784368105 0.51877600424207204 0.51758552805159586 0.51631805637265349 0.5151275801821773 0.50981186551508528 0.5086213893246091 0.49969936833996254 0.49850889214948629 0.49710952836127992 0.49591905217080368 0.49318789801813556 0.49199742182765938 0.49050599517217314 0.48931551898169695 0.47806958366584429 0.4768791074753681 0.46393537717266498 0.46274490098218879 0.45755632729168494 0.45636585110120875 0.44558850642834291 0.44439803023786673 0.43791007252534836 0.43671959633487217;0.93708531432840225 0.93561472609310814 0.92745760122899512 0.92598701299370101 0.92446156861408191 0.92299098037878791 0.91103236677727295 0.90956177854197895 0.90050272491299099 0.89903213667769688 0.890505255566994 0.88903466733169989 0.88196274888812976 0.88049216065283564 0.87041670778377123 0.86894611954847711 0.85832363568766612 0.85685304745237201 0.85528734714309029 0.85381675890779618 0.84725028784844736 0.84577969961315325 0.83475837957329568 0.83328779133800157 0.83155916548198194 0.83008857724668783 0.82671479858750962 0.82524421035221551 0.82340185977779135 0.82193127154249734 0.80803923379938525 0.80656864556409114 0.790579331660752 0.789108743425458 0.78269932886660032 0.78122874063130621 0.76791555015306012 0.76644496191776612 0.75843042591994925 0.75695983768465525;1.0867983896853823 1.0850126753996681 1.0751075952075309 1.0733218809218166 1.0714695556037079 1.0696838413179934 1.0551626676590111 1.0533769533732968 1.0423766739666687 1.0405909596809544 1.030236889760815 1.0284511754751007 1.0198638459364797 1.0180781316507654 1.0058436531669015 1.0040579388811872 0.99115920847877392 0.98937349419305975 0.98747228667464626 0.98568657238893198 0.97771300038829401 0.97592728610257984 0.96254425462561 0.96075854033989572 0.95865949465758615 0.95687378037187187 0.95277704914286976 0.95099133485715548 0.9487541948739262 0.94696848058821204 0.93009957761443296 0.92831386332871868 0.9088982678746641 0.90711255358894993 0.8993296930531941 0.89754397876747993 0.88137796175818117 0.87959224747246689 0.86986031090368943 0.86807459661797515;1.2437029882469495 1.2425125120564735 1.2359091252617154 1.2347186490712392 1.2334837655258333 1.2322932893353571 1.2226125068960356 1.2214220307055597 1.2140885111011408 1.2128980349106646 1.2059953216305717 1.2048048454400955 1.1990799590810148 1.1978894828905386 1.189733163901296 1.1885426877108201 1.179943534109211 1.1787530579187349 1.1774855862397926 1.1762951100493164 1.1709793953822245 1.1697889191917483 1.1608668982071015 1.1596764220166256 1.158277058228419 1.157086582037943 1.1543554278852748 1.1531649516947986 1.1516735250393126 1.1504830488488365 1.1392371135329837 1.1380466373425075 1.1251029070398044 1.1239124308493282 1.1187238571588245 1.1175333809683485 1.1067560362954827 1.1055655601050065 1.0990776023924882 1.097887126202012;1.293413659812185 1.2944774895994191 1.3008071539382653 1.3018709837254994 1.3115018023693368 1.3125656321565708 1.3172022299225532 1.3182660597097873 1.3298327974270963 1.3308966272143303 1.3409461864327519 1.3420100162199859 1.343342780465314 1.344406610252548 1.3468472160911025 1.3479110458783365 1.3491615411784359 1.35022537096567 1.358198240781737 1.3592620705689711 1.3640122836757342 1.3650761134629683 1.366208747729257 1.3672725775164911 1.3749569275434608 1.3760207573306948 1.3833093828104437 1.3843732125976775 1.3894890684930263 1.3905528982802602 1.3967212803603433 1.3977851101475773 1.4043384680919515 1.4054022978791856 1.4140532098462388 1.4151170396334729 1.416220552588942 1.417284382376176 1.4231852812140451 1.4242491110012792;1.5097542384729035 1.5109447146633797 1.5180279104711361 1.5192183866616122 1.5299957313344779 1.531186207524954 1.5363747812154578 1.537565257405934 1.5505089877086369 1.5516994638991131 1.5629453992149658 1.564135875405442 1.5656273020609281 1.5668177782514043 1.5695489324040723 1.5707394085945485 1.5721387723827549 1.5733292485732311 1.5822512695578779 1.5834417457483538 1.588757460415446 1.5899479366059219 1.5912154082848644 1.5924058844753406 1.6010050380769494 1.6021955142674256 1.6103518332566682 1.6115423094471444 1.617267195806225 1.6184576719967012 1.6253603852767939 1.6265508614672701 1.633884381071689 1.6350748572621652 1.6447556397014866 1.6459461158919628 1.6471809994373685 1.6483714756278447 1.6549748624226028 1.656165338613079;1.7111088483273582 1.7125794365626523 1.7213292666781161 1.7227998549134105 1.7361130453916565 1.7375836336269506 1.7439930481858081 1.7454636364211025 1.7614529503244414 1.7629235385597357 1.7768155763028477 1.7782861645381418 1.7801285151125659 1.7815991033478602 1.7849728820070385 1.7864434702423326 1.7881720960983525 1.7896426843336466 1.8006640043735043 1.8021345926087984 1.8087010636681471 1.8101716519034414 1.8117373522127231 1.8132079404480173 1.8238304243088284 1.8253010125441227 1.8353764654131872 1.8368470536484813 1.8439189720920517 1.8453895603273458 1.8539164414380489 1.855387029673343 1.8644460833023311 1.8659166715376254 1.8778752851391403 1.8793458733744344 1.8808713177540535 1.8823419059893476 1.8904990308534608 1.8919696190887549;1.8156487243236772 1.8174344386093917 1.8280592323210263 1.8298449466067406 1.8460109636160393 1.8477966779017538 1.8555795384375096 1.8573652527232238 1.8767808481772785 1.8785665624629928 1.8954354654367718 1.8972211797224861 1.8994583197057153 1.9012440339914296 1.9053407652204319 1.9071264795061462 1.9092255251884558 1.9110112394741701 1.9243942709511399 1.9261799852368542 1.9341535572374924 1.9359392715232067 1.9378404790416204 1.9396261933273347 1.952524923729748 1.9543106380154625 1.9665451164993264 1.9683308307850409 1.9769181603236619 1.9787038746093761 1.9890579445295156 1.9908436588152298 2.001843938221858 2.0036296525075725 2.0181508261665551 2.0199365404522691 2.021788865770378 2.0235745800560925 2.0334796602482297 2.0352653745339437;1.9631889991338356 1.9643794753243118 1.9714626711320684 1.9726531473225444 1.9834304919954102 1.9846209681858864 1.9898095418763901 1.9910000180668663 2.0039437483695695 2.0051342245600456 2.0163801598758981 2.0175706360663743 2.0190620627218605 2.0202525389123367 2.0229836930650049 2.0241741692554807 2.0255735330436875 2.0267640092341632 2.0356860302188102 2.0368765064092864 2.0421922210763781 2.0433826972668543 2.0446501689457968 2.045840645136273 2.054439798737882 2.0556302749283577 2.0637865939176003 2.0649770701080765 2.0707019564671572 2.0718924326576333 2.0787951459377263 2.0799856221282025 2.0873191417326216 2.0885096179230973 2.098190400362419 2.0993808765528952 2.1006157600983011 2.1018062362887773 2.1084096230835354 2.1096000992740112;
