m;2
n;4
P;39
P1;2 4 6 8 10 12 14 16 18 20 22 24 26 28 30 32 34 36 38
Q;40
M;100
h;1 1 1 1 1 1 1 1 1 1 1 1 1 1 1 1 1 1 1 1 1 1 1 1 1 1 1 1 1 1 1 1 1 1 1 1 1 1 1
Vmin;33 33 33 33 33 33 33 33 33 33 33 33 33 33 33 33 33 33 33 33 33 33 33 33 33 33 33 33 33 33 33 33 33 33 33 33 33 33 33;38 38 38 38 38 38 38 38 38 38 38 38 38 38 38 38 38 38 38 38 38 38 38 38 38 38 38 38 38 38 38 38 38 38 38 38 38 38 38;52 52 52 52 52 52 52 52 52 52 52 52 52 52 52 52 52 52 52 52 52 52 52 52 52 52 52 52 52 52 52 52 52 52 52 52 52 52 52;28 28 28 28 28 28 28 28 28 28 28 28 28 28 28 28 28 28 28 28 28 28 28 28 28 28 28 28 28 28 28 28 28 28 28 28 28 28 28;
Vmax;33 33 33 33 33 33 33 33 33 33 33 33 33 33 33 33 33 33 33 33 33 33 33 33 33 33 33 33 33 33 33 33 33 33 33 33 33 33 33;38 38 38 38 38 38 38 38 38 38 38 38 38 38 38 38 38 38 38 38 38 38 38 38 38 38 38 38 38 38 38 38 38 38 38 38 38 38 38;52 52 52 52 52 52 52 52 52 52 52 52 52 52 52 52 52 52 52 52 52 52 52 52 52 52 52 52 52 52 52 52 52 52 52 52 52 52 52;28 28 28 28 28 28 28 28 28 28 28 28 28 28 28 28 28 28 28 28 28 28 28 28 28 28 28 28 28 28 28 28 28 28 28 28 28 28 28;
d;3.000 19.710 3.000 6.183 3.000 16.072 3.000 6.728 3.000 3.943 3.000 3.490 3.000 6.902 3.000 25.729 3.000 19.583 3.000 13.820 3.000 4.282 3.000 3.451 3.000 8.967 3.000 36.501 3.000 14.383 3.000 5.453 3.000 37.471 3.000 4.807 3.000 13.802 3.000
S;0.30381512827537038 0.30229997676021891 0.29532941981041411 0.29381426829526264 0.29138651033366203 0.28987135881851056 0.27094674619406972 0.26943159467891825 0.26667759059436746 0.26516243907921594 0.25789852864969393 0.2563833771345424 0.23794870179330543 0.23643355027815391 0.23190471866003431 0.23038956714488279 0.22864671763237743 0.2271315661172259 0.22496887087359871 0.22345371935844718 0.21647378240001924 0.21495863088486772 0.20506823121722195 0.20355307970207043 0.19055870116745233 0.1890435496523008 0.18555772039677693 0.18404256888162537 0.18228014847812149 0.18076499696296996 0.17877357785714215 0.17725842634199063 0.17386039935045589 0.17234524783530436 0.16422800654046232 0.1627128550253108 0.15959006434372602 0.1580749128285745 0.14812037100288852 0.146605219487737;0.53344078626711133 0.53212499679342717 0.52607161838964933 0.52475582891596517 0.5226475127914173 0.52133172331773314 0.50489719130177135 0.50358140182808719 0.50118976670202986 0.49987397722834565 0.49356584448691865 0.49225005501323443 0.47624099484847604 0.47492520537479183 0.47099227265379329 0.46967648318010907 0.46816295597188073 0.46684716649819652 0.46496903641820453 0.46365324694452037 0.45759172274378029 0.45627593327009613 0.44768690197977212 0.44637111250608796 0.43508652062076175 0.43377073114707759 0.43074356363570154 0.42942777416201738 0.42789725118002714 0.42658146170634298 0.42485207143022935 0.42353628195654519 0.42058536377968608 0.41926957430600187 0.41222039107627062 0.41090460160258646 0.4081927044317365 0.40687691495805228 0.39823218126732501 0.39691639179364085;0.45148820938779033 0.45300336090294185 0.46371547848620354 0.46523063000135506 0.46835342068293984 0.46986857219809136 0.47798581349293345 0.47950096500808492 0.48289899199961966 0.48441414351477113 0.48640556262059903 0.4879207141357505 0.48968313453925438 0.49119828605440585 0.49468411530992973 0.4961992668250812 0.50919364535969924 0.51070879687485082 0.52059919654249653 0.52211434805764811 0.52909428501607603 0.5306094365312275 0.53277213177485472 0.53428728329000619 0.53603013280251166 0.53754528431766313 0.54207411593578281 0.54358926745093439 0.56202394279217127 0.56353909430732285 0.57080300473684487 0.57231815625199645 0.57507216033654729 0.57658731185169876 0.59551192447613965 0.59702707599129112 0.59945483395289179 0.60096998546804337 0.60794054241784812 0.6094556939329997;0.75441329183289552 0.75572908130657979 0.76503170973414913 0.7663474992078334 0.76905939637868326 0.77037518585236753 0.77742436908209878 0.77874015855578305 0.78169107673264215 0.78300686620632642 0.78473625648244005 0.78605204595612432 0.78758256893811462 0.78889835841179889 0.79192552592317478 0.79324131539685905 0.80452590728218532 0.80584169675586959 0.81443072804619354 0.81574651751987781 0.82180804172061772 0.82312383119430199 0.82500196127429404 0.82631775074797831 0.82783127795620659 0.82914706742989075 0.83308000015088945 0.83439578962457372 0.85040484978933206 0.85172063926301633 0.85802877200444339 0.85934456147812766 0.86173619660418488 0.86305198607786915 0.87948651809383094 0.88080230756751521 0.88291062369206297 0.88422641316574724 0.89027979156952497 0.89159558104320924;
