m;1
n;2
P;39
P1;2 4 6 8 10 12 14 16 18 20 22 24 26 28 30 32 34 36 38
Q;40
M;100
h;1 1 1 1 1 1 1 1 1 1 1 1 1 1 1 1 1 1 1 1 1 1 1 1 1 1 1 1 1 1 1 1 1 1 1 1 1 1 1
Vmin;52 52 52 52 52 52 52 52 52 52 52 52 52 52 52 52 52 52 52 52 52 52 52 52 52 52 52 52 52 52 52 52 52 52 52 52 52 52 52;28 28 28 28 28 28 28 28 28 28 28 28 28 28 28 28 28 28 28 28 28 28 28 28 28 28 28 28 28 28 28 28 28 28 28 28 28 28 28;
Vmax;52 52 52 52 52 52 52 52 52 52 52 52 52 52 52 52 52 52 52 52 52 52 52 52 52 52 52 52 52 52 52 52 52 52 52 52 52 52 52;28 28 28 28 28 28 28 28 28 28 28 28 28 28 28 28 28 28 28 28 28 28 28 28 28 28 28 28 28 28 28 28 28 28 28 28 28 28 28;
d;3.000 22.979 3.000 12.556 3.000 5.393 3.000 5.869 3.000 8.336 3.000 14.108 3.000 5.202 3.000 27.256 3.000 10.178 3.000 18.295 3.000 23.566 3.000 8.836 3.000 43.031 3.000 3.745 3.000 39.886 3.000 16.840 3.000 7.504 3.000 17.572 3.000 21.807 3.000
S;0.16961759515219949 0.168656056690661 0.16166656662231799 0.16070502816077953 0.15507288896373675 0.15411135050219826 0.15170623216960369 0.1507446937080652 0.14534735038639104 0.14438581192485256 0.13160174418483428 0.13064020572329582 0.12943998287975397 0.12847844441821551 0.1146866099058141 0.11372507144427564 0.11089311522934095 0.10993157676780249 0.10237848175900129 0.10141694329746283 0.095553131269209404 0.094591592807670946 0.091329319280776089 0.090367780819237631 0.081631971663651617 0.080670433202113159 0.079003053261799142 0.078041514800260683 0.073519819960840616 0.072558281499302157 0.069886561798206029 0.068925023336667571 0.067043792885883774 0.066082254424345316 0.064353615056159108 0.06339207659462065 0.059367799850716538 0.05840626138917808 0.051041135428254593 0.050079596966716135;0.45594141488041173 0.45690295334195014 0.46474884853364284 0.4657103869951813 0.46973466373908546 0.47069620220062386 0.47242484156881009 0.4733863800303485 0.47526761048113231 0.47622914894267077 0.47890086864376691 0.47986240710530537 0.48438410194472542 0.48534564040626388 0.4870130203465779 0.48797455880811635 0.49671036796370238 0.49767190642524084 0.50093417995213563 0.50189571841367409 0.50775953044192756 0.50872106890346602 0.51627416391226721 0.51723570237380556 0.52006765858874027 0.52102919705027873 0.53482103156268013 0.53578257002421859 0.53698279286776041 0.53794433132929886 0.55072839906931714 0.5516899375308556 0.55708728085252979 0.55804881931406825 0.56045393764666285 0.56141547610820131 0.56704761530524406 0.56800915376678252 0.57499864383512544 0.5759601822966639;
