m;4
n;8
P;39
P1;2 4 6 8 10 12 14 16 18 20 22 24 26 28 30 32 34 36 38
Q;40
M;100
h;1 1 1 1 1 1 1 1 1 1 1 1 1 1 1 1 1 1 1 1 1 1 1 1 1 1 1 1 1 1 1 1 1 1 1 1 1 1 1
Vmin;52 52 52 52 52 52 52 52 52 52 52 52 52 52 52 52 52 52 52 52 52 52 52 52 52 52 52 52 52 52 52 52 52 52 52 52 52 52 52;49 49 49 49 49 49 49 49 49 49 49 49 49 49 49 49 49 49 49 49 49 49 49 49 49 49 49 49 49 49 49 49 49 49 49 49 49 49 49;38 38 38 38 38 38 38 38 38 38 38 38 38 38 38 38 38 38 38 38 38 38 38 38 38 38 38 38 38 38 38 38 38 38 38 38 38 38 38;38 38 38 38 38 38 38 38 38 38 38 38 38 38 38 38 38 38 38 38 38 38 38 38 38 38 38 38 38 38 38 38 38 38 38 38 38 38 38;47 47 47 47 47 47 47 47 47 47 47 47 47 47 47 47 47 47 47 47 47 47 47 47 47 47 47 47 47 47 47 47 47 47 47 47 47 47 47;28 28 28 28 28 28 28 28 28 28 28 28 28 28 28 28 28 28 28 28 28 28 28 28 28 28 28 28 28 28 28 28 28 28 28 28 28 28 28;39 39 39 39 39 39 39 39 39 39 39 39 39 39 39 39 39 39 39 39 39 39 39 39 39 39 39 39 39 39 39 39 39 39 39 39 39 39 39;51 51 51 51 51 51 51 51 51 51 51 51 51 51 51 51 51 51 51 51 51 51 51 51 51 51 51 51 51 51 51 51 51 51 51 51 51 51 51;
Vmax;52 52 52 52 52 52 52 52 52 52 52 52 52 52 52 52 52 52 52 52 52 52 52 52 52 52 52 52 52 52 52 52 52 52 52 52 52 52 52;49 49 49 49 49 49 49 49 49 49 49 49 49 49 49 49 49 49 49 49 49 49 49 49 49 49 49 49 49 49 49 49 49 49 49 49 49 49 49;38 38 38 38 38 38 38 38 38 38 38 38 38 38 38 38 38 38 38 38 38 38 38 38 38 38 38 38 38 38 38 38 38 38 38 38 38 38 38;38 38 38 38 38 38 38 38 38 38 38 38 38 38 38 38 38 38 38 38 38 38 38 38 38 38 38 38 38 38 38 38 38 38 38 38 38 38 38;47 47 47 47 47 47 47 47 47 47 47 47 47 47 47 47 47 47 47 47 47 47 47 47 47 47 47 47 47 47 47 47 47 47 47 47 47 47 47;28 28 28 28 28 28 28 28 28 28 28 28 28 28 28 28 28 28 28 28 28 28 28 28 28 28 28 28 28 28 28 28 28 28 28 28 28 28 28;39 39 39 39 39 39 39 39 39 39 39 39 39 39 39 39 39 39 39 39 39 39 39 39 39 39 39 39 39 39 39 39 39 39 39 39 39 39 39;51 51 51 51 51 51 51 51 51 51 51 51 51 51 51 51 51 51 51 51 51 51 51 51 51 51 51 51 51 51 51 51 51 51 51 51 51 51 51;
d;3.000 7.359 3.000 11.614 3.000 5.671 3.000 34.209 3.000 7.269 3.000 10.319 3.000 28.647 3.000 4.430 3.000 34.492 3.000 12.633 3.000 12.493 3.000 3.641 3.000 32.963 3.000 4.814 3.000 12.615 3.000 21.930 3.000 28.280 3.000 6.770 3.000 14.533 3.000
S;0.31939989864008739 0.31843836017854893 0.31378035840533708 0.31281881994379862 0.31064900267268142 0.30968746421114296 0.300623367663028 0.29966182920148954 0.29263296024191621 0.29167142178037775 0.28762805951048709 0.28666652104894863 0.28512345935949773 0.28416192089795927 0.27359683660524337 0.27263529814370491 0.27146824812472853 0.27050670966319007 0.26650260539012699 0.26554106692858848 0.26149211435581926 0.26053057589428075 0.24947556635635873 0.24851402789482027 0.24709425287484149 0.24613271441330301 0.23695087692953781 0.23598933846799935 0.23268193210328361 0.23172039364174513 0.2293906069521354 0.22842906849059694 0.21746457248847401 0.21650303402693552 0.21468545662853877 0.21372391816700029 0.21000137935071042 0.20903984088917194 0.20668106815089191 0.20571952968935345;0.52108523372921334 0.52006482556594802 0.51512164001070282 0.5141012318474375 0.51179856862094575 0.51077816045768043 0.5011591192229462 0.50013871105968088 0.49267950318421527 0.49165909502094995 0.48736817995902521 0.48634777179575989 0.48471023694164866 0.4836898287783834 0.47247790259019501 0.47145749442692969 0.47021899236597514 0.46919858420270982 0.4649493306884388 0.46392892252517348 0.45963207489692853 0.45861166673366321 0.44687981987709285 0.44585941171382759 0.44435271169262563 0.44333230352936032 0.43358831273026255 0.43256790456699723 0.42905800393505394 0.42803759577178868 0.42556516908077424 0.42454476091750892 0.41290896924178661 0.41188856107852134 0.40995970343124311 0.40893929526797784 0.40498884591191509 0.40396843774864977 0.40146525035292402 0.4004448421896587;0.67107844718580412 0.66976265771211985 0.66338855002246144 0.66207276054877728 0.65910353691461687 0.6577877474409326 0.64538424690140672 0.64406845742772256 0.63445000516725381 0.63313421569356954 0.62760119364003486 0.6262854041663507 0.62417384606499682 0.62285805659131255 0.60840057282233284 0.60708478334864857 0.6054877675332071 0.60417197805952283 0.59869267747533117 0.5973768880016469 0.59183621605996273 0.59052042658627846 0.57539251879754294 0.57407672932385867 0.57213387929651927 0.570818089822835 0.55825347010820903 0.55693768063452476 0.55241175613544002 0.55109596666175575 0.54790783750755301 0.54659204803386874 0.53158800087306901 0.53027221139938474 0.52778500022263131 0.52646921074894715 0.52137521026349776 0.5200594207898136 0.51683162651637782 0.51551583704269366;0.85339823125495651 0.85208244178127224 0.84570833409161383 0.84439254461792967 0.84142332098376926 0.84010753151008499 0.82770403097055911 0.82638824149687495 0.8167697892364062 0.81545399976272193 0.80992097770918725 0.80860518823550309 0.80649363013414921 0.80517784066046494 0.79072035689148523 0.78940456741780096 0.78780755160235949 0.78649176212867522 0.78101246154448356 0.77969667207079929 0.77415600012911512 0.77284021065543085 0.75771230286669533 0.75639651339301106 0.75445366336567166 0.75313787389198739 0.74057325417736142 0.73925746470367715 0.73473154020459241 0.73341575073090814 0.7302276215767054 0.72891183210302113 0.7139077849422214 0.71259199546853713 0.71010478429178359 0.70878899481809943 0.70369499433265015 0.70237920485896588 0.6991514105855301 0.69783562111184583;0.89644944990181441 0.89741098836335287 0.9002505303324021 0.90121206879394056 0.90493460761023037 0.90589614607176883 0.90771372347016555 0.908675261931704 0.91963975793382702 0.92060129639536536 0.92293108308497518 0.92389262154651364 0.92720002791122935 0.92816156637276781 0.93734340385653292 0.93830494231807138 0.93972471733805019 0.94068625579958864 0.95174126533751058 0.95270280379904904 0.95675175637181831 0.95771329483335665 0.96171739910641973 0.96267893756795819 0.96384598758693463 0.96480752604847309 0.97537261034118905 0.97633414880272751 0.97787721049217835 0.97883874895371681 0.98288211122360747 0.98384364968514582 0.99087251864471926 0.99183405710625772 1.0008981536543726 1.0018596921159111 1.0040295093870284 1.0049910478485669 1.0096490496217787 1.0106105880833172;1.0149491182019768 1.0159695263652422 1.0189829178426004 1.0200033260058659 1.0239537753619286 1.0249741835251938 1.026903041172472 1.0279234493357372 1.0395592410114596 1.0405796491747248 1.0430520758657393 1.0440724840290045 1.0475823846609478 1.0486027928242132 1.0583467836233109 1.0593671917865763 1.0608738918077782 1.0618942999710435 1.0736261468276138 1.074646554990879 1.078943402619124 1.0799638107823892 1.0842130642966603 1.0852334724599257 1.0864719745208802 1.0874923826841456 1.0987043088723341 1.0997247170355993 1.1013622518897104 1.1023826600529756 1.1066735751149004 1.1076939832781656 1.1151531911536312 1.1161735993168966 1.1257926405516308 1.1268130487148962 1.1291157119413879 1.1301361201046531 1.1350793056598987 1.1360997138231639;1.0975199368819351 1.0988357263556194 1.1027214153658975 1.1040372048395817 1.1091312053250311 1.1104469947987152 1.1129342059754685 1.1142499954491529 1.1292540426099529 1.130569832083637 1.1337579612378399 1.1350737507115241 1.1395996752106088 1.1409154646842932 1.153480084398919 1.1547958738726034 1.1567387238999427 1.1580545133736271 1.1731824211623625 1.1744982106360466 1.1800388825777308 1.1813546720514152 1.1868339726356067 1.1881497621092909 1.1897467779247324 1.1910625673984165 1.2055200511673965 1.2068358406410806 1.2089473987424346 1.2102631882161188 1.2157962102696536 1.2171119997433377 1.2267304520038065 1.2280462414774906 1.2404497420170164 1.2417655314907006 1.2447347551248609 1.2460505445985453 1.2524246522882037 1.2537404417618878;1.4262839240640384 1.4275997135377227 1.4314854025480008 1.432801192021685 1.4378951925071344 1.4392109819808185 1.4416981931575719 1.4430139826312562 1.4580180297920562 1.4593338192657404 1.4625219484199432 1.4638377378936274 1.4683636623927121 1.4696794518663965 1.4822440715810223 1.4835598610547067 1.485502711082046 1.4868185005557304 1.5019464083444658 1.50326219781815 1.5088028697598341 1.5101186592335185 1.5155979598177101 1.5169137492913942 1.5185107651068357 1.5198265545805199 1.5342840383494998 1.5355998278231839 1.5377113859245379 1.5390271753982221 1.5445601974517567 1.545875986925441 1.5554944391859098 1.556810228659594 1.5692137291991197 1.5705295186728039 1.5734987423069642 1.5748145317806486 1.5811886394703067 1.5825044289439911;
