m;8
n;16
P;39
P1;2 4 6 8 10 12 14 16 18 20 22 24 26 28 30 32 34 36 38
Q;40
M;100
h;1 1 1 1 1 1 1 1 1 1 1 1 1 1 1 1 1 1 1 1 1 1 1 1 1 1 1 1 1 1 1 1 1 1 1 1 1 1 1
Vmin;50 50 50 50 50 50 50 50 50 50 50 50 50 50 50 50 50 50 50 50 50 50 50 50 50 50 50 50 50 50 50 50 50 50 50 50 50 50 50;38 38 38 38 38 38 38 38 38 38 38 38 38 38 38 38 38 38 38 38 38 38 38 38 38 38 38 38 38 38 38 38 38 38 38 38 38 38 38;50 50 50 50 50 50 50 50 50 50 50 50 50 50 50 50 50 50 50 50 50 50 50 50 50 50 50 50 50 50 50 50 50 50 50 50 50 50 50;37 37 37 37 37 37 37 37 37 37 37 37 37 37 37 37 37 37 37 37 37 37 37 37 37 37 37 37 37 37 37 37 37 37 37 37 37 37 37;42 42 42 42 42 42 42 42 42 42 42 42 42 42 42 42 42 42 42 42 42 42 42 42 42 42 42 42 42 42 42 42 42 42 42 42 42 42 42;52 52 52 52 52 52 52 52 52 52 52 52 52 52 52 52 52 52 52 52 52 52 52 52 52 52 52 52 52 52 52 52 52 52 52 52 52 52 52;30 30 30 30 30 30 30 30 30 30 30 30 30 30 30 30 30 30 30 30 30 30 30 30 30 30 30 30 30 30 30 30 30 30 30 30 30 30 30;42 42 42 42 42 42 42 42 42 42 42 42 42 42 42 42 42 42 42 42 42 42 42 42 42 42 42 42 42 42 42 42 42 42 42 42 42 42 42;50 50 50 50 50 50 50 50 50 50 50 50 50 50 50 50 50 50 50 50 50 50 50 50 50 50 50 50 50 50 50 50 50 50 50 50 50 50 50;38 38 38 38 38 38 38 38 38 38 38 38 38 38 38 38 38 38 38 38 38 38 38 38 38 38 38 38 38 38 38 38 38 38 38 38 38 38 38;35 35 35 35 35 35 35 35 35 35 35 35 35 35 35 35 35 35 35 35 35 35 35 35 35 35 35 35 35 35 35 35 35 35 35 35 35 35 35;46 46 46 46 46 46 46 46 46 46 46 46 46 46 46 46 46 46 46 46 46 46 46 46 46 46 46 46 46 46 46 46 46 46 46 46 46 46 46;34 34 34 34 34 34 34 34 34 34 34 34 34 34 34 34 34 34 34 34 34 34 34 34 34 34 34 34 34 34 34 34 34 34 34 34 34 34 34;28 28 28 28 28 28 28 28 28 28 28 28 28 28 28 28 28 28 28 28 28 28 28 28 28 28 28 28 28 28 28 28 28 28 28 28 28 28 28;39 39 39 39 39 39 39 39 39 39 39 39 39 39 39 39 39 39 39 39 39 39 39 39 39 39 39 39 39 39 39 39 39 39 39 39 39 39 39;50 50 50 50 50 50 50 50 50 50 50 50 50 50 50 50 50 50 50 50 50 50 50 50 50 50 50 50 50 50 50 50 50 50 50 50 50 50 50;
Vmax;50 50 50 50 50 50 50 50 50 50 50 50 50 50 50 50 50 50 50 50 50 50 50 50 50 50 50 50 50 50 50 50 50 50 50 50 50 50 50;38 38 38 38 38 38 38 38 38 38 38 38 38 38 38 38 38 38 38 38 38 38 38 38 38 38 38 38 38 38 38 38 38 38 38 38 38 38 38;50 50 50 50 50 50 50 50 50 50 50 50 50 50 50 50 50 50 50 50 50 50 50 50 50 50 50 50 50 50 50 50 50 50 50 50 50 50 50;37 37 37 37 37 37 37 37 37 37 37 37 37 37 37 37 37 37 37 37 37 37 37 37 37 37 37 37 37 37 37 37 37 37 37 37 37 37 37;42 42 42 42 42 42 42 42 42 42 42 42 42 42 42 42 42 42 42 42 42 42 42 42 42 42 42 42 42 42 42 42 42 42 42 42 42 42 42;52 52 52 52 52 52 52 52 52 52 52 52 52 52 52 52 52 52 52 52 52 52 52 52 52 52 52 52 52 52 52 52 52 52 52 52 52 52 52;30 30 30 30 30 30 30 30 30 30 30 30 30 30 30 30 30 30 30 30 30 30 30 30 30 30 30 30 30 30 30 30 30 30 30 30 30 30 30;42 42 42 42 42 42 42 42 42 42 42 42 42 42 42 42 42 42 42 42 42 42 42 42 42 42 42 42 42 42 42 42 42 42 42 42 42 42 42;50 50 50 50 50 50 50 50 50 50 50 50 50 50 50 50 50 50 50 50 50 50 50 50 50 50 50 50 50 50 50 50 50 50 50 50 50 50 50;38 38 38 38 38 38 38 38 38 38 38 38 38 38 38 38 38 38 38 38 38 38 38 38 38 38 38 38 38 38 38 38 38 38 38 38 38 38 38;35 35 35 35 35 35 35 35 35 35 35 35 35 35 35 35 35 35 35 35 35 35 35 35 35 35 35 35 35 35 35 35 35 35 35 35 35 35 35;46 46 46 46 46 46 46 46 46 46 46 46 46 46 46 46 46 46 46 46 46 46 46 46 46 46 46 46 46 46 46 46 46 46 46 46 46 46 46;34 34 34 34 34 34 34 34 34 34 34 34 34 34 34 34 34 34 34 34 34 34 34 34 34 34 34 34 34 34 34 34 34 34 34 34 34 34 34;28 28 28 28 28 28 28 28 28 28 28 28 28 28 28 28 28 28 28 28 28 28 28 28 28 28 28 28 28 28 28 28 28 28 28 28 28 28 28;39 39 39 39 39 39 39 39 39 39 39 39 39 39 39 39 39 39 39 39 39 39 39 39 39 39 39 39 39 39 39 39 39 39 39 39 39 39 39;50 50 50 50 50 50 50 50 50 50 50 50 50 50 50 50 50 50 50 50 50 50 50 50 50 50 50 50 50 50 50 50 50 50 50 50 50 50 50;
d;3.000 22.527 3.000 28.636 3.000 5.227 3.000 6.418 3.000 23.580 3.000 6.613 3.000 35.665 3.000 16.184 3.000 11.264 3.000 16.415 3.000 9.690 3.000 5.878 3.000 6.617 3.000 19.232 3.000 38.083 3.000 12.625 3.000 7.335 3.000 37.879 3.000 4.405 3.000
S;7.4854985330654715 7.4254985330654719 7.3374067894147759 7.2774067894147763 6.5198332266003263 6.4598332266003267 6.313123266470579 6.2531232664705794 6.0006225633752086 5.940622563375209 5.1789585702824459 5.1189585702824463 4.7343087555691277 4.6743087555691281 4.5419652549996075 4.4819652549996079 4.3643979757526967 4.3043979757526971 4.110603535326792 4.0506035353267924 3.7223026601034905 3.6623026601034905 3.4370192344054256 3.3770192344054255 3.0533431888288782 2.9933431888288782 2.2800482555152946 2.2200482555152945 2.0877842633077708 2.0277842633077707 1.5561835078099007 1.4961835078099006 1.367816934789875 1.3078169347898749 1.2032739302450115 1.1432739302450114 0.57054893863672129 0.51054893863672124 0.059999999999999998 0;10.016006841752818 9.9370594733317645 9.8211492843176913 9.7422019158966382 8.7453945964039406 8.6664472279828875 8.4734078067595355 8.3944604383384824 8.0622226711077314 7.9832753026866792 6.9810858380909373 6.9021384696698851 6.3960202924155185 6.3170729239944663 6.142936739034571 6.0639893706135188 5.9092955821307411 5.8303482137096889 5.5753555289387604 5.4964081605177082 5.0644333246975739 4.9854859562765217 4.6890603961474895 4.6101130277264373 4.1842234940730858 4.1052761256520336 3.1667301607657388 3.0877827923446861 2.9137512236505758 2.8348038552295232 2.2142765453639042 2.1353291769428515 1.9664257913901864 1.8874784229691337 1.7499218380416817 1.670974469620629 0.91738895434656298 0.83844158592551032 0.24561403508771928 0.16666666666666666;7.8188318663988055 7.7588318663988058 7.6707401227481098 7.6107401227481102 6.8531665599336602 6.7931665599336606 6.6464565998039129 6.5864565998039133 6.3339558967085425 6.2739558967085429 5.5122919036157789 5.4522919036157793 5.0676420889024607 5.0076420889024611 4.8752985883329405 4.8152985883329409 4.6977313090860298 4.6377313090860302 4.4439368686601251 4.3839368686601254 4.0556359934368231 3.9956359934368235 3.770352567738759 3.710352567738759 3.3866765221622117 3.3266765221622117 2.613381588848628 2.553381588848628 2.4211175966411043 2.3611175966411042 1.8895168411432339 1.8295168411432339 1.7011502681232082 1.6411502681232082 1.5366072635783448 1.4766072635783447 0.90388227197005455 0.8438822719700545 0.39333333333333331 0.33333333333333331;10.615538558196585 10.534457477115504 10.415414580290239 10.334333499209158 9.3105854413517939 9.2295043602707132 9.0312476573926759 8.9501665763115952 8.6089494099664989 8.5278683288854182 7.4985926625438459 7.4175115814627652 6.8977145345528754 6.8166334534717947 6.6377908851346046 6.5567098040535239 6.3978351023685089 6.3167540212874282 6.054869642333502 5.9737885612524213 5.5301387298695808 5.4490576487885001 5.1446205870343586 5.063539505953278 4.626139444363349 4.5450583632822683 3.5811462912368848 3.5000652101558036 3.3213300855510419 3.2402490044699608 2.6029506862295952 2.5218696051485141 2.3484012632295608 2.2673201821484796 2.1260458516824481 2.0449647706013669 1.2710120792388127 1.1899309981577315 0.58108108108108114 0.5;9.5779744441255659 9.5065458726969947 9.401674749303309 9.3302461778747379 8.4283728888099159 8.3569443173813447 8.182289602941168 8.1108610315125969 7.8102649563990605 7.7388363849704893 6.8320935360505324 6.7606649646219612 6.3027485185346768 6.2313199471061056 6.0737681607138194 6.0023395892852482 5.8623785425627348 5.7909499711341637 5.5602423039604663 5.4888137325318951 5.097979357266059 5.0265507858374878 4.7583562314350303 4.6869276600064591 4.3015990343200938 4.2301704628915227 3.381009827994399 3.3095812565658274 3.152124122985442 3.0806955515568704 2.5192660807260725 2.4478375092975009 2.2950201604641371 2.2235915890355655 2.0991356312440614 2.0277070598154898 1.3458915936151443 1.2744630221865729 0.73809523809523803 0.66666666666666663;8.0309280766655196 7.9732357689732121 7.8885321693090811 7.8308398616167736 7.1024037435259562 7.0447114358336487 6.9036441664781218 6.8459518587858144 6.6031627211941109 6.5454704135018034 5.8131011893741462 5.7554088816818387 5.3855532906113401 5.3278609829190327 5.200607616986801 5.1429153092944935 5.0298698484801561 4.9721775407878486 4.7858367326860165 4.728144424993709 4.4124705065097647 4.3547781988174572 4.1381595202616257 4.0804672125693182 3.7692402456687923 3.7115479379764849 3.0256874251749619 2.9679951174826544 2.8408182018984971 2.7831258942061896 2.3296636293043913 2.2719713216120838 2.1485419244774437 2.0908496167851363 1.9903274970304599 1.9326351893381521 1.3819380820224885 1.3242457743301808 0.89102564102564108 0.83333333333333337;13.475830888442458 13.375830888442458 13.229011315691297 13.129011315691297 11.866388711000548 11.766388711000548 11.521872110784301 11.421872110784301 11.001037605625349 10.90103760562535 9.6315976171374107 9.531597617137411 8.8905145926152134 8.7905145926152137 8.5699420916660127 8.4699420916660131 8.2739966262544939 8.1739966262544943 7.8510058922113188 7.7510058922113192 7.2038377668391487 7.103837766839149 6.7283653906757079 6.6283653906757083 6.088905314714796 5.9889053147147964 4.8000804258588232 4.7000804258588236 4.4796404388462845 4.3796404388462848 3.5936391796831679 3.4936391796831678 3.2796948913164585 3.1796948913164584 3.0054565504083528 2.9054565504083527 1.950914897727869 1.8509148977278689 1.1000000000000001 1;10.077974444125566 10.006545872696995 9.901674749303309 9.8302461778747379 8.9283728888099159 8.8569443173813447 8.682289602941168 8.6108610315125969 8.3102649563990596 8.2388363849704884 7.3320935360505324 7.2606649646219612 6.8027485185346768 6.7313199471061056 6.5737681607138194 6.5023395892852482 6.3623785425627348 6.2909499711341637 6.0602423039604663 5.9888137325318951 5.597979357266059 5.5265507858374878 5.2583562314350303 5.1869276600064591 4.8015990343200938 4.7301704628915227 3.881009827994399 3.8095812565658274 3.652124122985442 3.5806955515568704 3.0192660807260725 2.9478375092975009 2.7950201604641371 2.7235915890355655 2.5991356312440614 2.5277070598154898 1.8458915936151443 1.7744630221865729 1.2380952380952381 1.1666666666666667;0 0.059999999999999998 0.54054893863672127 0.60054893863672132 1.1732739302450115 1.2332739302450115 1.337816934789875 1.397816934789875 1.5261835078099006 1.5861835078099007 2.057784263307771 2.117784263307771 2.2500482555152947 2.3100482555152948 3.0233431888288784 3.0833431888288785 3.4070192344054258 3.4670192344054258 3.6923026601034907 3.7523026601034908 4.0806035353267927 4.1406035353267923 4.3343979757526974 4.394397975752697 4.5119652549996081 4.5719652549996077 4.7043087555691283 4.7643087555691279 5.1489585702824465 5.2089585702824461 5.9706225633752101 6.0306225633752097 6.2831232664705805 6.3431232664705801 6.4898332266003278 6.5498332266003274 7.3074067894147774 7.367406789414777 7.4554985330654731 7.5154985330654727;0.16666666666666666 0.24561403508771928 0.87791527013603665 0.95686263855708931 1.7104481538311553 1.789395522252208 1.92695210717966 2.0058994756007125 2.1748028611533776 2.2537502295744303 2.8742775394400493 2.9532249078611019 3.1272564765552122 3.2062038449762649 4.1447498098625593 4.2236971782836115 4.6495867119369629 4.7285340803580151 5.0249596404870474 5.1039070089080996 5.5358818447282339 5.6148292131492861 5.8698218979202146 5.9487692663412668 6.1034630548240445 6.1824104232450967 6.356546608204992 6.4354939766260442 6.9416121538804108 7.020559522301463 8.0227489868972039 8.101696355318257 8.4339341225490081 8.5128814909700612 8.7059209121934131 8.7848682806144662 9.7816756001071639 9.860622968528217 9.9765331575422902 10.055480525963343;0.33333333333333331 0.39333333333333331 0.87388227197005452 0.93388227197005458 1.5066072635783447 1.5666072635783448 1.6711502681232082 1.7311502681232083 1.8595168411432339 1.919516841143234 2.391117596641104 2.4511175966411041 2.5833815888486278 2.6433815888486278 3.3566765221622115 3.4166765221622115 3.7403525677387588 3.8003525677387588 4.0256359934368238 4.0856359934368234 4.4139368686601257 4.4739368686601253 4.6677313090860304 4.72773130908603 4.8452985883329411 4.9052985883329407 5.0376420889024613 5.097642088902461 5.4822919036157796 5.5422919036157792 6.3039558967085423 6.3639558967085419 6.6164565998039127 6.6764565998039123 6.8231665599336599 6.8831665599336596 7.6407401227481095 7.7007401227481092 7.7888318663988052 7.8488318663988048;0.5 0.58108108108108114 1.2304715386982719 1.311552619779353 2.0855053111419073 2.1665863922229884 2.3078607226890204 2.3889418037701016 2.5624101456890549 2.643491226770136 3.2807895450105011 3.3618706260915823 3.540605750696344 3.6216868317774251 4.5855989038228087 4.6666799849038894 5.1040800464938183 5.185161127574899 5.4895981893290404 5.5706792704101211 6.0143291017929617 6.0954101828740423 6.3572945618279686 6.4383756429090493 6.5972503445940642 6.6783314256751449 6.8571739940123351 6.9382550750934158 7.4580521220033056 7.5391332030843863 8.5684088694259586 8.6494899505070393 8.9907071168521355 9.0717881979332162 9.2700449008112535 9.3511259818923342 10.374874039749699 10.455955120830779 10.574998017656045 10.656079098737125;0.66666666666666663 0.73809523809523803 1.3101773079008585 1.3816058793294299 2.0634213455297754 2.134849916958347 2.2593058747498511 2.3307344461784227 2.4835517950117865 2.5549803664403581 3.1164098372711559 3.1878384086997276 3.3452955422801129 3.4167241137086846 4.2658847486058082 4.3373133200343794 4.7226419457207456 4.7940705171493168 5.0622650715517743 5.1336936429803455 5.5245280182461816 5.5959565896747527 5.8266642568484501 5.8980928282770213 6.0380538749995347 6.1094824464281059 6.2670342328203921 6.3384628042489632 6.7963792503362477 6.8678078217648189 7.7745506706847758 7.845979242113347 8.1465753172268833 8.2180038886554545 8.3926586030956312 8.4640871745242023 9.3659604635890243 9.4373890350175955 9.5422601584112812 9.6136887298398523;0.83333333333333337 0.89102564102564108 1.3530919281763345 1.4107842358686422 1.9614813431843059 2.0191736508766134 2.11969577063129 2.1773880783235975 2.3008174754582376 2.358509783150545 2.8119720480523434 2.8696643557446508 2.9968412713288082 3.0545335790211157 3.7403940918226386 3.7980863995149461 4.1093133664154724 4.1670056741077799 4.3836243526636114 4.4413166603559189 4.7569905788398632 4.8146828865321707 5.0010236946340028 5.0587160023263102 5.1717614631406477 5.2294537708329552 5.3567071367651868 5.4143994444574943 5.7842550355279929 5.8419473432203004 6.5743165673479576 6.632008875040265 6.8747980126319685 6.932490320324276 7.0735575896798029 7.1312498973721103 7.8596860154629278 7.9173783231552353 8.0020819228193663 8.0597742305116746;1 1.1000000000000001 1.9009148977278687 2.0009148977278688 2.9554565504083525 3.0554565504083526 3.2296948913164583 3.3296948913164583 3.5436391796831677 3.6436391796831678 4.4296404388462847 4.5296404388462843 4.7500804258588234 4.850080425858823 6.0389053147147962 6.1389053147147958 6.6783653906757081 6.7783653906757078 7.1538377668391488 7.2538377668391485 7.8010058922113181 7.9010058922113178 8.2239966262544932 8.3239966262544929 8.519942091666012 8.6199420916660117 8.8405145926152127 8.9405145926152123 9.58159761713741 9.6815976171374096 10.951037605625348 11.051037605625348 11.4718721107843 11.5718721107843 11.816388711000547 11.916388711000547 13.179011315691296 13.279011315691296 13.425830888442457 13.525830888442457;1.1666666666666667 1.2380952380952381 1.8101773079008585 1.8816058793294299 2.5634213455297754 2.634849916958347 2.7593058747498511 2.8307344461784227 2.9835517950117865 3.0549803664403581 3.6164098372711559 3.6878384086997276 3.8452955422801129 3.9167241137086846 4.7658847486058082 4.8373133200343794 5.2226419457207456 5.2940705171493168 5.5622650715517743 5.6336936429803455 6.0245280182461816 6.0959565896747527 6.3266642568484501 6.3980928282770213 6.5380538749995347 6.6094824464281059 6.7670342328203921 6.8384628042489632 7.2963792503362477 7.3678078217648189 8.2745506706847749 8.3459792421133461 8.6465753172268833 8.7180038886554545 8.8926586030956312 8.9640871745242023 9.8659604635890243 9.9373890350175955 10.042260158411281 10.113688729839852;
