m;1
n;2
P;39
P1;2 4 6 8 10 12 14 16 18 20 22 24 26 28 30 32 34 36 38
Q;40
M;100
h;1 1 1 1 1 1 1 1 1 1 1 1 1 1 1 1 1 1 1 1 1 1 1 1 1 1 1 1 1 1 1 1 1 1 1 1 1 1 1
Vmin;28 28 28 28 28 28 28 28 28 28 28 28 28 28 28 28 28 28 28 28 28 28 28 28 28 28 28 28 28 28 28 28 28 28 28 28 28 28 28;52 52 52 52 52 52 52 52 52 52 52 52 52 52 52 52 52 52 52 52 52 52 52 52 52 52 52 52 52 52 52 52 52 52 52 52 52 52 52;
Vmax;28 28 28 28 28 28 28 28 28 28 28 28 28 28 28 28 28 28 28 28 28 28 28 28 28 28 28 28 28 28 28 28 28 28 28 28 28 28 28;52 52 52 52 52 52 52 52 52 52 52 52 52 52 52 52 52 52 52 52 52 52 52 52 52 52 52 52 52 52 52 52 52 52 52 52 52 52 52;
d;3.000 16.560 3.000 8.323 3.000 9.919 3.000 12.635 3.000 3.718 3.000 14.765 3.000 13.329 3.000 5.842 3.000 3.788 3.000 5.245 3.000 4.921 3.000 12.066 3.000 40.176 3.000 3.653 3.000 32.036 3.000 37.304 3.000 26.957 3.000 4.013 3.000 12.748 3.000
S;11.714240632580434 11.607097775437577 11.151822674288072 11.044679817145214 10.901345560968355 10.794202703825498 9.8314683203040509 9.7243254631611933 8.3920234048919742 8.2848805477491165 7.1407258408166729 7.0335829836738162 6.9031135989796395 6.7959707418367827 5.3611105392160869 5.2539676820732302 4.823023054151828 4.7158801970089712 4.5401441515293994 4.4330012943865427 4.2456905151028854 4.1385476579600287 4.0032475376448211 3.8961046805019639 3.6874580230338889 3.5803151658910317 3.1042716061900038 2.9971287490471465 2.469816872065878 2.3626740149230208 2.2298955745684954 2.1227527174256382 1.6715123893828145 1.5643695322399573 1.2101232025053952 1.102980345362538 0.80572846565106082 0.69858560850820373 0.10714285714285714 0;0 0.10714285714285714 0.75215703707963233 0.85929989422248942 1.1565517739339666 1.2636946310768238 1.6179409608113859 1.7250838179542431 2.176324145997067 2.2834670031399242 2.4162454434944496 2.5233883006373068 3.0507001776185754 3.1578430347614326 3.6338865944624605 3.7410294516053177 3.9496761090733927 4.0568189662162499 4.1921190865314575 4.2992619436743142 4.4865727229579715 4.5937155801008283 4.7694516255804 4.8765944827232568 5.307539110644659 5.4146819677875158 6.8495421704082116 6.9566850275510683 7.087154412245245 7.1942972693881018 8.3384519763205454 8.445594833463403 9.7778968917326221 9.8850397488754798 10.847774132396927 10.954916989539784 11.098251245716643 11.205394102859501 11.660669204009006 11.767812061151863;
