m;2
n;4
P;39
P1;2 4 6 8 10 12 14 16 18 20 22 24 26 28 30 32 34 36 38
Q;40
M;100
h;1 1 1 1 1 1 1 1 1 1 1 1 1 1 1 1 1 1 1 1 1 1 1 1 1 1 1 1 1 1 1 1 1 1 1 1 1 1 1
Vmin;28 28 28 28 28 28 28 28 28 28 28 28 28 28 28 28 28 28 28 28 28 28 28 28 28 28 28 28 28 28 28 28 28 28 28 28 28 28 28;50 50 50 50 50 50 50 50 50 50 50 50 50 50 50 50 50 50 50 50 50 50 50 50 50 50 50 50 50 50 50 50 50 50 50 50 50 50 50;47 47 47 47 47 47 47 47 47 47 47 47 47 47 47 47 47 47 47 47 47 47 47 47 47 47 47 47 47 47 47 47 47 47 47 47 47 47 47;52 52 52 52 52 52 52 52 52 52 52 52 52 52 52 52 52 52 52 52 52 52 52 52 52 52 52 52 52 52 52 52 52 52 52 52 52 52 52;
Vmax;28 28 28 28 28 28 28 28 28 28 28 28 28 28 28 28 28 28 28 28 28 28 28 28 28 28 28 28 28 28 28 28 28 28 28 28 28 28 28;50 50 50 50 50 50 50 50 50 50 50 50 50 50 50 50 50 50 50 50 50 50 50 50 50 50 50 50 50 50 50 50 50 50 50 50 50 50 50;47 47 47 47 47 47 47 47 47 47 47 47 47 47 47 47 47 47 47 47 47 47 47 47 47 47 47 47 47 47 47 47 47 47 47 47 47 47 47;52 52 52 52 52 52 52 52 52 52 52 52 52 52 52 52 52 52 52 52 52 52 52 52 52 52 52 52 52 52 52 52 52 52 52 52 52 52 52;
d;3.000 4.956 3.000 18.062 3.000 8.033 3.000 28.367 3.000 23.461 3.000 6.018 3.000 6.884 3.000 11.391 3.000 31.935 3.000 10.766 3.000 26.443 3.000 8.248 3.000 12.306 3.000 8.513 3.000 19.066 3.000 17.711 3.000 13.577 3.000 3.084 3.000 8.386 3.000
S;11.685963295113211 11.578820437970354 11.279337269622452 11.172194412479595 11.062064915876695 10.954922058733837 10.470012502642296 10.362869645499439 9.7303454011292878 9.6232025439864302 8.9422589880049355 8.8351161308620778 8.5310711322476394 8.4239282751047817 7.9844439578354818 7.877301100692625 7.5827212343619106 7.4755783772190538 6.5311899549512811 6.4240470978084243 6.0395601685760534 5.9324173114331966 4.7918850282757166 4.6847421711328598 4.2779131099031389 4.1707702527602821 3.9249153779020722 3.817772520759215 3.6028387864317213 3.4956959292888641 2.6577938565947257 2.5506509994518685 1.5375570491349981 1.4304141919921409 1.1435105550576461 1.0363676979147889 0.39129158825346666 0.28414873111060951 0.10714285714285714 0;6.7108061119300606 6.650806111930061 6.4830955376552364 6.4230955376552368 6.3614230195576136 6.301423019557614 6.029873668146351 5.9698736681463513 5.6156600912990671 5.5556600912990675 5.1743316999494304 5.1143316999494308 4.9440665007253459 4.8840665007253463 4.6379552830545379 4.5779552830545382 4.412990557909338 4.3529905579093384 3.8241330414393859 3.7641330414393859 3.5488203610692581 3.4888203610692581 2.850122282501069 2.790122282501069 2.5622980082124251 2.5022980082124251 2.3646192782918272 2.3046192782918271 2.1842563870684306 2.1242563870684306 1.6550312263597131 1.5950312263597131 1.0276986141822657 0.96769861418226577 0.80703257749894863 0.74703257749894858 0.385789956088608 0.325789956088608 0.22666666666666666 0.16666666666666666;0 0.10714285714285714 0.33772015968203806 0.44486301682489521 1.0899391264862175 1.1970819836290747 1.4839856205635695 1.5911284777064267 2.6042224280232968 2.711365285166154 3.5492673578602925 3.6564102150031497 3.8713439493306434 3.9784868064735006 4.224341681331711 4.3314845384745677 4.7383135997042887 4.8454564568471454 5.9859887400046254 6.0931315971474822 6.4776185263798531 6.5847613835227099 7.5291498057904827 7.6362926629333394 7.9308725292640538 8.0380153864069115 8.4774997036762123 8.58464256081907 8.8886875594335084 8.9958304165763661 9.6767739725578608 9.7839168297007184 10.416441074070869 10.523583931213727 11.008493487305268 11.115636344448125 11.225765841051025 11.332908698193883 11.632391866541784 11.739534723684642;0.16666666666666666 0.22666666666666666 0.35578995608860797 0.41578995608860797 0.7770325774989485 0.83703257749894844 0.99769861418226558 1.0576986141822655 1.6250312263597129 1.6850312263597129 2.1542563870684304 2.2142563870684304 2.3346192782918269 2.394619278291827 2.5322980082124245 2.5922980082124245 2.8201222825010683 2.8801222825010684 3.5188203610692574 3.5788203610692575 3.7941330414393852 3.8541330414393853 4.3829905579093378 4.4429905579093374 4.6079552830545376 4.6679552830545372 4.9140665007253457 4.9740665007253453 5.1443316999494302 5.2043316999494298 5.5856600912990668 5.6456600912990664 5.9998736681463507 6.0598736681463503 6.3314230195576133 6.3914230195576129 6.4530955376552361 6.5130955376552357 6.6808061119300604 6.74080611193006;
