m;7
n;14
P;39
P1;2 4 6 8 10 12 14 16 18 20 22 24 26 28 30 32 34 36 38
Q;40
M;100
h;1 1 1 1 1 1 1 1 1 1 1 1 1 1 1 1 1 1 1 1 1 1 1 1 1 1 1 1 1 1 1 1 1 1 1 1 1 1 1
Vmin;34 34 34 34 34 34 34 34 34 34 34 34 34 34 34 34 34 34 34 34 34 34 34 34 34 34 34 34 34 34 34 34 34 34 34 34 34 34 34;40 40 40 40 40 40 40 40 40 40 40 40 40 40 40 40 40 40 40 40 40 40 40 40 40 40 40 40 40 40 40 40 40 40 40 40 40 40 40;48 48 48 48 48 48 48 48 48 48 48 48 48 48 48 48 48 48 48 48 48 48 48 48 48 48 48 48 48 48 48 48 48 48 48 48 48 48 48;37 37 37 37 37 37 37 37 37 37 37 37 37 37 37 37 37 37 37 37 37 37 37 37 37 37 37 37 37 37 37 37 37 37 37 37 37 37 37;44 44 44 44 44 44 44 44 44 44 44 44 44 44 44 44 44 44 44 44 44 44 44 44 44 44 44 44 44 44 44 44 44 44 44 44 44 44 44;43 43 43 43 43 43 43 43 43 43 43 43 43 43 43 43 43 43 43 43 43 43 43 43 43 43 43 43 43 43 43 43 43 43 43 43 43 43 43;50 50 50 50 50 50 50 50 50 50 50 50 50 50 50 50 50 50 50 50 50 50 50 50 50 50 50 50 50 50 50 50 50 50 50 50 50 50 50;44 44 44 44 44 44 44 44 44 44 44 44 44 44 44 44 44 44 44 44 44 44 44 44 44 44 44 44 44 44 44 44 44 44 44 44 44 44 44;51 51 51 51 51 51 51 51 51 51 51 51 51 51 51 51 51 51 51 51 51 51 51 51 51 51 51 51 51 51 51 51 51 51 51 51 51 51 51;28 28 28 28 28 28 28 28 28 28 28 28 28 28 28 28 28 28 28 28 28 28 28 28 28 28 28 28 28 28 28 28 28 28 28 28 28 28 28;40 40 40 40 40 40 40 40 40 40 40 40 40 40 40 40 40 40 40 40 40 40 40 40 40 40 40 40 40 40 40 40 40 40 40 40 40 40 40;52 52 52 52 52 52 52 52 52 52 52 52 52 52 52 52 52 52 52 52 52 52 52 52 52 52 52 52 52 52 52 52 52 52 52 52 52 52 52;42 42 42 42 42 42 42 42 42 42 42 42 42 42 42 42 42 42 42 42 42 42 42 42 42 42 42 42 42 42 42 42 42 42 42 42 42 42 42;43 43 43 43 43 43 43 43 43 43 43 43 43 43 43 43 43 43 43 43 43 43 43 43 43 43 43 43 43 43 43 43 43 43 43 43 43 43 43;
Vmax;34 34 34 34 34 34 34 34 34 34 34 34 34 34 34 34 34 34 34 34 34 34 34 34 34 34 34 34 34 34 34 34 34 34 34 34 34 34 34;40 40 40 40 40 40 40 40 40 40 40 40 40 40 40 40 40 40 40 40 40 40 40 40 40 40 40 40 40 40 40 40 40 40 40 40 40 40 40;48 48 48 48 48 48 48 48 48 48 48 48 48 48 48 48 48 48 48 48 48 48 48 48 48 48 48 48 48 48 48 48 48 48 48 48 48 48 48;37 37 37 37 37 37 37 37 37 37 37 37 37 37 37 37 37 37 37 37 37 37 37 37 37 37 37 37 37 37 37 37 37 37 37 37 37 37 37;44 44 44 44 44 44 44 44 44 44 44 44 44 44 44 44 44 44 44 44 44 44 44 44 44 44 44 44 44 44 44 44 44 44 44 44 44 44 44;43 43 43 43 43 43 43 43 43 43 43 43 43 43 43 43 43 43 43 43 43 43 43 43 43 43 43 43 43 43 43 43 43 43 43 43 43 43 43;50 50 50 50 50 50 50 50 50 50 50 50 50 50 50 50 50 50 50 50 50 50 50 50 50 50 50 50 50 50 50 50 50 50 50 50 50 50 50;44 44 44 44 44 44 44 44 44 44 44 44 44 44 44 44 44 44 44 44 44 44 44 44 44 44 44 44 44 44 44 44 44 44 44 44 44 44 44;51 51 51 51 51 51 51 51 51 51 51 51 51 51 51 51 51 51 51 51 51 51 51 51 51 51 51 51 51 51 51 51 51 51 51 51 51 51 51;28 28 28 28 28 28 28 28 28 28 28 28 28 28 28 28 28 28 28 28 28 28 28 28 28 28 28 28 28 28 28 28 28 28 28 28 28 28 28;40 40 40 40 40 40 40 40 40 40 40 40 40 40 40 40 40 40 40 40 40 40 40 40 40 40 40 40 40 40 40 40 40 40 40 40 40 40 40;52 52 52 52 52 52 52 52 52 52 52 52 52 52 52 52 52 52 52 52 52 52 52 52 52 52 52 52 52 52 52 52 52 52 52 52 52 52 52;42 42 42 42 42 42 42 42 42 42 42 42 42 42 42 42 42 42 42 42 42 42 42 42 42 42 42 42 42 42 42 42 42 42 42 42 42 42 42;43 43 43 43 43 43 43 43 43 43 43 43 43 43 43 43 43 43 43 43 43 43 43 43 43 43 43 43 43 43 43 43 43 43 43 43 43 43 43;
d;3.000 1.526 3.000 4.289 3.000 3.372 3.000 15.075 3.000 12.394 3.000 5.592 3.000 11.344 3.000 26.221 3.000 17.948 3.000 6.477 3.000 8.621 3.000 33.001 3.000 8.534 3.000 19.641 3.000 3.697 3.000 24.784 3.000 26.477 3.000 24.114 3.000 9.612 3.000
S;9.491715240035461 9.4034799459178142 9.1207670835197927 9.032531789402146 8.3233026132332117 8.235067319115565 7.4563314216360377 7.3680961275183909 6.6391623820276617 6.550927087910015 6.4421917281814647 6.3539564340638179 5.776293095047067 5.6880578009294203 5.4370652695542656 5.3488299754366189 4.3782089984394483 4.2899737043218016 4.036428524825415 3.9481932307077683 3.7576812666969288 3.6694459725792816 3.1415499742889952 3.053314680171348 2.2820988787248782 2.193863584607231 1.8602284633062938 1.7719931691886468 1.6075160545167446 1.5192807603990977 1.1547650252514177 1.0665297311337707 0.62314793439334482 0.53491264027569774 0.43572703104883137 0.34749173693118429 0.22134843724763836 0.13311314312999128 0.088235294117647065 0;8.234624620696815 8.1596246206968157 7.9193186876584969 7.8443186876584967 7.2414738879149017 7.1664738879149015 6.5045483750573032 6.429548375057303 5.8099546913901827 5.7349546913901825 5.6425296356209147 5.5675296356209145 5.0765157974566755 5.0015157974566753 4.7881721457877937 4.7131721457877935 3.8881443153401984 3.8131443153401983 3.59763091276827 3.5226309127682698 3.3606957433590563 3.2856957433590561 2.8369841448123125 2.7619841448123124 2.106450713582813 2.0314507135828128 1.7478608604770165 1.6728608604770165 1.5330553130058997 1.4580553130058997 1.1482169381303717 1.0732169381303718 0.69634241090100968 0.62134241090100972 0.53703464305817328 0.46203464305817327 0.35481283832715926 0.27981283832715925 0.24166666666666664 0.16666666666666666;7.0566316283584554 6.9941316283584554 6.7938766841598568 6.7313766841598568 6.2290060177068609 6.1665060177068609 5.6149014236588624 5.5524014236588624 5.0360733539362625 4.9735733539362625 4.8965524741285398 4.8340524741285398 4.4248742756583406 4.3623742756583406 4.1845878992676058 4.1220878992676058 3.4345647072279428 3.3720647072279428 3.1924702050846689 3.1299702050846689 2.9950242305769912 2.9325242305769912 2.5585978984547046 2.4960978984547046 1.9498200390967886 1.8873200390967886 1.6509951615086249 1.5884951615086249 1.4719905386160275 1.4094905386160275 1.1512918928864209 1.0887918928864209 0.77472978686195249 0.71222978686195249 0.64197331365958887 0.57947331365958887 0.49012180971707714 0.42762180971707714 0.39583333333333331 0.33333333333333331;9.2221167070596159 9.1410356259785353 8.8812454280992714 8.8001643470181907 8.148440239187277 8.0673591581061963 7.351764009070954 7.2706829279898733 6.6008519186200134 6.5197708375389327 6.4198518583289133 6.3387707772478326 5.8079450062594669 5.7268639251783862 5.4962221395904063 5.4151410585093256 4.5232190796470606 4.4421379985659799 4.2091505363260575 4.1280694552449768 3.9530044072350159 3.8719233261539348 3.3868297061034012 3.30574862502232 2.5970638345039423 2.5159827534228612 2.2093991284436219 2.1283180473625407 1.9771769149613332 1.896095833880252 1.561135428609411 1.4800543475283299 1.0726224261992898 0.99154134511820879 0.90039781231514238 0.81931673123406124 0.70340126665999203 0.622320185578911 0.58108108108108114 0.5;8.0011738976031666 7.9329920794213482 7.7145321402956037 7.6463503221137854 7.0983095950741539 7.0301277768923356 6.4283773106581554 6.3601954924763371 5.7969285073244095 5.7287466891425911 5.6447239111705292 5.5765420929887108 5.1301658764757665 5.0619840582939482 4.86803528404951 4.7998534658676917 4.0498281654607871 3.9816463472789687 3.7857250722135793 3.717543254031761 3.5703294636597489 3.5021476454779306 3.0942280104354363 3.0260461922536179 2.4301067093177093 2.361924891135891 2.1041159337669852 2.0359341155851669 1.9088381633386968 1.8406563451568787 1.558985095270035 1.4908032770882169 1.1481900705160695 1.0800082523342514 1.0033648270225819 0.93518300884076366 0.83770864090347819 0.76952682272165995 0.73484848484848486 0.66666666666666663;8.3384104998730049 8.2686430580125396 8.0451026551861968 7.9753352133257325 7.4145493530991331 7.3447819112386679 6.7290372481153202 6.659269806254855 6.0829035888900922 6.013136147029627 5.9271593509651916 5.8573919091047264 5.400634850347295 5.3308674084868297 5.1324081976320564 5.0626407557715911 4.2951730065180147 4.2254055646575495 4.0249279808697089 3.9551605390092437 3.8045231721169519 3.7347557302564867 3.3173495920734695 3.2475821502130042 2.6377836095344001 2.5680161676739348 2.3042116531569148 2.2344442112964495 2.1043925392302945 2.0346250973698292 1.7464033532995704 1.6766359114391054 1.3260549558769081 1.2562875140164431 1.1778616834649673 1.1080942416045023 1.0083530279012334 0.93858558604076836 0.9031007751937985 0.83333333333333337;7.4543663632241151 7.3943663632241154 7.2021216167934607 7.1421216167934611 6.6598457769985853 6.5998457769985857 6.0703053667125069 6.0103053667125073 5.5146304197788112 5.4546304197788116 5.3806903751633977 5.320690375163398 4.9278793046320066 4.867879304632007 4.6972043832969019 4.6372043832969023 3.9771821189388263 3.9171821189388263 3.7447713968812835 3.6847713968812834 3.5552232613539125 3.4952232613539125 3.1362539825165174 3.0762539825165174 2.5518272375329176 2.4918272375329176 2.2649553550482802 2.2049553550482801 2.0931109170713866 2.0331109170713866 1.7852402171709643 1.7252402171709642 1.4237405953874744 1.3637405953874744 1.2962943811132053 1.2362943811132052 1.1505169373283941 1.0905169373283941 1.0600000000000001 1;0 0.088235294117647065 0.17723079018881482 0.2654660843064619 0.39160938399000778 0.47984467810765485 0.57903028733452122 0.6672655814521683 1.1106473781925943 1.1988826723102413 1.5633984074579212 1.6516337015755682 1.8161108162474704 1.9043461103651174 2.2379812316660543 2.3262165257837015 3.0974323272301714 3.1856676213478186 3.713563619638105 3.8017989137557522 3.9923108777665917 4.0805461718842384 4.334091351380625 4.4223266454982717 5.3929476224954422 5.481182916613089 5.7321754479882436 5.8204107421058904 6.3980740811226422 6.4863093752402889 6.5950447349688393 6.683280029086486 7.4122137745772152 7.5004490686948619 8.2791849661743893 8.367420260292036 9.0766494364609702 9.164884730578617 9.4475975929766385 9.5358328870942852;0.16666666666666666 0.24166666666666664 0.31731283832715923 0.39231283832715924 0.49953464305817324 0.57453464305817326 0.6588424109010097 0.73384241090100966 1.1107169381303716 1.1857169381303716 1.4955553130058996 1.5705553130058996 1.7103608604770164 1.7853608604770164 2.0689507135828129 2.1439507135828131 2.7994841448123124 2.8744841448123126 3.3231957433590562 3.3981957433590564 3.5601309127682699 3.6351309127682701 3.8506443153401984 3.9256443153401985 4.7506721457877941 4.8256721457877942 5.0390157974566758 5.114015797456676 5.6050296356209151 5.6800296356209152 5.7724546913901831 5.8474546913901833 6.4670483750573036 6.5420483750573037 7.203973887914902 7.2789738879149022 7.8818186876584972 7.9568186876584974 8.1971246206968154 8.2721246206968146;0.33333333333333331 0.39583333333333331 0.45887180971707714 0.52137180971707719 0.61072331365958887 0.67322331365958887 0.74347978686195249 0.80597978686195249 1.1200418928864209 1.1825418928864209 1.4407405386160275 1.5032405386160275 1.6197451615086249 1.6822451615086249 1.9185700390967886 1.9810700390967886 2.5273478984547046 2.5898478984547046 2.9637742305769912 3.0262742305769912 3.1612202050846689 3.2237202050846689 3.4033147072279428 3.4658147072279428 4.1533378992676058 4.2158378992676058 4.3936242756583406 4.4561242756583406 4.8653024741285398 4.9278024741285398 5.0048233539362625 5.0673233539362625 5.5836514236588624 5.6461514236588624 6.1977560177068609 6.2602560177068609 6.7626266841598568 6.8251266841598568 7.0253816283584554 7.0878816283584554;0.5 0.58108108108108114 0.66286072611945146 0.7439418072005326 0.85985727177460181 0.94093835285568295 1.0320818856587493 1.1131629667398304 1.5205948880688704 1.6016759691499516 1.9366363744207926 2.0177174555018738 2.1688585879030811 2.2499396689841622 2.5565232939634015 2.6376043750444826 3.3462891655628604 3.4273702466439415 3.9124638666944751 3.9935449477755562 4.1686099957855172 4.2496910768665979 4.4826785391065203 4.563759620187601 5.4556815990498659 5.5367626801309466 5.7674044657189265 5.8484855468000072 6.3793113177883729 6.4603923988694536 6.5603113780794731 6.6413924591605538 7.3112234685304136 7.3923045496114943 8.1078996986467367 8.1889807797278173 8.8407048875587311 8.9217859686398118 9.1815761665190756 9.2626572476001563;0.66666666666666663 0.73484848484848486 0.80361773181256901 0.87179954999438714 0.96927391793167261 1.0374557361134908 1.1140991614251603 1.1822809796069784 1.5248941861791256 1.5930760043609438 1.8747472542477874 1.9429290724296056 2.0700250246760756 2.138206842857894 2.3960158002267997 2.4641976184086181 3.0601371013445267 3.128318919526345 3.5362385545688393 3.6044203727506576 3.7516341631226697 3.8198159813044881 4.0157372563698779 4.0839190745516962 4.8339443749586009 4.9021261931404192 5.0960749673848573 5.1642567855666757 5.61063300207962 5.6788148202614384 5.7628375982335003 5.8310194164153186 6.3942864015672463 6.4624682197490646 7.0642186859832448 7.1324005041650631 7.6804412312046946 7.7486230493865129 7.9670829885122574 8.0352648066940748;0.83333333333333337 0.9031007751937985 0.97346930697100087 1.043236748831466 1.1429779625347349 1.2127454043952 1.2911712349466757 1.3609386768071408 1.711519632369338 1.781287074229803 2.0695088183000618 2.1392762601605271 2.2693279322266822 2.3390953740871474 2.6028998886041674 2.6726673304646327 3.2824658711432368 3.3522333130037021 3.7696394511867193 3.8394068930471845 3.9900442599394763 4.0598117017999416 4.2602892855877821 4.3300567274482473 5.0975244767018246 5.1672919185622899 5.3657511294170632 5.4355185712775285 5.8922756300349599 5.9620430718954252 6.0480198679598605 6.1177873098203257 6.6941535271850885 6.7639209690455537 7.3796656321689014 7.4494330740293666 8.0102189342559669 8.0799863761164321 8.3035267789427749 8.3732942208032402;1 1.0600000000000001 1.1205169373283941 1.1805169373283941 1.2662943811132052 1.3262943811132053 1.3937405953874744 1.4537405953874745 1.755240217170964 1.8152402171709641 2.0631109170713864 2.1231109170713864 2.2349553550482799 2.29495535504828 2.5218272375329169 2.581827237532917 3.1062539825165167 3.1662539825165168 3.5252232613539118 3.5852232613539119 3.7147713968812828 3.7747713968812828 3.9471821189388256 4.0071821189388253 4.6672043832969017 4.7272043832969013 4.8978793046320064 4.957879304632006 5.3506903751633974 5.410690375163397 5.4846304197788109 5.5446304197788105 6.0403053667125066 6.1003053667125062 6.629845776998585 6.6898457769985846 7.1721216167934605 7.2321216167934601 7.4243663632241148 7.4843663632241144;
