m;3
n;6
P;39
P1;2 4 6 8 10 12 14 16 18 20 22 24 26 28 30 32 34 36 38
Q;40
M;100
h;1 1 1 1 1 1 1 1 1 1 1 1 1 1 1 1 1 1 1 1 1 1 1 1 1 1 1 1 1 1 1 1 1 1 1 1 1 1 1
Vmin;52 52 52 52 52 52 52 52 52 52 52 52 52 52 52 52 52 52 52 52 52 52 52 52 52 52 52 52 52 52 52 52 52 52 52 52 52 52 52;52 52 52 52 52 52 52 52 52 52 52 52 52 52 52 52 52 52 52 52 52 52 52 52 52 52 52 52 52 52 52 52 52 52 52 52 52 52 52;39 39 39 39 39 39 39 39 39 39 39 39 39 39 39 39 39 39 39 39 39 39 39 39 39 39 39 39 39 39 39 39 39 39 39 39 39 39 39;46 46 46 46 46 46 46 46 46 46 46 46 46 46 46 46 46 46 46 46 46 46 46 46 46 46 46 46 46 46 46 46 46 46 46 46 46 46 46;32 32 32 32 32 32 32 32 32 32 32 32 32 32 32 32 32 32 32 32 32 32 32 32 32 32 32 32 32 32 32 32 32 32 32 32 32 32 32;28 28 28 28 28 28 28 28 28 28 28 28 28 28 28 28 28 28 28 28 28 28 28 28 28 28 28 28 28 28 28 28 28 28 28 28 28 28 28;
Vmax;52 52 52 52 52 52 52 52 52 52 52 52 52 52 52 52 52 52 52 52 52 52 52 52 52 52 52 52 52 52 52 52 52 52 52 52 52 52 52;52 52 52 52 52 52 52 52 52 52 52 52 52 52 52 52 52 52 52 52 52 52 52 52 52 52 52 52 52 52 52 52 52 52 52 52 52 52 52;39 39 39 39 39 39 39 39 39 39 39 39 39 39 39 39 39 39 39 39 39 39 39 39 39 39 39 39 39 39 39 39 39 39 39 39 39 39 39;46 46 46 46 46 46 46 46 46 46 46 46 46 46 46 46 46 46 46 46 46 46 46 46 46 46 46 46 46 46 46 46 46 46 46 46 46 46 46;32 32 32 32 32 32 32 32 32 32 32 32 32 32 32 32 32 32 32 32 32 32 32 32 32 32 32 32 32 32 32 32 32 32 32 32 32 32 32;28 28 28 28 28 28 28 28 28 28 28 28 28 28 28 28 28 28 28 28 28 28 28 28 28 28 28 28 28 28 28 28 28 28 28 28 28 28 28;
d;3.000 12.309 3.000 3.143 3.000 7.844 3.000 25.694 3.000 11.089 3.000 10.103 3.000 21.839 3.000 7.696 3.000 3.146 3.000 12.560 3.000 16.301 3.000 9.256 3.000 20.306 3.000 4.873 3.000 30.781 3.000 4.252 3.000 55.875 3.000 8.615 3.000 3.312 3.000
S;6.326805464147502 6.2691131564551945 6.2054189387473633 6.1477266310550558 5.9820525991973641 5.9243602915050566 4.8498427184946138 4.7921504108023063 4.7103894766598957 4.6526971689675882 4.0607564927005573 4.0030641850082498 3.9093473256312121 3.8516550179389046 3.4611620140528498 3.4034697063605424 3.2254634092477281 3.1677711015554206 2.8542993992110808 2.7966070915187733 2.5550762140880683 2.4973839063957608 2.4368746939848864 2.3791823862925789 2.2311872938027664 2.1734949861104589 1.7535147165101266 1.6958224088178189 1.5015295861576416 1.4438372784653339 1.2305795442862875 1.1728872365939798 0.67877724016885543 0.62108493247654772 0.47024358243770947 0.41255127474540176 0.35210346386305619 0.29441115617074848 0.057692307692307696 0;6.493472130814169 6.4357798231218615 6.3720856054140302 6.3143932977217228 6.1487192658640311 6.0910269581717236 5.0165093851612808 4.9588170774689733 4.8770561433265627 4.8193638356342552 4.2274231593672242 4.1697308516749167 4.0760139922978791 4.0183216846055716 3.6278286807195168 3.5701363730272093 3.3921300759143951 3.3344377682220876 3.0209660658777477 2.9632737581854403 2.7217428807547352 2.6640505730624278 2.6035413606515534 2.5458490529592459 2.3978539604694333 2.3401616527771258 1.9201813831767933 1.8624890754844856 1.6681962528243084 1.6105039451320007 1.3972462109529542 1.3395539032606465 0.84544390683552217 0.78775159914321446 0.6369102491043761 0.57921794141206839 0.51877013052972276 0.46107782283741511 0.22435897435897434 0.16666666666666666;8.7690739521966723 8.6921508752735956 8.607225251663154 8.5303021747400773 8.309403465596489 8.2324803886734124 6.799790291326155 6.7228672144030783 6.6138526355465306 6.5369295586234539 5.7476753236007454 5.6707522466776688 5.5457964341749513 5.4688733572518746 4.9482160187371349 4.8712929418140583 4.6339512123303059 4.5570281354072293 4.1390658656147759 4.0621427886916992 3.7401016187840921 3.663178541861015 3.5824995919798495 3.5055765150567724 3.3082497250703558 3.2313266481472787 2.6713529553468356 2.5944298784237585 2.3353727815435223 2.2584497046204453 1.9741060590483834 1.8971829821253066 1.2383696535584741 1.1614465766353972 0.9603247765836127 0.88340169966053572 0.80280461848407492 0.72588154156099793 0.41025641025641024 0.33333333333333331;0 0.057692307692307696 0.32325731001690233 0.38094961770921004 0.44139742859155562 0.49908973628386333 0.64993108632270169 0.7076233940150094 1.2017333904401337 1.2594256981324414 1.4726834323114879 1.5303757400037956 1.7246685626639728 1.7823608703562805 2.2023411399566131 2.2600334476489206 2.4080285401387331 2.4657208478310406 2.526230060241915 2.5839223679342225 2.8254532453649275 2.883145553057235 3.1966172554015748 3.2543095630938823 3.4323158602066965 3.490008167899004 3.8805011717850588 3.9381934794773663 4.031910338854404 4.0896026465467115 4.6815433228137424 4.7392356305060499 4.8209965646484605 4.878688872340768 5.9532064453512108 6.0108987530435183 6.17657278490121 6.2342650925935175 6.2979593103013487 6.3556516179936562;0.16666666666666666 0.22435897435897434 0.48992397668356896 0.54761628437587662 0.60806409525822225 0.66575640295052996 0.81659775298936821 0.87429006068167592 1.3684000571068002 1.4260923647991079 1.6393500989781544 1.6970424066704621 1.8913352293306394 1.9490275370229471 2.3690078066232796 2.4267001143155871 2.5746952068053996 2.6323875144977071 2.6928967269085815 2.750589034600889 2.992119912031594 3.0498122197239015 3.3632839220682413 3.4209762297605488 3.5989825268733631 3.6566748345656706 4.0471678384517258 4.1048601461440333 4.1985770055210709 4.2562693132133784 4.8482099894804094 4.9059022971727169 4.9876632313151275 5.0453555390074349 6.1198731120178778 6.1775654197101852 6.3432394515678769 6.4009317592601844 6.4646259769680157 6.5223182846603232;0.33333333333333331 0.41025641025641024 0.76434308002253637 0.84126615694561324 0.92186323812207405 0.99878631504515103 1.1999081150969355 1.2768311920200124 1.9356445205868449 2.0125675975099218 2.2969112430819836 2.3738343200050607 2.6328914168852968 2.7098144938083739 3.269788186608817 3.3467112635318941 3.5440380535183107 3.6209611304413878 3.7016400803225533 3.7785631572456304 4.1006043271532375 4.1775274040763142 4.5954896738687676 4.6724127507918443 4.9097544802755966 4.9866775571986732 5.5073348957134129 5.5842579726364896 5.7092137851392071 5.7861368620622837 6.5753910970849923 6.6523141740080689 6.7613287528646167 6.8382518297876933 8.2709419271349507 8.3478650040580273 8.5687637132016157 8.6456867901246923 8.730612413735134 8.8075354906582106;
