Vermelho 1 2 0 10 2020-01-01T00:41:09 80 48
Azul 1 2 0 10 2020-01-01T00:55:28 70 48
Verde 1 2 0 10 2020-01-01T01:09:09 400 33
Amarelo 1 2 0 10 2020-01-01T01:16:41 30 51
Laranja 1 2 0 10 2020-01-01T01:30:27 350 35
Preto 1 2 0 10 2020-01-01T01:51:10 130 44
Roxo 1 2 0 10 2020-01-01T02:43:52 300 37
Rosa 10 9 0 1 2020-01-01T03:10:00 260 38
Branco 10 9 0 1 2020-01-01T03:26:52 240 39
Abobora 10 9 0 1 2020-01-01T03:41:26 160 42
Acafrao 10 9 0 1 2020-01-01T04:02:47 400 33
Ambar 10 9 0 1 2020-01-01T04:18:36 230 39
Ameixa 10 9 0 1 2020-01-01T04:38:39 20 52
Amendoa 10 9 0 1 2020-01-01T04:50:06 540 28
