Vermelho 1 2 0 10 2020-01-01T00:05:21 20 52
Azul 1 2 0 10 2020-01-01T00:31:27 30 51
Verde 1 2 0 10 2020-01-01T01:15:02 350 28
Amarelo 1 2 0 10 2020-01-01T01:28:48 210 40
Laranja 1 2 0 10 2020-01-01T01:46:09 100 46
Preto 1 2 0 10 2020-01-01T02:32:18 220 39
Roxo 10 9 0 1 2020-01-01T03:01:41 270 35
Rosa 10 9 0 1 2020-01-01T03:14:57 60 49
Branco 10 9 0 1 2020-01-01T03:50:18 60 49
Abobora 10 9 0 1 2020-01-01T04:06:37 90 47
Acafrao 10 9 0 1 2020-01-01T04:38:11 150 43
Ambar 10 9 0 1 2020-01-01T05:12:38 50 50
