Vermelho 1 2 0 10 2020-01-01T00:05:25 190 40
Azul 1 2 0 10 2020-01-01T00:14:12 200 40
Verde 1 2 0 10 2020-01-01T00:30:46 60 49
Amarelo 1 2 0 10 2020-01-01T01:00:59 20 52
Laranja 1 2 0 10 2020-01-01T01:19:35 170 42
Preto 1 2 0 10 2020-01-01T02:03:50 300 33
Roxo 1 2 0 10 2020-01-01T02:27:52 150 43
Rosa 1 2 0 10 2020-01-01T02:34:37 300 33
Branco 10 9 0 1 2020-01-01T02:46:26 200 40
Abobora 10 9 0 1 2020-01-01T03:06:18 220 39
Acafrao 10 9 0 1 2020-01-01T03:18:37 170 42
Ambar 10 9 0 1 2020-01-01T03:35:17 210 40
Ameixa 10 9 0 1 2020-01-01T04:00:31 60 49
Amendoa 10 9 0 1 2020-01-01T04:28:50 60 49
Ametista 10 9 0 1 2020-01-01T04:52:29 370 28
Anil 10 9 0 1 2020-01-01T05:15:05 150 43
