Vermelho 1 2 0 10 2020-01-01T00:00:00 80 48
Azul 1 2 0 10 2020-01-01T00:20:00 90 47
Verde 1 2 0 10 2020-01-01T00:40:00 80 48
Amarelo 1 2 0 10 2020-01-01T01:00:00 20 52
Laranja 1 2 0 10 2020-01-01T01:20:00 310 33
Preto 1 2 0 10 2020-01-01T01:40:00 370 28
Roxo 10 9 0 1 2020-01-01T00:00:00 80 48
Rosa 10 9 0 1 2020-01-01T00:20:00 320 32
Branco 10 9 0 1 2020-01-01T00:40:00 140 44
Abobora 10 9 0 1 2020-01-01T01:00:00 160 42
Acafrao 10 9 0 1 2020-01-01T01:20:00 220 39
Ambar 10 9 0 1 2020-01-01T01:40:00 190 40
