Vermelho 1 2 0 10 2020-01-01T00:00:00 80 48
Azul 1 2 0 10 2020-01-01T00:20:00 380 28
Verde 1 2 0 10 2020-01-01T00:40:00 50 50
Amarelo 1 2 0 10 2020-01-01T01:00:00 140 44
Laranja 1 2 0 10 2020-01-01T01:20:00 150 43
Preto 1 2 0 10 2020-01-01T01:40:00 70 48
Roxo 1 2 0 10 2020-01-01T02:00:00 120 45
Rosa 1 2 0 10 2020-01-01T02:20:00 90 47
Branco 10 9 0 1 2020-01-01T00:00:00 30 51
Abobora 10 9 0 1 2020-01-01T00:20:00 20 52
Acafrao 10 9 0 1 2020-01-01T00:40:00 310 33
Ambar 10 9 0 1 2020-01-01T01:00:00 130 44
Ameixa 10 9 0 1 2020-01-01T01:20:00 170 42
Amendoa 10 9 0 1 2020-01-01T01:40:00 20 52
Ametista 10 9 0 1 2020-01-01T02:00:00 300 34
Anil 10 9 0 1 2020-01-01T02:20:00 20 52
