m;3
n;6
P;9
P1;2 4 6 8
Q;10
M;100
h;1 1 1 1 1 1 1 1 1
Vmin;40 40 40 40 40 40 40 40 40;40 40 40 40 40 40 40 40 40;40 40 40 40 40 40 40 40 40;40 40 40 40 40 40 40 40 40;40 40 40 40 40 40 40 40 40;40 40 40 40 40 40 40 40 40;
Vmax;40 40 40 40 40 40 40 40 40;40 40 40 40 40 40 40 40 40;40 40 40 40 40 40 40 40 40;40 40 40 40 40 40 40 40 40;40 40 40 40 40 40 40 40 40;40 40 40 40 40 40 40 40 40;
d;3 16.25 3 16.25 3 16.25 3 16.25 3
S;2 1.925 1.51875 1.4437500000000001 1.0375000000000001 0.96250000000000002 0.55625000000000002 0.48125000000000001 0.074999999999999997 0;2.5 2.4249999999999998 2.0187499999999998 1.9437499999999999 1.5374999999999999 1.4624999999999999 1.0562499999999999 0.98124999999999996 0.57499999999999996 0.5;3.0000000000000004 2.9250000000000003 2.5187500000000003 2.4437500000000001 2.0375000000000001 1.9624999999999999 1.5562499999999999 1.48125 1.075 1;0 0.074999999999999997 0.48125000000000001 0.55625000000000002 0.96250000000000002 1.0375000000000001 1.4437500000000001 1.51875 1.925 2;0.5 0.57499999999999996 0.98124999999999996 1.0562499999999999 1.4624999999999999 1.5374999999999999 1.9437499999999999 2.0187499999999998 2.4249999999999998 2.5;1 1.075 1.48125 1.5562499999999999 1.9624999999999999 2.0375000000000001 2.4437500000000001 2.5187500000000003 2.9250000000000003 3.0000000000000004;
