m;8
n;16
P;9
P1;2 4 6 8
Q;10
M;100
h;1 1 1 1 1 1 1 1 1
Vmin;50 50 50 50 50 50 50 50 50;51 51 51 51 51 51 51 51 51;39 39 39 39 39 39 39 39 39;42 42 42 42 42 42 42 42 42;44 44 44 44 44 44 44 44 44;30 30 30 30 30 30 30 30 30;35 35 35 35 35 35 35 35 35;44 44 44 44 44 44 44 44 44;28 28 28 28 28 28 28 28 28;52 52 52 52 52 52 52 52 52;44 44 44 44 44 44 44 44 44;47 47 47 47 47 47 47 47 47;45 45 45 45 45 45 45 45 45;44 44 44 44 44 44 44 44 44;48 48 48 48 48 48 48 48 48;46 46 46 46 46 46 46 46 46;
Vmax;50 50 50 50 50 50 50 50 50;51 51 51 51 51 51 51 51 51;39 39 39 39 39 39 39 39 39;42 42 42 42 42 42 42 42 42;44 44 44 44 44 44 44 44 44;30 30 30 30 30 30 30 30 30;35 35 35 35 35 35 35 35 35;44 44 44 44 44 44 44 44 44;28 28 28 28 28 28 28 28 28;52 52 52 52 52 52 52 52 52;44 44 44 44 44 44 44 44 44;47 47 47 47 47 47 47 47 47;45 45 45 45 45 45 45 45 45;44 44 44 44 44 44 44 44 44;48 48 48 48 48 48 48 48 48;46 46 46 46 46 46 46 46 46;
d;3.000 9.426 3.000 32.093 3.000 19.704 3.000 3.894 3.000
S;0.78513358943367628 0.78413358943367617 0.78283564590460719 0.78183564590460719 0.77526762107070324 0.77426762107070313 0.76357009137875509 0.76257009137875509 0.75942802218983574 0.75842802218983574;1.4226563848273435 1.4216759926704805 1.4204034990145307 1.4194231068576679 1.4129838668244288 1.4120034746675658 1.4015157004597738 1.4005353083029108 1.3974548483137743 1.3964744561569116;2.2599881899775878 2.2587061386955365 2.2570421085300638 2.2557600572480125 2.2473395125891615 2.2460574613071103 2.2323426796507664 2.2310606283687155 2.2270323345367675 2.2257502832547167;2.8493224671232116 2.8481319909327354 2.8465868200647959 2.8453963438743197 2.8375772666911008 2.8363867905006246 2.8236516361054482 2.822461159914972 2.818720601356735 2.8175301251662583;3.0235035919117137 3.0223672282753502 3.0208922924468626 3.0197559288104991 3.0122922642265175 3.011155900590154 2.9989996168493041 2.9978632532129406 2.9942927200437142 2.9931563564073502;3.1622039176002166 3.1605372509335501 3.1583740117184353 3.1567073450517689 3.145760636995262 3.1440939703285955 3.1262647541753483 3.1245980875086818 3.1193613055271499 3.1176946388604834;3.5306385251154229 3.5292099536868515 3.5273557486453249 3.5259271772167531 3.5165442845968906 3.5151157131683193 3.4998335278941073 3.498404956465536 3.4939162861956512 3.4924877147670799;4.0341521188803409 4.0330157552439774 4.0315408194154898 4.0304044557791263 4.0229407911951443 4.0218044275587808 4.0096481438179312 4.0085117801815677 4.0049412470123409 4.0038048833759774;4.4355430644074216 4.4365430644074211 4.4401851335963407 4.4411851335963402 4.4518826632882886 4.452882663288289 4.4594506881221925 4.4604506881221928 4.461748631651262 4.4627486316512623;5.4927742674190991 5.4937546595759619 5.4973253156435309 5.4983057078003936 5.5087934820081861 5.5097738741650488 5.5162131141982886 5.5171935063551514 5.5184660000111014 5.5194463921679642;5.8669727570475461 5.8682548083295973 5.8729241278025714 5.8742061790846227 5.887920960740967 5.8892030120230183 5.8976235566818689 5.898905607963921 5.9005696381293937 5.901851689411445;6.1727204344376103 6.1739109106280861 6.1782467072815619 6.1794371834720376 6.1921723378672144 6.1933628140576902 6.2011818912409087 6.2023723674313844 6.2039175382993239 6.2051080144897997;7.0992172824389801 7.1003536460753436 7.1044923610627517 7.1056287246991152 7.1177850084399656 7.1189213720763291 7.1263850366603112 7.1275214002966747 7.1289963361251631 7.1301326997615266;7.7988076621463387 7.8004743288130056 7.8065444441278702 7.8082111107945371 7.8260403269477843 7.8277069936144512 7.8386537016709577 7.8403203683376246 7.8424836075527393 7.8441502742194062;8.3349630541313857 8.3363916255599566 8.3415945815441273 8.3430231529726981 8.358305338246911 8.3597339096754819 8.3691168022953448 8.3705453737239157 8.3723995787654424 8.3738281501940133;8.8741073748965498 8.8752437385329142 8.8793824535203232 8.8805188171566876 8.892675100897538 8.8938114645339024 8.9012751291178844 8.9024114927542488 8.9038864285827355 8.9050227922191016;
