m;5
n;10
P;9
P1;2 4 6 8
Q;10
M;100
h;1 1 1 1 1 1 1 1 1
Vmin;28 28 28 28 28 28 28 28 28;52 52 52 52 52 52 52 52 52;46 46 46 46 46 46 46 46 46;40 40 40 40 40 40 40 40 40;30 30 30 30 30 30 30 30 30;44 44 44 44 44 44 44 44 44;46 46 46 46 46 46 46 46 46;46 46 46 46 46 46 46 46 46;50 50 50 50 50 50 50 50 50;45 45 45 45 45 45 45 45 45;
Vmax;28 28 28 28 28 28 28 28 28;52 52 52 52 52 52 52 52 52;46 46 46 46 46 46 46 46 46;40 40 40 40 40 40 40 40 40;30 30 30 30 30 30 30 30 30;44 44 44 44 44 44 44 44 44;46 46 46 46 46 46 46 46 46;46 46 46 46 46 46 46 46 46;50 50 50 50 50 50 50 50 50;45 45 45 45 45 45 45 45 45;
d;3.000 11.941 3.000 29.072 3.000 14.652 3.000 8.908 3.000
S;0.25083173541717441 0.24904602113146013 0.24374375422440037 0.24195803993868606 0.23323656668964107 0.23145085240392677 0.21414629484983874 0.21236058056412446 0.20525303170386203 0.20346731741814772;0.28775023994439913 0.28678870148286068 0.28393363468675153 0.28297209622521308 0.2782759183218812 0.27731437986034274 0.26799654117737226 0.2670350027158338 0.26320786102184635 0.26224632256030783;0.35002887283910222 0.3489419163173631 0.34571444950437014 0.34462749298263101 0.33931877013538625 0.33823181361364713 0.32769860466768047 0.32661164814594135 0.32228531405708599 0.32119835753534687;0.52044228068809373 0.51919228068809375 0.51548069385315187 0.5142306938531519 0.50812566257882041 0.50687566257882044 0.49476247229095882 0.49351247229095885 0.48853718808877511 0.48728718808877514;1.0110693094296423 1.0094026427629756 1.0044538603163866 1.0027871936497199 0.99464715195061126 0.99298048528394456 0.97682956490012907 0.97516289823346236 0.96852918596388415 0.96686251929721745;1.4705937434380667 1.4723794577237812 1.4803798637269006 1.4821655780126151 1.4994701355667031 1.5012558498524173 1.5099773231014624 1.5117630373871767 1.5170653042942364 1.5188510185799509;1.9979127355958568 1.9988742740573953 2.0031821849821521 2.0041437234436903 2.0134615621266607 2.014423100588199 2.0191192784915311 2.0200808169530697 2.0229358837491787 2.0238974222107173;2.5857705556261763 2.5868575121479154 2.5917273244976404 2.5928142810193795 2.6033474899653459 2.604434446487085 2.60974316933433 2.6108301258560691 2.6140575926690621 2.6151445491908012;2.6492065643604956 2.6504565643604954 2.6560568485626788 2.6573068485626785 2.6694200388505402 2.67067003885054 2.6767750701248714 2.6780250701248716 2.6817366569598131 2.6829866569598129;2.9057230405284162 2.9073897071950827 2.9148567527979945 2.916523419464661 2.9326743398484765 2.934341006515143 2.942481048214252 2.9441477148809185 2.9490964973275076 2.950763163994174;
