m;1
n;2
P;9
P1;2 4 6 8
Q;10
M;100
h;1 1 1 1 1 1 1 1 1
Vmin;40 40 40 40 40 40 40 40 40;28 28 28 28 28 28 28 28 28;
Vmax;40 40 40 40 40 40 40 40 40;28 28 28 28 28 28 28 28 28;
d;3.000 23.467 3.000 5.661 3.000 3.098 3.000 14.679 3.000
S;0.59739754063853867 0.59614754063853859 0.59003132511974299 0.58878132511974302 0.58749042602749324 0.58624042602749316 0.58388154141171922 0.58263154141171924 0.57285379777688661 0.57160379777688652;1.102988229907524 1.104238229907524 1.1146409735423566 1.1158909735423566 1.1182498581581306 1.1194998581581308 1.1207907572503804 1.1220407572503805 1.128156972769176 1.129406972769176;
