m;2
n;4
P;9
P1;2 4 6 8
Q;10
M;100
h;1 1 1 1 1 1 1 1 1
Vmin;52 52 52 52 52 52 52 52 52;43 43 43 43 43 43 43 43 43;28 28 28 28 28 28 28 28 28;40 40 40 40 40 40 40 40 40;
Vmax;52 52 52 52 52 52 52 52 52;43 43 43 43 43 43 43 43 43;28 28 28 28 28 28 28 28 28;40 40 40 40 40 40 40 40 40;
d;3.000 3.295 3.000 9.975 3.000 4.269 3.000 55.519 3.000
S;0.22621510506356007 0.22525356660202162 0.20745915805163387 0.20649761959009538 0.20512921388097785 0.20416767541943939 0.20097058153310771 0.20000904307156922 0.19895296114949945 0.19799142268796099;0.37403110307096926 0.37286831237329487 0.3513494927309655 0.35018670203329111 0.34853188582691647 0.34736909512924208 0.34350284205739912 0.34234005135972473 0.34106292903536128 0.3399001383376869;1.6609173914048569 1.6618789298663954 1.6634157810192345 1.6643773194807729 1.6675744133671047 1.6685359518286431 1.6699043575377606 1.670865895999299 1.6886603045496866 1.6896218430112251;2.3604490490578769 2.3616118397555517 2.3634703574287523 2.3646331481264271 2.3684994011982701 2.3696621918959448 2.3713170081023192 2.3724797987999939 2.3939986184423234 2.3951614091399978;
