m;3
n;6
P;9
P1;2 4 6 8
Q;10
M;100
h;1 1 1 1 1 1 1 1 1
Vmin;40 40 40 40 40 40 40 40 40;50 50 50 50 50 50 50 50 50;40 40 40 40 40 40 40 40 40;28 28 28 28 28 28 28 28 28;40 40 40 40 40 40 40 40 40;52 52 52 52 52 52 52 52 52;
Vmax;40 40 40 40 40 40 40 40 40;50 50 50 50 50 50 50 50 50;40 40 40 40 40 40 40 40 40;28 28 28 28 28 28 28 28 28;40 40 40 40 40 40 40 40 40;52 52 52 52 52 52 52 52 52;
d;3.000 9.253 3.000 23.530 3.000 9.872 3.000 13.347 3.000
S;0.28039323150330431 0.27914323150330428 0.27358179868557353 0.2723317986855735 0.26821855176814025 0.26696855176814022 0.25716453693463748 0.2559145369346375 0.25205916308546883 0.25080916308546886;0.60951828199103908 0.60851828199103897 0.60406913573685428 0.60306913573685428 0.59977853820290761 0.59877853820290761 0.59093532633610535 0.58993532633610535 0.58685102725677041 0.58585102725677041;0.82845765561530849 0.82720765561530851 0.8216462227975776 0.82039622279757762 0.8162829758801442 0.81503297588014412 0.80522896104664132 0.80397896104664135 0.80012358719747256 0.79887358719747259;1.7373871879548937 1.7386371879548936 1.7431175618040624 1.7443675618040624 1.7541715766375652 1.7554215766375654 1.7595348235549986 1.7607848235549988 1.7663462563727295 1.7675962563727297;2.2124281479053329 2.2134281479053328 2.2170124469846679 2.2180124469846678 2.2258556588514704 2.2268556588514703 2.2301462563854169 2.2311462563854167 2.2355954026396017 2.2365954026396015;2.7276476290911038 2.7288976290911036 2.7333780029402721 2.7346280029402719 2.7444320177737747 2.7456820177737744 2.7497952646912078 2.7510452646912076 2.7566066975089383 2.7578566975089385;
