m;4
n;8
P;9
P1;2 4 6 8
Q;10
M;100
h;1 1 1 1 1 1 1 1 1
Vmin;46 46 46 46 46 46 46 46 46;28 28 28 28 28 28 28 28 28;40 40 40 40 40 40 40 40 40;40 40 40 40 40 40 40 40 40;49 49 49 49 49 49 49 49 49;51 51 51 51 51 51 51 51 51;52 52 52 52 52 52 52 52 52;36 36 36 36 36 36 36 36 36;
Vmax;46 46 46 46 46 46 46 46 46;28 28 28 28 28 28 28 28 28;40 40 40 40 40 40 40 40 40;40 40 40 40 40 40 40 40 40;49 49 49 49 49 49 49 49 49;51 51 51 51 51 51 51 51 51;52 52 52 52 52 52 52 52 52;36 36 36 36 36 36 36 36 36;
d;3.000 50.271 3.000 15.286 3.000 4.901 3.000 9.753 3.000
S;0.13167884219957326 0.13059188567783414 0.1270583686706436 0.12597141214890448 0.12419568139310458 0.12310872487136544 0.1175703566641154 0.11648340014237628 0.098269402679674669 0.097182446157935545;0.3162811250807242 0.31449541079500987 0.30869034714033977 0.30690463285462549 0.30398736089866846 0.30220164661295418 0.29310289884390056 0.29131718455818623 0.26139418872660503 0.25960847444089075;1.0170552588730217 1.0158052588730218 1.0117417143147527 1.0104917143147525 1.0084496239455827 1.0071996239455825 1.0008305005072449 0.9995805005072449 0.97863440342513808 0.97738440342513799;1.773535131432874 1.772285131432874 1.768221586874605 1.7669715868746048 1.764929496505435 1.763679496505435 1.7573103730670974 1.7560603730670974 1.7351142759849907 1.7338642759849907;1.9982842453864087 1.9993712019081478 2.0181286776317191 2.0192156341534582 2.0247540023607078 2.0258409588824469 2.027616689638247 2.0287036461599861 2.0322371631671765 2.0333241196889156;2.072373826384907 2.0741595406706215 2.1049753936450601 2.1067611079307742 2.1158598556998283 2.1176455699855423 2.1205628419414997 2.1223485562272137 2.1281536198818838 2.1299393341675983;2.1743102689476981 2.1755602689476978 2.1971313660298049 2.1983813660298046 2.2047504894681418 2.2060004894681415 2.2080425798373118 2.2092925798373115 2.2133561243955806 2.2146061243955804;2.7593062308617591 2.7605562308617588 2.7821273279438659 2.7833773279438656 2.7897464513822028 2.790996451382203 2.7930385417513728 2.7942885417513725 2.7983520863096416 2.7996020863096414;
