m;6
n;12
P;9
P1;2 4 6 8
Q;10
M;100
h;1 1 1 1 1 1 1 1 1
Vmin;30 30 30 30 30 30 30 30 30;48 48 48 48 48 48 48 48 48;50 50 50 50 50 50 50 50 50;42 42 42 42 42 42 42 42 42;28 28 28 28 28 28 28 28 28;48 48 48 48 48 48 48 48 48;48 48 48 48 48 48 48 48 48;37 37 37 37 37 37 37 37 37;52 52 52 52 52 52 52 52 52;40 40 40 40 40 40 40 40 40;51 51 51 51 51 51 51 51 51;36 36 36 36 36 36 36 36 36;
Vmax;30 30 30 30 30 30 30 30 30;48 48 48 48 48 48 48 48 48;50 50 50 50 50 50 50 50 50;42 42 42 42 42 42 42 42 42;28 28 28 28 28 28 28 28 28;48 48 48 48 48 48 48 48 48;48 48 48 48 48 48 48 48 48;37 37 37 37 37 37 37 37 37;52 52 52 52 52 52 52 52 52;40 40 40 40 40 40 40 40 40;51 51 51 51 51 51 51 51 51;36 36 36 36 36 36 36 36 36;
d;3.000 13.625 3.000 24.390 3.000 16.991 3.000 28.861 3.000
S;1.1840340349737661 1.1823673683070994 1.1663335114165012 1.1646668447498347 1.1552271431144225 1.1535604764477558 1.140010301894349 1.1383436352276823 1.1307739609195215 1.1291072942528548;2.3307138750761114 2.3296722084094443 2.3196510478528207 2.3186093811861541 2.3127095676640215 2.3116679009973549 2.3031990419014758 2.3021573752348088 2.2974263287922083 2.2963846621255417;3.0112335445012013 3.0102335445012014 3.0006132303668425 2.9996132303668421 2.993949409385595 2.9929494093855951 2.9848193046535507 2.9838193046535508 2.9792775000686542 2.9782775000686543;3.7681663458864771 3.7669758696960005 3.7555231147741446 3.7543326385836684 3.7475899945583739 3.7463995183678973 3.736720822258321 3.7355303460678448 3.7301234358477298 3.7289329596572531;4.8181533943609933 4.8163676800752793 4.7991885476924958 4.7974028334067818 4.7872888673688401 4.785503153083126 4.7709851089187616 4.7691993946330475 4.7610890293028749 4.7593033150171609;4.9705421215309737 4.9695004548643071 4.959479294307684 4.9584376276410174 4.9525378141188847 4.9514961474522181 4.9430272883563386 4.941985621689672 4.9372545752470716 4.936212908580405;5.2190300519175139 5.2206967185841808 5.2290997262256749 5.2307663928923427 5.2443165674457495 5.2459832341124164 5.2554229357478288 5.2570896024144957 5.2731234593050944 5.2747901259717613;5.6213376403280204 5.622379306994687 5.6276311867706204 5.6286728534372878 5.6371417125331664 5.638183379199833 5.6440831927219657 5.6451248593886323 5.6551460199452555 5.6561876866119229;6.2155145721533183 6.2165145721533177 6.2215563767382145 6.2225563767382139 6.2306864814702578 6.2316864814702582 6.2373503024515049 6.2383503024515052 6.2479706165858637 6.2489706165858641;6.6214370659609711 6.6226275421514469 6.6286296904667994 6.629820166657276 6.6394988627668523 6.640689338957328 6.6474319829826225 6.6486224591730982 6.6600752140949542 6.6612656902854299;7.0036630584288684 7.0054487727145824 7.0144519951876116 7.0162377094733257 7.0307557536376901 7.0325414679234042 7.0426554339613459 7.0444411482470599 7.0616202806298434 7.0634059949155574;7.5388763131438141 7.5399179798104807 7.5451698595864141 7.5462115262530807 7.5546803853489601 7.5557220520156267 7.5616218655377594 7.562663532204426 7.5726846927610492 7.5737263594277158;
