m;2
n;4
P;9
P1;2 4 6 8
Q;10
M;100
h;1 1 1 1 1 1 1 1 1
Vmin;28 28 28 28 28 28 28 28 28;52 52 52 52 52 52 52 52 52;30 30 30 30 30 30 30 30 30;41 41 41 41 41 41 41 41 41;
Vmax;28 28 28 28 28 28 28 28 28;52 52 52 52 52 52 52 52 52;30 30 30 30 30 30 30 30 30;41 41 41 41 41 41 41 41 41;
d;3.000 11.334 3.000 27.591 3.000 11.643 3.000 16.321 3.000
S;2.9245789694209519 2.8174361122780947 2.2345545234333737 2.1274116662905165 1.7115822204932272 1.60443936335037 0.61906411322217947 0.51192125607932237 0.10714285714285714 0;2.0747732912266668 2.0170809835343593 1.7032216664641247 1.6455293587718169 1.4216211956501994 1.3639288879578917 0.83334221481194293 0.77564990711963522 0.55769230769230771 0.5;0 0.10714285714285714 0.56549268465075098 0.67263554179360807 1.6580107919217988 1.765153649064656 2.1809830948619453 2.2881259520048025 2.8710075408495235 2.9781503979923807;0.5 0.55769230769230771 0.80449606096578896 0.86218836865809667 1.3927750418040454 1.4504673494963531 1.6743755126179707 1.7320678203102784 2.045927137380513 2.1036194450728205;
