m;7
n;14
P;9
P1;2 4 6 8
Q;10
M;100
h;1 1 1 1 1 1 1 1 1
Vmin;50 50 50 50 50 50 50 50 50;32 32 32 32 32 32 32 32 32;46 46 46 46 46 46 46 46 46;50 50 50 50 50 50 50 50 50;28 28 28 28 28 28 28 28 28;38 38 38 38 38 38 38 38 38;46 46 46 46 46 46 46 46 46;44 44 44 44 44 44 44 44 44;49 49 49 49 49 49 49 49 49;46 46 46 46 46 46 46 46 46;51 51 51 51 51 51 51 51 51;51 51 51 51 51 51 51 51 51;44 44 44 44 44 44 44 44 44;52 52 52 52 52 52 52 52 52;
Vmax;50 50 50 50 50 50 50 50 50;32 32 32 32 32 32 32 32 32;46 46 46 46 46 46 46 46 46;50 50 50 50 50 50 50 50 50;28 28 28 28 28 28 28 28 28;38 38 38 38 38 38 38 38 38;46 46 46 46 46 46 46 46 46;44 44 44 44 44 44 44 44 44;49 49 49 49 49 49 49 49 49;46 46 46 46 46 46 46 46 46;51 51 51 51 51 51 51 51 51;51 51 51 51 51 51 51 51 51;44 44 44 44 44 44 44 44 44;52 52 52 52 52 52 52 52 52;
d;3.000 2.221 3.000 5.348 3.000 52.260 3.000 8.301 3.000
S;1.6626101238822055 1.6026101238822055 1.4365858634677764 1.3765858634677763 0.33138589459366041 0.27138589459366042 0.16442461155833996 0.10442461155833996 0.059999999999999998 0;3.0978283185659459 3.0040783185659459 2.7446654116684006 2.6509154116684006 1.0177904603025945 0.92404046030259446 0.75691345555990619 0.66316345555990619 0.59375 0.5;2.8071849172632666 2.7419675259589189 2.5615063733345398 2.4962889820301921 1.3602020593409356 1.2949846680365877 1.1787224038677611 1.1135050125634132 1.0652173913043479 1;3.1626101238822057 3.1026101238822057 2.9365858634677768 2.8765858634677768 1.8313858945936605 1.7713858945936605 1.6644246115583401 1.60442461155834 1.5600000000000001 1.5;4.9689466497896522 4.8618037926467954 4.5653318990496006 4.4581890419067438 2.5917605260601078 2.4846176689172506 2.2936153777827499 2.1864725206398927 2.1071428571428572 2;4.6876448998450062 4.608697531423954 4.3902445571944417 4.3112971887733895 2.9360340718337636 2.857086703412711 2.716348173103079 2.6374008046820263 2.5789473684210527 2.5;4.8071849172632657 4.741967525958918 4.5615063733345389 4.4962889820301912 3.360202059340935 3.2949846680365873 3.1787224038677606 3.1135050125634129 3.0652173913043477 3;0 0.059999999999999998 0.13442461155833996 0.19442461155833995 0.30138589459366039 0.36138589459366038 1.4065858634677764 1.4665858634677764 1.6326101238822055 1.6926101238822056;0.5 0.59375 0.71003845555990619 0.80378845555990619 0.97091546030259446 1.0646654603025945 2.6977904116684006 2.7915404116684006 3.0509533185659459 3.1447033185659459;1 1.0652173913043479 1.146113708215587 1.2113310995199349 1.3275933636887616 1.3928107549931095 2.528897677682366 2.5941150689867136 2.7745762216110927 2.8397936129154404;1.5 1.5600000000000001 1.6344246115583401 1.6944246115583401 1.8013858945936605 1.8613858945936606 2.9065858634677766 2.9665858634677766 3.1326101238822055 3.1926101238822056;2 2.1071428571428572 2.2400439492113216 2.3471868063541788 2.5381890974886794 2.6453319546315366 4.5117604704781726 4.6189033276210294 4.9153752212182242 5.022518078361081;2.5 2.5789473684210527 2.6768744888925524 2.7558218573136051 2.8965603876232371 2.9755077560442897 4.3507708729839161 4.4297182414049683 4.6481712156344805 4.7271185840555328;3 3.0652173913043477 3.1461137082155868 3.2113310995199345 3.3275933636887611 3.3928107549931088 4.5288976776823651 4.5941150689867127 4.7745762216110919 4.8397936129154395;
