m;5
n;10
P;9
P1;2 4 6 8
Q;10
M;100
h;1 1 1 1 1 1 1 1 1
Vmin;47 47 47 47 47 47 47 47 47;37 37 37 37 37 37 37 37 37;47 47 47 47 47 47 47 47 47;41 41 41 41 41 41 41 41 41;28 28 28 28 28 28 28 28 28;45 45 45 45 45 45 45 45 45;52 52 52 52 52 52 52 52 52;46 46 46 46 46 46 46 46 46;39 39 39 39 39 39 39 39 39;46 46 46 46 46 46 46 46 46;
Vmax;47 47 47 47 47 47 47 47 47;37 37 37 37 37 37 37 37 37;47 47 47 47 47 47 47 47 47;41 41 41 41 41 41 41 41 41;28 28 28 28 28 28 28 28 28;45 45 45 45 45 45 45 45 45;52 52 52 52 52 52 52 52 52;46 46 46 46 46 46 46 46 46;39 39 39 39 39 39 39 39 39;46 46 46 46 46 46 46 46 46;
d;3.000 25.808 3.000 48.172 3.000 10.319 3.000 26.924 3.000
S;2.685611256266748 2.6217814690327055 2.0489259337172632 1.9850961464832206 1.7655356872460697 1.7017059000120272 0.67676533924286353 0.61293555200882099 0.063829787234042548 0;3.9114521363388426 3.8303710552577614 3.1026896995867941 3.0216086185057129 2.7427074946098724 2.6616264135287913 1.3596748903895834 1.2785938093085023 0.58108108108108114 0.5;3.685611256266748 3.6217814690327055 3.0489259337172632 2.9850961464832206 2.7655356872460697 2.7017059000120272 1.6767653392428636 1.6129355520088211 1.0638297872340425 1;4.5786275376716379 4.5054568059643207 3.8487687532856434 3.7755980215783262 3.5239067634284216 3.4507360317211044 2.2758041693759656 2.2026334376686485 1.5731707317073171 1.5;6.5079903230191833 6.4008474658763266 5.4392685315968343 5.3321256744539776 4.9635777607344744 4.8564349035916177 3.1359989623005213 3.0288561051576641 2.1071428571428572 2;0 0.063829787234042548 0.64485044562584226 0.7086802328598848 1.7336207936290484 1.797450580863091 2.0170110401002419 2.0808408273342844 2.6536963626497267 2.7175261498837693;0.5 0.58108108108108114 1.3191343498490431 1.4002154309301242 2.702166954069332 2.7832480351504132 3.0621491590462537 3.1432302401273349 3.8709115957983022 3.9519926768793834;1 1.0638297872340425 1.6448504456258424 1.7086802328598849 2.7336207936290484 2.797450580863091 3.0170110401002419 3.0808408273342844 3.6536963626497267 3.7175261498837693;1.5 1.5731707317073171 2.2392188035223071 2.3123895352296242 3.487321397574763 3.5604921292820801 3.8121833874319848 3.885354119139302 4.5420421718179798 4.6152129035252969;2 2.1071428571428572 3.0824275337290925 3.1895703908719497 4.9100063321630456 5.0171491893059024 5.3856971030254055 5.4928399601682623 6.4544188944477545 6.5615617515906113;
