m;6
n;12
P;9
P1;2 4 6 8
Q;10
M;100
h;1 1 1 1 1 1 1 1 1
Vmin;47 47 47 47 47 47 47 47 47;28 28 28 28 28 28 28 28 28;42 42 42 42 42 42 42 42 42;45 45 45 45 45 45 45 45 45;52 52 52 52 52 52 52 52 52;48 48 48 48 48 48 48 48 48;41 41 41 41 41 41 41 41 41;51 51 51 51 51 51 51 51 51;50 50 50 50 50 50 50 50 50;44 44 44 44 44 44 44 44 44;37 37 37 37 37 37 37 37 37;47 47 47 47 47 47 47 47 47;
Vmax;47 47 47 47 47 47 47 47 47;28 28 28 28 28 28 28 28 28;42 42 42 42 42 42 42 42 42;45 45 45 45 45 45 45 45 45;52 52 52 52 52 52 52 52 52;48 48 48 48 48 48 48 48 48;41 41 41 41 41 41 41 41 41;51 51 51 51 51 51 51 51 51;50 50 50 50 50 50 50 50 50;44 44 44 44 44 44 44 44 44;37 37 37 37 37 37 37 37 37;47 47 47 47 47 47 47 47 47;
d;3.000 8.294 3.000 24.001 3.000 6.127 3.000 22.617 3.000
S;1.6178666772768653 1.5540368900428227 1.0728196329724087 1.0089898457383661 0.87863219052292796 0.81480240328888542 0.30413447200846877 0.24030468477442624 0.063829787234042548 0;3.2157047797147387 3.1085619225718815 2.3008043839179719 2.1936615267751147 1.9748468912349151 1.8677040340920579 1.0105114351570725 0.90336857801421544 0.6071428571428571 0.5;2.8104698531431596 2.7390412817145879 2.2005362559453148 2.1291076845167431 1.9832312608232765 1.9118026893947051 1.3403409567713818 1.2689123853428104 1.0714285714285714 1;3.1897718629336156 3.1231051962669487 2.6205005055489607 2.5538338388822939 2.417682510101725 2.3510158434350581 1.8176515596532896 1.750984892986623 1.5666666666666667 1.5;3.4623025736925506 3.4046102660002431 2.9696638990327533 2.9119715913404458 2.794148326049569 2.7364560183572615 2.2748907727768848 2.2171984650845773 2.0576923076923075 2;4.084161121500264 4.021661121500264 3.5504692239521503 3.4879692239521503 3.360327353220367 3.297827353220367 2.7977983371749588 2.7352983371749588 2.5625 2.5;0 0.063829787234042548 0.2722195783914475 0.33604936562549004 0.84671729690590669 0.91054708413994923 1.0409047393553874 1.1047345265894299 1.585951783659844 1.6497815708938866;0.5 0.6071428571428571 0.95694000658564393 1.0640828637285011 1.9212754626634863 2.0284183198063435 2.2472329553465431 2.3543758124894003 3.1621333511433098 3.2692762082861671;1 1.0714285714285714 1.304626671057096 1.3760552424856674 1.9475169751089907 2.0189455465375623 2.1648219702310287 2.2362505416596004 2.7747555674288735 2.8461841388574451;1.5 1.5666666666666667 1.7843182263199564 1.8509848929866231 2.3843491767683918 2.4510158434350586 2.5871671722156275 2.6538338388822944 3.1564385296002824 3.2231051962669492;2 2.0576923076923075 2.246044618930731 2.3037369266230385 2.7653021722034152 2.8229944798957227 2.9408177451865996 2.998510052878907 3.4334564198463968 3.4911487275387043;2.5 2.5625 2.7665483371749588 2.8290483371749588 3.329077353220367 3.391577353220367 3.5192192239521503 3.5817192239521503 4.052911121500264 4.115411121500264;
