m;4
n;8
P;9
P1;2 4 6 8
Q;10
M;100
h;1 1 1 1 1 1 1 1 1
Vmin;49 49 49 49 49 49 49 49 49;28 28 28 28 28 28 28 28 28;36 36 36 36 36 36 36 36 36;47 47 47 47 47 47 47 47 47;49 49 49 49 49 49 49 49 49;47 47 47 47 47 47 47 47 47;52 52 52 52 52 52 52 52 52;43 43 43 43 43 43 43 43 43;
Vmax;49 49 49 49 49 49 49 49 49;28 28 28 28 28 28 28 28 28;36 36 36 36 36 36 36 36 36;47 47 47 47 47 47 47 47 47;49 49 49 49 49 49 49 49 49;47 47 47 47 47 47 47 47 47;52 52 52 52 52 52 52 52 52;43 43 43 43 43 43 43 43 43;
d;3.000 14.478 3.000 23.581 3.000 15.729 3.000 23.676 3.000
S;1.887024415418721 1.8257999256228026 1.3426112954628853 1.2813868056669668 0.96038362890099671 0.89915913910507839 0.41792432656188266 0.35669983676596428 0.061224489795918366 0;3.802292726982762 3.6951498698399048 2.8495697670600495 2.7424269099171923 2.1806713505767443 2.0735284934338871 1.2313675714832946 1.1242247143404374 0.6071428571428571 0.5;3.5684498987643702 3.4851165654310368 2.8274431521578163 2.7441098188244828 2.3071888282263568 2.2238554948930234 1.5688414444870069 1.4855081111536736 1.0833333333333333 1;3.4673233267131347 3.4034935394790922 2.8997436910144976 2.835913903780455 2.501251017364869 2.4374212301308265 1.935708340458133 1.8718785532240905 1.5638297872340425 1.5;0 0.061224489795918366 0.38731208166392345 0.44853657145984183 0.9297713840030376 0.99099587379895593 1.3119990505649262 1.3732235403608446 1.8564121705207619 1.9176366603166803;0.5 0.6071428571428571 1.177796142911866 1.2849390000547232 2.1270999220053159 2.2342427791481732 2.7959983384886211 2.9031411956314783 3.7487212984113336 3.8558641555541908;1 1.0833333333333333 1.5271747778203402 1.6105081111536734 2.2655221615596899 2.3488554948930234 2.7857764854911498 2.8691098188244832 3.5267832320977037 3.6101165654310372;1.5 1.5638297872340425 1.9037934468411117 1.9676232340751543 2.4693361237478477 2.5331659109818903 2.8678287973974763 2.9316585846315188 3.4354084330961134 3.499238220330156;
