m;3
n;6
P;9
P1;2 4 6 8
Q;10
M;100
h;1 1 1 1 1 1 1 1 1
Vmin;28 28 28 28 28 28 28 28 28;46 46 46 46 46 46 46 46 46;49 49 49 49 49 49 49 49 49;52 52 52 52 52 52 52 52 52;51 51 51 51 51 51 51 51 51;48 48 48 48 48 48 48 48 48;
Vmax;28 28 28 28 28 28 28 28 28;46 46 46 46 46 46 46 46 46;49 49 49 49 49 49 49 49 49;52 52 52 52 52 52 52 52 52;51 51 51 51 51 51 51 51 51;48 48 48 48 48 48 48 48 48;
d;3.000 6.401 3.000 9.219 3.000 35.220 3.000 6.982 3.000
S;2.6008017787088917 2.4936589215660345 2.2442935536968589 2.1371506965540017 0.87928974136168347 0.77214688421882638 0.44289409483742764 0.33575123769457049 0.10714285714285714 0;2.0830967348662819 2.0178793435619342 1.8660917283372185 1.8008743370328706 1.0352198425679813 0.97000245126363338 0.76958770990104286 0.70437031859669508 0.56521739130434778 0.5;2.4861724449765092 2.424947955180591 2.2824534592553478 2.2212289694594296 1.502451280778105 1.4412267909821865 1.2530823399071016 1.1918578501111832 1.0612244897959184 1;0 0.10714285714285714 0.3893226662659991 0.49646552340885625 0.82571831279025498 0.93286116993311208 2.1907221251254305 2.2978649822682877 2.5472303501374634 2.6543732072803206;0.5 0.56521739130434778 0.73697901424886902 0.80219640555321681 1.0026111469158074 1.0678285382201553 1.8334830326850446 1.8987004239893925 2.050488039214108 2.1157054305184557;1 1.0612244897959184 1.2224700950091423 1.2836945848050607 1.4718390358801456 1.5330635256760641 2.2518412143573889 2.3130657041533071 2.4555602000785504 2.5167846898744686;
