m;8
n;16
P;9
P1;2 4 6 8
Q;10
M;100
h;1 1 1 1 1 1 1 1 1
Vmin;46 46 46 46 46 46 46 46 46;35 35 35 35 35 35 35 35 35;38 38 38 38 38 38 38 38 38;38 38 38 38 38 38 38 38 38;52 52 52 52 52 52 52 52 52;46 46 46 46 46 46 46 46 46;51 51 51 51 51 51 51 51 51;44 44 44 44 44 44 44 44 44;41 41 41 41 41 41 41 41 41;42 42 42 42 42 42 42 42 42;47 47 47 47 47 47 47 47 47;47 47 47 47 47 47 47 47 47;28 28 28 28 28 28 28 28 28;43 43 43 43 43 43 43 43 43;42 42 42 42 42 42 42 42 42;32 32 32 32 32 32 32 32 32;
Vmax;46 46 46 46 46 46 46 46 46;35 35 35 35 35 35 35 35 35;38 38 38 38 38 38 38 38 38;38 38 38 38 38 38 38 38 38;52 52 52 52 52 52 52 52 52;46 46 46 46 46 46 46 46 46;51 51 51 51 51 51 51 51 51;44 44 44 44 44 44 44 44 44;41 41 41 41 41 41 41 41 41;42 42 42 42 42 42 42 42 42;47 47 47 47 47 47 47 47 47;47 47 47 47 47 47 47 47 47;28 28 28 28 28 28 28 28 28;43 43 43 43 43 43 43 43 43;42 42 42 42 42 42 42 42 42;32 32 32 32 32 32 32 32 32;
d;3.000 3.789 3.000 3.640 3.000 31.726 3.000 9.759 3.000
S;1.3894279150220612 1.3242105237177133 1.1120585622046102 1.0468411709002623 0.35715491273485112 0.29193752143050328 0.21280942454569535 0.14759203324134751 0.065217391304347824 0;2.3261052597432803 2.2403909740289945 1.9615626817546306 1.8758483960403449 0.96940359959437583 0.88368931388009009 0.77969238654577111 0.69397810083148537 0.58571428571428574 0.5;2.6819390550267057 2.6029916866056531 2.346176154247686 2.2672287858266333 1.4323454206790303 1.3533980522579776 1.2576114086605785 1.1786640402395259 1.0789473684210527 1;3.1819390550267057 3.1029916866056531 2.846176154247686 2.7672287858266333 1.9323454206790303 1.8533980522579776 1.7576114086605785 1.6786640402395259 1.5789473684210527 1.5;3.2291093094425913 3.1714170017502838 2.9837441127194619 2.9260518050271545 2.3159447304962137 2.2582524228039063 2.1882544909442685 2.130562183251961 2.0576923076923075 2;3.8894279150220603 3.8242105237177126 3.6120585622046097 3.5468411709002621 2.8571549127348508 2.7919375214305031 2.7128094245456951 2.6475920332413474 2.5652173913043477 2.5;4.253209491980682 4.1943859625689175 4.0030332129688633 3.9442096835570988 3.3221397252118261 3.2633161958000616 3.1919457554725876 3.1331222260608231 3.0588235294117645 3;4.9525837293412467 4.8844019111594283 4.6626066786684568 4.5944248604866385 3.873389226950072 3.8052074087682537 3.7224825802068637 3.6543007620250454 3.5681818181818183 3.5;0 0.065217391304347824 0.1802007288935214 0.24541812019786924 0.32454621708267717 0.38976360838702501 1.0794498665524361 1.144667257856784 1.3568192193698871 1.422036610674235;0.5 0.58571428571428574 0.73683524368862818 0.82254952940291393 0.9265464567372329 1.0122607424515186 1.9187055388974876 2.0044198246117735 2.2832481168861376 2.3689624026004235;1 1.0789473684210527 1.2181377244500522 1.2970850928711048 1.3928717364685039 1.4718191048895566 2.3067024700371599 2.3856498384582125 2.6424653708161796 2.7214127392372323;1.5 1.5789473684210527 1.7181377244500522 1.7970850928711048 1.8928717364685039 1.9718191048895566 2.8067024700371599 2.8856498384582125 3.1424653708161796 3.2214127392372323;2 2.0576923076923075 2.1594083370981147 2.2171006447904222 2.28709857665006 2.3447908843423675 2.9548979588733082 3.0125902665656157 3.2002631555964376 3.2579554632887451;2.5 2.5652173913043477 2.6802007288935212 2.7454181201978689 2.8245462170826769 2.8897636083870246 3.5794498665524359 3.6446672578567836 3.8568192193698865 3.9220366106742341;3 3.0588235294117645 3.1625339907667054 3.2213575201784699 3.2927279605059439 3.3515514899177083 3.973621448262981 4.0324449776747455 4.2237977272747997 4.2826212566865642;3.5 3.5681818181818183 3.6883916711159546 3.7565734892977729 3.8392983178591629 3.9074801360409812 4.6285157695775476 4.696697587759366 4.9184928202503375 4.9866746384321559;
