m;1
n;2
P;9
P1;2 4 6 8
Q;10
M;100
h;1 1 1 1 1 1 1 1 1
Vmin;52 52 52 52 52 52 52 52 52;28 28 28 28 28 28 28 28 28;
Vmax;52 52 52 52 52 52 52 52 52;28 28 28 28 28 28 28 28 28;
d;3.000 7.304 3.000 30.311 3.000 10.000 3.000 18.991 3.000
S;1.5693274273129756 1.5116351196206679 1.1464312835431871 1.0887389758508794 0.896429440538 0.83873713284569229 0.25584131613895933 0.19814900844665162 0.057692307692307696 0;0 0.057692307692307696 0.22699516229280542 0.28468746998511313 0.86758328669184603 0.92527559438415374 1.1175851296970332 1.1752774373893409 1.5404812734668216 1.5981735811591293;
