m;2
n;4
P;9
P1;2 4 6 8
Q;10
M;100
h;1 1 1 1 1 1 1 1 1
Vmin;40 40 40 40 40 40 40 40 40;40 40 40 40 40 40 40 40 40;40 40 40 40 40 40 40 40 40;40 40 40 40 40 40 40 40 40;
Vmax;40 40 40 40 40 40 40 40 40;40 40 40 40 40 40 40 40 40;40 40 40 40 40 40 40 40 40;40 40 40 40 40 40 40 40 40;
d;3 56.25 3 56.25 3 56.25 3 56.25 3
S;6 5.9249999999999998 4.5187499999999998 4.4437499999999996 3.0375000000000001 2.9624999999999999 1.5562499999999999 1.48125 0.074999999999999997 0;6.3333333333333339 6.2583333333333337 4.8520833333333337 4.7770833333333336 3.3708333333333336 3.2958333333333334 1.8895833333333332 1.8145833333333332 0.40833333333333333 0.33333333333333331;0 0.074999999999999997 1.48125 1.5562499999999999 2.9624999999999999 3.0375000000000001 4.4437499999999996 4.5187499999999998 5.9249999999999998 6;0.33333333333333331 0.40833333333333333 1.8145833333333332 1.8895833333333332 3.2958333333333334 3.3708333333333336 4.7770833333333336 4.8520833333333337 6.2583333333333337 6.3333333333333339;
