m;6
n;12
P;9
P1;2 4 6 8
Q;10
M;100
h;1 1 1 1 1 1 1 1 1
Vmin;40 40 40 40 40 40 40 40 40;40 40 40 40 40 40 40 40 40;40 40 40 40 40 40 40 40 40;40 40 40 40 40 40 40 40 40;40 40 40 40 40 40 40 40 40;40 40 40 40 40 40 40 40 40;40 40 40 40 40 40 40 40 40;40 40 40 40 40 40 40 40 40;40 40 40 40 40 40 40 40 40;40 40 40 40 40 40 40 40 40;40 40 40 40 40 40 40 40 40;40 40 40 40 40 40 40 40 40;
Vmax;40 40 40 40 40 40 40 40 40;40 40 40 40 40 40 40 40 40;40 40 40 40 40 40 40 40 40;40 40 40 40 40 40 40 40 40;40 40 40 40 40 40 40 40 40;40 40 40 40 40 40 40 40 40;40 40 40 40 40 40 40 40 40;40 40 40 40 40 40 40 40 40;40 40 40 40 40 40 40 40 40;40 40 40 40 40 40 40 40 40;40 40 40 40 40 40 40 40 40;40 40 40 40 40 40 40 40 40;
d;3 56.25 3 56.25 3 56.25 3 56.25 3
S;6 5.9249999999999998 4.5187499999999998 4.4437499999999996 3.0375000000000001 2.9624999999999999 1.5562499999999999 1.48125 0.074999999999999997 0;6.3333333333333339 6.2583333333333337 4.8520833333333337 4.7770833333333336 3.3708333333333336 3.2958333333333334 1.8895833333333332 1.8145833333333332 0.40833333333333333 0.33333333333333331;6.6666666666666679 6.5916666666666677 5.1854166666666677 5.1104166666666675 3.7041666666666671 3.6291666666666669 2.2229166666666669 2.1479166666666667 0.74166666666666659 0.66666666666666663;7.0000000000000009 6.9250000000000007 5.5187500000000007 5.4437500000000005 4.0375000000000005 3.9625000000000004 2.5562500000000004 2.4812500000000002 1.075 1;7.3333333333333339 7.2583333333333337 5.8520833333333337 5.7770833333333336 4.3708333333333336 4.2958333333333334 2.8895833333333334 2.8145833333333332 1.4083333333333332 1.3333333333333333;7.666666666666667 7.5916666666666668 6.1854166666666668 6.1104166666666666 4.7041666666666666 4.6291666666666664 3.2229166666666669 3.1479166666666667 1.7416666666666667 1.6666666666666667;0 0.074999999999999997 1.48125 1.5562499999999999 2.9624999999999999 3.0375000000000001 4.4437499999999996 4.5187499999999998 5.9249999999999998 6;0.33333333333333331 0.40833333333333333 1.8145833333333332 1.8895833333333332 3.2958333333333334 3.3708333333333336 4.7770833333333336 4.8520833333333337 6.2583333333333337 6.3333333333333339;0.66666666666666663 0.74166666666666659 2.1479166666666667 2.2229166666666669 3.6291666666666669 3.7041666666666671 5.1104166666666675 5.1854166666666677 6.5916666666666677 6.6666666666666679;1 1.075 2.4812500000000002 2.5562500000000004 3.9625000000000004 4.0375000000000005 5.4437500000000005 5.5187500000000007 6.9250000000000007 7.0000000000000009;1.3333333333333333 1.4083333333333332 2.8145833333333332 2.8895833333333334 4.2958333333333334 4.3708333333333336 5.7770833333333336 5.8520833333333337 7.2583333333333337 7.3333333333333339;1.6666666666666667 1.7416666666666667 3.1479166666666667 3.2229166666666669 4.6291666666666664 4.7041666666666666 6.1104166666666666 6.1854166666666668 7.5916666666666668 7.666666666666667;
