m;6
n;12
P;9
P1;2 4 6 8
Q;10
M;100
h;1 1 1 1 1 1 1 1 1
Vmin;52 52 52 52 52 52 52 52 52;45 45 45 45 45 45 45 45 45;48 48 48 48 48 48 48 48 48;44 44 44 44 44 44 44 44 44;45 45 45 45 45 45 45 45 45;50 50 50 50 50 50 50 50 50;34 34 34 34 34 34 34 34 34;41 41 41 41 41 41 41 41 41;36 36 36 36 36 36 36 36 36;48 48 48 48 48 48 48 48 48;52 52 52 52 52 52 52 52 52;28 28 28 28 28 28 28 28 28;
Vmax;52 52 52 52 52 52 52 52 52;45 45 45 45 45 45 45 45 45;48 48 48 48 48 48 48 48 48;44 44 44 44 44 44 44 44 44;45 45 45 45 45 45 45 45 45;50 50 50 50 50 50 50 50 50;34 34 34 34 34 34 34 34 34;41 41 41 41 41 41 41 41 41;36 36 36 36 36 36 36 36 36;48 48 48 48 48 48 48 48 48;52 52 52 52 52 52 52 52 52;28 28 28 28 28 28 28 28 28;
d;3.000 29.732 3.000 37.792 3.000 42.717 3.000 10.175 3.000
S;0.51295640033833345 0.51199486187679499 0.50873349939001034 0.50777196092847199 0.49408072347133936 0.49311918500980095 0.48100642291240764 0.48004488445086918 0.47051550503803169 0.46955396657649323;0.6216489888859924 0.62053787777488123 0.6167691922345967 0.61565808112348563 0.59983709561746568 0.5987259845063545 0.58472901497158902 0.58361790386047785 0.57260617653897683 0.57149506542786566;0.75246186316412667 0.75142019649745995 0.74788705380344322 0.74684538713677651 0.73201321322488289 0.73097154655821617 0.71784938761937345 0.71680772095270673 0.70648422658879939 0.70544255992213278;0.8485753745812068 0.84743901094484309 0.84358467346046118 0.84244830982409757 0.82626775646566819 0.82513139282930448 0.810816310350567 0.80967994671420329 0.79841795286266803 0.79728158922630443;1.3010113798198222 1.2999002687087111 1.2961315831684266 1.2950204720573155 1.2791994865512955 1.2780883754401844 1.2640914059054187 1.2629802947943076 1.2519685674728067 1.2508574563616957;1.5669976358178945 1.5659976358178944 1.5626058188316383 1.5616058188316382 1.5473669318762202 1.5463669318762203 1.5337696592949313 1.5327696592949311 1.5228591047055802 1.5218591047055801;1.6197845341452424 1.6207460726067808 1.6307562212503874 1.6317177597119259 1.6438305218093194 1.6447920602708579 1.6584832977279904 1.6594448361895289 1.6627061986763136 1.6636677371378521;2.0528689545555991 2.05398006566671 2.0655473485437668 2.0666584596548776 2.0806554291896435 2.0817665403007544 2.0975875258067744 2.0986986369178857 2.1024673224581703 2.1035784335692811;2.4790332969490594 2.480074963615726 2.4909192913129661 2.4919609579796331 2.5050831169184757 2.5061247835851423 2.5209569574970359 2.5219986241637025 2.5255317668577191 2.5265734335243857;2.9210784598643857 2.9222148235007497 2.9340449991704665 2.93518136280683 2.9494964452855674 2.9506328089219309 2.9668133622803605 2.967949725916724 2.9718040634011063 2.9729404270374697;2.9729829519654687 2.9740940630765795 2.9856613459536363 2.9867724570647471 3.0007694265995126 3.0018805377106239 3.0177015232166435 3.0188126343277544 3.0225813198680389 3.0236924309791502;3.1772340136940636 3.1782340136940639 3.1886445682834146 3.1896445682834145 3.2022418408647035 3.2032418408647039 3.2174807278201216 3.2184807278201215 3.2218725448063776 3.2228725448063775;
