m;8
n;16
P;9
P1;2 4 6 8
Q;10
M;100
h;1 1 1 1 1 1 1 1 1
Vmin;50 50 50 50 50 50 50 50 50;28 28 28 28 28 28 28 28 28;51 51 51 51 51 51 51 51 51;50 50 50 50 50 50 50 50 50;42 42 42 42 42 42 42 42 42;50 50 50 50 50 50 50 50 50;52 52 52 52 52 52 52 52 52;36 36 36 36 36 36 36 36 36;28 28 28 28 28 28 28 28 28;48 48 48 48 48 48 48 48 48;48 48 48 48 48 48 48 48 48;48 48 48 48 48 48 48 48 48;43 43 43 43 43 43 43 43 43;46 46 46 46 46 46 46 46 46;38 38 38 38 38 38 38 38 38;44 44 44 44 44 44 44 44 44;
Vmax;50 50 50 50 50 50 50 50 50;28 28 28 28 28 28 28 28 28;51 51 51 51 51 51 51 51 51;50 50 50 50 50 50 50 50 50;42 42 42 42 42 42 42 42 42;50 50 50 50 50 50 50 50 50;52 52 52 52 52 52 52 52 52;36 36 36 36 36 36 36 36 36;28 28 28 28 28 28 28 28 28;48 48 48 48 48 48 48 48 48;48 48 48 48 48 48 48 48 48;48 48 48 48 48 48 48 48 48;43 43 43 43 43 43 43 43 43;46 46 46 46 46 46 46 46 46;38 38 38 38 38 38 38 38 38;44 44 44 44 44 44 44 44 44;
d;3.000 34.059 3.000 3.070 3.000 40.814 3.000 20.167 3.000
S;0.10666514155801118 0.1056651415580112 0.098942864402102204 0.097942864402102217 0.084338361656099314 0.083338361656099327 0.082315058818725709 0.081315058818725708 0.069962117851870592 0.068962117851870605;0.30626999775387187 0.30448428346815759 0.29248021711832012 0.29069450283260584 0.26640074792902924 0.26461503364331496 0.26278770714800492 0.26100199286229064 0.24072888399290651 0.2389431697071922;0.55630806768722507 0.55532767553036233 0.54873720773045165 0.5477568155735888 0.53441906778338988 0.53343867562652714 0.53243543755067058 0.53145504539380783 0.52032471111257739 0.51934431895571465;0.98234399463861677 0.98134399463861677 0.97462171748270765 0.97362171748270765 0.96001721473670476 0.95901721473670465 0.95799391189933103 0.95699391189933103 0.9456409709324759 0.94464097093247579;1.0449218720094609 1.0437313958189847 1.0357286849190932 1.034538208728617 1.0183423721262326 1.0171518959357564 1.0159336782722164 1.0147432020817402 1.0012277961688174 1.0000373199783412;1.2062997450709823 1.2052997450709821 1.1985774679150731 1.1975774679150732 1.1839729651690702 1.1829729651690704 1.1819496623316967 1.1809496623316966 1.1695967213648415 1.1685967213648416;1.2834883761868803 1.2825268377253418 1.2760631096908139 1.2751015712292755 1.2620203185888881 1.2610587801273496 1.2600748350914135 1.259113296629875 1.2481970072386683 1.2472354687771299;1.4302888295161016 1.4288999406272127 1.4195634445773391 1.4181745556884502 1.3992794129856685 1.3978905240967798 1.3964692701559831 1.3950803812670942 1.3793124077020178 1.3779235188131291;1.7897526929919219 1.790752692991922 1.802605633958777 1.8036056339587772 1.8046289367961506 1.8056289367961507 1.8192334395421534 1.8202334395421536 1.8269557166980626 1.8279557166980627;1.9568446953270706 1.9586304096127849 1.9797963756250261 1.9815820899107406 1.9834094164060505 1.9851951306917648 2.0094888855953412 2.0112745998810557 2.023278666230893 2.0250643805166075;2.5514239175367464 2.5524043096936091 2.5640248400532712 2.565005232210134 2.5660084702859907 2.5669888624428534 2.580326610233052 2.5813070023899147 2.5878974701898256 2.5888778623466888;2.9335243198410477 2.9345243198410476 2.9463772608079024 2.9473772608079027 2.9484005636452766 2.9494005636452765 2.9630050663912795 2.9640050663912794 2.9707273435471881 2.971727343547188;3.3565932002156358 3.3577836764061124 3.3718943204142731 3.3730847966047497 3.3743030142682899 3.3754934904587661 3.3916893270611506 3.3928798032516267 3.4008825141515184 3.4020729903419946;3.6479743632348156 3.6489743632348155 3.6608273042016704 3.6618273042016707 3.6628506070390445 3.6638506070390444 3.6774551097850474 3.6784551097850473 3.6851773869409561 3.686177386940956;3.8464633631380161 3.8474249015995547 3.858821960221531 3.8597834986830697 3.8607674437190056 3.8617289821805443 3.8748102348209317 3.8757717732824704 3.8822355013169982 3.8831970397785369;3.9982751906233331 3.9996640795122222 4.0161264975217437 4.0175153864106328 4.0189366403514297 4.0203255292403188 4.0392206719431005 4.0406095608319896 4.049946056881863 4.0513349457707521;
