m;3
n;6
P;9
P1;2 4 6 8
Q;10
M;100
h;1 1 1 1 1 1 1 1 1
Vmin;41 41 41 41 41 41 41 41 41;49 49 49 49 49 49 49 49 49;50 50 50 50 50 50 50 50 50;52 52 52 52 52 52 52 52 52;51 51 51 51 51 51 51 51 51;50 50 50 50 50 50 50 50 50;
Vmax;41 41 41 41 41 41 41 41 41;49 49 49 49 49 49 49 49 49;50 50 50 50 50 50 50 50 50;52 52 52 52 52 52 52 52 52;51 51 51 51 51 51 51 51 51;50 50 50 50 50 50 50 50 50;
d;3.000 65.936 3.000 43.866 3.000 159.511 3.000 13.688 3.000
S;0.43746089302180813 0.43624138082668618 0.43067710016704275 0.4294575879719208 0.36461578591748839 0.36339627372236644 0.34556471069731798 0.34434519850219597 0.31754188933078276 0.3163223771356608;0.62667707347354107 0.62565666531027575 0.62100083863588018 0.61998043047261497 0.56572504508013066 0.56470463691686534 0.54978434948774313 0.54876394132447781 0.52633668263002997 0.52531627446676465;0.69223253126999829 0.69123253126999828 0.6866698211290907 0.6856698211290907 0.63249954344445614 0.63149954344445602 0.61687766176391634 0.61587766176391623 0.59389894824335743 0.59289894824335743;0.83592944279741255 0.83714895499253439 0.86456202026150863 0.86578153245663048 0.8836130954816791 0.88483260767680094 0.9496744097312334 0.95089392192635525 0.95645820258599867 0.95767771478112051;1.1845716992526505 1.1855921074159157 1.2085295701919962 1.2095499783552617 1.2244702657843838 1.2254906739476492 1.2797460593401335 1.2807664675033987 1.2854222941777944 1.2864427023410596;1.5927080154787485 1.5937080154787486 1.6161867289993073 1.6171867289993074 1.6318086106798473 1.6328086106798474 1.6859788883644817 1.6869788883644818 1.6915415985053894 1.6925415985053895;
