m;2
n;4
P;9
P1;2 4 6 8
Q;10
M;100
h;1 1 1 1 1 1 1 1 1
Vmin;37 37 37 37 37 37 37 37 37;52 52 52 52 52 52 52 52 52;28 28 28 28 28 28 28 28 28;39 39 39 39 39 39 39 39 39;
Vmax;37 37 37 37 37 37 37 37 37;52 52 52 52 52 52 52 52 52;28 28 28 28 28 28 28 28 28;39 39 39 39 39 39 39 39 39;
d;3.000 34.161 3.000 70.576 3.000 15.280 3.000 16.993 3.000
S;0.40183023714481031 0.40047888579345897 0.39282429694366144 0.39147294559231011 0.38459002956158722 0.38323867821023588 0.35144783915569117 0.35009648780433983 0.33470868998115683 0.33335733862980549;0.80173453223075875 0.80077299376922029 0.79532645939532598 0.79436492093378752 0.7894674614503886 0.78850592298885014 0.7658855182769625 0.76492397981542415 0.75397496982585155 0.75301343136431309;0.80579125496865356 0.8071426063200049 0.82320607981886351 0.82455743117021485 0.85634827022475946 0.8576996215761109 0.86458253760683379 0.86593388895818513 0.87358847780798266 0.87493982915933399;1.0690095469106855 1.069971085372224 1.0814008645925657 1.0823624030541041 1.1049828077659918 1.1059443462275302 1.1108418057109293 1.1118033441724677 1.1172498785463623 1.1182114170079005;
