m;1
n;2
P;9
P1;2 4 6 8
Q;10
M;100
h;1 1 1 1 1 1 1 1 1
Vmin;52 52 52 52 52 52 52 52 52;44 44 44 44 44 44 44 44 44;
Vmax;52 52 52 52 52 52 52 52 52;44 44 44 44 44 44 44 44 44;
d;3.000 27.180 3.000 4.593 3.000 16.152 3.000 28.321 3.000
S;0.16764030447312639 0.16667876601158793 0.15760157058797572 0.15664003212643726 0.15146300234834068 0.15050146388680219 0.14902943291283777 0.14806789445129931 0.13935625525203602 0.13839471679049753;0.52045558916411416 0.52141712762565251 0.53060953605568506 0.53157107451722352 0.53304310549118794 0.53400464395272651 0.53918167373082304 0.5401432121923615 0.54922040761597357 0.55018194607751203;
