m;4
n;8
P;9
P1;2 4 6 8
Q;10
M;100
h;1 1 1 1 1 1 1 1 1
Vmin;51 51 51 51 51 51 51 51 51;28 28 28 28 28 28 28 28 28;36 36 36 36 36 36 36 36 36;43 43 43 43 43 43 43 43 43;44 44 44 44 44 44 44 44 44;40 40 40 40 40 40 40 40 40;52 52 52 52 52 52 52 52 52;48 48 48 48 48 48 48 48 48;
Vmax;51 51 51 51 51 51 51 51 51;28 28 28 28 28 28 28 28 28;36 36 36 36 36 36 36 36 36;43 43 43 43 43 43 43 43 43;44 44 44 44 44 44 44 44 44;40 40 40 40 40 40 40 40 40;52 52 52 52 52 52 52 52 52;48 48 48 48 48 48 48 48 48;
d;3.000 114.540 3.000 24.047 3.000 10.675 3.000 14.324 3.000
S;0.39949176282544491 0.39851137066858217 0.39383021866034335 0.3928498265034806 0.38936114968381774 0.388380757526955 0.38052232474562425 0.37954193258876151 0.34211039688507228 0.34113000472820953;0.75279247747245803 0.75100676318674386 0.74248037917173737 0.74069466488602309 0.73434028925020867 0.73255457496449439 0.7182410009699276 0.71645528668421343 0.64827641808106518 0.6464907037953509;0.94108405240052118 0.93969516351163229 0.93306353149996057 0.93167464261107158 0.92673235044988256 0.92534346156099367 0.91421068178744169 0.91282179289855281 0.85979378398499295 0.85840489509610407;1.4802010829557206 1.4790382922580463 1.4734862282482746 1.4723234375506002 1.4681857045784421 1.4670229138807678 1.4577024470936082 1.4565396563959336 1.4121441140496978 1.4109813233520232;1.487285788130289 1.4882661802871517 1.5261879120692723 1.527168304226135 1.5350267370074659 1.5360071291643287 1.5394958059839916 1.5404761981408543 1.5451573501490932 1.5461377423059559;1.8073916166662438 1.8091773309519581 1.8782490566979635 1.8800347709836778 1.8943483449782446 1.8961340592639588 1.9024884348997733 1.9042741491854875 1.912800533200494 1.9145862474862085;1.9664255018176822 1.967814390706571 2.0215368440645753 2.022925732953464 2.0340585127270159 2.035447401615905 2.0403896937770938 2.0417785826659824 2.0484102146776544 2.049799103566543;2.5400139645292525 2.5411767552269273 2.5861536929220006 2.5873164836196749 2.5966369504068347 2.5977997411045095 2.6019374740766681 2.6031002647743424 2.6086523287841143 2.6098151194817887;
