m;5
n;10
P;9
P1;2 4 6 8
Q;10
M;100
h;1 1 1 1 1 1 1 1 1
Vmin;28 28 28 28 28 28 28 28 28;40 40 40 40 40 40 40 40 40;39 39 39 39 39 39 39 39 39;42 42 42 42 42 42 42 42 42;44 44 44 44 44 44 44 44 44;52 52 52 52 52 52 52 52 52;40 40 40 40 40 40 40 40 40;38 38 38 38 38 38 38 38 38;50 50 50 50 50 50 50 50 50;39 39 39 39 39 39 39 39 39;
Vmax;28 28 28 28 28 28 28 28 28;40 40 40 40 40 40 40 40 40;39 39 39 39 39 39 39 39 39;42 42 42 42 42 42 42 42 42;44 44 44 44 44 44 44 44 44;52 52 52 52 52 52 52 52 52;40 40 40 40 40 40 40 40 40;38 38 38 38 38 38 38 38 38;50 50 50 50 50 50 50 50 50;39 39 39 39 39 39 39 39 39;
d;3.000 94.573 3.000 19.803 3.000 85.833 3.000 41.123 3.000
S;0.41939574833117832 0.41761003404546404 0.39313177574456326 0.39134606145884898 0.34025495111546711 0.33846923682975283 0.32668153740647937 0.32489582312076509 0.26860227979477624 0.26681656550906196;0.44060435338842174 0.43935435338842171 0.42221957257779125 0.42096957257779122 0.385205795337424 0.38395579533742397 0.37570440574113262 0.37445440574113259 0.3350489254129404 0.33379892541294043;0.55483357710611425 0.55355152582406286 0.53597739165931368 0.5346953403772623 0.49801454320765493 0.49673249192560365 0.48826952823709963 0.48698747695504835 0.44657159969536403 0.44528954841331275;0.69851907081083831 0.69732859462036212 0.68100975575309497 0.67981927956261878 0.64575853933369765 0.64456806314322146 0.63670959686103912 0.63551912067056304 0.59799009178657048 0.59679961559609429;1.2020244011281951 1.2008880374918316 1.185310964027622 1.1841746003912585 1.1516620756272884 1.1505257119909247 1.1430244487215691 1.1418880850852056 1.1060649211504852 1.1049285575141217;1.4132610094933582 1.4150467237790727 1.4722331242479185 1.474018838533633 1.4858065379569065 1.4875922522426208 1.5386833625860026 1.5404690768717169 1.5649473351726177 1.566733049458332;1.922888768862888 1.9241387688628881 1.9641692491910803 1.9654192491910802 1.9736706387873717 1.9749206387873717 2.0106844160277388 2.011934416027739 2.0290691968383694 2.0303191968383696;2.0033793911591036 2.0046614424411553 2.0457183453418653 2.0470003966239165 2.0554633603124204 2.0567454115944717 2.0934262087640794 2.0947082600461306 2.1122823942108799 2.1135644454929312;2.1033674145858767 2.1045578907763529 2.1426821577555839 2.1438726339460601 2.151731100228242 2.1529215764187186 2.1869823166476396 2.1881727928381163 2.2044916317053831 2.2056821078958597;2.6507936822950953 2.6519300459314588 2.6883213916843607 2.6894577553207242 2.6969590185900798 2.6980953822264433 2.7306079069904139 2.7317442706267774 2.7473213440909867 2.7484577077273502;
