m;7
n;14
P;9
P1;2 4 6 8
Q;10
M;100
h;1 1 1 1 1 1 1 1 1
Vmin;36 36 36 36 36 36 36 36 36;41 41 41 41 41 41 41 41 41;52 52 52 52 52 52 52 52 52;45 45 45 45 45 45 45 45 45;28 28 28 28 28 28 28 28 28;47 47 47 47 47 47 47 47 47;51 51 51 51 51 51 51 51 51;39 39 39 39 39 39 39 39 39;41 41 41 41 41 41 41 41 41;40 40 40 40 40 40 40 40 40;49 49 49 49 49 49 49 49 49;40 40 40 40 40 40 40 40 40;49 49 49 49 49 49 49 49 49;50 50 50 50 50 50 50 50 50;
Vmax;36 36 36 36 36 36 36 36 36;41 41 41 41 41 41 41 41 41;52 52 52 52 52 52 52 52 52;45 45 45 45 45 45 45 45 45;28 28 28 28 28 28 28 28 28;47 47 47 47 47 47 47 47 47;51 51 51 51 51 51 51 51 51;39 39 39 39 39 39 39 39 39;41 41 41 41 41 41 41 41 41;40 40 40 40 40 40 40 40 40;49 49 49 49 49 49 49 49 49;40 40 40 40 40 40 40 40 40;49 49 49 49 49 49 49 49 49;50 50 50 50 50 50 50 50 50;
d;3.000 6.065 3.000 11.137 3.000 67.420 3.000 30.475 3.000
S;0.1730550811706231 0.17166619228173419 0.15755749945751876 0.15616861056862988 0.12495555345659423 0.12356666456770535 0.11841055100542881 0.11702166211653993 0.11421360790007037 0.11282471901118149;0.86625409406900655 0.8650345818738846 0.85264646134530531 0.85142694915018347 0.8240203624176643 0.82280085022254235 0.81827353099712885 0.81705401880200701 0.81458841022169215 0.81336889802657031;1.1885980062339392 1.1876364677724007 1.1778689112017902 1.1769073727402517 1.1552983332011499 1.1543367947396115 1.1507671776580355 1.149805639196497 1.1478616016620182 1.1469000632004798;1.4160510303208853 1.4149399192097742 1.4036529649504019 1.4025418538392909 1.3775714081496624 1.3764602970385513 1.3723354061887301 1.3712242950776192 1.3689778517044435 1.3678667405933325;1.6055489537143961 1.6037632394286816 1.5856234915118332 1.583837777226119 1.543706703796359 1.5419209895106445 1.5352917006448605 1.533505986359146 1.529895630937971 1.5281099166522565;2.4576179998330687 2.4565541700458344 2.4457475117123928 2.4446836819251585 2.4207758083925355 2.4197119786053012 2.415762615025685 2.4146987852384507 2.4125479352003039 2.4114841054130696;2.833466340975201 2.8324859488183383 2.8225268715306568 2.8215464793737941 2.7995137331770632 2.7985333410202005 2.7948937314468285 2.7939133392899658 2.7919311833724576 2.7909507912155949;2.8917081310125257 2.8930970199014143 2.8965995185623283 2.8979884074512174 2.9031445210134943 2.9045334099023834 2.9357464670144191 2.9371353559033082 2.9512440487275238 2.9526329376164129;3.0212184096601167 3.0224379218552384 3.0255132865331142 3.026732798728236 3.0312601179536496 3.0324796301487713 3.0598862168812904 3.0611057290764121 3.0734938496049917 3.0747133618001135;3.3849216393733683 3.385883177834907 3.3883079846001549 3.3892695230616936 3.3928391401432694 3.3938006786048081 3.41540971814391 3.4163712566054487 3.4261388131760593 3.427100351637598;3.7615727007397282 3.7626838118508394 3.7654858107795706 3.7665969218906814 3.7707218127405029 3.7718329238516137 3.7968033695412426 3.7979144806523535 3.809201434911726 3.8103125460228369;4.4022546565751446 4.4040403708608586 4.4085435834248905 4.4103292977106046 4.4169585865763885 4.4187443008621026 4.4588753742918632 4.4606610885775773 4.4788008364944254 4.4805865507801395;4.5590376339836904 4.5601014637709243 4.5627842287026885 4.5638480584899233 4.5677974220695399 4.5688612518567737 4.5927691253893963 4.593832955176631 4.6046396135100727 4.6057034432973065;5.0151735671777571 5.0161539593346198 5.0186263113305598 5.0196067034874225 5.0232463130607945 5.0242267052176572 5.0462594514143877 5.0472398435712504 5.0571989208589327 5.0581793130157955;
