m;2
n;4
P;9
P1;2 4 6 8
Q;10
M;100
h;1 1 1 1 1 1 1 1 1
Vmin;52 52 52 52 52 52 52 52 52;41 41 41 41 41 41 41 41 41;47 47 47 47 47 47 47 47 47;41 41 41 41 41 41 41 41 41;
Vmax;52 52 52 52 52 52 52 52 52;41 41 41 41 41 41 41 41 41;47 47 47 47 47 47 47 47 47;41 41 41 41 41 41 41 41 41;
d;3.000 30.015 3.000 31.578 3.000 70.133 3.000 3.035 3.000
S;2.8800206086145104 2.8223283009222029 2.7639576428448844 2.7062653351525769 1.3575576580976365 1.2998653504053288 0.69259581652292923 0.63490350883062152 0.057692307692307696 0;3.9860423979175916 3.9128716662102745 3.8388405876731877 3.7656698559658706 2.055113777749848 1.9819430460425309 1.2117475396550972 1.13857680794778 0.4065040650406504 0.33333333333333331;0 0.057692307692307696 0.66374966267677538 0.72144197036908309 1.3287115042514828 1.3864038119437905 2.7351114889987311 2.7928037966910386 2.8511744547683571 2.9088667624606646;0.33333333333333331 0.4065040650406504 1.1751621738014386 1.2483329055087558 2.0185284118961895 2.0916991436035066 3.8022552218195287 3.8754259535268458 3.9494570320639326 4.0226277637712498;
