m;4
n;8
P;9
P1;2 4 6 8
Q;10
M;100
h;1 1 1 1 1 1 1 1 1
Vmin;44 44 44 44 44 44 44 44 44;44 44 44 44 44 44 44 44 44;41 41 41 41 41 41 41 41 41;52 52 52 52 52 52 52 52 52;50 50 50 50 50 50 50 50 50;48 48 48 48 48 48 48 48 48;40 40 40 40 40 40 40 40 40;28 28 28 28 28 28 28 28 28;
Vmax;44 44 44 44 44 44 44 44 44;44 44 44 44 44 44 44 44 44;41 41 41 41 41 41 41 41 41;52 52 52 52 52 52 52 52 52;50 50 50 50 50 50 50 50 50;48 48 48 48 48 48 48 48 48;40 40 40 40 40 40 40 40 40;28 28 28 28 28 28 28 28 28;
d;3.000 30.078 3.000 43.996 3.000 12.658 3.000 93.396 3.000
S;4.4347181534103299 4.3665363352285116 2.2438976628785712 2.1757158446967528 1.888043407128128 1.8198615889463099 0.81995261108603712 0.751770792904219 0.068181818181818177 0;4.7680514867436639 4.6998696685618455 2.5772309962119042 2.5090491780300859 2.2213767404614613 2.1531949222796429 1.1532859444193704 1.0851041262375523 0.40151515151515149 0.33333333333333331;5.4258763922777531 5.352705660570436 3.0747519634144016 3.0015812317070845 2.6928595913895359 2.6196888596822188 1.5466158102711942 1.4734450785638771 0.73983739837398366 0.66666666666666663;4.7524538221164327 4.6947615144241253 2.898682637820329 2.8409903301280215 2.5975751906468774 2.5398828829545699 1.6938060555343391 1.6361137478420313 1.0576923076923077 1;0 0.068181818181818177 0.78586170199512795 0.85404352017694607 1.8539524980372186 1.9221343162190367 2.2098067537876616 2.2779885719694799 4.4006272443194208 4.4688090625012391;0.33333333333333331 0.40151515151515149 1.1191950353284614 1.1873768535102796 2.1872858313705521 2.2554676495523704 2.543140087120995 2.6113219053028134 4.7339605776527538 4.8021423958345721;0.66666666666666663 0.73983739837398366 1.5100304444175356 1.5832011761248528 2.6562742255358769 2.729444957243194 3.0381665975607426 3.1113373292680597 5.3892910264240932 5.4624617581314103;1 1.0576923076923077 1.6649599016881851 1.7226522093804928 2.5687290368007236 2.6264213444930311 2.8698364839741752 2.9275287916664827 4.7236076682702786 4.781299975962586;
