m;5
n;10
P;9
P1;2 4 6 8
Q;10
M;100
h;1 1 1 1 1 1 1 1 1
Vmin;33 33 33 33 33 33 33 33 33;42 42 42 42 42 42 42 42 42;40 40 40 40 40 40 40 40 40;28 28 28 28 28 28 28 28 28;35 35 35 35 35 35 35 35 35;49 49 49 49 49 49 49 49 49;52 52 52 52 52 52 52 52 52;52 52 52 52 52 52 52 52 52;30 30 30 30 30 30 30 30 30;49 49 49 49 49 49 49 49 49;
Vmax;33 33 33 33 33 33 33 33 33;42 42 42 42 42 42 42 42 42;40 40 40 40 40 40 40 40 40;28 28 28 28 28 28 28 28 28;35 35 35 35 35 35 35 35 35;49 49 49 49 49 49 49 49 49;52 52 52 52 52 52 52 52 52;52 52 52 52 52 52 52 52 52;30 30 30 30 30 30 30 30 30;49 49 49 49 49 49 49 49 49;
d;3.000 100.687 3.000 68.227 3.000 10.803 3.000 40.292 3.000
S;7.1215125235405061 7.0306034326314153 5.8096221133919483 5.7187130224828575 5.3913583656713051 5.3004492747622143 3.2329497865398102 3.1420406956307194 0.090909090909090912 0;5.9288074589723019 5.8573788875437307 4.8980364224270065 4.8266078509984354 4.5694006206465021 4.4979720492179309 2.8735081656146133 2.8020795941860417 0.40476190476190477 0.33333333333333331;6.5419144985875857 6.4669144985875855 5.4596049102150248 5.3846049102150246 5.1145373183454943 5.0395373183454941 3.3338502405620107 3.2588502405620106 0.74166666666666659 0.66666666666666663;9.3932111884584533 9.2860683313155956 7.8470546336405098 7.7399117764976531 7.3541009309697527 7.2469580738268959 4.8102622484219193 4.7031193912790625 1.1071428571428572 1;8.0479022841000969 7.9621879983858106 6.8109770402457412 6.7252627545314558 6.4166140781091352 6.3308997923948498 4.3815431320708687 4.2958288463565832 1.4190476190476189 1.3333333333333333;0 0.090909090909090912 3.1874952410852648 3.2784043319943557 5.3459038202167601 5.436812911125851 5.7641675679374034 5.8550766588464942 7.0760579780859612 7.166967068995052;0.33333333333333331 0.40476190476190477 2.8377938799003273 2.9092224513288989 4.5336863349322165 4.6051149063607877 4.8623221367127218 4.933750708141293 5.8930931732580172 5.9645217446865884;0.66666666666666663 0.74166666666666659 3.2963502405620102 3.3713502405620104 5.0770373183454938 5.1520373183454939 5.4221049102150243 5.4971049102150245 6.5044144985875851 6.5794144985875853;1 1.1071428571428572 4.7566908198504905 4.8638336769933472 7.300529502398323 7.4076723595411798 7.7934832050690801 7.9006260622119369 9.3396397598870227 9.4467826170298803;1.3333333333333333 1.4190476190476189 4.3386859892137259 4.4244002749280114 6.3737569352519925 6.4594712209662779 6.7681198973885985 6.8538341831028839 8.0050451412429524 8.0907594269572378;
