m;3
n;6
P;9
P1;2 4 6 8
Q;10
M;100
h;1 1 1 1 1 1 1 1 1
Vmin;45 45 45 45 45 45 45 45 45;43 43 43 43 43 43 43 43 43;47 47 47 47 47 47 47 47 47;28 28 28 28 28 28 28 28 28;52 52 52 52 52 52 52 52 52;28 28 28 28 28 28 28 28 28;
Vmax;45 45 45 45 45 45 45 45 45;43 43 43 43 43 43 43 43 43;47 47 47 47 47 47 47 47 47;28 28 28 28 28 28 28 28 28;52 52 52 52 52 52 52 52 52;28 28 28 28 28 28 28 28 28;
d;3.000 91.456 3.000 96.343 3.000 14.362 3.000 6.836 3.000
S;4.9777065891663232 4.9110399224996568 4.7591331422285865 4.6924664755619201 4.3733114040100558 4.3066447373433894 2.1656988238493327 2.0990321571826658 0.066666666666666666 0;5.542561159205067 5.4727937173446017 5.3138215054330171 5.2440540635725519 4.9100545700880431 4.8402871282275779 2.599762335036123 2.5299948931756577 0.40310077519379844 0.33333333333333331;5.4325559541663377 5.3687261669322952 5.2232835049706328 5.1594537177365902 4.853879713059273 4.7900499258252305 2.7402080937564528 2.6763783065224103 0.73049645390070916 0.66666666666666663;0 0.066666666666666666 2.132365490515999 2.1990321571826659 4.3399780706767226 4.406644737343389 4.7257998088952533 4.7924664755619197 4.94437325583299 5.0110399224996565;0.33333333333333331 0.40310077519379844 2.5648786141058899 2.6346460559663551 4.8751708491578096 4.9449382910182749 5.2789377845027836 5.3487052263632489 5.5076774382748335 5.5774448801352987;0.66666666666666663 0.73049645390070916 2.7082932001394315 2.7721229873734741 4.8219648194422522 4.8857946066762947 5.1913686113536119 5.2551983985876545 5.4006410605493169 5.4644708477833595;
