m;7
n;14
P;9
P1;2 4 6 8
Q;10
M;100
h;1 1 1 1 1 1 1 1 1
Vmin;40 40 40 40 40 40 40 40 40;42 42 42 42 42 42 42 42 42;41 41 41 41 41 41 41 41 41;28 28 28 28 28 28 28 28 28;44 44 44 44 44 44 44 44 44;43 43 43 43 43 43 43 43 43;46 46 46 46 46 46 46 46 46;45 45 45 45 45 45 45 45 45;44 44 44 44 44 44 44 44 44;49 49 49 49 49 49 49 49 49;52 52 52 52 52 52 52 52 52;48 48 48 48 48 48 48 48 48;39 39 39 39 39 39 39 39 39;46 46 46 46 46 46 46 46 46;
Vmax;40 40 40 40 40 40 40 40 40;42 42 42 42 42 42 42 42 42;41 41 41 41 41 41 41 41 41;28 28 28 28 28 28 28 28 28;44 44 44 44 44 44 44 44 44;43 43 43 43 43 43 43 43 43;46 46 46 46 46 46 46 46 46;45 45 45 45 45 45 45 45 45;44 44 44 44 44 44 44 44 44;49 49 49 49 49 49 49 49 49;52 52 52 52 52 52 52 52 52;48 48 48 48 48 48 48 48 48;39 39 39 39 39 39 39 39 39;46 46 46 46 46 46 46 46 46;
d;3.000 11.175 3.000 17.304 3.000 19.955 3.000 81.986 3.000
S;3.6355051822205855 3.5605051822205853 1.510846860462312 1.435846860462312 0.93696776358269462 0.86196776358269467 0.4293748672394071 0.35437486723940709 0.074999999999999997 0;3.7957192211624622 3.7242906497338906 1.7722351052022021 1.7008065337736307 1.2256835843644711 1.1542550129358997 0.7422617783232448 0.67083320689467341 0.40476190476190477 0.33333333333333331;4.2135009907843113 4.1403302590769941 2.1406636037030689 2.0674928719957517 1.5807815579668567 1.5076108262595396 1.0855689761685272 1.0123982444612101 0.73983739837398366 0.66666666666666663;6.1935788317436931 6.0864359746008363 3.1583526578033032 3.051209800660446 2.3385253765467069 2.2313825194038497 1.6133926674848675 1.5062498103420103 1.1071428571428572 1;4.6383380444429569 4.5701562262611386 2.706830479208163 2.6386486610263447 2.1851222093176013 2.1169403911357829 1.7236741217327942 1.6554923035509761 1.4015151515151514 1.3333333333333333;5.0485319524532581 4.9787645105927929 3.0721056066316086 3.0023381647711433 2.5382645862784758 2.4684971444180106 2.0660851478196034 1.9963177059591384 1.7364341085271318 1.6666666666666667;5.1613088541048562 5.0960914628005085 3.3137798786628796 3.2485624873585319 2.8147545770284297 2.749537185724082 2.373369449773397 2.3081520584690494 2.0652173913043477 2;0 0.074999999999999997 0.39187486723940712 0.46687486723940713 0.89946776358269465 0.9744677635826946 1.4733468604623121 1.5483468604623121 3.5980051822205854 3.6730051822205856;0.33333333333333331 0.40476190476190477 0.70654749260895922 0.77797606403753061 1.1899692986501855 1.2613978700787569 1.7365208194879165 1.8079493909164879 3.7600049354481766 3.8314335068767482;0.66666666666666663 0.73983739837398366 1.0489836103148686 1.1221543420221858 1.5441961921131981 1.6173669238205153 2.1040782378494103 2.1772489695567274 4.1769156249306523 4.2500863566379694;1 1.1071428571428572 1.5598212389134387 1.6669640960562959 2.2849539479752781 2.3920968051181353 3.1047812292318744 3.2119240863747316 6.1400074031722642 6.247150260315121;1.3333333333333333 1.4015151515151514 1.689583212641885 1.7577650308237032 2.1510313002266921 2.2192131184085104 2.6727395701172538 2.7409213882990722 4.6042471353520478 4.6724289535338661;1.6666666666666667 1.7364341085271318 2.0312014268893708 2.100968868749836 2.5033808653482432 2.5731483072087085 3.037221885701376 3.1069893275618412 5.0136482315230255 5.0834156733834908;2 2.0652173913043477 2.3407607541212236 2.4059781454255713 2.7821458813762563 2.847363272680604 3.2811711830107062 3.3463885743150539 5.1287001584526823 5.19391754975703;
