Vermelho 1 2 0 5 2020-01-01T02:26:47 80 49
Azul 1 2 0 5 2020-01-01T03:36:11 410 28
Verde 1 2 0 5 2020-01-01T05:24:49 410 28
Amarelo 1 2 0 5 2020-01-01T06:09:41 160 43
Laranja 1 2 0 5 2020-01-01T06:25:41 180 41
Preto 1 2 0 5 2020-01-01T07:23:59 310 34
Roxo 1 2 0 5 2020-01-01T08:25:55 240 38
Rosa 5 4 0 1 2020-01-01T08:36:28 200 40
Branco 5 4 0 1 2020-01-01T09:58:10 70 49
Abobora 5 4 0 1 2020-01-01T10:02:11 40 52
Acafrao 5 4 0 1 2020-01-01T10:48:40 70 49
Ambar 5 4 0 1 2020-01-01T11:27:35 130 45
Ameixa 5 4 0 1 2020-01-01T12:56:23 200 40
Amendoa 5 4 0 1 2020-01-01T13:04:08 140 44
