Vermelho 1 2 0 5 2020-01-01T00:49:43 320 38
Azul 1 2 0 5 2020-01-01T01:55:13 100 46
Verde 1 2 0 5 2020-01-01T02:23:20 190 40
Amarelo 1 2 0 5 2020-01-01T03:17:11 270 39
Laranja 1 2 0 5 2020-01-01T03:45:40 70 48
Preto 1 2 0 5 2020-01-01T05:36:58 60 49
Roxo 1 2 0 5 2020-01-01T07:33:41 100 46
Rosa 1 2 0 5 2020-01-01T08:39:06 270 39
Branco 5 4 0 1 2020-01-01T09:28:08 260 39
Abobora 5 4 0 1 2020-01-01T09:38:14 160 42
Acafrao 5 4 0 1 2020-01-01T10:34:35 20 52
Ambar 5 4 0 1 2020-01-01T10:46:58 190 40
Ameixa 5 4 0 1 2020-01-01T11:55:31 110 46
Amendoa 5 4 0 1 2020-01-01T12:25:10 200 40
Ametista 5 4 0 1 2020-01-01T12:41:19 360 37
Anil 5 4 0 1 2020-01-01T14:09:47 690 28
