Vermelho 1 2 0 5 2020-01-01T00:00:00 270 28
Azul 1 2 0 5 2020-01-01T01:00:00 120 45
Verde 1 2 0 5 2020-01-01T02:00:00 220 37
Amarelo 1 2 0 5 2020-01-01T03:00:00 50 50
Laranja 1 2 0 5 2020-01-01T04:00:00 30 52
Preto 1 2 0 5 2020-01-01T05:00:00 80 48
Roxo 1 2 0 5 2020-01-01T06:00:00 120 45
Rosa 1 2 0 5 2020-01-01T07:00:00 120 45
Branco 5 4 0 1 2020-01-01T00:00:00 90 47
Abobora 5 4 0 1 2020-01-01T01:00:00 40 51
Acafrao 5 4 0 1 2020-01-01T02:00:00 150 43
Ambar 5 4 0 1 2020-01-01T03:00:00 70 49
Ameixa 5 4 0 1 2020-01-01T04:00:00 200 40
Amendoa 5 4 0 1 2020-01-01T05:00:00 140 44
Ametista 5 4 0 1 2020-01-01T06:00:00 250 32
Anil 5 4 0 1 2020-01-01T07:00:00 150 43
