Vermelho 1 2 0 5 2020-01-01T00:00:00 100 46
Azul 1 2 0 5 2020-01-01T01:00:00 20 52
Verde 1 2 0 5 2020-01-01T02:00:00 30 51
Amarelo 1 2 0 5 2020-01-01T03:00:00 270 31
Laranja 1 2 0 5 2020-01-01T04:00:00 170 42
Preto 1 2 0 5 2020-01-01T05:00:00 150 43
Roxo 1 2 0 5 2020-01-01T06:00:00 110 46
Rosa 5 4 0 1 2020-01-01T00:00:00 90 47
Branco 5 4 0 1 2020-01-01T01:00:00 230 36
Abobora 5 4 0 1 2020-01-01T02:00:00 70 48
Acafrao 5 4 0 1 2020-01-01T03:00:00 290 28
Ambar 5 4 0 1 2020-01-01T04:00:00 90 47
Ameixa 5 4 0 1 2020-01-01T05:00:00 110 46
Amendoa 5 4 0 1 2020-01-01T06:00:00 80 48
