m;6
n;12
P;39
P1;2 4 6 8 10 12 14 16 18 20 22 24 26 28 30 32 34 36 38
Q;40
M;100
h;1 1 1 1 1 1 1 1 1 1 1 1 1 1 1 1 1 1 1 1 1 1 1 1 1 1 1 1 1 1 1 1 1 1 1 1 1 1 1
Vmin;40 40 40 40 40 40 40 40 40 40 40 40 40 40 40 40 40 40 40 40 40 40 40 40 40 40 40 40 40 40 40 40 40 40 40 40 40 40 40;40 40 40 40 40 40 40 40 40 40 40 40 40 40 40 40 40 40 40 40 40 40 40 40 40 40 40 40 40 40 40 40 40 40 40 40 40 40 40;40 40 40 40 40 40 40 40 40 40 40 40 40 40 40 40 40 40 40 40 40 40 40 40 40 40 40 40 40 40 40 40 40 40 40 40 40 40 40;40 40 40 40 40 40 40 40 40 40 40 40 40 40 40 40 40 40 40 40 40 40 40 40 40 40 40 40 40 40 40 40 40 40 40 40 40 40 40;40 40 40 40 40 40 40 40 40 40 40 40 40 40 40 40 40 40 40 40 40 40 40 40 40 40 40 40 40 40 40 40 40 40 40 40 40 40 40;40 40 40 40 40 40 40 40 40 40 40 40 40 40 40 40 40 40 40 40 40 40 40 40 40 40 40 40 40 40 40 40 40 40 40 40 40 40 40;40 40 40 40 40 40 40 40 40 40 40 40 40 40 40 40 40 40 40 40 40 40 40 40 40 40 40 40 40 40 40 40 40 40 40 40 40 40 40;40 40 40 40 40 40 40 40 40 40 40 40 40 40 40 40 40 40 40 40 40 40 40 40 40 40 40 40 40 40 40 40 40 40 40 40 40 40 40;40 40 40 40 40 40 40 40 40 40 40 40 40 40 40 40 40 40 40 40 40 40 40 40 40 40 40 40 40 40 40 40 40 40 40 40 40 40 40;40 40 40 40 40 40 40 40 40 40 40 40 40 40 40 40 40 40 40 40 40 40 40 40 40 40 40 40 40 40 40 40 40 40 40 40 40 40 40;40 40 40 40 40 40 40 40 40 40 40 40 40 40 40 40 40 40 40 40 40 40 40 40 40 40 40 40 40 40 40 40 40 40 40 40 40 40 40;40 40 40 40 40 40 40 40 40 40 40 40 40 40 40 40 40 40 40 40 40 40 40 40 40 40 40 40 40 40 40 40 40 40 40 40 40 40 40;
Vmax;40 40 40 40 40 40 40 40 40 40 40 40 40 40 40 40 40 40 40 40 40 40 40 40 40 40 40 40 40 40 40 40 40 40 40 40 40 40 40;40 40 40 40 40 40 40 40 40 40 40 40 40 40 40 40 40 40 40 40 40 40 40 40 40 40 40 40 40 40 40 40 40 40 40 40 40 40 40;40 40 40 40 40 40 40 40 40 40 40 40 40 40 40 40 40 40 40 40 40 40 40 40 40 40 40 40 40 40 40 40 40 40 40 40 40 40 40;40 40 40 40 40 40 40 40 40 40 40 40 40 40 40 40 40 40 40 40 40 40 40 40 40 40 40 40 40 40 40 40 40 40 40 40 40 40 40;40 40 40 40 40 40 40 40 40 40 40 40 40 40 40 40 40 40 40 40 40 40 40 40 40 40 40 40 40 40 40 40 40 40 40 40 40 40 40;40 40 40 40 40 40 40 40 40 40 40 40 40 40 40 40 40 40 40 40 40 40 40 40 40 40 40 40 40 40 40 40 40 40 40 40 40 40 40;40 40 40 40 40 40 40 40 40 40 40 40 40 40 40 40 40 40 40 40 40 40 40 40 40 40 40 40 40 40 40 40 40 40 40 40 40 40 40;40 40 40 40 40 40 40 40 40 40 40 40 40 40 40 40 40 40 40 40 40 40 40 40 40 40 40 40 40 40 40 40 40 40 40 40 40 40 40;40 40 40 40 40 40 40 40 40 40 40 40 40 40 40 40 40 40 40 40 40 40 40 40 40 40 40 40 40 40 40 40 40 40 40 40 40 40 40;40 40 40 40 40 40 40 40 40 40 40 40 40 40 40 40 40 40 40 40 40 40 40 40 40 40 40 40 40 40 40 40 40 40 40 40 40 40 40;40 40 40 40 40 40 40 40 40 40 40 40 40 40 40 40 40 40 40 40 40 40 40 40 40 40 40 40 40 40 40 40 40 40 40 40 40 40 40;40 40 40 40 40 40 40 40 40 40 40 40 40 40 40 40 40 40 40 40 40 40 40 40 40 40 40 40 40 40 40 40 40 40 40 40 40 40 40;
d;3 56.8421052631579 3 56.8421052631579 3 56.8421052631579 3 56.8421052631579 3 56.8421052631579 3 56.8421052631579 3 56.8421052631579 3 56.8421052631579 3 56.8421052631579 3 56.8421052631579 3 56.8421052631579 3 56.8421052631579 3 56.8421052631579 3 56.8421052631579 3 56.8421052631579 3 56.8421052631579 3 56.8421052631579 3 56.8421052631579 3 56.8421052631579 3
S;28.5 28.425000000000001 27.003947368421052 26.928947368421053 25.507894736842104 25.432894736842105 24.011842105263156 23.936842105263157 22.515789473684208 22.440789473684209 21.01973684210526 20.944736842105261 19.523684210526312 19.448684210526313 18.027631578947364 17.952631578947365 16.531578947368416 16.456578947368417 15.03552631578947 14.960526315789471 13.539473684210524 13.464473684210525 12.043421052631578 11.968421052631578 10.547368421052632 10.472368421052632 9.0513157894736853 8.976315789473686 7.5552631578947382 7.4802631578947381 6.0592105263157903 5.9842105263157901 4.5631578947368423 4.4881578947368421 3.0671052631578948 2.9921052631578946 1.5710526315789473 1.4960526315789473 0.074999999999999997 0;29 28.925000000000001 27.503947368421052 27.428947368421053 26.007894736842104 25.932894736842105 24.511842105263156 24.436842105263157 23.015789473684208 22.940789473684209 21.51973684210526 21.444736842105261 20.023684210526312 19.948684210526313 18.527631578947364 18.452631578947365 17.031578947368416 16.956578947368417 15.535526315789468 15.460526315789469 14.039473684210522 13.964473684210523 12.543421052631576 12.468421052631577 11.04736842105263 10.97236842105263 9.5513157894736835 9.4763157894736842 8.0552631578947373 7.9802631578947381 6.5592105263157903 6.4842105263157901 5.0631578947368423 4.9881578947368421 3.5671052631578948 3.4921052631578946 2.0710526315789473 1.9960526315789473 0.57499999999999996 0.5;29.5 29.425000000000001 28.003947368421052 27.928947368421053 26.507894736842104 26.432894736842105 25.011842105263156 24.936842105263157 23.515789473684208 23.440789473684209 22.01973684210526 21.944736842105261 20.523684210526312 20.448684210526313 19.027631578947364 18.952631578947365 17.531578947368416 17.456578947368417 16.035526315789468 15.960526315789469 14.539473684210522 14.464473684210523 13.043421052631576 12.968421052631577 11.54736842105263 11.47236842105263 10.051315789473684 9.9763157894736842 8.5552631578947373 8.4802631578947381 7.0592105263157903 6.9842105263157901 5.5631578947368423 5.4881578947368421 4.0671052631578943 3.9921052631578946 2.5710526315789473 2.4960526315789471 1.075 1;30 29.925000000000001 28.503947368421052 28.428947368421053 27.007894736842104 26.932894736842105 25.511842105263156 25.436842105263157 24.015789473684208 23.940789473684209 22.51973684210526 22.444736842105261 21.023684210526312 20.948684210526313 19.527631578947364 19.452631578947365 18.031578947368416 17.956578947368417 16.535526315789468 16.460526315789469 15.039473684210522 14.964473684210523 13.543421052631576 13.468421052631577 12.04736842105263 11.97236842105263 10.551315789473684 10.476315789473684 9.0552631578947373 8.9802631578947381 7.5592105263157903 7.4842105263157901 6.0631578947368423 5.9881578947368421 4.5671052631578943 4.4921052631578942 3.0710526315789473 2.9960526315789471 1.575 1.5;30.5 30.425000000000001 29.003947368421052 28.928947368421053 27.507894736842104 27.432894736842105 26.011842105263156 25.936842105263157 24.515789473684208 24.440789473684209 23.01973684210526 22.944736842105261 21.523684210526312 21.448684210526313 20.027631578947364 19.952631578947365 18.531578947368416 18.456578947368417 17.035526315789468 16.960526315789469 15.53947368421052 15.464473684210521 14.043421052631574 13.968421052631575 12.547368421052628 12.472368421052629 11.051315789473682 10.976315789473682 9.5552631578947356 9.4802631578947363 8.0592105263157894 7.9842105263157901 6.5631578947368423 6.4881578947368421 5.0671052631578952 4.992105263157895 3.5710526315789477 3.4960526315789475 2.0750000000000002 2;31 30.925000000000001 29.503947368421052 29.428947368421053 28.007894736842104 27.932894736842105 26.511842105263156 26.436842105263157 25.015789473684208 24.940789473684209 23.51973684210526 23.444736842105261 22.023684210526312 21.948684210526313 20.527631578947364 20.452631578947365 19.031578947368416 18.956578947368417 17.535526315789468 17.460526315789469 16.03947368421052 15.964473684210521 14.543421052631574 14.468421052631575 13.047368421052628 12.972368421052629 11.551315789473682 11.476315789473682 10.055263157894736 9.9802631578947363 8.5592105263157894 8.4842105263157901 7.0631578947368423 6.9881578947368421 5.5671052631578943 5.4921052631578942 4.0710526315789473 3.9960526315789475 2.5750000000000002 2.5;0 0.074999999999999997 1.4960526315789473 1.5710526315789473 2.9921052631578946 3.0671052631578948 4.4881578947368421 4.5631578947368423 5.9842105263157901 6.0592105263157903 7.4802631578947381 7.5552631578947382 8.976315789473686 9.0513157894736853 10.472368421052632 10.547368421052632 11.968421052631578 12.043421052631578 13.464473684210525 13.539473684210524 14.960526315789471 15.03552631578947 16.456578947368417 16.531578947368416 17.952631578947365 18.027631578947364 19.448684210526313 19.523684210526312 20.944736842105261 21.01973684210526 22.440789473684209 22.515789473684208 23.936842105263157 24.011842105263156 25.432894736842105 25.507894736842104 26.928947368421053 27.003947368421052 28.425000000000001 28.5;0.5 0.57499999999999996 1.9960526315789473 2.0710526315789473 3.4921052631578946 3.5671052631578948 4.9881578947368421 5.0631578947368423 6.4842105263157901 6.5592105263157903 7.9802631578947381 8.0552631578947373 9.4763157894736842 9.5513157894736835 10.97236842105263 11.04736842105263 12.468421052631577 12.543421052631576 13.964473684210523 14.039473684210522 15.460526315789469 15.535526315789468 16.956578947368417 17.031578947368416 18.452631578947365 18.527631578947364 19.948684210526313 20.023684210526312 21.444736842105261 21.51973684210526 22.940789473684209 23.015789473684208 24.436842105263157 24.511842105263156 25.932894736842105 26.007894736842104 27.428947368421053 27.503947368421052 28.925000000000001 29;1 1.075 2.4960526315789471 2.5710526315789473 3.9921052631578946 4.0671052631578943 5.4881578947368421 5.5631578947368423 6.9842105263157901 7.0592105263157903 8.4802631578947381 8.5552631578947373 9.9763157894736842 10.051315789473684 11.47236842105263 11.54736842105263 12.968421052631577 13.043421052631576 14.464473684210523 14.539473684210522 15.960526315789469 16.035526315789468 17.456578947368417 17.531578947368416 18.952631578947365 19.027631578947364 20.448684210526313 20.523684210526312 21.944736842105261 22.01973684210526 23.440789473684209 23.515789473684208 24.936842105263157 25.011842105263156 26.432894736842105 26.507894736842104 27.928947368421053 28.003947368421052 29.425000000000001 29.5;1.5 1.575 2.9960526315789471 3.0710526315789473 4.4921052631578942 4.5671052631578943 5.9881578947368421 6.0631578947368423 7.4842105263157901 7.5592105263157903 8.9802631578947381 9.0552631578947373 10.476315789473684 10.551315789473684 11.97236842105263 12.04736842105263 13.468421052631577 13.543421052631576 14.964473684210523 15.039473684210522 16.460526315789469 16.535526315789468 17.956578947368417 18.031578947368416 19.452631578947365 19.527631578947364 20.948684210526313 21.023684210526312 22.444736842105261 22.51973684210526 23.940789473684209 24.015789473684208 25.436842105263157 25.511842105263156 26.932894736842105 27.007894736842104 28.428947368421053 28.503947368421052 29.925000000000001 30;2 2.0750000000000002 3.4960526315789475 3.5710526315789477 4.992105263157895 5.0671052631578952 6.4881578947368421 6.5631578947368423 7.9842105263157901 8.0592105263157894 9.4802631578947363 9.5552631578947356 10.976315789473682 11.051315789473682 12.472368421052629 12.547368421052628 13.968421052631575 14.043421052631574 15.464473684210521 15.53947368421052 16.960526315789469 17.035526315789468 18.456578947368417 18.531578947368416 19.952631578947365 20.027631578947364 21.448684210526313 21.523684210526312 22.944736842105261 23.01973684210526 24.440789473684209 24.515789473684208 25.936842105263157 26.011842105263156 27.432894736842105 27.507894736842104 28.928947368421053 29.003947368421052 30.425000000000001 30.5;2.5 2.5750000000000002 3.9960526315789475 4.0710526315789473 5.4921052631578942 5.5671052631578943 6.9881578947368421 7.0631578947368423 8.4842105263157901 8.5592105263157894 9.9802631578947363 10.055263157894736 11.476315789473682 11.551315789473682 12.972368421052629 13.047368421052628 14.468421052631575 14.543421052631574 15.964473684210521 16.03947368421052 17.460526315789469 17.535526315789468 18.956578947368417 19.031578947368416 20.452631578947365 20.527631578947364 21.948684210526313 22.023684210526312 23.444736842105261 23.51973684210526 24.940789473684209 25.015789473684208 26.436842105263157 26.511842105263156 27.932894736842105 28.007894736842104 29.428947368421053 29.503947368421052 30.925000000000001 31;
