m;6
n;12
P;39
P1;2 4 6 8 10 12 14 16 18 20 22 24 26 28 30 32 34 36 38
Q;40
M;100
h;1 1 1 1 1 1 1 1 1 1 1 1 1 1 1 1 1 1 1 1 1 1 1 1 1 1 1 1 1 1 1 1 1 1 1 1 1 1 1
Vmin;52 52 52 52 52 52 52 52 52 52 52 52 52 52 52 52 52 52 52 52 52 52 52 52 52 52 52 52 52 52 52 52 52 52 52 52 52 52 52;49 49 49 49 49 49 49 49 49 49 49 49 49 49 49 49 49 49 49 49 49 49 49 49 49 49 49 49 49 49 49 49 49 49 49 49 49 49 49;42 42 42 42 42 42 42 42 42 42 42 42 42 42 42 42 42 42 42 42 42 42 42 42 42 42 42 42 42 42 42 42 42 42 42 42 42 42 42;50 50 50 50 50 50 50 50 50 50 50 50 50 50 50 50 50 50 50 50 50 50 50 50 50 50 50 50 50 50 50 50 50 50 50 50 50 50 50;41 41 41 41 41 41 41 41 41 41 41 41 41 41 41 41 41 41 41 41 41 41 41 41 41 41 41 41 41 41 41 41 41 41 41 41 41 41 41;43 43 43 43 43 43 43 43 43 43 43 43 43 43 43 43 43 43 43 43 43 43 43 43 43 43 43 43 43 43 43 43 43 43 43 43 43 43 43;40 40 40 40 40 40 40 40 40 40 40 40 40 40 40 40 40 40 40 40 40 40 40 40 40 40 40 40 40 40 40 40 40 40 40 40 40 40 40;51 51 51 51 51 51 51 51 51 51 51 51 51 51 51 51 51 51 51 51 51 51 51 51 51 51 51 51 51 51 51 51 51 51 51 51 51 51 51;28 28 28 28 28 28 28 28 28 28 28 28 28 28 28 28 28 28 28 28 28 28 28 28 28 28 28 28 28 28 28 28 28 28 28 28 28 28 28;32 32 32 32 32 32 32 32 32 32 32 32 32 32 32 32 32 32 32 32 32 32 32 32 32 32 32 32 32 32 32 32 32 32 32 32 32 32 32;32 32 32 32 32 32 32 32 32 32 32 32 32 32 32 32 32 32 32 32 32 32 32 32 32 32 32 32 32 32 32 32 32 32 32 32 32 32 32;46 46 46 46 46 46 46 46 46 46 46 46 46 46 46 46 46 46 46 46 46 46 46 46 46 46 46 46 46 46 46 46 46 46 46 46 46 46 46;
Vmax;52 52 52 52 52 52 52 52 52 52 52 52 52 52 52 52 52 52 52 52 52 52 52 52 52 52 52 52 52 52 52 52 52 52 52 52 52 52 52;49 49 49 49 49 49 49 49 49 49 49 49 49 49 49 49 49 49 49 49 49 49 49 49 49 49 49 49 49 49 49 49 49 49 49 49 49 49 49;42 42 42 42 42 42 42 42 42 42 42 42 42 42 42 42 42 42 42 42 42 42 42 42 42 42 42 42 42 42 42 42 42 42 42 42 42 42 42;50 50 50 50 50 50 50 50 50 50 50 50 50 50 50 50 50 50 50 50 50 50 50 50 50 50 50 50 50 50 50 50 50 50 50 50 50 50 50;41 41 41 41 41 41 41 41 41 41 41 41 41 41 41 41 41 41 41 41 41 41 41 41 41 41 41 41 41 41 41 41 41 41 41 41 41 41 41;43 43 43 43 43 43 43 43 43 43 43 43 43 43 43 43 43 43 43 43 43 43 43 43 43 43 43 43 43 43 43 43 43 43 43 43 43 43 43;40 40 40 40 40 40 40 40 40 40 40 40 40 40 40 40 40 40 40 40 40 40 40 40 40 40 40 40 40 40 40 40 40 40 40 40 40 40 40;51 51 51 51 51 51 51 51 51 51 51 51 51 51 51 51 51 51 51 51 51 51 51 51 51 51 51 51 51 51 51 51 51 51 51 51 51 51 51;28 28 28 28 28 28 28 28 28 28 28 28 28 28 28 28 28 28 28 28 28 28 28 28 28 28 28 28 28 28 28 28 28 28 28 28 28 28 28;32 32 32 32 32 32 32 32 32 32 32 32 32 32 32 32 32 32 32 32 32 32 32 32 32 32 32 32 32 32 32 32 32 32 32 32 32 32 32;32 32 32 32 32 32 32 32 32 32 32 32 32 32 32 32 32 32 32 32 32 32 32 32 32 32 32 32 32 32 32 32 32 32 32 32 32 32 32;46 46 46 46 46 46 46 46 46 46 46 46 46 46 46 46 46 46 46 46 46 46 46 46 46 46 46 46 46 46 46 46 46 46 46 46 46 46 46;
d;3.000 37.938 3.000 34.928 3.000 66.516 3.000 46.104 3.000 29.933 3.000 14.002 3.000 43.353 3.000 28.888 3.000 42.288 3.000 61.951 3.000 19.858 3.000 73.153 3.000 27.900 3.000 41.745 3.000 84.064 3.000 62.586 3.000 4.974 3.000 10.521 3.000 8.498 3.000
S;0.32574912281456053 0.32478758435302207 0.32206398512540668 0.32110244666386822 0.31773023378434256 0.31676869532280416 0.31517442678466062 0.31421288832312216 0.29415318162728377 0.29319164316574536 0.266247932496462 0.26528639403492354 0.25190668444222497 0.25094514598068651 0.24200293490391531 0.24104139644237682 0.21759490689341038 0.21663336843187192 0.21026853063529963 0.20930699217376114 0.189451036372909 0.18848949791137051 0.17493570224709731 0.17397416378555883 0.16471523372598437 0.16375369526444589 0.14985856069974945 0.148897022238211 0.14440905651666799 0.14344751805512954 0.13385355880371341 0.13289202034217495 0.11811506523222562 0.11715352677068716 0.095834331083966204 0.094872792622427746 0.083678054011750477 0.082716515550212019 0.070556976551979747 0.069595438090441289;0.7861063579033698 0.78508594974010448 0.78219559953936968 0.78117519137610436 0.77759651648354655 0.77657610832028123 0.7748842315042922 0.77386382334102699 0.75257597133728005 0.75155556317401484 0.7229622375657957 0.72194182940253038 0.70774295391640141 0.70672254575313609 0.69723285236554211 0.6962124442022769 0.67133045529316959 0.67031004712990427 0.66355552538660301 0.66253511722333769 0.64146349065916808 0.64044308249590276 0.62605946260728629 0.62503905444402108 0.61521325111549308 0.61419284295222776 0.59944698586316214 0.59842657769989682 0.5936638385668308 0.59264343040356549 0.58246208589185855 0.58144167772859323 0.56576001108130014 0.56473960291803482 0.54211515035253499 0.54109474218926967 0.52921461141875503 0.52819420325548971 0.51529020268593706 0.51426979452267174;1.191988825900945 1.1907983497104688 1.1874262744762782 1.1862357982858023 1.1820606775778182 1.180870201387342 1.1788963451020213 1.1777058689115452 1.1528700415738404 1.1516795653833642 1.1183206855071086 1.1171302093166324 1.1005648545828153 1.0993743783923393 1.0883030694401463 1.0871125932496701 1.0580836061890451 1.0568931299985689 1.0490128546313842 1.047822378440908 1.0232388141160433 1.0220483379255672 1.0052674480555146 1.0040769718650384 0.99261353464842239 0.99142305845794632 0.97421955852070308 0.97302908233022689 0.96747255334164994 0.96628207715117376 0.9544038418875157 0.95321336569703952 0.93491808794186426 0.93372761175138808 0.90733241709163825 0.90614194090116207 0.8922817883355616 0.89109131214508552 0.87603664481394072 0.87484616862346465;2.563097191020947 2.5620971910209471 2.5592646478242274 2.558264647824227 2.5547575464295207 2.5537575464295208 2.5520995071498516 2.5510995071498512 2.5302374121861795 2.5292374121861791 2.5012159530901248 2.5002159530901249 2.4863010551137186 2.4853010551137182 2.4760011555938766 2.4750011555938767 2.4506168064629517 2.4496168064629513 2.4429973751545164 2.4419973751545161 2.4213471811216301 2.4203471811216297 2.4062512336307855 2.4052512336307856 2.395621946368828 2.3946219463688281 2.3801710064215436 2.3791710064215437 2.374503522071139 2.3735035220711391 2.3635258044496661 2.3625258044496662 2.3471577711353189 2.3461577711353185 2.3239858076211286 2.3229858076211287 2.311343279466024 2.3103432794660241 2.2976973589078624 2.2966973589078625;2.8001528213326532 2.7989333091375315 2.7954789881659212 2.7942594759707995 2.7899825230504258 2.7887630108553041 2.7867410117337559 2.7855214995386341 2.7600799203146442 2.7588604081195225 2.7246878970267727 2.7234683848316505 2.7064989970555455 2.7052794848604238 2.6939381439825678 2.6927186317874456 2.6629816206521713 2.6617621084570495 2.6536896312516407 2.652470119056519 2.6272869556017802 2.6260674434066584 2.608877263539775 2.6076577513446533 2.5959147180983635 2.5946952059032418 2.5770721084065538 2.575852596211432 2.5701605421255724 2.5689410299304507 2.5567730816115817 2.5555535694164599 2.5368120653745732 2.535592553179451 2.5085535732840976 2.5073340610889758 2.4931358560217753 2.4919163438266536 2.4764944894874321 2.4752749772923104;3.149049953667264 3.1478871629695893 3.1445935080896823 3.1434307173920075 3.1393526925144415 3.1381899018167667 3.1362619491659887 3.1350991584683139 3.1108409085105557 3.1096781178128814 3.0770950258407246 3.0759322351430498 3.0597521212169956 3.0585893305193208 3.0477754938683419 3.0466127031706671 3.0182588088323823 3.0170960181347075 3.0093990049853638 3.0082362142876895 2.9842243607610772 2.9830615700634029 2.9666709334461419 2.9655081427484675 2.9543112970950287 2.9531485063973539 2.9363450878540003 2.9351822971563255 2.929754989772134 2.9285921990744592 2.9169902018401883 2.915827411142514 2.89795760496304 2.8967948142653652 2.8710134613418887 2.869850670644214 2.8563128472080463 2.855150056510372 2.8404454977218117 2.8392827070241373;3.0566884693655423 3.057650007827081 3.0702903160560826 3.0712518545176213 3.0824465931282985 3.0834081315898372 3.1047273272765583 3.105688865738097 3.1204658208480462 3.1214273593095849 3.1310213185610012 3.1319828570225399 3.1364708227440823 3.137432361205621 3.1513274957703175 3.1522890342318561 3.1615479642914304 3.162509502752969 3.1760632984172421 3.1770248368787808 3.1968807926796332 3.1978423311411719 3.204207168937744 3.2051687073992827 3.2286151969482493 3.229576735409788 3.2385189464865594 3.239480484948098 3.2528601945407964 3.2538217330023351 3.2807654436716187 3.2817269821331574 3.301786688828996 3.3027482272905346 3.3043424958286782 3.3053040342902169 3.3086762471697426 3.3096377856312813 3.3123613848588969 3.3133229233204355;3.2980695252957557 3.2990899334590207 3.3125041381102061 3.313524546273471 3.3254046770439856 3.3264250852072506 3.3490495377727503 3.3500699459360153 3.3657516125833085 3.3667720207465734 3.3769533652582804 3.3779737734215454 3.3827365125546112 3.3837569207178766 3.3985027778069417 3.3995231859702071 3.409348989298735 3.410369397462 3.4247530173506164 3.4257734255138814 3.4468450520780514 3.4478654602413163 3.4546199819846177 3.4556403901478827 3.4805223790569899 3.4815427872202549 3.4910324806078488 3.4920528887711138 3.5062517642572431 3.507272172420508 3.5358654980287274 3.5368859061919924 3.5581737581957396 3.5591941663590045 3.5608860431749938 3.5619064513382588 3.5654851262308167 3.5665055343940817 3.5693958845948166 3.5704162927580816;3.7283076392457377 3.7294981154362143 3.7451480208625969 3.7463384970530735 3.7601986496186739 3.7613891258091505 3.7877843204689001 3.7889747966593763 3.8072700744145518 3.808460550605028 3.8203387858686861 3.8215292620591628 3.82708579104774 3.8282762672382162 3.8454797671754597 3.8466702433659359 3.8581336805825521 3.8593241567730283 3.8761050466430809 3.8772955228335571 3.9018790871584215 3.9030695633488981 3.9109498387160828 3.912140314906559 3.9411693019671841 3.9423597781576603 3.9534310871098532 3.9546215633003294 3.9711869180341468 3.972377394224623 4.0057362741008786 4.0069267502913553 4.0317625776290598 4.0329530538195364 4.0349269101048568 4.0361173862953335 4.0402925070033175 4.0414829831937933 4.0448550584279843 4.0460455346184609;4.1352493728783513 4.1362493728783507 4.1493952934365126 4.1503952934365129 4.1620378215916167 4.1630378215916171 4.1852097851058074 4.1862097851058069 4.2015778184201542 4.2025778184201545 4.212555536041628 4.2135555360416275 4.2182230203920321 4.2192230203920325 4.2336739603393161 4.2346739603393164 4.2443032476012741 4.2453032476012744 4.2593991950921186 4.2603991950921181 4.2810493891250045 4.2820493891250049 4.2886688204334398 4.2896688204334392 4.3140531695643647 4.315053169564365 4.3243530690842071 4.3253530690842066 4.3392679670606134 4.3402679670606137 4.368289426156668 4.3692894261566684 4.3901515211203401 4.3911515211203396 4.3928095604000088 4.3938095604000091 4.3973166617947159 4.3983166617947154 4.4011492049914365 4.4021492049914359;4.7583633167632282 4.7595828289583499 4.7756144393951327 4.7768339515902545 4.7910321566574554 4.7922516688525771 4.8192906487479314 4.8205101609430532 4.83925166498494 4.8404711771800617 4.8526391254989303 4.853858637694052 4.8595506917799121 4.8607702039750338 4.8783933014717213 4.8796128136668431 4.8913558469131324 4.8925753591082541 4.9097655389751376 4.9109850511702593 4.936168214624999 4.9373877268201207 4.9454602040255304 4.9466797162206522 4.9764167273559261 4.9776362395510478 4.9889775804289043 4.990197092624026 5.007166480400131 5.0083859925952527 5.0425585036880021 5.0437780158831238 5.0692195951071142 5.0704391073022359 5.0724611064237841 5.0736806186189058 5.0779575715392804 5.0791770837344021 5.082631404706011 5.0838509169011328;5.2351762230910488 5.2363390137887231 5.2516249679261202 5.2527877586237945 5.2663255820599622 5.2674883727576365 5.293269725681113 5.2944325163787873 5.3123023225582608 5.3134651132559343 5.3250671104902052 5.3262299011878786 5.3316572085720706 5.3328199992697449 5.3496234178130981 5.3507862085107725 5.3619830541642113 5.3631458448618856 5.3795364814791462 5.3806992721768205 5.4047111257034315 5.4058739164011058 5.4135709295504491 5.4147337202481234 5.4430876145864078 5.4442504052840821 5.4550642419350615 5.4562270326327358 5.4724071465587896 5.473569937256463 5.5061530292286198 5.5073158199262942 5.5315740698840532 5.5327368605817266 5.5346648132325056 5.535827603930179 5.5399056288077455 5.5410684195054198 5.5443620743853268 5.5455248650830002;
