m;7
n;14
P;39
P1;2 4 6 8 10 12 14 16 18 20 22 24 26 28 30 32 34 36 38
Q;40
M;100
h;1 1 1 1 1 1 1 1 1 1 1 1 1 1 1 1 1 1 1 1 1 1 1 1 1 1 1 1 1 1 1 1 1 1 1 1 1 1 1
Vmin;39 39 39 39 39 39 39 39 39 39 39 39 39 39 39 39 39 39 39 39 39 39 39 39 39 39 39 39 39 39 39 39 39 39 39 39 39 39 39;41 41 41 41 41 41 41 41 41 41 41 41 41 41 41 41 41 41 41 41 41 41 41 41 41 41 41 41 41 41 41 41 41 41 41 41 41 41 41;44 44 44 44 44 44 44 44 44 44 44 44 44 44 44 44 44 44 44 44 44 44 44 44 44 44 44 44 44 44 44 44 44 44 44 44 44 44 44;28 28 28 28 28 28 28 28 28 28 28 28 28 28 28 28 28 28 28 28 28 28 28 28 28 28 28 28 28 28 28 28 28 28 28 28 28 28 28;40 40 40 40 40 40 40 40 40 40 40 40 40 40 40 40 40 40 40 40 40 40 40 40 40 40 40 40 40 40 40 40 40 40 40 40 40 40 40;42 42 42 42 42 42 42 42 42 42 42 42 42 42 42 42 42 42 42 42 42 42 42 42 42 42 42 42 42 42 42 42 42 42 42 42 42 42 42;28 28 28 28 28 28 28 28 28 28 28 28 28 28 28 28 28 28 28 28 28 28 28 28 28 28 28 28 28 28 28 28 28 28 28 28 28 28 28;47 47 47 47 47 47 47 47 47 47 47 47 47 47 47 47 47 47 47 47 47 47 47 47 47 47 47 47 47 47 47 47 47 47 47 47 47 47 47;36 36 36 36 36 36 36 36 36 36 36 36 36 36 36 36 36 36 36 36 36 36 36 36 36 36 36 36 36 36 36 36 36 36 36 36 36 36 36;52 52 52 52 52 52 52 52 52 52 52 52 52 52 52 52 52 52 52 52 52 52 52 52 52 52 52 52 52 52 52 52 52 52 52 52 52 52 52;46 46 46 46 46 46 46 46 46 46 46 46 46 46 46 46 46 46 46 46 46 46 46 46 46 46 46 46 46 46 46 46 46 46 46 46 46 46 46;48 48 48 48 48 48 48 48 48 48 48 48 48 48 48 48 48 48 48 48 48 48 48 48 48 48 48 48 48 48 48 48 48 48 48 48 48 48 48;46 46 46 46 46 46 46 46 46 46 46 46 46 46 46 46 46 46 46 46 46 46 46 46 46 46 46 46 46 46 46 46 46 46 46 46 46 46 46;41 41 41 41 41 41 41 41 41 41 41 41 41 41 41 41 41 41 41 41 41 41 41 41 41 41 41 41 41 41 41 41 41 41 41 41 41 41 41;
Vmax;39 39 39 39 39 39 39 39 39 39 39 39 39 39 39 39 39 39 39 39 39 39 39 39 39 39 39 39 39 39 39 39 39 39 39 39 39 39 39;41 41 41 41 41 41 41 41 41 41 41 41 41 41 41 41 41 41 41 41 41 41 41 41 41 41 41 41 41 41 41 41 41 41 41 41 41 41 41;44 44 44 44 44 44 44 44 44 44 44 44 44 44 44 44 44 44 44 44 44 44 44 44 44 44 44 44 44 44 44 44 44 44 44 44 44 44 44;28 28 28 28 28 28 28 28 28 28 28 28 28 28 28 28 28 28 28 28 28 28 28 28 28 28 28 28 28 28 28 28 28 28 28 28 28 28 28;40 40 40 40 40 40 40 40 40 40 40 40 40 40 40 40 40 40 40 40 40 40 40 40 40 40 40 40 40 40 40 40 40 40 40 40 40 40 40;42 42 42 42 42 42 42 42 42 42 42 42 42 42 42 42 42 42 42 42 42 42 42 42 42 42 42 42 42 42 42 42 42 42 42 42 42 42 42;28 28 28 28 28 28 28 28 28 28 28 28 28 28 28 28 28 28 28 28 28 28 28 28 28 28 28 28 28 28 28 28 28 28 28 28 28 28 28;47 47 47 47 47 47 47 47 47 47 47 47 47 47 47 47 47 47 47 47 47 47 47 47 47 47 47 47 47 47 47 47 47 47 47 47 47 47 47;36 36 36 36 36 36 36 36 36 36 36 36 36 36 36 36 36 36 36 36 36 36 36 36 36 36 36 36 36 36 36 36 36 36 36 36 36 36 36;52 52 52 52 52 52 52 52 52 52 52 52 52 52 52 52 52 52 52 52 52 52 52 52 52 52 52 52 52 52 52 52 52 52 52 52 52 52 52;46 46 46 46 46 46 46 46 46 46 46 46 46 46 46 46 46 46 46 46 46 46 46 46 46 46 46 46 46 46 46 46 46 46 46 46 46 46 46;48 48 48 48 48 48 48 48 48 48 48 48 48 48 48 48 48 48 48 48 48 48 48 48 48 48 48 48 48 48 48 48 48 48 48 48 48 48 48;46 46 46 46 46 46 46 46 46 46 46 46 46 46 46 46 46 46 46 46 46 46 46 46 46 46 46 46 46 46 46 46 46 46 46 46 46 46 46;41 41 41 41 41 41 41 41 41 41 41 41 41 41 41 41 41 41 41 41 41 41 41 41 41 41 41 41 41 41 41 41 41 41 41 41 41 41 41;
d;3.000 3.582 3.000 89.471 3.000 81.980 3.000 71.386 3.000 11.340 3.000 158.778 3.000 14.716 3.000 48.728 3.000 66.631 3.000 140.677 3.000 101.657 3.000 5.428 3.000 55.463 3.000 60.494 3.000 80.759 3.000 47.569 3.000 65.320 3.000 28.112 3.000 4.700 3.000
S;0.58323522120943883 0.58195316992738755 0.57994480432182194 0.57866275303977055 0.56664907522525254 0.56536702394320126 0.53745264785274749 0.5361705965706961 0.51584177259917563 0.51455972131712435 0.48004725430581213 0.47876520302376085 0.45291299610575542 0.45163094482370414 0.42792893895804557 0.42664688767599429 0.42432715263945564 0.42304510135740436 0.37960191197598403 0.37831986069393275 0.31820131990132083 0.31691926861926956 0.28844456078429265 0.28716250950224137 0.2663386460912423 0.26505659480919103 0.25876750337016319 0.25748545208811191 0.18963160720431874 0.18834955592226746 0.18350346002894985 0.18222140874689857 0.15171447780517291 0.15043242652312164 0.11539822421087358 0.1141161729288223 0.075880889737400911 0.074598838455349634 0.073068234910857663 0.071786183628806385;1.415027678778048 1.4138081665829259 1.4118977700312905 1.4106782578361683 1.3992506130857731 1.3980311008906512 1.3714784016826584 1.3702588894875365 1.3509217154658464 1.3497022032707242 1.3168732712355735 1.3156537590404516 1.2910626353867392 1.289843123191617 1.2672973127340394 1.2660778005389173 1.263871223309039 1.2626517111139171 1.2213277017023221 1.2201081895072001 1.1629222604605691 1.1617027482654472 1.1346170505687616 1.1333975383736397 1.1135894731778113 1.1123699609826894 1.1063876544919067 1.1051681422967845 1.0406242410658593 1.0394047288707375 1.034795027899045 1.0335755157039233 1.0045567277349645 1.0033372155398428 0.97001199870624089 0.96879248651111893 0.93242233908513272 0.93120282689001088 0.92974688693305507 0.92852737473793323;1.7403451831477146 1.7392088195113511 1.7374286772700542 1.7362923136336907 1.7256438264799134 1.7245074628435499 1.699765174945193 1.6986288113088295 1.6806100809704363 1.6794737173340728 1.648883121574046 1.6477467579376825 1.6248323018058142 1.6236959381694507 1.6026873420612533 1.6015509784248898 1.5994948496425032 1.5983584860061397 1.5598520226907899 1.5587156590544262 1.5054287706246112 1.5042924069882477 1.4790534614072455 1.4779170977708818 1.4594595824747689 1.4583232188384054 1.4527487968810853 1.4516124332447218 1.3914692525522687 1.390332888915905 1.3860374857377373 1.3849011221013738 1.3578608878575715 1.3567245242212078 1.3256714812626245 1.324535117626261 1.2906447529793192 1.2895083893429558 1.2881517180194286 1.2870153543830651;2.3034673097830165 2.301681595497302 2.2988842291181215 2.297098514832407 2.2803651778764711 2.278579463590757 2.239698725464768 2.2379130111790535 2.2095978635044355 2.207812149218721 2.1597412130243936 2.1579554987386791 2.1219470676743142 2.1201613533886001 2.0871478452185754 2.0853621309328614 2.0821310714176824 2.0803453571319679 2.0198352004935609 2.0180494862078464 1.9343129472467087 1.9325272329609942 1.8928660327622764 1.8910803184765619 1.8620756515826704 1.8602899372969559 1.8515301313640244 1.8497444170783099 1.755233704561598 1.7534479902758837 1.7466980709959055 1.7449123567101912 1.7024205600413589 1.7006348457556446 1.6518372068207277 1.6500514925350134 1.5967952052326766 1.5950094909469621 1.5928775788671341 1.5910918645814196;2.4460565984254279 2.4448065984254281 2.4428484419600016 2.4415984419600019 2.4298851060908464 2.4286351060908467 2.4014185894026543 2.4001685894026545 2.3803479860304222 2.3790979860304224 2.345448330694393 2.3441983306943928 2.3189924289493375 2.3177424289493378 2.2946329732303208 2.293382973230321 2.2911212315696958 2.2898712315696961 2.2475141219228112 2.2462641219228114 2.1876485446500147 2.1863985446500149 2.1586357045109121 2.1573857045109124 2.137082437685188 2.1358324376851883 2.1297005735321362 2.128450573532136 2.0622930747704378 2.0610430747704376 2.0563181312744532 2.055068131274453 2.0253238736062706 2.0240738736062704 1.9899155263518287 1.9886655263518285 1.9513861252401925 1.9501361252401925 1.9486437867843129 1.947393786784313;2.8520372793771971 2.8508468031867205 2.8489818922672669 2.8477914160767903 2.8366358581061664 2.8354453819156902 2.8095248898316973 2.8083344136412207 2.789457648524809 2.7882671723343324 2.7562198815381143 2.7550294053476376 2.7310237846380612 2.7298333084475845 2.7078243030009022 2.7066338268104255 2.7044797871336397 2.703289310943163 2.6629492065175584 2.6617587303270818 2.6059343710196567 2.6047438948291801 2.5783030946967016 2.5771126185062254 2.5577761739102978 2.5565856977198211 2.5507458270978671 2.5495553509073905 2.4865482092295825 2.4853577330391063 2.4808577868524542 2.479667310661978 2.4513394462160898 2.4501489700256136 2.4176172107356688 2.4164267345451922 2.3809225430103012 2.379732066819825 2.3783107920999393 2.3771203159094632;3.3471494797219843 3.3453637654362698 3.3425663990570893 3.3407806847713748 3.3240473478154389 3.3222616335297248 3.2833808954037358 3.2815951811180213 3.2532800334434033 3.2514943191576888 3.2034233829633609 3.2016376686776469 3.165629237613282 3.1638435233275675 3.1308300151575432 3.1290443008718287 3.1258132413566502 3.1240275270709357 3.0635173704325287 3.0617316561468142 2.9779951171856762 2.9762094028999617 2.9365482027012439 2.9347624884155294 2.9057578215216382 2.9039721072359237 2.8952123013029918 2.8934265870172777 2.7989158745005658 2.7971301602148513 2.7903802409348732 2.7885945266491587 2.7461027299803269 2.7443170156946124 2.6955193767596954 2.6937336624739809 2.6404773751716437 2.6386916608859297 2.6365597488061012 2.6347740345203872;3.3349341090890845 3.3362161603711358 3.3383877895566534 3.3396698408387042 3.3779051240301259 3.3791871753121767 3.4142213776244246 3.4155034289064758 3.4460103598482017 3.447292411130253 3.4521385070235704 3.4534205583056217 3.5212744031894148 3.5225564544714656 3.5288455459104937 3.530127597192545 3.5509514606035437 3.552233511885595 3.580708219720572 3.5819902710026232 3.6421088117952349 3.6433908630772862 3.6868340524587064 3.6881161037407577 3.6904358387772964 3.6917178900593473 3.7154198959250055 3.7167019472070568 3.7425541541250622 3.7438362054071135 3.7783486724184256 3.7796307237004769 3.7999595476719974 3.8012415989540487 3.8291559750445021 3.8304380263265534 3.8424517041410713 3.8437337554231226 3.845742121028688 3.8470241723107392;3.6256833856246447 3.6269028978197664 3.6289685938742831 3.6301881060694048 3.6665582534953907 3.6677777656905124 3.7011029825241142 3.7023224947192359 3.7313412826881946 3.7325607948833168 3.7371704958550094 3.7383900080501311 3.8029339092810566 3.8041534214761783 3.8101357279669608 3.8113552401620825 3.8311633053579111 3.8323828175530328 3.8594685152497181 3.8606880274448399 3.9178739564914706 3.9190934686865924 3.9604174780981873 3.9616369902933091 3.9638435675231873 3.9650630797183095 3.9876088901758866 3.9888284023710083 4.0134195260247214 4.0146390382198431 4.0474679702549938 4.0486874824501156 4.0680246564718052 4.0692441686669278 4.0957968678749204 4.0970163800700421 4.1084440248204368 4.1096635370155585 4.1115739335671941 4.1127934457623159;3.6786296056725942 3.6797659693089577 3.6816908224506664 3.6828271860870299 3.7167175507339718 3.7178539143703353 3.7489069573289187 3.7500433209652821 3.7770835552090842 3.7782199188454482 3.7825153220236158 3.7836516856599798 3.8437948663524324 3.8449312299887959 3.8505056519461158 3.8516420155824793 3.8700995308785919 3.8712358945149554 3.8964748400959577 3.8976112037323216 3.9508980921621366 3.9520344557985001 3.9905409191138501 3.9916772827502141 3.9937334115326006 3.9948697751689641 4.0158783712771617 4.0170147349135252 4.0399291910453936 4.0410655546817571 4.0716561504417843 4.0727925140781478 4.0908112444165408 4.0919476080529043 4.1166898959512608 4.1178262595876243 4.1284747467414018 4.1296111103777653 4.1313912526190624 4.1325276162554259;3.8990110873503725 3.9007968016360866 3.903821570858772 3.9056072851444861 3.9588635724468233 3.9606492867325378 4.0094469256674552 4.0112326399531693 4.0537244366220015 4.0555101509077156 4.0622600701876941 4.0640457844734081 4.1585564969901201 4.1603422112758341 4.1691020172087665 4.1708877314944806 4.1998923983883722 4.2016781126740863 4.2413393128728041 4.2431250271585181 4.326861566119657 4.3286472804053711 4.3891574370437771 4.3909431513294912 4.3941742108446693 4.3959599251303834 4.428973433300408 4.4307591475861212 4.4667675786504866 4.4685532929362006 4.5166242291305281 4.5184099434162421 4.5467250910908596 4.5485108053765737 4.5873915435025623 4.5891772577882763 4.6059105947442118 4.607696309029925 4.6104936754091064 4.6122793896948204;4.4680137976297827 4.4692637976297824 4.4713811360856628 4.4726311360856625 4.5099105371972978 4.5111605371972976 4.5453188844517394 4.5465688844517391 4.576313142119921 4.5775631421199217 4.5822880856159056 4.5835380856159054 4.6496955843776044 4.6509455843776042 4.6570774485306563 4.6583274485306561 4.6786307153563795 4.6798807153563793 4.7076435554954816 4.7088935554954814 4.7675091327682786 4.7687591327682783 4.8111162424151637 4.8123662424151634 4.8146279840757886 4.8158779840757884 4.8389874397948054 4.8402374397948051 4.8654433415398604 4.8666933415398601 4.9003429968758896 4.9015929968758893 4.9214136002481217 4.9226636002481223 4.9498801169363142 4.951130116936314 4.962843452805469 4.9640934528054688 4.9660516092708953 4.967301609270895;4.6904831940856031 4.6916736702760788 4.6936901830912028 4.6948806592816785 4.7303848508165691 4.7315753270070458 4.7641070862969901 4.7652975624874658 4.7936254269333549 4.7948159031238307 4.7993158493104833 4.800506325500959 4.8635134671787661 4.8647039433692418 4.8705438139911967 4.8717342901816734 4.8910707347776006 4.8922612109680763 4.9187020111005548 4.9198924872910315 4.9757168465984565 4.9769073227889322 5.0172474272145369 5.0184379034050126 5.020591943081798 5.0217824192722738 5.0437914247189575 5.0449819009094332 5.0689875216190092 5.070177997809485 5.1022252886057045 5.1034157647961802 5.1222925299125928 5.1234830061030685 5.1494034981870609 5.1505939743775375 5.1617495323481615 5.1629400085386372 5.1648049194580912 5.1659953956485669;5.2465607517683397 5.2483464660540537 5.2513712352767383 5.2531569495624524 5.3064132368647892 5.3081989511505032 5.3569965900854202 5.3587823043711342 5.4012741010399656 5.4030598153256797 5.4098097346056582 5.4115954488913722 5.5061061614080842 5.5078918756937982 5.5166516816267297 5.5184373959124438 5.5474420628063354 5.5492277770920486 5.5888889772907664 5.5906746915764804 5.6744112305376184 5.6761969448233325 5.7367071014617386 5.7384928157474526 5.7417238752626316 5.7435095895483448 5.7765230977183695 5.7783088120040835 5.814317243068448 5.8161029573541621 5.8641738935484904 5.8659596078342036 5.8942747555088211 5.8960604697945351 5.9349412079205246 5.9367269222062378 5.9534602591621733 5.9552459734478873 5.9580433398270687 5.9598290541127827;
