m;4
n;8
P;39
P1;2 4 6 8 10 12 14 16 18 20 22 24 26 28 30 32 34 36 38
Q;40
M;100
h;1 1 1 1 1 1 1 1 1 1 1 1 1 1 1 1 1 1 1 1 1 1 1 1 1 1 1 1 1 1 1 1 1 1 1 1 1 1 1
Vmin;46 46 46 46 46 46 46 46 46 46 46 46 46 46 46 46 46 46 46 46 46 46 46 46 46 46 46 46 46 46 46 46 46 46 46 46 46 46 46;41 41 41 41 41 41 41 41 41 41 41 41 41 41 41 41 41 41 41 41 41 41 41 41 41 41 41 41 41 41 41 41 41 41 41 41 41 41 41;28 28 28 28 28 28 28 28 28 28 28 28 28 28 28 28 28 28 28 28 28 28 28 28 28 28 28 28 28 28 28 28 28 28 28 28 28 28 28;52 52 52 52 52 52 52 52 52 52 52 52 52 52 52 52 52 52 52 52 52 52 52 52 52 52 52 52 52 52 52 52 52 52 52 52 52 52 52;50 50 50 50 50 50 50 50 50 50 50 50 50 50 50 50 50 50 50 50 50 50 50 50 50 50 50 50 50 50 50 50 50 50 50 50 50 50 50;49 49 49 49 49 49 49 49 49 49 49 49 49 49 49 49 49 49 49 49 49 49 49 49 49 49 49 49 49 49 49 49 49 49 49 49 49 49 49;40 40 40 40 40 40 40 40 40 40 40 40 40 40 40 40 40 40 40 40 40 40 40 40 40 40 40 40 40 40 40 40 40 40 40 40 40 40 40;52 52 52 52 52 52 52 52 52 52 52 52 52 52 52 52 52 52 52 52 52 52 52 52 52 52 52 52 52 52 52 52 52 52 52 52 52 52 52;
Vmax;46 46 46 46 46 46 46 46 46 46 46 46 46 46 46 46 46 46 46 46 46 46 46 46 46 46 46 46 46 46 46 46 46 46 46 46 46 46 46;41 41 41 41 41 41 41 41 41 41 41 41 41 41 41 41 41 41 41 41 41 41 41 41 41 41 41 41 41 41 41 41 41 41 41 41 41 41 41;28 28 28 28 28 28 28 28 28 28 28 28 28 28 28 28 28 28 28 28 28 28 28 28 28 28 28 28 28 28 28 28 28 28 28 28 28 28 28;52 52 52 52 52 52 52 52 52 52 52 52 52 52 52 52 52 52 52 52 52 52 52 52 52 52 52 52 52 52 52 52 52 52 52 52 52 52 52;50 50 50 50 50 50 50 50 50 50 50 50 50 50 50 50 50 50 50 50 50 50 50 50 50 50 50 50 50 50 50 50 50 50 50 50 50 50 50;49 49 49 49 49 49 49 49 49 49 49 49 49 49 49 49 49 49 49 49 49 49 49 49 49 49 49 49 49 49 49 49 49 49 49 49 49 49 49;40 40 40 40 40 40 40 40 40 40 40 40 40 40 40 40 40 40 40 40 40 40 40 40 40 40 40 40 40 40 40 40 40 40 40 40 40 40 40;52 52 52 52 52 52 52 52 52 52 52 52 52 52 52 52 52 52 52 52 52 52 52 52 52 52 52 52 52 52 52 52 52 52 52 52 52 52 52;
d;3.000 16.398 3.000 13.464 3.000 7.185 3.000 16.912 3.000 4.571 3.000 56.616 3.000 34.007 3.000 51.257 3.000 132.097 3.000 49.402 3.000 49.628 3.000 36.494 3.000 87.506 3.000 44.873 3.000 30.943 3.000 23.079 3.000 84.215 3.000 33.192 3.000 63.300 3.000
S;0.99711529537635457 0.99602833885461528 0.97309353761937623 0.97200658109763693 0.95998065876417604 0.95889370224243686 0.92838103353413337 0.92729407701239419 0.91893213060315437 0.91784517408141519 0.90663410012164136 0.90554714359990218 0.8892886380495012 0.88820168152776202 0.85649666049633699 0.85540970397459781 0.8421871793686263 0.84110022284688712 0.82311896248832683 0.82203200596658765 0.80413267493165119 0.80304571840991201 0.75518442074399883 0.75409746422225965 0.73552616526804726 0.73443920874630808 0.72211781264173802 0.72103085611999884 0.70051798366668527 0.69943102714494609 0.69777484159590997 0.69668788507417079 0.6905604462973276 0.68947348977558842 0.68687006695065755 0.68578311042891837 0.68090470536552605 0.67981774884378687 0.6738764039149987 0.67278944739325952;1.4805787081574904 1.4793591959623682 1.4536274677472218 1.4524079555520999 1.4389154573243144 1.4376959451291924 1.4034622192613397 1.4022427070662178 1.3928610110948756 1.3916414988997536 1.3790632207985438 1.3778437086034219 1.3596024584737036 1.3583829462785817 1.3228114592677147 1.3215919470725928 1.306756919465893 1.3055374072707708 1.2853633102831179 1.2841437980879959 1.2640616218048963 1.2628421096097744 1.209144068326067 1.2079245561309448 1.1870884646213409 1.1858689524262189 1.1720449470406038 1.1708254348454818 1.1478109925807884 1.1465914803856665 1.1447333209891868 1.1435138087940648 1.1366391213858995 1.1354196091907773 1.1324986957774403 1.1312791835823184 1.1258058510721711 1.124586338877049 1.1179204396886526 1.1167009274935304;1.943165794378128 1.9413800800924137 1.9037014780630921 1.9019157637773778 1.8821588913724063 1.880373177086692 1.8302452213516218 1.8284595070659075 1.8147220236792991 1.8129363093935849 1.7945181164596706 1.7927324021739564 1.7660220001982976 1.7642362859125833 1.7121494656466709 1.7103637513609564 1.6886410323654319 1.6868553180797177 1.6573146760620829 1.6555289617763687 1.6261229179332588 1.6243372036475445 1.5457079289106872 1.5439222146249729 1.51341222348591 1.5116265092001955 1.4913842155998305 1.4895985013141162 1.4558987822836724 1.4541130679979581 1.4513921917388271 1.4496064774531128 1.4395399708911563 1.4377542566054418 1.4334772048216269 1.4316914905359124 1.423676967931768 1.4218912536460535 1.412130472691616 1.4103447584059017;2.2039298722022331 2.2029683337406945 2.1826798557249063 2.1817183172633676 2.1710800013529985 2.1701184628914598 2.1431264867264224 2.1421649482648837 2.1347678418259406 2.1338063033644019 2.1238888148615249 2.1229272763999867 2.1085447522592471 2.1075832137977089 2.0795364644237559 2.0785749259622173 2.0668780772723196 2.065916538810781 2.050010039262824 2.0490485008012853 2.0332144771934568 2.0322529387319186 1.9899140984889954 1.9889525600274569 1.9725241032602692 1.9715625647987307 1.9606628682446881 1.9597013297831496 1.941555327228295 1.9405937887667568 1.9391287015503016 1.9381671630887631 1.9327467364784787 1.9317851980169403 1.9294821701333476 1.9285206316718091 1.9242051195003467 1.9232435810388082 1.9179877759094957 1.9170262374479572;2.12184844716402 2.1229354036857591 2.1294202268754168 2.1305071833971558 2.1353855884605482 2.1364725449822872 2.139075967807218 2.1401629243289571 2.1462903631058001 2.1473773196275392 2.1490335051765754 2.1501204616983145 2.1706333341516282 2.1717202906733672 2.1840416867779373 2.1851286432996764 2.203699942253889 2.2047868987756281 2.252648196441541 2.2537351529632801 2.2716344839982168 2.2727214405199558 2.2907027008785161 2.2917896574002552 2.3050121820062262 2.3060991385279652 2.3378041595593904 2.3388911160811294 2.3551496216315306 2.3562365781532697 2.3674476521130434 2.3685346086347825 2.3768965550440222 2.3779835115657613 2.408496180274065 2.409583136795804 2.4216090591292652 2.4226960156510042 2.4456308168862435 2.4467177734079826;2.928870041666868 2.9300895538619898 2.9373652091479472 2.9385847213430689 2.9440580538532166 2.9452775660483383 2.9481984794616753 2.9494179916567971 2.9562926790649628 2.9575121912600846 2.9593703506565641 2.9605898628516858 2.9836043051163794 2.9848238173115011 2.9986478226971163 2.999867334892238 3.0207034264018424 3.0219229385969641 3.075620979880672 3.0768404920757937 3.0969226683588928 3.0981421805540146 3.1183162775416675 3.1195357897367892 3.134370817343489 3.1355903295386107 3.1711618165494779 3.1723813287445997 3.1906225788743181 3.1918420910694398 3.2044203691706494 3.2056398813657712 3.2150215773371134 3.2162410895322351 3.250474815400088 3.2516943275952097 3.2651868258229948 3.2664063380181165 3.2921380662332629 3.2933575784283846;3.1369349240586062 3.1387206383443202 3.1493742764416153 3.1511599907273298 3.1591745133314739 3.1609602276171884 3.1652372794010035 3.1670229936867176 3.1770895002486745 3.1788752145343886 3.1815960907935197 3.1833818050792342 3.2170815241096777 3.2188672383953918 3.2391095319957572 3.2408952462814713 3.2714052374205349 3.273190951706249 3.3518202264431065 3.3536059407288206 3.3830119845719304 3.3847976988576449 3.4143383408752799 3.4161240551609939 3.4378467741565188 3.4396324884422333 3.491719308708146 3.49350502299386 3.520215424969519 3.5220011392552331 3.5404193321891473 3.5422050464748618 3.5559425298614702 3.5577282441471847 3.6078561998822547 3.6096419141679688 3.6293987865729407 3.6311845008586547 3.6688631028879763 3.6706488171736908;3.3208099014683463 3.321771439929885 3.3275080142899669 3.3284695527515056 3.3327850649229678 3.3337466033845065 3.3360496312680992 3.3370111697296378 3.3424315963399223 3.3433931348014609 3.3448582220179164 3.3458197604794551 3.3639657630343089 3.3649273014958476 3.3758269980498903 3.376788536511429 3.3932169932786169 3.3941785317401556 3.4365173719830788 3.4374789104446175 3.453312934052446 3.4542744725139847 3.4701809720619416 3.4711425105234803 3.4828393592133784 3.4838008976749171 3.5118476470488695 3.5128091855104082 3.5271917096511478 3.5281532481126865 3.5380707366155635 3.5390322750771022 3.5464293815160448 3.5473909199775835 3.5743828961426214 3.5753444346041601 3.5859827505145292 3.5869442889760679 3.607232766991856 3.6081943054533947;
