m;3
n;6
P;39
P1;2 4 6 8 10 12 14 16 18 20 22 24 26 28 30 32 34 36 38
Q;40
M;100
h;1 1 1 1 1 1 1 1 1 1 1 1 1 1 1 1 1 1 1 1 1 1 1 1 1 1 1 1 1 1 1 1 1 1 1 1 1 1 1
Vmin;52 52 52 52 52 52 52 52 52 52 52 52 52 52 52 52 52 52 52 52 52 52 52 52 52 52 52 52 52 52 52 52 52 52 52 52 52 52 52;52 52 52 52 52 52 52 52 52 52 52 52 52 52 52 52 52 52 52 52 52 52 52 52 52 52 52 52 52 52 52 52 52 52 52 52 52 52 52;28 28 28 28 28 28 28 28 28 28 28 28 28 28 28 28 28 28 28 28 28 28 28 28 28 28 28 28 28 28 28 28 28 28 28 28 28 28 28;51 51 51 51 51 51 51 51 51 51 51 51 51 51 51 51 51 51 51 51 51 51 51 51 51 51 51 51 51 51 51 51 51 51 51 51 51 51 51;44 44 44 44 44 44 44 44 44 44 44 44 44 44 44 44 44 44 44 44 44 44 44 44 44 44 44 44 44 44 44 44 44 44 44 44 44 44 44;51 51 51 51 51 51 51 51 51 51 51 51 51 51 51 51 51 51 51 51 51 51 51 51 51 51 51 51 51 51 51 51 51 51 51 51 51 51 51;
Vmax;52 52 52 52 52 52 52 52 52 52 52 52 52 52 52 52 52 52 52 52 52 52 52 52 52 52 52 52 52 52 52 52 52 52 52 52 52 52 52;52 52 52 52 52 52 52 52 52 52 52 52 52 52 52 52 52 52 52 52 52 52 52 52 52 52 52 52 52 52 52 52 52 52 52 52 52 52 52;28 28 28 28 28 28 28 28 28 28 28 28 28 28 28 28 28 28 28 28 28 28 28 28 28 28 28 28 28 28 28 28 28 28 28 28 28 28 28;51 51 51 51 51 51 51 51 51 51 51 51 51 51 51 51 51 51 51 51 51 51 51 51 51 51 51 51 51 51 51 51 51 51 51 51 51 51 51;44 44 44 44 44 44 44 44 44 44 44 44 44 44 44 44 44 44 44 44 44 44 44 44 44 44 44 44 44 44 44 44 44 44 44 44 44 44 44;51 51 51 51 51 51 51 51 51 51 51 51 51 51 51 51 51 51 51 51 51 51 51 51 51 51 51 51 51 51 51 51 51 51 51 51 51 51 51;
d;3.000 59.425 3.000 7.763 3.000 21.260 3.000 15.768 3.000 3.963 3.000 100.898 3.000 21.280 3.000 68.924 3.000 99.324 3.000 7.707 3.000 70.644 3.000 65.506 3.000 21.937 3.000 54.035 3.000 91.820 3.000 6.006 3.000 42.499 3.000 89.621 3.000 23.363 3.000
S;1.7325381582021209 1.7315766197405824 1.7240884810367922 1.7231269425752538 1.6944023614754895 1.693440823013951 1.6798193979648899 1.6788578595033514 1.6769327250118857 1.6759711865503475 1.6465416308568641 1.6455800923953257 1.6282612200793039 1.6272996816177654 1.6202685614121288 1.6193070229505904 1.5983115522030216 1.5973500137414831 1.5747077291949287 1.5737461907333903 1.5712760581114789 1.5703145196499404 1.5384799513902623 1.5375184129287238 1.5154272759685579 1.5144657375070194 1.5076453633871572 1.5066838249256187 1.474344775029178 1.4733832365676396 1.4721129860260254 1.4711514475644869 1.4660976052699828 1.4651360668084443 1.4583218543277388 1.4573603158662003 1.4548722672551515 1.453910728793613 1.4348643936475827 1.4339028551860442;2.4611347778718917 2.460173239410353 2.4526851007065629 2.4517235622450242 2.4229989811452604 2.4220374426837217 2.4084160176346603 2.4074544791731216 2.4055293446816561 2.4045678062201175 2.3751382505266343 2.3741767120650956 2.356857839749074 2.3558963012875354 2.3488651810818988 2.3479036426203601 2.3269081718727915 2.3259466334112529 2.3033043488646983 2.3023428104031596 2.2998726777812477 2.298911139319709 2.2670765710600311 2.2661150325984925 2.2440238956383265 2.2430623571767878 2.2362419830569258 2.2352804445953871 2.2029413946989465 2.2019798562374078 2.2007096056957933 2.1997480672342546 2.194694224939751 2.1937326864782123 2.1869184739975069 2.1859569355359683 2.1834688869249192 2.1825073484633806 2.1634610133173502 2.1624994748558115;2.9693595687854488 2.9675738544997343 2.9536673111926959 2.9518815969069814 2.898535946293133 2.896750232007419 2.8714532997734481 2.8696675854877336 2.8660923357178691 2.8643066214321551 2.8096517322871151 2.8078660180014006 2.7757023979859317 2.7739166837002172 2.7608588890326065 2.7590731747468924 2.7200815862156928 2.7182958719299788 2.6762459149149489 2.6744602006292344 2.669872811474256 2.6680870971885415 2.6089657561348534 2.6071800418491393 2.5661536446374025 2.564367930351688 2.5517015212719438 2.5499158069862293 2.4898575714642686 2.4880718571785541 2.4857128204584127 2.4839271061726986 2.4745413990543339 2.4727556847686198 2.4601007187330239 2.4583150044473094 2.453694342741076 2.4519086284553619 2.4165368631841626 2.4147511488984481;2.8344026627142975 2.8353642011758362 2.8548913055526359 2.8558528440141746 2.8583408926252236 2.8593024310867623 2.8661166435674676 2.8670781820290063 2.8721320243235104 2.8730935627850491 2.8743638133266631 2.8753253517882018 2.9076644016846425 2.9086259401461811 2.9154463142660432 2.9164078527275819 2.9384989896877483 2.9394605281492869 2.9712950964089648 2.9722566348705035 2.9747267674924149 2.9756883059539536 2.9983305905005082 2.9992921289620469 3.0202875997096159 3.0212491381711546 3.0282802583767907 3.0292417968383294 3.0465606691543514 3.0475222076158901 3.0769517633093733 3.0779133017709119 3.0798384362623774 3.0807999747239161 3.094421399772977 3.0953829382345157 3.12410751933428 3.1250690577958187 3.1325571964996088 3.1335187349611475;3.4017395528997421 3.4027010913612807 3.4222281957380805 3.4231897341996191 3.4256777828106681 3.4266393212722068 3.4334535337529122 3.4344150722144509 3.439468914508955 3.4404304529704937 3.4417007035121077 3.4426622419736463 3.475001291870087 3.4759628303316257 3.4827832044514877 3.4837447429130264 3.5058358798731928 3.5067974183347315 3.5386319865944094 3.539593525055948 3.5420636576778595 3.5430251961393981 3.5656674806859527 3.5666290191474914 3.5876244898950604 3.5885860283565991 3.5956171485622352 3.5965786870237739 3.613897559339796 3.6148590978013346 3.6442886534948178 3.6452501919563565 3.6471753264478219 3.6481368649093606 3.6617582899584216 3.6627198284199602 3.6914444095197245 3.6924059479812632 3.6998940866850534 3.7008556251465921;4.1139013560229207 4.1156870703086357 4.151951692722692 4.1537374070084061 4.15835806871464 4.160143783000354 4.1727987490359499 4.174584463321664 4.1839701704400287 4.1857558847257428 4.1881149214458846 4.1899006357315987 4.2499588712535594 4.2517445855392744 4.2644109946190181 4.266196708904733 4.3072231061164699 4.3090088204021839 4.3681301614558716 4.3699158757415857 4.374503264896564 4.3762889791822781 4.4183389361973076 4.4201246504830216 4.4591162390142216 4.4609019532999357 4.4739597479675464 4.4757454622532604 4.5079090822687293 4.5096947965544434 4.5643496856994838 4.5661353999851979 4.5697106497550628 4.5714963640407769 4.5967932962747478 4.5985790105604609 4.6519246611743093 4.6537103754600233 4.6676169187670622 4.6694026330527754;
