m;5
n;10
P;39
P1;2 4 6 8 10 12 14 16 18 20 22 24 26 28 30 32 34 36 38
Q;40
M;100
h;1 1 1 1 1 1 1 1 1 1 1 1 1 1 1 1 1 1 1 1 1 1 1 1 1 1 1 1 1 1 1 1 1 1 1 1 1 1 1
Vmin;40 40 40 40 40 40 40 40 40 40 40 40 40 40 40 40 40 40 40 40 40 40 40 40 40 40 40 40 40 40 40 40 40 40 40 40 40 40 40;49 49 49 49 49 49 49 49 49 49 49 49 49 49 49 49 49 49 49 49 49 49 49 49 49 49 49 49 49 49 49 49 49 49 49 49 49 49 49;52 52 52 52 52 52 52 52 52 52 52 52 52 52 52 52 52 52 52 52 52 52 52 52 52 52 52 52 52 52 52 52 52 52 52 52 52 52 52;48 48 48 48 48 48 48 48 48 48 48 48 48 48 48 48 48 48 48 48 48 48 48 48 48 48 48 48 48 48 48 48 48 48 48 48 48 48 48;50 50 50 50 50 50 50 50 50 50 50 50 50 50 50 50 50 50 50 50 50 50 50 50 50 50 50 50 50 50 50 50 50 50 50 50 50 50 50;28 28 28 28 28 28 28 28 28 28 28 28 28 28 28 28 28 28 28 28 28 28 28 28 28 28 28 28 28 28 28 28 28 28 28 28 28 28 28;39 39 39 39 39 39 39 39 39 39 39 39 39 39 39 39 39 39 39 39 39 39 39 39 39 39 39 39 39 39 39 39 39 39 39 39 39 39 39;44 44 44 44 44 44 44 44 44 44 44 44 44 44 44 44 44 44 44 44 44 44 44 44 44 44 44 44 44 44 44 44 44 44 44 44 44 44 44;50 50 50 50 50 50 50 50 50 50 50 50 50 50 50 50 50 50 50 50 50 50 50 50 50 50 50 50 50 50 50 50 50 50 50 50 50 50 50;51 51 51 51 51 51 51 51 51 51 51 51 51 51 51 51 51 51 51 51 51 51 51 51 51 51 51 51 51 51 51 51 51 51 51 51 51 51 51;
Vmax;40 40 40 40 40 40 40 40 40 40 40 40 40 40 40 40 40 40 40 40 40 40 40 40 40 40 40 40 40 40 40 40 40 40 40 40 40 40 40;49 49 49 49 49 49 49 49 49 49 49 49 49 49 49 49 49 49 49 49 49 49 49 49 49 49 49 49 49 49 49 49 49 49 49 49 49 49 49;52 52 52 52 52 52 52 52 52 52 52 52 52 52 52 52 52 52 52 52 52 52 52 52 52 52 52 52 52 52 52 52 52 52 52 52 52 52 52;48 48 48 48 48 48 48 48 48 48 48 48 48 48 48 48 48 48 48 48 48 48 48 48 48 48 48 48 48 48 48 48 48 48 48 48 48 48 48;50 50 50 50 50 50 50 50 50 50 50 50 50 50 50 50 50 50 50 50 50 50 50 50 50 50 50 50 50 50 50 50 50 50 50 50 50 50 50;28 28 28 28 28 28 28 28 28 28 28 28 28 28 28 28 28 28 28 28 28 28 28 28 28 28 28 28 28 28 28 28 28 28 28 28 28 28 28;39 39 39 39 39 39 39 39 39 39 39 39 39 39 39 39 39 39 39 39 39 39 39 39 39 39 39 39 39 39 39 39 39 39 39 39 39 39 39;44 44 44 44 44 44 44 44 44 44 44 44 44 44 44 44 44 44 44 44 44 44 44 44 44 44 44 44 44 44 44 44 44 44 44 44 44 44 44;50 50 50 50 50 50 50 50 50 50 50 50 50 50 50 50 50 50 50 50 50 50 50 50 50 50 50 50 50 50 50 50 50 50 50 50 50 50 50;51 51 51 51 51 51 51 51 51 51 51 51 51 51 51 51 51 51 51 51 51 51 51 51 51 51 51 51 51 51 51 51 51 51 51 51 51 51 51;
d;3.000 2.644 3.000 10.132 3.000 57.068 3.000 49.215 3.000 23.986 3.000 100.788 3.000 10.345 3.000 83.645 3.000 34.520 3.000 82.324 3.000 17.867 3.000 37.289 3.000 28.233 3.000 56.257 3.000 64.975 3.000 59.038 3.000 20.634 3.000 88.960 3.000 85.662 3.000
S;0.48781310965475133 0.48656310965475136 0.4508707222196604 0.44962072221966043 0.41255422917672713 0.4113042291767271 0.40270672434122196 0.40145672434122198 0.3768573532393808 0.37560735323938077 0.34853451008915243 0.34728451008915245 0.32384392907689796 0.32259392907689793 0.3108303043662603 0.30958030436626033 0.29404316425258337 0.29279316425258339 0.28534860534867329 0.28409860534867332 0.24979691311658112 0.24854691311658114 0.23416370430342384 0.23291370430342387 0.19806167331173052 0.19681167331173055 0.19250107522234911 0.1912510752223491 0.14925603795445788 0.14800603795445788 0.13801193365370848 0.13676193365370848 0.1162558471768977 0.1150058471768977 0.091227576598557611 0.08997757659855761 0.085755744044206342 0.084505744044206341 0.083404211377613238 0.082154211377613237;1.0193027976810169 1.0182823895177517 0.9891457467135959 0.98812533855033058 0.95786697688262978 0.95684656871936447 0.94982819742507452 0.94880778926180931 0.9287266699950002 0.92770626183173488 0.90560598170909945 0.90458557354583413 0.88545040537256514 0.88442999720929982 0.8748270382618405 0.87380663009857529 0.861123250413941 0.86010284225067568 0.85402565130870822 0.8530052431454429 0.8250038617314901 0.82398345356822478 0.81224205861870868 0.81122165045544337 0.78277101291120377 0.78175060474793845 0.77823174916476989 0.77721134100150457 0.74292967792567499 0.74190926976240967 0.73375081727200198 0.73273040910873666 0.71599074667868701 0.71497033851542169 0.69555950539024614 0.69453909722698082 0.69109270330506145 0.69007229514179613 0.68917308480172013 0.68815267663845481;1.1121193477625557 1.1111578093010173 1.0837021266586397 1.0827405881971013 1.0542279012409987 1.0532663627794603 1.0466528975213794 1.0456913590598409 1.0267687659045783 1.0258072274430399 1.004981963481326 1.0040204250197875 0.98598920885651464 0.98502767039497618 0.97597872830987031 0.97501718984833186 0.96306554360704189 0.96210400514550343 0.95637742137326487 0.95541588291172641 0.92902996581011699 0.92806842734857864 0.91700442056922682 0.91604288210768847 0.88923362749869361 0.88827208903715515 0.88495624435301556 0.88399470589147711 0.85169083107002241 0.85072929260848396 0.84304152006944599 0.84207998160790754 0.82630606893343761 0.82534453047189915 0.80705355310394522 0.80609201464240676 0.80284445113905967 0.80188291267752132 0.80103557985706497 0.80007404139552663;1.7906878068660133 1.7896461401993464 1.7599024840034374 1.7588608173367708 1.7279720731343262 1.7269304064676596 1.7197658191047387 1.7187241524380719 1.698224676519871 1.6971830098532044 1.674622307228014 1.6735806405613474 1.6540468230511354 1.6530051563844688 1.6432021357922708 1.642160469125604 1.6292128523642064 1.6281711856975398 1.6219673866109481 1.6209257199442815 1.592340976417538 1.5912993097508712 1.5793133024065737 1.5782716357399069 1.5492282765801626 1.548186609913496 1.5445944448390114 1.5435527781723448 1.5085569137824355 1.5075152471157689 1.4991868268651445 1.4981451601984779 1.4810567548011353 1.4800150881344687 1.4601998626525188 1.4591581959858522 1.4556400021905593 1.4545983355238927 1.4536803916350651 1.4526387249683985;2.5546070039992133 2.5536070039992129 2.52505309405114 2.5240530940511401 2.4943998996167935 2.4933998996167932 2.4865218957483894 2.4855218957483896 2.4658423988669167 2.4648423988669164 2.4431841243467338 2.4421841243467335 2.4234316595369298 2.42243165953693 2.4130207597684197 2.4120207597684193 2.3995910476774776 2.3985910476774777 2.3926354005543495 2.3916354005543496 2.3641940467686759 2.3631940467686761 2.3516874797181502 2.3506874797181498 2.3228058549247952 2.3218058549247953 2.3183573764532901 2.3173573764532898 2.2837613466389768 2.2827613466389769 2.2747660631983773 2.2737660631983774 2.2573611940169287 2.2563611940169284 2.2373385775542562 2.2363385775542564 2.2329611115107753 2.2319611115107754 2.2310798853775009 2.2300798853775006;2.8869488891021371 2.8881988891021368 2.88992542176873 2.8911754217687298 2.8953972543230808 2.8966472543230806 2.9204255249014208 2.921675524901421 2.9421816113782318 2.9434316113782315 2.9534257156789812 2.9546757156789809 2.9966707529468719 2.9979207529468721 3.002231351036253 3.0034813510362528 3.0383333820279463 3.0395833820279465 3.053966590841104 3.0552165908411038 3.089518283073196 3.0907682830731957 3.098212841977106 3.0994628419771058 3.1149999820907825 3.1162499820907827 3.1280136068014199 3.1292636068014201 3.1527041878136743 3.1539541878136741 3.1810270309639024 3.1822770309639021 3.2068764020657436 3.2081264020657434 3.2167239069012488 3.2179739069012485 3.2550403999441815 3.2562903999441817 3.2919827873792724 3.2932327873792722;3.0796295734033294 3.0806499815665944 3.0820593959883031 3.0830798041515681 3.0865261980734875 3.0875466062367525 3.1069574393619281 3.1079778475251931 3.1247175099552424 3.1257379181185079 3.1338963706089156 3.1349167787721806 3.1691984418480104 3.1702188500112753 3.1737377055944438 3.1747581137577092 3.2032087513019487 3.2042291594652137 3.2159705544147301 3.2169909625779951 3.2449923439919477 3.2460127521552127 3.2520899430971806 3.2531103512604456 3.2657937309450795 3.2668141391083449 3.2764170980558038 3.2774375062190688 3.2965726743923378 3.2975930825556028 3.3196933626782381 3.3207137708415031 3.3407948901083127 3.3418152982715776 3.3488336695658676 3.3498540777291326 3.3801124393968331 3.3811328475600981 3.4102694903642545 3.4112898985275195;3.5529863722353103 3.553947910696849 3.5552760127480743 3.5562375512096129 3.5594851147129605 3.5604466531744992 3.5787376305424532 3.5796991690039919 3.5954730816784615 3.5964346201400001 3.604122392679038 3.6050839311405767 3.6373878059620313 3.6383493444235699 3.6416651891077101 3.6426267275692488 3.6694359821782436 3.6703975206397823 3.6814615274191338 3.6824230658806725 3.7088089829822821 3.7097705214438208 3.715497105216059 3.7164586436775977 3.7284102899188878 3.7293718283804265 3.7384207704655319 3.7393823089270706 3.7574135250903433 3.758375063551882 3.7792003275135966 3.7801618659751353 3.7990844591303974 3.8000459975919361 3.8066594628500168 3.8076210013115555 3.8361336882676582 3.8370952267291969 3.8645509093715744 3.8655124478331131;4.0356583996001989 4.0367000662668655 4.0381388434890262 4.0391805101556928 4.0426987039509861 4.0437403706176527 4.0635555960996026 4.0645972627662692 4.0816856681636118 4.0827273348302784 4.0910557550809026 4.0920974217475692 4.1270932861374785 4.1281349528041451 4.1317271178786301 4.1327687845452967 4.161812143705041 4.1628538103717077 4.1748398177160055 4.1758814843826721 4.2044662279094158 4.2055078945760824 4.2117116936626742 4.2127533603293408 4.2257009770907379 4.2267426437574045 4.2365456643496024 4.2375873310162691 4.2571211485264815 4.2581628151931481 4.2807235178183394 4.281765184485006 4.3022646604032069 4.3033063270698735 4.3104709144327948 4.3115125810994614 4.342401325301906 4.3434429919685726 4.3731866481644817 4.3742283148311483;4.300078683741841 4.3010786837418404 4.3024599098751146 4.303459909875115 4.3068373759185956 4.3078373759185959 4.3268599923812685 4.327859992381268 4.3442648615627171 4.3452648615627165 4.3532601450033166 4.3542601450033169 4.387856174817629 4.3888561748176294 4.3923046532891341 4.3933046532891344 4.4211862780824891 4.4221862780824894 4.4336928451330149 4.4346928451330152 4.4621341989186893 4.4631341989186897 4.4690898460418174 4.4700898460418177 4.4825195581327595 4.4835195581327589 4.4929304579012692 4.4939304579012695 4.5126829227110736 4.5136829227110731 4.5353411972312561 4.5363411972312555 4.5560206941127293 4.5570206941127287 4.5638986979811333 4.5648986979811337 4.5945518924154802 4.5955518924154806 4.6241058023635535 4.625105802363553;
