m;2
n;4
P;39
P1;2 4 6 8 10 12 14 16 18 20 22 24 26 28 30 32 34 36 38
Q;40
M;100
h;1 1 1 1 1 1 1 1 1 1 1 1 1 1 1 1 1 1 1 1 1 1 1 1 1 1 1 1 1 1 1 1 1 1 1 1 1 1 1
Vmin;28 28 28 28 28 28 28 28 28 28 28 28 28 28 28 28 28 28 28 28 28 28 28 28 28 28 28 28 28 28 28 28 28 28 28 28 28 28 28;45 45 45 45 45 45 45 45 45 45 45 45 45 45 45 45 45 45 45 45 45 45 45 45 45 45 45 45 45 45 45 45 45 45 45 45 45 45 45;48 48 48 48 48 48 48 48 48 48 48 48 48 48 48 48 48 48 48 48 48 48 48 48 48 48 48 48 48 48 48 48 48 48 48 48 48 48 48;52 52 52 52 52 52 52 52 52 52 52 52 52 52 52 52 52 52 52 52 52 52 52 52 52 52 52 52 52 52 52 52 52 52 52 52 52 52 52;
Vmax;28 28 28 28 28 28 28 28 28 28 28 28 28 28 28 28 28 28 28 28 28 28 28 28 28 28 28 28 28 28 28 28 28 28 28 28 28 28 28;45 45 45 45 45 45 45 45 45 45 45 45 45 45 45 45 45 45 45 45 45 45 45 45 45 45 45 45 45 45 45 45 45 45 45 45 45 45 45;48 48 48 48 48 48 48 48 48 48 48 48 48 48 48 48 48 48 48 48 48 48 48 48 48 48 48 48 48 48 48 48 48 48 48 48 48 48 48;52 52 52 52 52 52 52 52 52 52 52 52 52 52 52 52 52 52 52 52 52 52 52 52 52 52 52 52 52 52 52 52 52 52 52 52 52 52 52;
d;3.000 54.010 3.000 11.657 3.000 50.658 3.000 114.514 3.000 21.517 3.000 5.744 3.000 74.004 3.000 31.052 3.000 101.202 3.000 76.165 3.000 87.660 3.000 32.342 3.000 38.663 3.000 4.368 3.000 3.839 3.000 5.611 3.000 43.119 3.000 5.842 3.000 19.719 3.000
S;0.74796379369767674 0.74617807941196246 0.73444047488284725 0.73265476059713308 0.72917728443974039 0.72739157015402611 0.70172521630232942 0.69993950201661526 0.69659987599548612 0.69481416170977184 0.69252894428782141 0.69074323000210724 0.68814327535050457 0.68635756106479029 0.66334410240519859 0.66155838811948431 0.64230699315370587 0.64052127886799159 0.58834257833563286 0.58655686404991869 0.54122074457681968 0.53943503029110551 0.47919565107372702 0.47740993678801275 0.45892647761556732 0.45714076332985304 0.41309092341692227 0.41130520913120799 0.40788620498175487 0.40610049069604059 0.39329259044813764 0.39150687616242336 0.32334407639484392 0.32155836210912964 0.29140490572143118 0.28961919143571691 0.282680571736111 0.28089485745039672 0.24874597147976821 0.24696025719405393;0.96677754846319008 0.96566643735207891 0.95836303897840724 0.95725192786729607 0.95508816492491844 0.95397705381380726 0.93800687808386274 0.93689576697275156 0.93481777744849348 0.93370666633738231 0.9322847532748354 0.93117364216372422 0.92955589260272697 0.9284447814916158 0.9141252961034253 0.91301418499231413 0.9010355392358298 0.89992442812471862 0.86745768112680655 0.86634657001569537 0.83813742901021171 0.83702631789910054 0.79954403749717617 0.798432926386065 0.78693210734543229 0.78582099623432111 0.7584122069551642 0.75730109584405303 0.75517371548439327 0.7540626043732821 0.74609324421903145 0.74498213310792027 0.70256972436364873 0.70145861325253756 0.6826964626113029 0.68158535150019184 0.6772679881315482 0.67615687702043703 0.65615312574982376 0.65504201463871259;2.0318444088622032 2.0336301231479177 2.0666718662614034 2.0684575805471175 2.0753962002467237 2.0771819145324377 2.1073353709201363 2.1091210852058508 2.1772838849734297 2.1790695992591442 2.1918774995070476 2.1936632137927616 2.1970822179422149 2.198867932227929 2.2429177721408595 2.244703486426574 2.2631869455990192 2.2649726598847337 2.3252120391021123 2.3269977533878268 2.3723338728609256 2.3741195871466396 2.4262982876789985 2.428084001964713 2.4473353969304914 2.4491211112162059 2.4721345698757977 2.4739202841615122 2.4765202388131149 2.4783059530988294 2.4805911705207797 2.4823768848064938 2.4857165108276229 2.4875022251133374 2.513168578965034 2.514954293250748 2.5184317694081408 2.5202174836938553 2.5319550882229707 2.5337408025086847;2.3525219909592336 2.3536331020703449 2.3741924088965134 2.3753035200076247 2.3796208833762682 2.380731994487379 2.3994941451286138 2.4006052562397246 2.4430176649839965 2.4441287760951074 2.4520981362493584 2.4532092473604692 2.4553366277201287 2.4564477388312396 2.4838565281103966 2.4849676392215079 2.4964684582621408 2.4975795693732517 2.5350618497751762 2.5361729608862875 2.5643821018917712 2.565493213002882 2.5979599600007939 2.5990710711119052 2.611049716868389 2.6121608279795003 2.6264803133676908 2.6275914244788017 2.6292091740397989 2.6303202851509098 2.6317421982134568 2.6328533093245676 2.634931298848826 2.6360424099599369 2.6520125856898815 2.6531236968009924 2.65528745974337 2.6563985708544808 2.6637019692281525 2.6648130803392638;
