m;1
n;2
P;39
P1;2 4 6 8 10 12 14 16 18 20 22 24 26 28 30 32 34 36 38
Q;40
M;100
h;1 1 1 1 1 1 1 1 1 1 1 1 1 1 1 1 1 1 1 1 1 1 1 1 1 1 1 1 1 1 1 1 1 1 1 1 1 1 1
Vmin;47 47 47 47 47 47 47 47 47 47 47 47 47 47 47 47 47 47 47 47 47 47 47 47 47 47 47 47 47 47 47 47 47 47 47 47 47 47 47;52 52 52 52 52 52 52 52 52 52 52 52 52 52 52 52 52 52 52 52 52 52 52 52 52 52 52 52 52 52 52 52 52 52 52 52 52 52 52;
Vmax;47 47 47 47 47 47 47 47 47 47 47 47 47 47 47 47 47 47 47 47 47 47 47 47 47 47 47 47 47 47 47 47 47 47 47 47 47 47 47;52 52 52 52 52 52 52 52 52 52 52 52 52 52 52 52 52 52 52 52 52 52 52 52 52 52 52 52 52 52 52 52 52 52 52 52 52 52 52;
d;3.000 69.632 3.000 8.670 3.000 13.295 3.000 15.167 3.000 125.698 3.000 105.010 3.000 32.806 3.000 72.014 3.000 70.038 3.000 65.545 3.000 62.045 3.000 6.725 3.000 7.652 3.000 27.620 3.000 9.960 3.000 15.700 3.000 10.568 3.000 18.087 3.000 19.684 3.000
S;0.45570614094721573 0.45464231115998172 0.44766213992312393 0.44659831013588991 0.44018456914501924 0.43912073935778523 0.43537327547907928 0.43430944569184526 0.42874191870642309 0.42767808891918901 0.42414621819752291 0.42308238841028889 0.41328801122040765 0.41222418143317363 0.40951065561203609 0.40844682582480207 0.40606212155968796 0.40499829177245394 0.38299660642625599 0.38193277663902198 0.35869001903190062 0.3576261892446666 0.33279011299458972 0.3317262832073557 0.30618957005769976 0.30512574027046574 0.29349226901313608 0.29242843922590206 0.2551907498155635 0.25412692002832943 0.20955299247412956 0.20848916268689552 0.20311069387399561 0.20204686408676154 0.19733218406902353 0.19626835428178949 0.19319396632313512 0.19213013653590105 0.16743780174144476 0.16637397195421069;0.61054033788356521 0.61160416767079928 0.63682841735887252 0.63789224714610659 0.64096663510476093 0.642030464891995 0.64674514490973301 0.64780897469696697 0.65318744350986691 0.65425127329710098 0.69882520085130084 0.6998890306385348 0.73712672004887347 0.73819054983610743 0.74982402109343704 0.75088785088067111 0.776424564030327 0.77748839381756107 0.80232447006763796 0.80338829985487192 0.82663105746199328 0.82769488724922735 0.84969657259542519 0.85076040238265926 0.85314510664777332 0.85420893643500739 0.85692246225614488 0.85798629204337884 0.86778066923326014 0.8688444990204941 0.87237636974216026 0.87344019952939433 0.87900772651481651 0.88007155630205058 0.88381902018075642 0.88488284996799049 0.89129659095886116 0.89236042074609523 0.89934059198295302 0.90040442177018698;
