m;8
n;16
P;39
P1;2 4 6 8 10 12 14 16 18 20 22 24 26 28 30 32 34 36 38
Q;40
M;100
h;1 1 1 1 1 1 1 1 1 1 1 1 1 1 1 1 1 1 1 1 1 1 1 1 1 1 1 1 1 1 1 1 1 1 1 1 1 1 1
Vmin;44 44 44 44 44 44 44 44 44 44 44 44 44 44 44 44 44 44 44 44 44 44 44 44 44 44 44 44 44 44 44 44 44 44 44 44 44 44 44;36 36 36 36 36 36 36 36 36 36 36 36 36 36 36 36 36 36 36 36 36 36 36 36 36 36 36 36 36 36 36 36 36 36 36 36 36 36 36;42 42 42 42 42 42 42 42 42 42 42 42 42 42 42 42 42 42 42 42 42 42 42 42 42 42 42 42 42 42 42 42 42 42 42 42 42 42 42;38 38 38 38 38 38 38 38 38 38 38 38 38 38 38 38 38 38 38 38 38 38 38 38 38 38 38 38 38 38 38 38 38 38 38 38 38 38 38;44 44 44 44 44 44 44 44 44 44 44 44 44 44 44 44 44 44 44 44 44 44 44 44 44 44 44 44 44 44 44 44 44 44 44 44 44 44 44;46 46 46 46 46 46 46 46 46 46 46 46 46 46 46 46 46 46 46 46 46 46 46 46 46 46 46 46 46 46 46 46 46 46 46 46 46 46 46;47 47 47 47 47 47 47 47 47 47 47 47 47 47 47 47 47 47 47 47 47 47 47 47 47 47 47 47 47 47 47 47 47 47 47 47 47 47 47;38 38 38 38 38 38 38 38 38 38 38 38 38 38 38 38 38 38 38 38 38 38 38 38 38 38 38 38 38 38 38 38 38 38 38 38 38 38 38;43 43 43 43 43 43 43 43 43 43 43 43 43 43 43 43 43 43 43 43 43 43 43 43 43 43 43 43 43 43 43 43 43 43 43 43 43 43 43;44 44 44 44 44 44 44 44 44 44 44 44 44 44 44 44 44 44 44 44 44 44 44 44 44 44 44 44 44 44 44 44 44 44 44 44 44 44 44;47 47 47 47 47 47 47 47 47 47 47 47 47 47 47 47 47 47 47 47 47 47 47 47 47 47 47 47 47 47 47 47 47 47 47 47 47 47 47;44 44 44 44 44 44 44 44 44 44 44 44 44 44 44 44 44 44 44 44 44 44 44 44 44 44 44 44 44 44 44 44 44 44 44 44 44 44 44;49 49 49 49 49 49 49 49 49 49 49 49 49 49 49 49 49 49 49 49 49 49 49 49 49 49 49 49 49 49 49 49 49 49 49 49 49 49 49;50 50 50 50 50 50 50 50 50 50 50 50 50 50 50 50 50 50 50 50 50 50 50 50 50 50 50 50 50 50 50 50 50 50 50 50 50 50 50;28 28 28 28 28 28 28 28 28 28 28 28 28 28 28 28 28 28 28 28 28 28 28 28 28 28 28 28 28 28 28 28 28 28 28 28 28 28 28;52 52 52 52 52 52 52 52 52 52 52 52 52 52 52 52 52 52 52 52 52 52 52 52 52 52 52 52 52 52 52 52 52 52 52 52 52 52 52;
Vmax;44 44 44 44 44 44 44 44 44 44 44 44 44 44 44 44 44 44 44 44 44 44 44 44 44 44 44 44 44 44 44 44 44 44 44 44 44 44 44;36 36 36 36 36 36 36 36 36 36 36 36 36 36 36 36 36 36 36 36 36 36 36 36 36 36 36 36 36 36 36 36 36 36 36 36 36 36 36;42 42 42 42 42 42 42 42 42 42 42 42 42 42 42 42 42 42 42 42 42 42 42 42 42 42 42 42 42 42 42 42 42 42 42 42 42 42 42;38 38 38 38 38 38 38 38 38 38 38 38 38 38 38 38 38 38 38 38 38 38 38 38 38 38 38 38 38 38 38 38 38 38 38 38 38 38 38;44 44 44 44 44 44 44 44 44 44 44 44 44 44 44 44 44 44 44 44 44 44 44 44 44 44 44 44 44 44 44 44 44 44 44 44 44 44 44;46 46 46 46 46 46 46 46 46 46 46 46 46 46 46 46 46 46 46 46 46 46 46 46 46 46 46 46 46 46 46 46 46 46 46 46 46 46 46;47 47 47 47 47 47 47 47 47 47 47 47 47 47 47 47 47 47 47 47 47 47 47 47 47 47 47 47 47 47 47 47 47 47 47 47 47 47 47;38 38 38 38 38 38 38 38 38 38 38 38 38 38 38 38 38 38 38 38 38 38 38 38 38 38 38 38 38 38 38 38 38 38 38 38 38 38 38;43 43 43 43 43 43 43 43 43 43 43 43 43 43 43 43 43 43 43 43 43 43 43 43 43 43 43 43 43 43 43 43 43 43 43 43 43 43 43;44 44 44 44 44 44 44 44 44 44 44 44 44 44 44 44 44 44 44 44 44 44 44 44 44 44 44 44 44 44 44 44 44 44 44 44 44 44 44;47 47 47 47 47 47 47 47 47 47 47 47 47 47 47 47 47 47 47 47 47 47 47 47 47 47 47 47 47 47 47 47 47 47 47 47 47 47 47;44 44 44 44 44 44 44 44 44 44 44 44 44 44 44 44 44 44 44 44 44 44 44 44 44 44 44 44 44 44 44 44 44 44 44 44 44 44 44;49 49 49 49 49 49 49 49 49 49 49 49 49 49 49 49 49 49 49 49 49 49 49 49 49 49 49 49 49 49 49 49 49 49 49 49 49 49 49;50 50 50 50 50 50 50 50 50 50 50 50 50 50 50 50 50 50 50 50 50 50 50 50 50 50 50 50 50 50 50 50 50 50 50 50 50 50 50;28 28 28 28 28 28 28 28 28 28 28 28 28 28 28 28 28 28 28 28 28 28 28 28 28 28 28 28 28 28 28 28 28 28 28 28 28 28 28;52 52 52 52 52 52 52 52 52 52 52 52 52 52 52 52 52 52 52 52 52 52 52 52 52 52 52 52 52 52 52 52 52 52 52 52 52 52 52;
d;3.000 6.473 3.000 35.315 3.000 28.397 3.000 15.375 3.000 42.599 3.000 57.693 3.000 3.780 3.000 73.397 3.000 48.610 3.000 96.058 3.000 81.002 3.000 63.158 3.000 117.133 3.000 8.568 3.000 89.762 3.000 49.302 3.000 19.933 3.000 16.035 3.000 13.963 3.000
S;0.61820733288656626 0.61707096925020255 0.61178207633616843 0.61064571269980472 0.60457169554864654 0.60343533191228294 0.59588511474013806 0.59474875110377434 0.57607379904334488 0.57493743540698128 0.54093669406550626 0.53980033042914266 0.53655503285447947 0.53541866921811576 0.49104992254942148 0.48991355891305788 0.46598993365352964 0.46485357001716598 0.43417095084749441 0.43303458721113081 0.39664895376783138 0.39551259013146772 0.37709989162138985 0.37596352798502625 0.34816160193465356 0.34702523829828996 0.34559326167097992 0.34445689803461632 0.32260357380377097 0.32146721016740737 0.30533125309267123 0.30419488945630763 0.29837116011393977 0.29723479647757617 0.28647819462491902 0.28534183098855542 0.2719649458891103 0.27082858225274664 0.26837679371034467 0.26724043007398107;0.87489260397088509 0.8735037150819962 0.86703951263151002 0.86565062374262103 0.85822682500231673 0.85683793611342773 0.84760989290302857 0.84622100401413969 0.82339606260694809 0.8220071737180592 0.7804507120784786 0.77906182318958972 0.77509534837611249 0.77370645948722361 0.71947799133659729 0.71808910244770829 0.68884911601939602 0.68746022713050714 0.64995924814535289 0.648570359256464 0.60409902949243133 0.60271014060354244 0.58020573131344721 0.57881684242455833 0.54483671058521399 0.54344782169632511 0.54169762804072397 0.54030873915183497 0.51359912064746849 0.5122102317585796 0.49248850644501324 0.49109961755612441 0.48398172613767476 0.48259283724878593 0.46944587942887162 0.46805699053998279 0.4517074643073275 0.45031857541843862 0.44732194497772509 0.44593305608883621;1.296393301016797 1.295202824826321 1.2896620798687612 1.2884716036782851 1.2821083476151671 1.2809178714246909 1.2730081201014916 1.2718176439110154 1.252253408419137 1.2510629322286608 1.2154431079661634 1.2142526317756872 1.2108527962212783 1.2096623200308021 1.1631807759016939 1.1619902997112177 1.1369274542012358 1.1357369780107596 1.1035932817377703 1.1024028055472941 1.0642845228924089 1.063094046701933 1.0438045530247084 1.0426140768342322 1.0134882495433657 1.0122977733528895 1.0107976073623743 1.0096071311718982 0.98671317245386969 0.98552269626339351 0.96861836028033665 0.96742788408986047 0.96132683430261801 0.96013635811214182 0.94886753712364391 0.94767706093316784 0.93366318130517767 0.93247270511470148 0.92990416473694704 0.92871368854647096;1.6004036650541715 1.5990878755804874 1.5929638943116056 1.5916481048379214 1.5846150323471067 1.5832992428734225 1.5745568861477812 1.5732410966740968 1.5516174679725472 1.5503016784988628 1.5109323990508394 1.509616609577155 1.5058588965959663 1.5045431071222819 1.4531687688743202 1.4518529794006361 1.4241519396264453 1.4228361501527611 1.3873089069036675 1.3859931174299833 1.3438623839693207 1.3425465944956365 1.3212266277997569 1.3199108383260727 1.2877191344782728 1.2864033450045886 1.2847452668045454 1.2834294773308612 1.2581256282214612 1.2568098387477771 1.23812609897703 1.2368103095033456 1.2300670439490249 1.2287512544753407 1.216296241803843 1.2149804523301588 1.1994914274781696 1.1981756380044855 1.1953367249553886 1.1940209354817042;1.8221662987055851 1.8210299350692216 1.8157410421551874 1.8146046785188237 1.8085306613676657 1.8073942977313022 1.7998440805591573 1.7987077169227939 1.7800327648623644 1.7788964012260007 1.744895659884526 1.7437592962481623 1.7405139986734992 1.7393776350371357 1.6950088883684413 1.6938725247320778 1.6699488994725493 1.6688125358361858 1.6381299166665142 1.6369935530301507 1.600607919586851 1.5994715559504875 1.5810588574404099 1.5799224938040461 1.5521205677536736 1.5509842041173101 1.5495522274900002 1.5484158638536367 1.5265625396227913 1.5254261759864278 1.5092902189116917 1.5081538552753282 1.5023301259329604 1.501193762296597 1.4904371604439397 1.4893007968075762 1.4759239117081309 1.4747875480717674 1.4723357595293654 1.4711993958930019;2.1695379672990014 2.1684510107772623 2.1633920697290558 2.1623051132073168 2.1564951837583828 2.1554082272366437 2.1481862803763314 2.1470993238545923 2.129236326231573 2.1281493697098339 2.0956269214701622 2.0945399649484231 2.0914357672683108 2.0903488107465718 2.0479091400199945 2.0468221834982554 2.0239387158587068 2.0228517593369677 1.9935031670877166 1.9924162105659775 1.9576125611854303 1.9565256046636912 1.938913458262747 1.9378265017410079 1.9112333550841296 1.9101463985623905 1.908776681788442 1.9076897252667029 1.8867865455676334 1.8856995890458943 1.8702651953222336 1.8691782388004945 1.8636077150817081 1.862520758559969 1.8522318350487317 1.8511448785269926 1.8383495971275232 1.8372626406057841 1.8349174515652258 1.8338304950434867;2.3488627882788942 2.3477989584916599 2.342847654487032 2.3417838246997977 2.336097510771054 2.3350336809838197 2.3279653925673438 2.3269015627801095 2.3094186289363035 2.3083547991490692 2.27652431789322 2.2754604881059857 2.2724223371850245 2.2713585073977902 2.2298218083887997 2.2287579786015654 2.2063613932522199 2.2052975634649856 2.176573409348697 2.1755095795614627 2.1414464333592251 2.1403826035719908 2.1231451836902155 2.1220813539029817 2.0960540188771004 2.0949901890898666 2.0936496152260018 2.0925857854387679 2.0721273542439338 2.0710635244566999 2.0559575220888617 2.0548936923016279 2.049441690364092 2.0483778605768581 2.0383078503318171 2.0372440205445832 2.0247209791748899 2.0236571493876556 2.0213618579862582 2.0202980281990244;2.7063674247019294 2.7050516352282452 2.6989276539593638 2.6976118644856797 2.6905787919948652 2.689263002521181 2.6805206457955397 2.6792048563218556 2.6575812276203057 2.6562654381466215 2.6168961586985984 2.6155803692249142 2.6118226562437252 2.6105068667700411 2.5591325285220794 2.5578167390483957 2.5301156992742051 2.5287999098005209 2.4932726665514275 2.4919568770777434 2.4498261436170812 2.448510354143397 2.4271903874475176 2.4258745979738334 2.3936828941260333 2.3923671046523496 2.3907090264523063 2.3893932369786222 2.3640893878692224 2.3627735983955387 2.3440898586247916 2.3427740691511074 2.3360308035967869 2.3347150141231032 2.322260001451605 2.3209442119779213 2.3054551871259319 2.3041393976522482 2.3013004846031513 2.2999846951294671;2.9765192835938259 2.9776556472301894 2.9806756175907734 2.9818119812271369 2.9951888663265818 2.9963252299629457 3.007081831815603 3.0082181954519664 3.0140419247943342 3.0151782884306977 3.0313142455054338 3.0324506091417973 3.0543039333726427 3.0554402970090062 3.0568722736363161 3.0580086372726796 3.0858105633230521 3.0869469269594156 3.105359625469494 3.1064959891058574 3.1428816225491567 3.1440179861855202 3.1747006053551918 3.1758369689915553 3.1997605942510834 3.2008969578874469 3.2452657045561413 3.2464020681925048 3.2496473657671681 3.2507837294035316 3.2847844707450067 3.2859208343813702 3.3045957864417996 3.3057321500781631 3.313282367250308 3.3144187308866715 3.3204927480378297 3.3216291116741932 3.3269180045882276 3.3280543682245911;3.826553698366562 3.8279425872554511 3.8316336621406091 3.8330225510294982 3.8493720772621534 3.8507609661510425 3.8639079239709568 3.8652968128598459 3.8724147042782957 3.8738035931671844 3.8935253184807506 3.8949142073696397 3.9216238258740064 3.9230127147628955 3.9247629084184963 3.9261517973073854 3.9601319291467303 3.961520818035619 3.9840252273257146 3.9854141162146037 4.0298854459786364 4.0312743348675255 4.0687753138526794 4.0701642027415685 4.0994041891698805 4.1007930780587696 4.1550215462093965 4.1564104350982856 4.1603769099117631 4.1617657988006522 4.203322260440232 4.2047111493291212 4.2275360907363124 4.2289249796252015 4.2381530228356006 4.2395419117244897 4.246965710464794 4.2483545993536831 4.254818801804169 4.2562076906930582;4.4914351644385757 4.4926256406290523 4.495789419102044 4.4969798952925206 4.51099377492051 4.5121842511109858 4.5234530720994846 4.5246435482899603 4.5307445980772032 4.5319350742676789 4.5488394102507357 4.5500298864412114 4.5729238451592398 4.5741143213497155 4.5756144873402311 4.5768049635307069 4.6059307908215734 4.6071212670120492 4.6264107606892733 4.6276012368797499 4.665719519534635 4.6669099957251108 4.6990536919981007 4.7002441681885765 4.7253070136985587 4.7264974898890353 4.7729790340181433 4.774169510208619 4.7775693457630277 4.7787598219535035 4.8143796462160013 4.815570122406478 4.8351343578983563 4.8363248340888321 4.844234585412031 4.8454250616025076 4.8517883176656253 4.8529787938561011 4.8585195388136615 4.8597100150041372;4.8736075627812534 4.8749233522549371 4.8784201600408759 4.8797359495145596 4.8952249743665499 4.8965407638402336 4.9089957765117314 4.9103115659854151 4.917054831539736 4.9183706210134206 4.9370543607841677 4.9383701502578514 4.9636739993672512 4.9649897888409358 4.9666478670409786 4.9679636565146632 5.000155360362462 5.0014711498361466 5.0227911165320256 5.0241069060057102 5.0662376394663733 5.067553428940057 5.10308067218915 5.1043964616628337 5.1320975014370251 5.1334132909107089 5.184787629158671 5.1861034186323547 5.1898611316135437 5.1911769210872283 5.2305462005352519 5.2318619900089356 5.253485618710485 5.2548014081841687 5.2635437649098105 5.2648595543834942 5.2718926268743092 5.2732084163479938 5.2793323976168747 5.2806481870905593;5.1245319307862749 5.1256682944226384 5.1286882647832224 5.1298246284195859 5.1432015135190312 5.1443378771553947 5.155094479008052 5.1562308426444154 5.1620545719867836 5.1631909356231471 5.1793268926978833 5.1804632563342468 5.2023165805650926 5.2034529442014561 5.204884920828766 5.2060212844651295 5.233823210515502 5.2349595741518664 5.2533722726619443 5.2545086362983078 5.2908942697416075 5.292030633377971 5.3227132525476426 5.3238496161840061 5.3477732414435346 5.3489096050798981 5.3932783517485925 5.394414715384956 5.3976600129596193 5.3987963765959828 5.4327971179374579 5.4339334815738214 5.4526084336342509 5.4537447972706143 5.4612950144427588 5.4624313780791223 5.4685053952302809 5.4696417588666444 5.4749306517806788 5.4760670154170423;5.7066981449258964 5.7077851014476364 5.7106737687490643 5.7117607252708043 5.724556006670273 5.7256429631920129 5.7359318867032503 5.7370188432249893 5.7425893669437764 5.7436763234655164 5.7591107171891762 5.7601976737109162 5.7811008534099848 5.7821878099317248 5.7835575267056738 5.7846444832274129 5.8112376298842907 5.8123245864060307 5.8299367328069742 5.8310236893287142 5.8658273387092619 5.8669142952310009 5.8962628874802521 5.897349844001992 5.9202333116415407 5.9213202681632806 5.963759938889857 5.964846895411597 5.9679510930917097 5.9690380496134487 6.001560497853121 6.0026474543748609 6.0205104519978798 6.0215974085196198 6.0288193553799321 6.0299063119016711 6.0357162413506051 6.0368031978723451 6.0418621389205516 6.0429490954422915;6.1949655359794447 6.1960293657666785 6.1988565720616924 6.1999204018489271 6.2124434432186204 6.2135072730058551 6.2235772832508953 6.2246411130381301 6.2300931149756655 6.2311569447629003 6.2462629471307389 6.2473267769179728 6.2677852081128069 6.2688490379000408 6.2701896117639055 6.2712534415511394 6.2972807765770202 6.2983446063642541 6.3155820262460294 6.3166458560332632 6.3507090022355017 6.3517728320227356 6.3804969861390237 6.3815608159262585 6.403957401275604 6.4050212310628378 6.4465579300718288 6.4476217598590626 6.4506599107800238 6.4517237405672585 6.4835542218231073 6.4846180516103411 6.5021009854541472 6.503164815241381 6.5102331036578569 6.5112969334450916 6.5169832473738349 6.5180470771610697 6.5229983811656966 6.5240622109529314;6.8014200060559267 6.8027357955296113 6.80623260331555 6.8075483927892337 6.8230374176412232 6.8243532071149078 6.8368082197864055 6.8381240092600892 6.8448672748144102 6.8461830642880948 6.864866804058841 6.8661825935325256 6.8914864426419253 6.8928022321156099 6.8944603103156528 6.8957760997893365 6.9279678036371362 6.9292835931108208 6.9506035598066997 6.9519193492803844 6.9940500827410466 6.9953658722147312 7.0308931154638241 7.0322089049375078 7.0599099447116993 7.061225734185383 7.1126000724333442 7.1139158619070288 7.1176735748882178 7.1189893643619024 7.1583586438099251 7.1596744332836098 7.1812980619851592 7.1826138514588429 7.1913562081844846 7.1926719976581683 7.1997050701489833 7.2010208596226679 7.2071448408915488 7.2084606303652334;
