m;5
n;10
P;39
P1;2 4 6 8 10 12 14 16 18 20 22 24 26 28 30 32 34 36 38
Q;40
M;100
h;1 1 1 1 1 1 1 1 1 1 1 1 1 1 1 1 1 1 1 1 1 1 1 1 1 1 1 1 1 1 1 1 1 1 1 1 1 1 1
Vmin;47 47 47 47 47 47 47 47 47 47 47 47 47 47 47 47 47 47 47 47 47 47 47 47 47 47 47 47 47 47 47 47 47 47 47 47 47 47 47;47 47 47 47 47 47 47 47 47 47 47 47 47 47 47 47 47 47 47 47 47 47 47 47 47 47 47 47 47 47 47 47 47 47 47 47 47 47 47;51 51 51 51 51 51 51 51 51 51 51 51 51 51 51 51 51 51 51 51 51 51 51 51 51 51 51 51 51 51 51 51 51 51 51 51 51 51 51;50 50 50 50 50 50 50 50 50 50 50 50 50 50 50 50 50 50 50 50 50 50 50 50 50 50 50 50 50 50 50 50 50 50 50 50 50 50 50;52 52 52 52 52 52 52 52 52 52 52 52 52 52 52 52 52 52 52 52 52 52 52 52 52 52 52 52 52 52 52 52 52 52 52 52 52 52 52;40 40 40 40 40 40 40 40 40 40 40 40 40 40 40 40 40 40 40 40 40 40 40 40 40 40 40 40 40 40 40 40 40 40 40 40 40 40 40;28 28 28 28 28 28 28 28 28 28 28 28 28 28 28 28 28 28 28 28 28 28 28 28 28 28 28 28 28 28 28 28 28 28 28 28 28 28 28;32 32 32 32 32 32 32 32 32 32 32 32 32 32 32 32 32 32 32 32 32 32 32 32 32 32 32 32 32 32 32 32 32 32 32 32 32 32 32;28 28 28 28 28 28 28 28 28 28 28 28 28 28 28 28 28 28 28 28 28 28 28 28 28 28 28 28 28 28 28 28 28 28 28 28 28 28 28;46 46 46 46 46 46 46 46 46 46 46 46 46 46 46 46 46 46 46 46 46 46 46 46 46 46 46 46 46 46 46 46 46 46 46 46 46 46 46;
Vmax;47 47 47 47 47 47 47 47 47 47 47 47 47 47 47 47 47 47 47 47 47 47 47 47 47 47 47 47 47 47 47 47 47 47 47 47 47 47 47;47 47 47 47 47 47 47 47 47 47 47 47 47 47 47 47 47 47 47 47 47 47 47 47 47 47 47 47 47 47 47 47 47 47 47 47 47 47 47;51 51 51 51 51 51 51 51 51 51 51 51 51 51 51 51 51 51 51 51 51 51 51 51 51 51 51 51 51 51 51 51 51 51 51 51 51 51 51;50 50 50 50 50 50 50 50 50 50 50 50 50 50 50 50 50 50 50 50 50 50 50 50 50 50 50 50 50 50 50 50 50 50 50 50 50 50 50;52 52 52 52 52 52 52 52 52 52 52 52 52 52 52 52 52 52 52 52 52 52 52 52 52 52 52 52 52 52 52 52 52 52 52 52 52 52 52;40 40 40 40 40 40 40 40 40 40 40 40 40 40 40 40 40 40 40 40 40 40 40 40 40 40 40 40 40 40 40 40 40 40 40 40 40 40 40;28 28 28 28 28 28 28 28 28 28 28 28 28 28 28 28 28 28 28 28 28 28 28 28 28 28 28 28 28 28 28 28 28 28 28 28 28 28 28;32 32 32 32 32 32 32 32 32 32 32 32 32 32 32 32 32 32 32 32 32 32 32 32 32 32 32 32 32 32 32 32 32 32 32 32 32 32 32;28 28 28 28 28 28 28 28 28 28 28 28 28 28 28 28 28 28 28 28 28 28 28 28 28 28 28 28 28 28 28 28 28 28 28 28 28 28 28;46 46 46 46 46 46 46 46 46 46 46 46 46 46 46 46 46 46 46 46 46 46 46 46 46 46 46 46 46 46 46 46 46 46 46 46 46 46 46;
d;3.000 6.226 3.000 47.869 3.000 5.390 3.000 67.418 3.000 35.792 3.000 79.930 3.000 7.010 3.000 129.476 3.000 19.673 3.000 14.949 3.000 45.868 3.000 63.000 3.000 69.945 3.000 15.809 3.000 30.237 3.000 12.385 3.000 6.866 3.000 54.638 3.000 5.125 3.000
S;16.544840010120431 16.48101022288639 16.371968047777404 16.308138260543362 15.145623754748431 15.081793967514388 14.935713078896551 14.871883291662508 14.608365476531189 14.544535689297145 13.90120360319877 13.837373815964726 13.501004884912383 13.43717509767834 11.94898095931714 11.885151172083097 10.54471541996319 10.480885632729146 9.5049693924235008 9.4411396051894574 9.1230774608955159 9.0592476736614724 8.6406692248609414 8.5768394376268979 5.8220227849736927 5.7581929977396502 5.6090362073059978 5.5452064200719553 3.8445765518479025 3.7807467646138599 3.019223241533691 2.9553934542996485 1.5209672332200668 1.4571374459860242 1.3424519544580726 1.2786221672240301 0.260131131926222 0.19630134469217947 0.063829787234042548 0;17.044840010120431 16.98101022288639 16.871968047777404 16.808138260543362 15.645623754748431 15.581793967514388 15.435713078896551 15.371883291662508 15.108365476531189 15.044535689297145 14.40120360319877 14.337373815964726 14.001004884912383 13.93717509767834 12.44898095931714 12.385151172083097 11.04471541996319 10.980885632729146 10.004969392423501 9.9411396051894574 9.6230774608955159 9.5592476736614724 9.1406692248609414 9.0768394376268979 6.3220227849736927 6.2581929977396502 6.1090362073059978 6.0452064200719553 4.3445765518479025 4.2807467646138599 3.519223241533691 3.4553934542996485 2.020967233220067 1.9571374459860242 1.8424519544580726 1.7786221672240301 0.76013113192622206 0.69630134469217952 0.56382978723404253 0.5;16.247205499522746 16.188381970110981 16.087892122461525 16.029068593049761 14.95773169555247 14.898908166140705 14.764284602120345 14.70546107270858 14.462611321509129 14.403787792097365 13.810913124516508 13.752089595104744 13.442102540997682 13.383279011585918 12.011805982115792 11.952982452704028 10.717678916436661 10.658855387024897 9.7594815969393025 9.700658067527538 9.4075419737664543 9.3487184443546898 8.9629696778130246 8.9041461484012601 6.3653935469365397 6.3065700175247752 6.1691117988898405 6.110288269478076 4.5430411360166936 4.4842176066049291 3.7824214186683029 3.7235978892565385 2.4016756855165315 2.342852156104767 2.2371616050888119 2.1783380756770474 1.2397286902065183 1.1809051607947536 1.0588235294117647 1;17.052149609513204 16.992149609513206 16.88964996491076 16.829649964910761 15.736886329463525 15.676886329463525 15.539570294162758 15.479570294162757 15.231863547939318 15.171863547939317 14.567131387006844 14.507131387006844 14.19094459181764 14.13094459181764 12.732042101758111 12.672042101758111 11.412032494765397 11.352032494765396 10.43467122887809 10.374671228878089 10.075692813241783 10.015692813241783 9.6222290713692846 9.5622290713692841 6.9727014178752693 6.9127014178752697 6.7724940348676368 6.7124940348676372 5.1139019587370278 5.0539019587370282 4.3380698470416696 4.27806984704167 2.9297091992268633 2.8697091992268633 2.7619048371905888 2.7019048371905887 1.7445232640106489 1.6845232640106489 1.5600000000000001 1.5;16.953990009147315 16.896297701455008 16.797740350875731 16.740048043183425 15.689313778330314 15.631621470638006 15.499586821310345 15.441894513618037 15.203714949941652 15.146022642249344 14.564549410583503 14.506857102891194 14.202831338286192 14.145139030593883 12.800040482459721 12.742348174767413 11.530800475735958 11.47310816804365 10.591030027767394 10.533337720075085 10.245858474270946 10.188166166578638 9.8098356455473894 9.752143337855081 7.262212901803144 7.2045205941108366 7.0697058027573432 7.0120134950650357 5.474905729554834 5.4172134218625265 4.728913314463143 4.6712210067708355 3.374720383871983 3.3170280761796755 3.2133700357601809 3.1556777280678734 2.235118523087162 2.1774262153948545 2.0576923076923075 2;0 0.063829787234042548 0.22821623830920079 0.29204602554324333 1.3105370608410514 1.3743668480750939 1.4890523396030455 1.552882126837088 2.9873083479166698 3.0511381351507123 3.8126616582308808 3.8764914454649233 5.5771213136889761 5.6409511009230187 5.790107891356671 5.8539376785907136 8.6087543312439188 8.6725841184779622 9.0911625672784933 9.1549923545125367 9.4730544988064782 9.5368842860405216 10.512800526346167 10.57663031358021 11.917066065700118 11.980895852934161 13.469089991295361 13.532919778529404 13.869288709581747 13.933118496815791 14.576450582914166 14.64028037014821 14.903798185279529 14.967627972513572 15.113708861131409 15.177538648365452 16.340053154160383 16.403882941394425 16.512925116503411 16.576754903737452;0.5 0.56382978723404253 0.72821623830920079 0.79204602554324333 1.8105370608410514 1.8743668480750939 1.9890523396030455 2.0528821268370883 3.4873083479166702 3.5511381351507127 4.3126616582308817 4.3764914454649242 6.077121313688977 6.1409511009230195 6.2901078913566719 6.3539376785907145 9.1087543312439205 9.172584118477964 9.591162567278495 9.6549923545125385 9.97305449880648 10.036884286040523 11.012800526346169 11.076630313580212 12.417066065700119 12.480895852934163 13.969089991295363 14.032919778529406 14.369288709581749 14.433118496815792 15.07645058291417 15.140280370148213 15.403798185279532 15.467627972513576 15.613708861131412 15.677538648365456 16.840053154160387 16.903882941394428 17.012925116503414 17.076754903737456;1 1.0588235294117647 1.2103169255006361 1.2691404549124008 2.2077498403829301 2.2665733697946946 2.3722639208106497 2.4310874502224142 3.7530096539624207 3.8118331833741852 4.5136293713108113 4.5724529007225758 6.1397000341839583 6.1985235635957228 6.3359817822306574 6.3948053116424219 8.9335579131071405 8.992381442518905 9.3781302090605703 9.4369537384723348 9.7300698322334185 9.788893361645183 10.688267151730777 10.747090681142542 11.982394217409908 12.041217746821673 13.412690776291798 13.471514305703563 13.781501359810624 13.840324889222389 14.433199556803245 14.49202308621501 14.734872837414461 14.793696366826225 14.928319930846586 14.98714346025835 16.058480357755641 16.117303887167406 16.217793734816862 16.276617264228626;1.5 1.5600000000000001 1.7145232640106487 1.7745232640106487 2.7319048371905885 2.7919048371905886 2.8997091992268631 2.9597091992268632 4.3080698470416703 4.3680698470416699 5.0839019587370284 5.143901958737028 6.7424940348676374 6.802494034867637 6.94270141787527 7.0027014178752696 9.5922290713692835 9.652229071369284 10.045692813241782 10.105692813241783 10.404671228878088 10.464671228878089 11.382032494765395 11.442032494765396 12.70204210175811 12.76204210175811 14.160944591817639 14.22094459181764 14.537131387006843 14.597131387006844 15.201863547939318 15.261863547939319 15.509570294162758 15.569570294162759 15.706886329463526 15.766886329463526 16.859649964910762 16.919649964910761 17.022149609513207 17.082149609513205;2 2.0576923076923075 2.2062723692410082 2.2639646769333157 3.1845238819140267 3.2422161896063342 3.3458742300258288 3.4035665377181363 4.7000671606169888 4.7577594683092963 5.4460595757086798 5.5037518834009873 7.040859648911189 7.0985519566034965 7.2333667479569899 7.2910590556492973 9.7809894917012343 9.8386817993935427 10.217012320424791 10.2747046281171 10.562183873921239 10.619876181613547 11.501954321889803 11.559646629582112 12.771194328613566 12.828886636305874 14.173985184440037 14.231677492132345 14.535703256737348 14.593395564429656 15.174868796095497 15.232561103787805 15.47074066746419 15.528432975156498 15.660467624484159 15.718159932176468 16.768894197029578 16.826586504721885 16.925143855301162 16.982836162993468;
