m;6
n;12
P;39
P1;2 4 6 8 10 12 14 16 18 20 22 24 26 28 30 32 34 36 38
Q;40
M;100
h;1 1 1 1 1 1 1 1 1 1 1 1 1 1 1 1 1 1 1 1 1 1 1 1 1 1 1 1 1 1 1 1 1 1 1 1 1 1 1
Vmin;28 28 28 28 28 28 28 28 28 28 28 28 28 28 28 28 28 28 28 28 28 28 28 28 28 28 28 28 28 28 28 28 28 28 28 28 28 28 28;50 50 50 50 50 50 50 50 50 50 50 50 50 50 50 50 50 50 50 50 50 50 50 50 50 50 50 50 50 50 50 50 50 50 50 50 50 50 50;46 46 46 46 46 46 46 46 46 46 46 46 46 46 46 46 46 46 46 46 46 46 46 46 46 46 46 46 46 46 46 46 46 46 46 46 46 46 46;38 38 38 38 38 38 38 38 38 38 38 38 38 38 38 38 38 38 38 38 38 38 38 38 38 38 38 38 38 38 38 38 38 38 38 38 38 38 38;40 40 40 40 40 40 40 40 40 40 40 40 40 40 40 40 40 40 40 40 40 40 40 40 40 40 40 40 40 40 40 40 40 40 40 40 40 40 40;47 47 47 47 47 47 47 47 47 47 47 47 47 47 47 47 47 47 47 47 47 47 47 47 47 47 47 47 47 47 47 47 47 47 47 47 47 47 47;47 47 47 47 47 47 47 47 47 47 47 47 47 47 47 47 47 47 47 47 47 47 47 47 47 47 47 47 47 47 47 47 47 47 47 47 47 47 47;28 28 28 28 28 28 28 28 28 28 28 28 28 28 28 28 28 28 28 28 28 28 28 28 28 28 28 28 28 28 28 28 28 28 28 28 28 28 28;42 42 42 42 42 42 42 42 42 42 42 42 42 42 42 42 42 42 42 42 42 42 42 42 42 42 42 42 42 42 42 42 42 42 42 42 42 42 42;45 45 45 45 45 45 45 45 45 45 45 45 45 45 45 45 45 45 45 45 45 45 45 45 45 45 45 45 45 45 45 45 45 45 45 45 45 45 45;49 49 49 49 49 49 49 49 49 49 49 49 49 49 49 49 49 49 49 49 49 49 49 49 49 49 49 49 49 49 49 49 49 49 49 49 49 49 49;52 52 52 52 52 52 52 52 52 52 52 52 52 52 52 52 52 52 52 52 52 52 52 52 52 52 52 52 52 52 52 52 52 52 52 52 52 52 52;
Vmax;28 28 28 28 28 28 28 28 28 28 28 28 28 28 28 28 28 28 28 28 28 28 28 28 28 28 28 28 28 28 28 28 28 28 28 28 28 28 28;50 50 50 50 50 50 50 50 50 50 50 50 50 50 50 50 50 50 50 50 50 50 50 50 50 50 50 50 50 50 50 50 50 50 50 50 50 50 50;46 46 46 46 46 46 46 46 46 46 46 46 46 46 46 46 46 46 46 46 46 46 46 46 46 46 46 46 46 46 46 46 46 46 46 46 46 46 46;38 38 38 38 38 38 38 38 38 38 38 38 38 38 38 38 38 38 38 38 38 38 38 38 38 38 38 38 38 38 38 38 38 38 38 38 38 38 38;40 40 40 40 40 40 40 40 40 40 40 40 40 40 40 40 40 40 40 40 40 40 40 40 40 40 40 40 40 40 40 40 40 40 40 40 40 40 40;47 47 47 47 47 47 47 47 47 47 47 47 47 47 47 47 47 47 47 47 47 47 47 47 47 47 47 47 47 47 47 47 47 47 47 47 47 47 47;47 47 47 47 47 47 47 47 47 47 47 47 47 47 47 47 47 47 47 47 47 47 47 47 47 47 47 47 47 47 47 47 47 47 47 47 47 47 47;28 28 28 28 28 28 28 28 28 28 28 28 28 28 28 28 28 28 28 28 28 28 28 28 28 28 28 28 28 28 28 28 28 28 28 28 28 28 28;42 42 42 42 42 42 42 42 42 42 42 42 42 42 42 42 42 42 42 42 42 42 42 42 42 42 42 42 42 42 42 42 42 42 42 42 42 42 42;45 45 45 45 45 45 45 45 45 45 45 45 45 45 45 45 45 45 45 45 45 45 45 45 45 45 45 45 45 45 45 45 45 45 45 45 45 45 45;49 49 49 49 49 49 49 49 49 49 49 49 49 49 49 49 49 49 49 49 49 49 49 49 49 49 49 49 49 49 49 49 49 49 49 49 49 49 49;52 52 52 52 52 52 52 52 52 52 52 52 52 52 52 52 52 52 52 52 52 52 52 52 52 52 52 52 52 52 52 52 52 52 52 52 52 52 52;
d;3.000 62.483 3.000 74.223 3.000 44.516 3.000 35.153 3.000 3.292 3.000 11.388 3.000 33.488 3.000 48.077 3.000 15.461 3.000 61.193 3.000 18.417 3.000 98.725 3.000 79.288 3.000 14.651 3.000 45.472 3.000 86.156 3.000 93.942 3.000 73.708 3.000 128.829 3.000
S;38.873633645369132 38.766490788226278 34.165443926449178 34.058301069306324 31.425858402647442 31.318715545504585 27.963659611008733 27.856516753865876 24.779513043221442 24.672370186078584 23.048371617226323 22.941228760083465 22.417987647275062 22.310844790132204 19.479130196307619 19.371987339164761 15.846091187812696 15.738948330669839 15.081187239050553 14.974044381907696 12.78859347425192 12.681450617109062 12.12927716123864 12.022134304095783 10.305099203586511 10.197956346443654 9.001964952222826 8.8948220950799683 8.4881150976817441 8.3809722405388865 8.2633861920639173 8.1562433349210597 6.900774552037066 6.7936316948942093 5.203789697376247 5.0966468402333902 2.4458380208653256 2.3386951637224684 0.10714285714285714 0;22.269234841406707 22.209234841406708 19.632648598811532 19.572648598811533 18.098480705482562 18.038480705482563 16.159649382164886 16.099649382164888 14.376527304204005 14.316527304204005 13.407088105646739 13.347088105646739 13.054073082474034 12.994073082474033 11.408312909932265 11.348312909932265 9.3738110651751079 9.3138110651751074 8.945464853868307 8.8854648538683065 7.661612345581073 7.6016123455810733 7.2923952102936367 7.2323952102936371 6.2708555540084445 6.2108555540084449 5.5411003732447819 5.4811003732447823 5.2533444547017769 5.1933444547017773 5.1274962675557942 5.0674962675557946 4.3644337491407574 4.3044337491407578 3.4141222305306989 3.3541222305306988 1.8696692916845823 1.8096692916845822 0.56000000000000005 0.5;24.662211784137732 24.596994392833384 21.796357172621235 21.731139781316887 20.128783375524527 20.06356598422018 18.021358024092269 17.956140632787921 16.083181852395658 16.01796446109131 15.02944359309428 14.964226201789932 14.645731611384818 14.58051422008047 12.856861858622027 12.791644467317679 10.645446809972944 10.580229418668596 10.179853102030769 10.114635710726422 8.7843612451968198 8.7191438538924722 8.3830382720583021 8.3178208807539544 7.2726690804439631 7.2074516891396154 6.4794569274399816 6.4142395361356339 6.1666787551106275 6.1014613638062798 6.0298872473432548 5.9646698560389071 5.200471466457345 5.1352540751529974 4.1675241636203246 4.102306772315977 2.4887709692223718 2.4235535779180242 1.0652173913043479 1;30.143730054482507 30.064782686061456 26.67453763001517 26.595590261594118 24.655895665108631 24.576948296687579 22.104801818638002 22.025854450216951 19.758588558163158 19.679641189742107 18.483010665324652 18.404063296903601 18.018517213781621 17.93956984536057 15.853043302542455 15.774095934121402 13.176067191019879 13.097119822598826 12.612453755089879 12.533506386668826 10.923174138922466 10.844226770501413 10.437362118807417 10.358414750386364 9.093230992116375 9.0142836236953219 8.1330268069010287 8.0540794384799757 7.7544005982918112 7.675453229870759 7.588810878362886 7.5098635099418338 6.5847812488694171 6.5058338804483649 5.3343713559614452 5.255423987540393 3.3021964364270819 3.2232490680060293 1.5789473684210527 1.5;29.211543551758382 29.136543551758383 25.915810748514414 25.840810748514414 23.998100881853198 23.923100881853198 21.574561727706101 21.499561727706102 19.345659130254997 19.270659130254998 18.133860132058416 18.058860132058417 17.692591353092535 17.617591353092536 15.635391137415327 15.560391137415328 13.092263831468882 13.017263831468883 12.556831067335382 12.481831067335383 10.95201543197634 10.877015431976341 10.490494012867046 10.415494012867047 9.2135694425105559 9.1385694425105566 8.301375466555978 8.2263754665559787 7.9416805683772225 7.8666805683772223 7.784370334444743 7.7093703344447428 6.830542186425947 6.7555421864259468 5.6426527881633737 5.5676527881633735 3.7120866146057283 3.6370866146057281 2.0750000000000002 2;25.658760469581612 25.59493068234757 22.853881488097382 22.790051700863341 21.221787984555924 21.157958197321882 19.159201470388183 19.095371683154141 17.262263089578735 17.198433302344693 16.230944793241218 16.167115006007176 15.85539689624898 15.791567109014936 14.104588202055609 14.040758414821566 11.940224537420335 11.876394750186291 11.484537078583312 11.420707291349268 10.118736537852211 10.054906750618168 9.7259523513762129 9.6621225641421695 8.6392080361791983 8.5753782489451549 7.8628727374944498 7.7990429502604073 7.5567494198955076 7.4929196326614651 7.4228683697402067 7.3590385825061642 6.6110997331284658 6.5472699458944232 5.6001300324794672 5.5363002452454246 3.9570949911538111 3.8932652039197686 2.5638297872340425 2.5;0 0.10714285714285714 2.3922665922938968 2.499409449436754 5.150218268804819 5.2573611259476758 6.8472031234656381 6.9543459806084948 8.2098147634924885 8.3169576206353462 8.4345436691103153 8.5416865262531729 8.9483935236513972 9.0555363807942548 10.251527775015083 10.35867063215794 12.075705732667211 12.182848589810069 12.735022045680491 12.842164902823349 15.027615810479123 15.134758667621981 15.792519759241266 15.899662616384123 19.425558767736188 19.532701624879046 22.364416218703632 22.471559075846489 22.994800188654892 23.10194304579775 24.725941614650012 24.833084471792869 27.910088182437303 28.01723103958016 31.372286974076012 31.479429831218869 34.111872497877748 34.219015355020602 38.820062216797702 38.927205073940556;0.5 0.56000000000000005 1.8396692916845823 1.8996692916845823 3.3841222305306986 3.4441222305306987 4.3344337491407572 4.3944337491407568 5.097496267555794 5.1574962675557936 5.2233444547017767 5.2833444547017763 5.5111003732447816 5.5711003732447812 6.2408555540084443 6.3008555540084439 7.2623952102936364 7.322395210293636 7.6316123455810727 7.6916123455810723 8.9154648538683059 8.9754648538683064 9.3438110651751067 9.4038110651751072 11.378312909932264 11.438312909932264 13.024073082474033 13.084073082474033 13.377088105646738 13.437088105646739 14.346527304204004 14.406527304204005 16.129649382164889 16.189649382164887 18.068480705482564 18.128480705482563 19.602648598811534 19.662648598811533 22.239234841406709 22.299234841406708;1 1.0652173913043479 2.4561622735701985 2.5213796648745461 4.1349154679681508 4.2001328592724985 5.1678627708051712 5.2330801621095189 5.9972785516910809 6.0624959429954286 6.1340700594584536 6.1992874507628013 6.4468482317878077 6.5120656230921554 7.2400603847917893 7.3052777760961369 8.3504295764061283 8.4156469677104759 8.751752549544646 8.8169699408489937 10.147244406378595 10.212461797682943 10.61283811432077 10.678055505625117 12.824253162969853 12.889470554274201 14.613122915732644 14.678340307036992 14.996834897442106 15.062052288746454 16.050573156743482 16.11579054804783 17.988749328440093 18.053966719744441 20.096174679872352 20.161392071176699 21.763748476969059 21.828965868273407 24.629603088485556 24.694820479789904;1.5 1.5789473684210527 3.2627227522165558 3.3416701206376085 5.2948976717509195 5.3738450401719717 6.5453075646588914 6.6242549330799436 7.5493371941523604 7.6282845625734126 7.7149269140812855 7.7938742825023377 8.0935531226905031 8.1725004911115562 9.0537573079058493 9.1327046763269024 10.397888434596892 10.476835803017945 10.88370045471194 10.962647823132993 12.572980070879353 12.651927439300406 13.136593506809353 13.215540875230406 15.813569618331929 15.892516986752982 17.979043529571097 18.057990897992148 18.443536981114129 18.52248434953518 19.719114873952634 19.798062242373685 22.065328134427478 22.144275502848529 24.616421980898107 24.695369349319158 26.635063945804646 26.714011314225697 30.104256370271983 30.183203738693035;2 2.0750000000000002 3.6745866146057278 3.749586614605728 5.6051527881633731 5.6801527881633733 6.7930421864259465 6.8680421864259467 7.7468703344447425 7.8218703344447427 7.9041805683772219 7.9791805683772221 8.2638754665559784 8.3388754665559777 9.1760694425105562 9.2510694425105555 10.452994012867046 10.527994012867046 10.914515431976341 10.98951543197634 12.519331067335383 12.594331067335382 13.054763831468883 13.129763831468882 15.597891137415328 15.672891137415327 17.655091353092537 17.730091353092536 18.096360132058418 18.171360132058417 19.308159130255 19.383159130254999 21.537061727706103 21.612061727706102 23.9606008818532 24.035600881853199 25.878310748514416 25.953310748514415 29.174043551758384 29.249043551758383;2.5 2.5638297872340425 3.9251800975367894 3.989009884770832 5.5682151388624455 5.632044926096488 6.5791848395114441 6.6430146267454866 7.390953476123185 7.4547832633572275 7.5248345262784859 7.5886643135125285 7.8309578438774281 7.8947876311114706 8.6072931425621757 8.6711229297962191 9.6940374577591903 9.7578672449932338 10.086821644235188 10.150651431469232 11.452622184966289 11.516451972200333 11.908309643803312 11.972139431037355 14.072673308438587 14.13650309567263 15.823482002631957 15.887311789866001 16.199029899624197 16.262859686858238 17.230348195961714 17.294177983195755 19.127286576771162 19.191116364005204 21.189873090938903 21.253702878172945 22.821966594480362 22.885796381714403 25.626845575964591 25.690675363198633;
