m;2
n;4
P;39
P1;2 4 6 8 10 12 14 16 18 20 22 24 26 28 30 32 34 36 38
Q;40
M;100
h;1 1 1 1 1 1 1 1 1 1 1 1 1 1 1 1 1 1 1 1 1 1 1 1 1 1 1 1 1 1 1 1 1 1 1 1 1 1 1
Vmin;51 51 51 51 51 51 51 51 51 51 51 51 51 51 51 51 51 51 51 51 51 51 51 51 51 51 51 51 51 51 51 51 51 51 51 51 51 51 51;52 52 52 52 52 52 52 52 52 52 52 52 52 52 52 52 52 52 52 52 52 52 52 52 52 52 52 52 52 52 52 52 52 52 52 52 52 52 52;50 50 50 50 50 50 50 50 50 50 50 50 50 50 50 50 50 50 50 50 50 50 50 50 50 50 50 50 50 50 50 50 50 50 50 50 50 50 50;28 28 28 28 28 28 28 28 28 28 28 28 28 28 28 28 28 28 28 28 28 28 28 28 28 28 28 28 28 28 28 28 28 28 28 28 28 28 28;
Vmax;51 51 51 51 51 51 51 51 51 51 51 51 51 51 51 51 51 51 51 51 51 51 51 51 51 51 51 51 51 51 51 51 51 51 51 51 51 51 51;52 52 52 52 52 52 52 52 52 52 52 52 52 52 52 52 52 52 52 52 52 52 52 52 52 52 52 52 52 52 52 52 52 52 52 52 52 52 52;50 50 50 50 50 50 50 50 50 50 50 50 50 50 50 50 50 50 50 50 50 50 50 50 50 50 50 50 50 50 50 50 50 50 50 50 50 50 50;28 28 28 28 28 28 28 28 28 28 28 28 28 28 28 28 28 28 28 28 28 28 28 28 28 28 28 28 28 28 28 28 28 28 28 28 28 28 28;
d;3.000 34.149 3.000 30.023 3.000 18.098 3.000 24.398 3.000 73.116 3.000 132.406 3.000 34.605 3.000 57.069 3.000 3.656 3.000 7.485 3.000 14.853 3.000 70.556 3.000 156.284 3.000 17.217 3.000 12.824 3.000 90.856 3.000 44.686 3.000 83.165 3.000 94.772 3.000
S;20.788581719752948 20.729758190341183 18.871483641715741 18.812660112303977 17.181965080822117 17.123141551410352 16.246953236947594 16.188129707535829 14.406641610302696 14.347818080890931 14.096357801896097 14.037534272484333 13.699937147229818 13.641113617818053 10.576727144365915 10.51790361495415 9.1344512338406858 9.0756277044289213 8.7844003871451743 8.7255768577334099 8.5788194535837281 8.5199959241719636 8.4483049258266654 8.3894813964149009 7.2704741042019414 7.2116505747901769 6.5331265524035853 6.4743030229918208 3.8781033921954764 3.8192798627837119 2.3856392186113258 2.3268156891995613 1.8484210434809074 1.7895975140691427 1.4347442583534349 1.3759207289416702 0.78722656909083777 0.72840303967907305 0.058823529411764705 0;20.888801302065396 20.831108994373089 19.008570494759674 18.950878187067367 17.351542675421694 17.293850367729387 16.43451182854476 16.376819520852454 14.629590810104574 14.571898502412266 14.325273998013486 14.267581690321178 13.936476817475404 13.878784509783095 10.873328545435806 10.815636237743497 9.4587887101129837 9.4010964024206753 9.115469610469308 9.0577773027769997 8.9138421563994275 8.8561498487071191 8.7858375234069221 8.7281452157146138 7.6306572945057498 7.5729649868134423 6.9074895033189003 6.8497971956265928 4.3035244808071011 4.2458321731147937 2.8397615413303381 2.7820692336380306 2.3128744849524279 2.2551821772601204 1.9071530226158686 1.8494607149235609 1.2720875966083216 1.2143952889160139 0.55769230769230771 0.5;0 0.058823529411764705 0.75781480438495541 0.81663833379672013 1.4053324936475526 1.4641560230593174 1.8190092787750252 1.8778328081867899 2.3562274539054435 2.415050983317208 3.8486916274895941 3.9075151569013586 6.5037147876977031 6.5625383171094676 7.2410623394960592 7.2998858689078236 8.4188931611207831 8.4777166905325476 8.5494076888778459 8.6082312182896104 8.7549886224392921 8.8138121518510566 9.1050394691348036 9.1638629985465681 10.547315379660033 10.606138909071797 13.670525382523934 13.729348911935698 14.066946037190213 14.125769566601978 14.377229845596812 14.436053375008576 16.217541472241709 16.276365001653474 17.152553316116233 17.211376845527997 18.842071877009857 18.900895406421622 20.759169955047064 20.817993484458828;0.5 0.55769230769230771 1.2432414427621676 1.3009337504544753 1.8783068687697146 1.9359991764620224 2.2840283311062741 2.3417206387985816 2.8109153874841843 2.8686076951764918 4.274678326960947 4.3323706346532544 6.8786433494727461 6.9363356571650536 7.6018111406595956 7.6595034483519031 8.7569913695607671 8.8146836772530754 8.8849960025532724 8.9426883102455808 9.086623456623153 9.1443157643154613 9.4299425562668286 9.487634863959137 10.844482391589651 10.902174699281959 13.907630663629249 13.965322971321557 14.296427844167331 14.35412015185964 14.600744656258419 14.658436963950727 16.405665674698607 16.463357982390914 17.322696521575541 17.380388829267847 18.979724340913521 19.037416648605827 20.859955148219242 20.917647455911549;
