m;3
n;6
P;39
P1;2 4 6 8 10 12 14 16 18 20 22 24 26 28 30 32 34 36 38
Q;40
M;100
h;1 1 1 1 1 1 1 1 1 1 1 1 1 1 1 1 1 1 1 1 1 1 1 1 1 1 1 1 1 1 1 1 1 1 1 1 1 1 1
Vmin;28 28 28 28 28 28 28 28 28 28 28 28 28 28 28 28 28 28 28 28 28 28 28 28 28 28 28 28 28 28 28 28 28 28 28 28 28 28 28;48 48 48 48 48 48 48 48 48 48 48 48 48 48 48 48 48 48 48 48 48 48 48 48 48 48 48 48 48 48 48 48 48 48 48 48 48 48 48;32 32 32 32 32 32 32 32 32 32 32 32 32 32 32 32 32 32 32 32 32 32 32 32 32 32 32 32 32 32 32 32 32 32 32 32 32 32 32;52 52 52 52 52 52 52 52 52 52 52 52 52 52 52 52 52 52 52 52 52 52 52 52 52 52 52 52 52 52 52 52 52 52 52 52 52 52 52;52 52 52 52 52 52 52 52 52 52 52 52 52 52 52 52 52 52 52 52 52 52 52 52 52 52 52 52 52 52 52 52 52 52 52 52 52 52 52;47 47 47 47 47 47 47 47 47 47 47 47 47 47 47 47 47 47 47 47 47 47 47 47 47 47 47 47 47 47 47 47 47 47 47 47 47 47 47;
Vmax;28 28 28 28 28 28 28 28 28 28 28 28 28 28 28 28 28 28 28 28 28 28 28 28 28 28 28 28 28 28 28 28 28 28 28 28 28 28 28;48 48 48 48 48 48 48 48 48 48 48 48 48 48 48 48 48 48 48 48 48 48 48 48 48 48 48 48 48 48 48 48 48 48 48 48 48 48 48;32 32 32 32 32 32 32 32 32 32 32 32 32 32 32 32 32 32 32 32 32 32 32 32 32 32 32 32 32 32 32 32 32 32 32 32 32 32 32;52 52 52 52 52 52 52 52 52 52 52 52 52 52 52 52 52 52 52 52 52 52 52 52 52 52 52 52 52 52 52 52 52 52 52 52 52 52 52;52 52 52 52 52 52 52 52 52 52 52 52 52 52 52 52 52 52 52 52 52 52 52 52 52 52 52 52 52 52 52 52 52 52 52 52 52 52 52;47 47 47 47 47 47 47 47 47 47 47 47 47 47 47 47 47 47 47 47 47 47 47 47 47 47 47 47 47 47 47 47 47 47 47 47 47 47 47;
d;3.000 11.186 3.000 63.312 3.000 115.782 3.000 77.274 3.000 28.362 3.000 20.943 3.000 12.008 3.000 4.068 3.000 11.339 3.000 154.180 3.000 31.484 3.000 45.889 3.000 53.919 3.000 106.459 3.000 84.556 3.000 71.216 3.000 55.279 3.000 11.042 3.000 97.226 3.000
S;39.840094826110253 39.732951968967399 36.260605156545331 36.153462299402477 35.759107354661566 35.651964497518712 33.67772621811757 33.570583360974716 31.027156214044886 30.920013356902029 27.900164927935904 27.793022070793047 23.990931429410878 23.883788572268021 21.958115447486936 21.850972590344078 20.212095396211957 20.1049525390691 18.980518250229455 18.873375393086597 13.366935095726417 13.259792238583559 12.854844672420526 12.747701815277669 12.602425303761803 12.495282446618946 12.066410663264509 11.959267806121652 11.21129431484562 11.104151457702763 10.091236184475811 9.9840933273329533 7.2242899004254229 7.1171470432825661 2.9820695015788536 2.8749266444359964 0.61379042413164664 0.50664756698878954 0.10714285714285714 0;23.740055315230986 23.677555315230986 21.652019674651445 21.589519674651445 21.359479290219248 21.296979290219248 20.145340293901917 20.082840293901917 18.599174458192849 18.536674458192849 16.775096207962608 16.712596207962608 14.494710000489675 14.432210000489675 13.308900677700709 13.246400677700709 12.290388981123639 12.227888981123639 11.571968979300514 11.509468979300514 8.2973788058404097 8.2348788058404097 7.9986593922453073 7.9361593922453073 7.8514147605277191 7.7889147605277191 7.5387395535709647 7.4762395535709647 7.0399216836599461 6.9774216836599461 6.3865544409442236 6.3240544409442236 4.7141691085814967 4.6516691085814967 2.2395405425876644 2.1770405425876644 0.85804441407679388 0.79554441407679388 0.5625 0.5;35.86008297284647 35.76633297284647 32.728029511977162 32.634279511977162 32.289218935328869 32.195468935328869 30.468010440852872 30.374260440852872 28.148761687289269 28.055011687289269 25.412644311943911 25.318894311943911 21.992065000734513 21.898315000734513 20.213351016551066 20.119601016551066 18.685583471685462 18.591833471685462 17.607953468950772 17.514203468950772 12.696068208760614 12.602318208760614 12.247989088367961 12.154239088367961 12.027122140791578 11.933372140791578 11.558109330356446 11.464359330356446 10.809882525489918 10.716132525489918 9.8298316614163355 9.7360816614163355 7.3212536628722455 7.2275036628722455 3.6093108138814971 3.5155608138814971 1.5370666211151909 1.4433166211151909 1.09375 1;0 0.10714285714285714 0.56021899556021815 0.66736185270307524 2.9284980730074253 3.0356409301502825 7.1707184718539949 7.2778613289968517 10.037664755904384 10.144807613047242 11.157722886274193 11.264865743417051 12.012839234693082 12.11998209183594 12.548853875190376 12.655996732333234 12.801273243849099 12.908416100991957 13.31336366715499 13.420506524297847 18.926946821658028 19.034089678800886 20.15852396764053 20.265666824783388 21.904544018915509 22.011686876058366 23.937360000839451 24.044502857982309 27.846593499364477 27.953736356507335 30.973584785473459 31.080727642616317 33.624154789546147 33.731297646689001 35.705535926090143 35.812678783232997 36.207033727973908 36.314176585116762 39.786523397538829 39.893666254681683;0.5 0.5625 0.82679441407679399 0.88929441407679399 2.2082905425876644 2.2707905425876644 4.6829191085814967 4.7454191085814967 6.3553044409442236 6.4178044409442236 7.0086716836599461 7.0711716836599461 7.5074895535709647 7.5699895535709647 7.8201647605277191 7.8826647605277191 7.9674093922453073 8.0299093922453082 8.2661288058404097 8.3286288058404097 11.540718979300514 11.603218979300514 12.259138981123639 12.321638981123639 13.277650677700709 13.340150677700709 14.463460000489675 14.525960000489675 16.743846207962608 16.806346207962608 18.567924458192849 18.630424458192849 20.114090293901917 20.176590293901917 21.328229290219248 21.390729290219248 21.620769674651445 21.683269674651445 23.708805315230986 23.771305315230986;1 1.09375 1.4901916211151909 1.5839416211151909 3.5624358138814971 3.6561858138814971 7.2743786628722455 7.3681286628722455 9.7829566614163355 9.8767066614163355 10.763007525489918 10.856757525489918 11.511234330356446 11.604984330356446 11.980247140791578 12.073997140791578 12.201114088367961 12.294864088367961 12.649193208760614 12.742943208760614 17.561078468950772 17.654828468950772 18.638708471685462 18.732458471685462 20.166476016551066 20.260226016551066 21.945190000734513 22.038940000734513 25.365769311943911 25.459519311943911 28.101886687289269 28.195636687289269 30.421135440852872 30.514885440852872 32.242343935328869 32.336093935328869 32.681154511977162 32.774904511977162 35.81320797284647 35.90695797284647;
