m;8
n;16
P;39
P1;2 4 6 8 10 12 14 16 18 20 22 24 26 28 30 32 34 36 38
Q;40
M;100
h;1 1 1 1 1 1 1 1 1 1 1 1 1 1 1 1 1 1 1 1 1 1 1 1 1 1 1 1 1 1 1 1 1 1 1 1 1 1 1
Vmin;31 31 31 31 31 31 31 31 31 31 31 31 31 31 31 31 31 31 31 31 31 31 31 31 31 31 31 31 31 31 31 31 31 31 31 31 31 31 31;40 40 40 40 40 40 40 40 40 40 40 40 40 40 40 40 40 40 40 40 40 40 40 40 40 40 40 40 40 40 40 40 40 40 40 40 40 40 40;38 38 38 38 38 38 38 38 38 38 38 38 38 38 38 38 38 38 38 38 38 38 38 38 38 38 38 38 38 38 38 38 38 38 38 38 38 38 38;35 35 35 35 35 35 35 35 35 35 35 35 35 35 35 35 35 35 35 35 35 35 35 35 35 35 35 35 35 35 35 35 35 35 35 35 35 35 35;40 40 40 40 40 40 40 40 40 40 40 40 40 40 40 40 40 40 40 40 40 40 40 40 40 40 40 40 40 40 40 40 40 40 40 40 40 40 40;37 37 37 37 37 37 37 37 37 37 37 37 37 37 37 37 37 37 37 37 37 37 37 37 37 37 37 37 37 37 37 37 37 37 37 37 37 37 37;42 42 42 42 42 42 42 42 42 42 42 42 42 42 42 42 42 42 42 42 42 42 42 42 42 42 42 42 42 42 42 42 42 42 42 42 42 42 42;42 42 42 42 42 42 42 42 42 42 42 42 42 42 42 42 42 42 42 42 42 42 42 42 42 42 42 42 42 42 42 42 42 42 42 42 42 42 42;47 47 47 47 47 47 47 47 47 47 47 47 47 47 47 47 47 47 47 47 47 47 47 47 47 47 47 47 47 47 47 47 47 47 47 47 47 47 47;44 44 44 44 44 44 44 44 44 44 44 44 44 44 44 44 44 44 44 44 44 44 44 44 44 44 44 44 44 44 44 44 44 44 44 44 44 44 44;28 28 28 28 28 28 28 28 28 28 28 28 28 28 28 28 28 28 28 28 28 28 28 28 28 28 28 28 28 28 28 28 28 28 28 28 28 28 28;31 31 31 31 31 31 31 31 31 31 31 31 31 31 31 31 31 31 31 31 31 31 31 31 31 31 31 31 31 31 31 31 31 31 31 31 31 31 31;40 40 40 40 40 40 40 40 40 40 40 40 40 40 40 40 40 40 40 40 40 40 40 40 40 40 40 40 40 40 40 40 40 40 40 40 40 40 40;37 37 37 37 37 37 37 37 37 37 37 37 37 37 37 37 37 37 37 37 37 37 37 37 37 37 37 37 37 37 37 37 37 37 37 37 37 37 37;46 46 46 46 46 46 46 46 46 46 46 46 46 46 46 46 46 46 46 46 46 46 46 46 46 46 46 46 46 46 46 46 46 46 46 46 46 46 46;52 52 52 52 52 52 52 52 52 52 52 52 52 52 52 52 52 52 52 52 52 52 52 52 52 52 52 52 52 52 52 52 52 52 52 52 52 52 52;
Vmax;31 31 31 31 31 31 31 31 31 31 31 31 31 31 31 31 31 31 31 31 31 31 31 31 31 31 31 31 31 31 31 31 31 31 31 31 31 31 31;40 40 40 40 40 40 40 40 40 40 40 40 40 40 40 40 40 40 40 40 40 40 40 40 40 40 40 40 40 40 40 40 40 40 40 40 40 40 40;38 38 38 38 38 38 38 38 38 38 38 38 38 38 38 38 38 38 38 38 38 38 38 38 38 38 38 38 38 38 38 38 38 38 38 38 38 38 38;35 35 35 35 35 35 35 35 35 35 35 35 35 35 35 35 35 35 35 35 35 35 35 35 35 35 35 35 35 35 35 35 35 35 35 35 35 35 35;40 40 40 40 40 40 40 40 40 40 40 40 40 40 40 40 40 40 40 40 40 40 40 40 40 40 40 40 40 40 40 40 40 40 40 40 40 40 40;37 37 37 37 37 37 37 37 37 37 37 37 37 37 37 37 37 37 37 37 37 37 37 37 37 37 37 37 37 37 37 37 37 37 37 37 37 37 37;42 42 42 42 42 42 42 42 42 42 42 42 42 42 42 42 42 42 42 42 42 42 42 42 42 42 42 42 42 42 42 42 42 42 42 42 42 42 42;42 42 42 42 42 42 42 42 42 42 42 42 42 42 42 42 42 42 42 42 42 42 42 42 42 42 42 42 42 42 42 42 42 42 42 42 42 42 42;47 47 47 47 47 47 47 47 47 47 47 47 47 47 47 47 47 47 47 47 47 47 47 47 47 47 47 47 47 47 47 47 47 47 47 47 47 47 47;44 44 44 44 44 44 44 44 44 44 44 44 44 44 44 44 44 44 44 44 44 44 44 44 44 44 44 44 44 44 44 44 44 44 44 44 44 44 44;28 28 28 28 28 28 28 28 28 28 28 28 28 28 28 28 28 28 28 28 28 28 28 28 28 28 28 28 28 28 28 28 28 28 28 28 28 28 28;31 31 31 31 31 31 31 31 31 31 31 31 31 31 31 31 31 31 31 31 31 31 31 31 31 31 31 31 31 31 31 31 31 31 31 31 31 31 31;40 40 40 40 40 40 40 40 40 40 40 40 40 40 40 40 40 40 40 40 40 40 40 40 40 40 40 40 40 40 40 40 40 40 40 40 40 40 40;37 37 37 37 37 37 37 37 37 37 37 37 37 37 37 37 37 37 37 37 37 37 37 37 37 37 37 37 37 37 37 37 37 37 37 37 37 37 37;46 46 46 46 46 46 46 46 46 46 46 46 46 46 46 46 46 46 46 46 46 46 46 46 46 46 46 46 46 46 46 46 46 46 46 46 46 46 46;52 52 52 52 52 52 52 52 52 52 52 52 52 52 52 52 52 52 52 52 52 52 52 52 52 52 52 52 52 52 52 52 52 52 52 52 52 52 52;
d;3.000 10.946 3.000 65.994 3.000 24.306 3.000 103.244 3.000 8.752 3.000 92.062 3.000 40.361 3.000 43.743 3.000 12.497 3.000 44.751 3.000 87.220 3.000 3.166 3.000 35.790 3.000 42.833 3.000 74.753 3.000 19.812 3.000 75.203 3.000 100.513 3.000 51.274 3.000
S;32.168473135787977 32.071698942239593 30.417700473527592 30.320926279979204 27.07858374705814 26.981809553509752 24.555915805701588 24.4591416121532 23.820033458649331 23.723259265100943 21.311872675991932 21.215098482443544 19.833375713999501 19.736601520451114 18.582094053212561 18.485319859664173 18.383186267071675 18.286412073523287 15.472854407068851 15.376080213520464 13.932485985022312 13.835711791473924 13.432570995846492 13.335796802298104 11.924725653508021 11.827951459959634 10.525976153009969 10.429201959461581 7.4594597961033768 7.3626856025549898 7.0803562733197323 6.9835820797713453 3.6531192050392804 3.5563450114908934 2.7722848452739663 2.6755106517255793 0.5466610418322092 0.44988684828382208 0.096774193548387094 0;25.430566680235668 25.355566680235668 24.07371786698387 23.998717866983871 21.485902403970048 21.410902403970049 19.530834749418723 19.455834749418724 18.960525930453223 18.885525930453223 17.016701323893738 16.941701323893739 15.870866178349605 15.795866178349605 14.901122891239726 14.826122891239727 14.746969356980541 14.671969356980542 12.491462165478355 12.416462165478356 11.297676638392288 11.222676638392288 10.910242521781027 10.835242521781028 9.7416623814687142 9.6666623814687149 8.6576315185827255 8.5826315185827262 6.2810813419801184 6.2060813419801182 5.9872761118227933 5.9122761118227931 3.3311673839054428 3.2561673839054426 2.6485207550873242 2.573520755087324 0.92366230741996203 0.84866230741996207 0.57499999999999996 0.5;27.242701768669122 27.16375440024807 25.814439859983018 25.735492491561967 23.090423583126363 23.011476214705311 21.032457630967073 20.953510262546022 20.432132558371812 20.353185189950761 18.386001393572357 18.307054025151306 17.179859135104849 17.100911766683797 16.159076727620768 16.080129359199717 15.996809849453204 15.917862481032151 13.622591753135112 13.543644384714058 12.365975408833988 12.287028040412935 11.958150022927398 11.879202654506345 10.728065664703911 10.649118296282857 9.5869805458765516 9.5080331774554985 7.0853487810317004 7.0064014126106482 6.7760801177082017 6.6971327492871495 3.980176193584676 3.9012288251636233 3.261600794828762 3.1826534264077093 1.4459603235999601 1.3670129551789074 1.0789473684210527 1;29.992076205983622 29.906361920269337 28.441391847981567 28.355677562267282 25.483888461680053 25.398174175965767 23.249525427907109 23.163811142192824 22.597743920517967 22.512029634803682 20.376230084449986 20.290515798735701 19.06670420382812 18.980989918113835 17.958426161416831 17.872711875702546 17.782250693692049 17.696536407977764 15.20452818911812 15.118813903403835 13.840201872448329 13.754487586734044 13.397420024892604 13.311705739178318 12.061899864535674 11.976185578821388 10.823007449808827 10.737293164094542 8.1069501051201325 8.0212358194058471 7.7711726992260477 7.6854584135117623 4.7356198673205059 4.6499055816062205 3.9554522915283705 3.8697380058140847 1.9841854941942423 1.8984712084799567 1.5857142857142856 1.5;26.930566680235668 26.855566680235668 25.57371786698387 25.498717866983871 22.985902403970048 22.910902403970049 21.030834749418723 20.955834749418724 20.460525930453223 20.385525930453223 18.516701323893738 18.441701323893739 17.370866178349605 17.295866178349605 16.401122891239726 16.326122891239727 16.246969356980543 16.171969356980544 13.991462165478355 13.916462165478356 12.797676638392288 12.722676638392288 12.410242521781027 12.335242521781028 11.241662381468714 11.166662381468715 10.157631518582726 10.082631518582726 7.7810813419801184 7.7060813419801182 7.4872761118227933 7.4122761118227931 4.8311673839054432 4.756167383905443 4.1485207550873247 4.0735207550873245 2.4236623074199626 2.3486623074199624 2.0750000000000002 2;29.451963978633156 29.370882897552075 27.98510039673932 27.904019315658239 25.187462058345996 25.106380977264916 23.073875404776995 22.992794323695914 22.4573253302197 22.376244249138619 20.355893323128367 20.274812242047286 19.117152625242817 19.036071544161736 18.068781504042946 17.987700422961865 17.902129034573555 17.821047953492474 15.463742881598218 15.382661800517138 14.173163933397065 14.092082852315984 13.754316239763272 13.673235158682191 12.490986358344555 12.409905277263475 11.319061101170512 11.237980020089431 8.7498176670055301 8.6687365859244494 8.4321903911597751 8.3511093100786944 5.5607214961139917 5.479640415032911 4.8227251406349447 4.741644059553864 2.958013305318878 2.8769322242377968 2.5810810810810811 2.5;26.743396838319704 26.671968266891131 25.451159873317987 25.379731301889414 22.986573718066726 22.915145146638153 21.124604523255936 21.053175951827363 20.581453267098315 20.510024695669742 18.730191737041661 18.658763165613088 17.638920169856771 17.567491598428198 16.715355134514027 16.643926563085454 16.568542244743373 16.4971136733148 14.420440157598433 14.349011586169862 13.283501560373606 13.212072988945035 12.914516687410503 12.843088115981931 11.801583220446394 11.730154649017823 10.76917287484069 10.697744303412119 8.5057917542667774 8.4343631828382062 8.22597724935504 8.1545486779264689 5.6963498894337548 5.6249213180051836 5.0462102429403091 4.9747816715117379 3.4034879118285359 3.3320593403999643 3.0714285714285716 3;27.243396838319704 27.171968266891131 25.951159873317987 25.879731301889414 23.486573718066726 23.415145146638153 21.624604523255936 21.553175951827363 21.081453267098315 21.010024695669742 19.230191737041661 19.158763165613088 18.138920169856771 18.067491598428198 17.215355134514027 17.143926563085454 17.068542244743373 16.9971136733148 14.920440157598433 14.849011586169862 13.783501560373606 13.712072988945035 13.414516687410503 13.343088115981931 12.301583220446394 12.230154649017823 11.26917287484069 11.197744303412119 9.0057917542667774 8.9343631828382062 8.72597724935504 8.6545486779264689 6.1963498894337548 6.1249213180051836 5.5462102429403091 5.4747816715117379 3.9034879118285359 3.8320593403999643 3.5714285714285716 3.5;0 0.096774193548387094 0.49827394505801559 0.59504813860640271 2.7238977484997728 2.8206719420481599 3.6047321082650869 3.701506301813474 7.0319691765455383 7.1287433700939253 7.4110726993291829 7.5078468928775699 10.477589056235775 10.574363249784163 11.876338556733828 11.973112750282215 13.384183899072298 13.480958092620686 13.884098888248118 13.980873081796506 15.424467310294657 15.521241503843045 18.33479917029748 18.431573363845867 18.533706956438365 18.630481149986753 19.784988617225306 19.881762810773694 21.263485579217736 21.360259772766124 23.771646361875135 23.868420555423523 24.507528708927392 24.60430290247578 27.030196650283944 27.126970843832332 30.369313376753396 30.466087570301784 32.120086039013785 32.216860232562169;0.5 0.57499999999999996 0.88616230741996205 0.961162307419962 2.6110207550873241 2.6860207550873243 3.2936673839054427 3.3686673839054428 5.9497761118227928 6.0247761118227929 6.2435813419801178 6.318581341980118 8.6201315185827276 8.6951315185827269 9.7041623814687163 9.7791623814687156 10.87274252178103 10.947742521781029 11.26017663839229 11.335176638392289 12.453962165478357 12.528962165478356 14.709469356980543 14.784469356980543 14.863622891239729 14.938622891239728 15.833366178349607 15.908366178349606 16.97920132389374 17.054201323893739 18.923025930453225 18.998025930453224 19.493334749418725 19.568334749418725 21.44840240397005 21.523402403970049 24.036217866983872 24.111217866983871 25.39306668023567 25.468066680235669;1 1.0789473684210527 1.4064866393894337 1.4854340078104864 3.2221271106182359 3.3010744790392885 3.9407025093741499 4.0196498777952021 6.7366064334976752 6.8155538019187274 7.0458750968211739 7.1248224652422261 9.5475068616660241 9.6264542300870772 10.688591980493383 10.767539348914436 11.918676338716871 11.997623707137924 12.32650172462346 12.405449093044513 13.583118068924584 13.662065437345637 15.957336165242676 16.036283533663727 16.11960304341024 16.198550411831292 17.140385450894321 17.219332819315373 18.34652770936183 18.425475077782881 20.392658874161285 20.471606242582336 20.992983946756546 21.071931315177597 23.050949898915835 23.129897267336887 25.774966175772491 25.853913544193542 27.203228084458594 27.282175452879645;1.5 1.5857142857142856 1.9413283513370994 2.0270426370513852 3.9125951486712278 3.9983094343855137 4.6927627244633632 4.7784770101776486 7.728315556368905 7.8140298420831904 8.0640929622629898 8.1498072479772752 10.780150306951686 10.865864592665972 12.019042721678533 12.104757007392818 13.354562882035463 13.440277167749748 13.797344729591188 13.883059015305474 15.161671046260979 15.247385331975265 17.739393550834908 17.825107836549194 17.91556901855969 18.001283304273976 19.023847060970979 19.109561346685265 20.333372941592845 20.419087227307131 22.554886777660826 22.640601063375112 23.206668285049968 23.292382570764254 25.441031318822912 25.526745604537197 28.398534705124426 28.484248990838712 29.949219063126481 30.034933348840767;2 2.0750000000000002 2.386162307419962 2.4611623074199622 4.1110207550873241 4.1860207550873243 4.7936673839054427 4.8686673839054428 7.4497761118227928 7.5247761118227929 7.7435813419801178 7.818581341980118 10.120131518582728 10.195131518582727 11.204162381468716 11.279162381468716 12.37274252178103 12.447742521781029 12.76017663839229 12.835176638392289 13.953962165478357 14.028962165478356 16.209469356980545 16.284469356980544 16.363622891239729 16.438622891239728 17.333366178349607 17.408366178349606 18.47920132389374 18.554201323893739 20.423025930453225 20.498025930453224 20.993334749418725 21.068334749418725 22.94840240397005 23.023402403970049 25.536217866983872 25.611217866983871 26.89306668023567 26.968066680235669;2.5 2.5810810810810811 2.9174727647783376 2.9985538458594188 4.7821846000944053 4.863265681175486 5.5201809555734522 5.6012620366545329 8.3916498506192347 8.4727309317003154 8.7092771264649897 8.7903582075460704 11.278520560629971 11.359601641711052 12.450445817804015 12.531526898885096 13.713775699222731 13.794856780303812 14.132623392856525 14.213704473937605 15.423202341057678 15.504283422138759 17.861588494033015 17.942669575114095 18.028240963502405 18.109322044583486 19.076612084702276 19.157693165783357 20.315352782587826 20.396433863668907 22.416784789679159 22.49786587076024 23.033334864236455 23.114415945317536 25.146921517805456 25.228002598886537 27.944559856198779 28.02564093727986 29.411423438092616 29.492504519173696;3 3.0714285714285716 3.3677736261142499 3.4392021975428215 5.0104959572260235 5.0819245286545947 5.6606356037194692 5.7320641751480403 8.1902629636407553 8.2616915350693265 8.4700774685524927 8.5415060399810638 10.733458589126405 10.804887160554976 11.76586893473211 11.837297506160681 12.878802401696218 12.950230973124789 13.247787274659322 13.319215846087893 14.384725871884148 14.45615444331272 16.532827959029088 16.604256530457661 16.679640848799743 16.751069420228315 17.603205884142486 17.674634455571059 18.694477451327376 18.765906022755949 20.54573898138403 20.617167552812603 21.088890237541651 21.160318808970224 22.950859432352441 23.022288003781014 25.415445587603703 25.486874159032276 26.707682552605419 26.779111124033992;3.5 3.5714285714285716 3.8677736261142499 3.9392021975428215 5.5104959572260235 5.5819245286545947 6.1606356037194692 6.2320641751480403 8.6902629636407553 8.7616915350693265 8.9700774685524927 9.0415060399810638 11.233458589126405 11.304887160554976 12.26586893473211 12.337297506160681 13.378802401696218 13.450230973124789 13.747787274659322 13.819215846087893 14.884725871884148 14.95615444331272 17.032827959029088 17.104256530457661 17.179640848799743 17.251069420228315 18.103205884142486 18.174634455571059 19.194477451327376 19.265906022755949 21.04573898138403 21.117167552812603 21.588890237541651 21.660318808970224 23.450859432352441 23.522288003781014 25.915445587603703 25.986874159032276 27.207682552605419 27.279111124033992;
