m;1
n;2
P;39
P1;2 4 6 8 10 12 14 16 18 20 22 24 26 28 30 32 34 36 38
Q;40
M;100
h;1 1 1 1 1 1 1 1 1 1 1 1 1 1 1 1 1 1 1 1 1 1 1 1 1 1 1 1 1 1 1 1 1 1 1 1 1 1 1
Vmin;52 52 52 52 52 52 52 52 52 52 52 52 52 52 52 52 52 52 52 52 52 52 52 52 52 52 52 52 52 52 52 52 52 52 52 52 52 52 52;28 28 28 28 28 28 28 28 28 28 28 28 28 28 28 28 28 28 28 28 28 28 28 28 28 28 28 28 28 28 28 28 28 28 28 28 28 28 28;
Vmax;52 52 52 52 52 52 52 52 52 52 52 52 52 52 52 52 52 52 52 52 52 52 52 52 52 52 52 52 52 52 52 52 52 52 52 52 52 52 52;28 28 28 28 28 28 28 28 28 28 28 28 28 28 28 28 28 28 28 28 28 28 28 28 28 28 28 28 28 28 28 28 28 28 28 28 28 28 28;
d;3.000 6.917 3.000 7.031 3.000 96.817 3.000 66.776 3.000 70.149 3.000 102.287 3.000 8.721 3.000 6.685 3.000 10.727 3.000 25.876 3.000 26.137 3.000 174.182 3.000 168.150 3.000 40.900 3.000 68.322 3.000 5.984 3.000 21.744 3.000 38.586 3.000 47.812 3.000
S;20.26545917553025 20.207766867837943 19.288303326597354 19.230611018905048 18.488564745232313 18.430872437540007 18.012711194727668 17.955018887035362 17.839949903620159 17.782257595927852 16.468380039498093 16.410687731805787 15.624156158768136 15.566463851075827 12.332814728606303 12.275122420913995 8.9254644948616928 8.8677721871693844 8.3651316768870654 8.307439369194757 7.8098263296514601 7.7521340219591526 7.5458439074225199 7.4881515997302124 7.3596001302321801 7.3019078225398726 7.1341869595542171 7.0764946518619096 5.1094352567526 5.0517429490602925 3.702726335995302 3.6450340283029945 2.3608727511722361 2.3031804434799286 0.44130608386155235 0.38361377616924464 0.24839481555403975 0.19070250786173204 0.057692307692307696 0;0 0.057692307692307696 0.21954866170788589 0.2772409694001936 0.41245993001539849 0.4701522377077062 2.3320265973260823 2.3897189050183898 3.6738801821491487 3.7315724898414562 5.0805891029064458 5.1382814105987533 7.1053408057080629 7.1630331134003704 7.3307539763860259 7.3884462840783334 7.5169977535763657 7.5746900612686732 7.7809801758053059 7.8386724834976134 8.3362855230409103 8.3939778307332187 8.8966183410155377 8.9543106487078461 12.303968574760148 12.361660882452457 15.595310004921981 15.653002312614289 16.43953388565194 16.497226193344247 17.811103749774006 17.868796057466312 17.983865040881515 18.041557348573821 18.45971859138616 18.517410899078467 19.259457172751201 19.317149480443508 20.236613021684096 20.294305329376403;
