m;7
n;14
P;39
P1;2 4 6 8 10 12 14 16 18 20 22 24 26 28 30 32 34 36 38
Q;40
M;100
h;1 1 1 1 1 1 1 1 1 1 1 1 1 1 1 1 1 1 1 1 1 1 1 1 1 1 1 1 1 1 1 1 1 1 1 1 1 1 1
Vmin;42 42 42 42 42 42 42 42 42 42 42 42 42 42 42 42 42 42 42 42 42 42 42 42 42 42 42 42 42 42 42 42 42 42 42 42 42 42 42;33 33 33 33 33 33 33 33 33 33 33 33 33 33 33 33 33 33 33 33 33 33 33 33 33 33 33 33 33 33 33 33 33 33 33 33 33 33 33;36 36 36 36 36 36 36 36 36 36 36 36 36 36 36 36 36 36 36 36 36 36 36 36 36 36 36 36 36 36 36 36 36 36 36 36 36 36 36;47 47 47 47 47 47 47 47 47 47 47 47 47 47 47 47 47 47 47 47 47 47 47 47 47 47 47 47 47 47 47 47 47 47 47 47 47 47 47;37 37 37 37 37 37 37 37 37 37 37 37 37 37 37 37 37 37 37 37 37 37 37 37 37 37 37 37 37 37 37 37 37 37 37 37 37 37 37;50 50 50 50 50 50 50 50 50 50 50 50 50 50 50 50 50 50 50 50 50 50 50 50 50 50 50 50 50 50 50 50 50 50 50 50 50 50 50;39 39 39 39 39 39 39 39 39 39 39 39 39 39 39 39 39 39 39 39 39 39 39 39 39 39 39 39 39 39 39 39 39 39 39 39 39 39 39;45 45 45 45 45 45 45 45 45 45 45 45 45 45 45 45 45 45 45 45 45 45 45 45 45 45 45 45 45 45 45 45 45 45 45 45 45 45 45;28 28 28 28 28 28 28 28 28 28 28 28 28 28 28 28 28 28 28 28 28 28 28 28 28 28 28 28 28 28 28 28 28 28 28 28 28 28 28;35 35 35 35 35 35 35 35 35 35 35 35 35 35 35 35 35 35 35 35 35 35 35 35 35 35 35 35 35 35 35 35 35 35 35 35 35 35 35;52 52 52 52 52 52 52 52 52 52 52 52 52 52 52 52 52 52 52 52 52 52 52 52 52 52 52 52 52 52 52 52 52 52 52 52 52 52 52;52 52 52 52 52 52 52 52 52 52 52 52 52 52 52 52 52 52 52 52 52 52 52 52 52 52 52 52 52 52 52 52 52 52 52 52 52 52 52;30 30 30 30 30 30 30 30 30 30 30 30 30 30 30 30 30 30 30 30 30 30 30 30 30 30 30 30 30 30 30 30 30 30 30 30 30 30 30;39 39 39 39 39 39 39 39 39 39 39 39 39 39 39 39 39 39 39 39 39 39 39 39 39 39 39 39 39 39 39 39 39 39 39 39 39 39 39;
Vmax;42 42 42 42 42 42 42 42 42 42 42 42 42 42 42 42 42 42 42 42 42 42 42 42 42 42 42 42 42 42 42 42 42 42 42 42 42 42 42;33 33 33 33 33 33 33 33 33 33 33 33 33 33 33 33 33 33 33 33 33 33 33 33 33 33 33 33 33 33 33 33 33 33 33 33 33 33 33;36 36 36 36 36 36 36 36 36 36 36 36 36 36 36 36 36 36 36 36 36 36 36 36 36 36 36 36 36 36 36 36 36 36 36 36 36 36 36;47 47 47 47 47 47 47 47 47 47 47 47 47 47 47 47 47 47 47 47 47 47 47 47 47 47 47 47 47 47 47 47 47 47 47 47 47 47 47;37 37 37 37 37 37 37 37 37 37 37 37 37 37 37 37 37 37 37 37 37 37 37 37 37 37 37 37 37 37 37 37 37 37 37 37 37 37 37;50 50 50 50 50 50 50 50 50 50 50 50 50 50 50 50 50 50 50 50 50 50 50 50 50 50 50 50 50 50 50 50 50 50 50 50 50 50 50;39 39 39 39 39 39 39 39 39 39 39 39 39 39 39 39 39 39 39 39 39 39 39 39 39 39 39 39 39 39 39 39 39 39 39 39 39 39 39;45 45 45 45 45 45 45 45 45 45 45 45 45 45 45 45 45 45 45 45 45 45 45 45 45 45 45 45 45 45 45 45 45 45 45 45 45 45 45;28 28 28 28 28 28 28 28 28 28 28 28 28 28 28 28 28 28 28 28 28 28 28 28 28 28 28 28 28 28 28 28 28 28 28 28 28 28 28;35 35 35 35 35 35 35 35 35 35 35 35 35 35 35 35 35 35 35 35 35 35 35 35 35 35 35 35 35 35 35 35 35 35 35 35 35 35 35;52 52 52 52 52 52 52 52 52 52 52 52 52 52 52 52 52 52 52 52 52 52 52 52 52 52 52 52 52 52 52 52 52 52 52 52 52 52 52;52 52 52 52 52 52 52 52 52 52 52 52 52 52 52 52 52 52 52 52 52 52 52 52 52 52 52 52 52 52 52 52 52 52 52 52 52 52 52;30 30 30 30 30 30 30 30 30 30 30 30 30 30 30 30 30 30 30 30 30 30 30 30 30 30 30 30 30 30 30 30 30 30 30 30 30 30 30;39 39 39 39 39 39 39 39 39 39 39 39 39 39 39 39 39 39 39 39 39 39 39 39 39 39 39 39 39 39 39 39 39 39 39 39 39 39 39;
d;3.000 9.330 3.000 20.648 3.000 19.871 3.000 39.773 3.000 12.675 3.000 43.385 3.000 57.298 3.000 41.129 3.000 42.256 3.000 4.469 3.000 4.651 3.000 16.833 3.000 26.086 3.000 18.372 3.000 37.891 3.000 27.561 3.000 35.480 3.000 38.368 3.000 31.952 3.000
S;14.000653181388268 13.929224609959697 13.168464446473278 13.097035875044707 12.183508963356054 12.112080391927483 11.267329161376933 11.195900589948362 10.539691506483528 10.468262935054957 9.5661080722155081 9.4946795007869369 9.0572598912827491 8.9858313198541779 8.3647328011505877 8.2933042297220165 7.892519127733455 7.8210905563048838 7.7103472920785281 7.6389187206499569 7.5325247390875711 7.461096167659 6.4549923043823929 6.3835637329538217 5.4042904185621357 5.3328618471335645 3.9686258888016019 3.8971973173730303 2.8642128012477817 2.79278422981921 2.4909953030409868 2.4195667316124152 1.4725838059779366 1.4011552345493652 0.92804415698192522 0.85661558555335382 0.36500771923621611 0.29357914780764471 0.071428571428571425 0;18.319013139948712 18.228104049039622 17.259863840965998 17.168954750056908 16.00628413518044 15.91537504427135 14.840237114479741 14.74932802357065 13.914152826433588 13.823243735524496 12.675046637365197 12.584137546456105 12.027421679814413 11.936512588905321 11.146023565100752 11.05511447419166 10.545024344388036 10.454115253478944 10.31316928082722 10.222260189918128 10.086849667929638 9.9959405770205461 8.7154447510321376 8.6245356601230458 7.3781878054427183 7.2872787145336275 5.5509784039293111 5.4600693130202202 4.1453617470426307 4.0544526561335399 3.6703576584158011 3.5794485675067103 2.3741975712446468 2.283288480335556 1.6811471088860868 1.5902380179769959 0.96455527902791161 0.87364618811882067 0.59090909090909094 0.5;17.334095378286321 17.250762044952989 16.3632085208855 16.279875187552168 15.214093790582073 15.130760457248739 14.145217354939764 14.06188402160643 13.296306757564123 13.212973424230789 12.160459417584764 12.077126084251431 11.566803206496546 11.483469873163212 10.758854934675691 10.675521601342357 10.207938982355701 10.124605649022367 9.9954051740916192 9.9120718407582853 9.7879455289355022 9.7046121956021683 8.5308243551127934 8.4474910217794594 7.3050054883224922 7.2216721549891592 5.6300635369352019 5.5467302036018689 4.3415816014557453 4.2582482681224123 3.9061611868811514 3.822827853547818 2.7180144403075928 2.6346811069742593 2.0827181831455794 1.999384849812246 1.4258423391089188 1.3425090057755855 1.0833333333333333 1;14.011221991878893 13.947392204644849 13.26756397344422 13.203734186210177 12.387390988530955 12.323561201296911 11.56867712293259 11.504847335698546 10.918447729198055 10.854617941964012 10.048437000703228 9.9846072134691841 9.5937216049760803 9.5298918177420369 8.974867609538828 8.9110378223047846 8.5528894332937302 8.4890596460596868 8.3900975801552846 8.3262677929212412 8.2311923200357047 8.1673625328016612 7.2682909954055432 7.2044612081715007 6.3293659059491434 6.2655361187151009 5.0464316453120706 4.982601858078028 4.0595093117533372 3.9956795245192942 3.7259958027174775 3.662166015483435 2.8159259542781561 2.7520961670441135 2.3293160551753376 2.265486267941295 1.8261771108068314 1.7623473235727889 1.5638297872340425 1.5;17.892633341035328 17.811552259954247 16.947986668969666 16.866905587888585 15.829929093539304 15.748848012458224 14.789941210211653 14.708860129130573 13.963974142494815 13.882893061413734 12.858825379271657 12.777744298190576 12.281213930645283 12.200132849564202 11.49510209860337 11.414021017522289 10.959075766616355 10.877994685535274 10.752286115332383 10.671205034251303 10.550433487612919 10.469352406531838 9.3272885617313648 9.2462074806502841 8.1345999345840454 8.0535188535029647 6.5049266845856017 6.4238456035045211 5.2512685852001839 5.1701875041191032 4.8276162899384172 4.7465352088573365 3.6715816175965772 3.5905005365154961 3.0534555295470507 2.9723744484659695 2.4143330867005699 2.3332520056194888 2.0810810810810811 2;14.260548672366154 14.200548672366153 13.561510135037562 13.501510135037561 12.734147529219092 12.674147529219091 11.964556495556629 11.904556495556628 11.353340865446167 11.293340865446167 10.535530780661031 10.47553078066103 10.108098308677512 10.048098308677512 9.5263755529664955 9.466375552966495 9.1297160672961031 9.0697160672961026 8.9766917253459635 8.916691725345963 8.8273207808335599 8.7673207808335594 7.9221935356812088 7.8621935356812092 7.0396039515921931 6.9796039515921935 5.8336457465933442 5.7736457465933446 4.9059387530481358 4.8459387530481361 4.5924360545544287 4.5324360545544291 3.7369703970214672 3.6769703970214671 3.2795570918648176 3.2195570918648175 2.8066064841584217 2.7466064841584217 2.5600000000000001 2.5;18.077626503033517 18.000703426110441 17.181423250048145 17.104500173125068 16.120701960537286 16.043778883614209 15.134046789175155 15.057123712252078 14.350437006982258 14.273513930059181 13.301962539309006 13.225039462385929 12.75397219061219 12.677049113689113 12.008173785854478 11.931250708931401 11.499635983712951 11.422712906789874 11.303450929930722 11.226527853007646 11.111949719017385 11.035026642094309 9.9515301739502693 9.8746070970271926 8.8200050661438389 8.7430819892207623 7.2739048033248022 7.1969817264017255 6.0845368628822261 6.0076137859591494 5.6826103263518322 5.6056872494287555 4.5858594833608555 4.5089364064377788 3.9994321690574588 3.9225090921343817 3.393085236100541 3.3161621591774639 3.0769230769230771 3;0 0.071428571428571425 0.32929343352193041 0.40072200495050181 0.89232987126763952 0.96375844269621092 1.436869520263651 1.5082980916922224 2.4552810173267012 2.5267095887552729 2.8284985155334961 2.8999270869620677 3.9329116030873168 4.004340174515888 5.368576132847851 5.4400047042764221 6.4192780186681082 6.4907065900966794 7.4968104533732864 7.5682390248018576 7.6746330063642434 7.7460615777928146 7.8568048420191703 7.9282334134477415 8.329018515436303 8.4004470868648742 9.0215456055684644 9.0929741769970356 9.5303937865012234 9.6018223579297945 10.503977220769244 10.575405792197815 11.231614875662649 11.30304344709122 12.14779467764177 12.219223249070341 13.132750160758995 13.204178732187566 13.964938895673985 14.036367467102556;0.5 0.59090909090909094 0.91910073357336608 1.0100098244824569 1.6356925634315411 1.726601654340632 2.328743025790101 2.4196521166991918 3.6249031129612552 3.7158122038703461 4.0999072015880849 4.1908162924971757 5.5055238584747652 5.596432949383856 7.3327332599881725 7.4236423508972633 8.6699902055775908 8.7608992964866825 10.041395122475091 10.132304213384183 10.267714735372673 10.358623826281764 10.499569798933489 10.590478889842581 11.100569019646205 11.191478110555297 11.981967134359866 12.072876225268958 12.62959209191065 12.720501182819742 13.868698280979041 13.959607371888133 14.794782569025195 14.885691659934286 15.960829589725895 16.051738680634987 17.214409295511455 17.305318386420545 18.273558594494169 18.364467685403259;1 1.0833333333333333 1.384175672442252 1.4675090057755853 2.0410515164789125 2.124384849812246 2.6763477736409262 2.7596811069742597 3.8644945202144849 3.9478278535478184 4.2999149347890793 4.3832482681224123 5.5883968702685358 5.6717302036018689 7.2633388216558252 7.3466721549891583 8.4891576884461255 8.5724910217794594 9.7462788622688343 9.8296121956021683 9.9537385074249514 10.037071840758285 10.166272315689033 10.249605649022367 10.717188268009023 10.800521601342357 11.525136539829878 11.608469873163212 12.118792750918097 12.202126084251431 13.254640090897453 13.337973424230787 14.103550688273094 14.186884021606428 15.172427123915403 15.255760457248737 16.321541854218832 16.404875187552165 17.292428711619653 17.375762044952985;1.5 1.5638297872340425 1.7942622171898102 1.8580920044238527 2.2974011615583163 2.3612309487923588 2.7840110606611352 2.8478408478951778 3.6940809091004567 3.7579106963344993 4.0275944181363155 4.091424205370358 5.0145167516950488 5.0783465389290914 6.2974510123321217 6.3612807995661642 7.2363761017885215 7.3002058890225641 8.1992774264186821 8.2631072136527255 8.358182686538262 8.4220124737723054 8.5209745396767076 8.584804326910751 8.9429527159218054 9.0067825031558488 9.5618067113590577 9.6256364985931011 10.016522107086205 10.080351894320248 10.886532835581033 10.950362622815076 11.536762229315567 11.60059201654961 12.355476094913932 12.419305882147976 13.235649079827198 13.299478867061241 13.97930709826187 14.043136885495914;2 2.0810810810810811 2.3737925461600291 2.4548736272411102 3.0129149890065099 3.093996070087591 3.6310410770560364 3.7121221581371175 4.7870757493978768 4.8681568304789575 5.2107280446596436 5.2918091257407243 6.4643861440450614 6.5454672251261421 8.0940593940435051 8.1751404751245857 9.2867480211908244 9.3678291022719051 10.509892947072379 10.590974028153459 10.711745574791843 10.792826655872924 10.918535226075814 10.999616307156895 11.45456155806283 11.53564263914391 12.240673390104742 12.321754471185823 12.818284838731117 12.899365919812197 13.923433601954274 14.004514683035355 14.749400669671113 14.830481750752194 15.789388552998764 15.870469634079845 16.907446128429125 16.988527209510206 17.852092800494788 17.933173881575868;2.5 2.5600000000000001 2.7766064841584215 2.8366064841584215 3.2495570918648173 3.3095570918648174 3.7069703970214669 3.766970397021467 4.5624360545544294 4.622436054554429 4.8759387530481364 4.935938753048136 5.8036457465933449 5.8636457465933445 7.0096039515921937 7.0696039515921933 7.8921935356812094 7.952193535681209 8.7973207808335587 8.8573207808335592 8.9466917253459624 9.0066917253459629 9.0997160672961019 9.1597160672961024 9.4963755529664944 9.5563755529664949 10.078098308677511 10.138098308677511 10.505530780661029 10.56553078066103 11.323340865446166 11.383340865446167 11.934556495556627 11.994556495556628 12.704147529219091 12.764147529219091 13.531510135037561 13.591510135037561 14.230548672366151 14.290548672366151;3 3.0769230769230771 3.3546236976390023 3.4315467745620793 3.96097063059592 4.0378937075189967 4.5473979448993163 4.6243210218223929 5.644148787890293 5.7210718648133696 6.0460753244206868 6.1229984013437635 7.2354432648632621 7.3123663417863387 8.7815435276822988 8.8584666046053755 9.9130686354887292 9.9899917124118058 11.073488180555845 11.150411257478922 11.264989391469182 11.341912468392259 11.461174445251411 11.538097522174487 11.969712247392938 12.046635324316014 12.71551065215065 12.792433729073727 13.263501000847466 13.340424077770543 14.311975468520718 14.388898545443794 15.095585250713615 15.172508327636692 16.082240422075746 16.159163498998822 17.142961711586604 17.219884788509681 18.039164964571977 18.116088041495054;
