m;7
n;14
P;19
P1;2 4 6 8 10 12 14 16 18
Q;20
M;100
h;1 1 1 1 1 1 1 1 1 1 1 1 1 1 1 1 1 1 1
Vmin;40 40 40 40 40 40 40 40 40 40 40 40 40 40 40 40 40 40 40;40 40 40 40 40 40 40 40 40 40 40 40 40 40 40 40 40 40 40;40 40 40 40 40 40 40 40 40 40 40 40 40 40 40 40 40 40 40;40 40 40 40 40 40 40 40 40 40 40 40 40 40 40 40 40 40 40;40 40 40 40 40 40 40 40 40 40 40 40 40 40 40 40 40 40 40;40 40 40 40 40 40 40 40 40 40 40 40 40 40 40 40 40 40 40;40 40 40 40 40 40 40 40 40 40 40 40 40 40 40 40 40 40 40;40 40 40 40 40 40 40 40 40 40 40 40 40 40 40 40 40 40 40;40 40 40 40 40 40 40 40 40 40 40 40 40 40 40 40 40 40 40;40 40 40 40 40 40 40 40 40 40 40 40 40 40 40 40 40 40 40;40 40 40 40 40 40 40 40 40 40 40 40 40 40 40 40 40 40 40;40 40 40 40 40 40 40 40 40 40 40 40 40 40 40 40 40 40 40;40 40 40 40 40 40 40 40 40 40 40 40 40 40 40 40 40 40 40;40 40 40 40 40 40 40 40 40 40 40 40 40 40 40 40 40 40 40;
Vmax;40 40 40 40 40 40 40 40 40 40 40 40 40 40 40 40 40 40 40;40 40 40 40 40 40 40 40 40 40 40 40 40 40 40 40 40 40 40;40 40 40 40 40 40 40 40 40 40 40 40 40 40 40 40 40 40 40;40 40 40 40 40 40 40 40 40 40 40 40 40 40 40 40 40 40 40;40 40 40 40 40 40 40 40 40 40 40 40 40 40 40 40 40 40 40;40 40 40 40 40 40 40 40 40 40 40 40 40 40 40 40 40 40 40;40 40 40 40 40 40 40 40 40 40 40 40 40 40 40 40 40 40 40;40 40 40 40 40 40 40 40 40 40 40 40 40 40 40 40 40 40 40;40 40 40 40 40 40 40 40 40 40 40 40 40 40 40 40 40 40 40;40 40 40 40 40 40 40 40 40 40 40 40 40 40 40 40 40 40 40;40 40 40 40 40 40 40 40 40 40 40 40 40 40 40 40 40 40 40;40 40 40 40 40 40 40 40 40 40 40 40 40 40 40 40 40 40 40;40 40 40 40 40 40 40 40 40 40 40 40 40 40 40 40 40 40 40;40 40 40 40 40 40 40 40 40 40 40 40 40 40 40 40 40 40 40;
d;3 56.6666666666667 3 56.6666666666667 3 56.6666666666667 3 56.6666666666667 3 56.6666666666667 3 56.6666666666667 3 56.6666666666667 3 56.6666666666667 3 56.6666666666667 3
S;13.499999999999996 13.424999999999997 12.008333333333331 11.933333333333332 10.516666666666666 10.441666666666666 9.0250000000000004 8.9500000000000011 7.5333333333333341 7.4583333333333339 6.041666666666667 5.9666666666666668 4.5499999999999998 4.4749999999999996 3.0583333333333331 2.9833333333333329 1.5666666666666664 1.4916666666666665 0.074999999999999997 0;13.666666666666663 13.591666666666663 12.174999999999997 12.099999999999998 10.683333333333332 10.608333333333333 9.1916666666666664 9.1166666666666671 7.7000000000000002 7.625 6.208333333333333 6.1333333333333329 4.7166666666666659 4.6416666666666657 3.2249999999999996 3.1499999999999995 1.7333333333333332 1.6583333333333332 0.24166666666666664 0.16666666666666666;13.83333333333333 13.758333333333331 12.341666666666665 12.266666666666666 10.85 10.775 9.3583333333333343 9.283333333333335 7.866666666666668 7.7916666666666679 6.3750000000000009 6.3000000000000007 4.8833333333333337 4.8083333333333336 3.3916666666666666 3.3166666666666664 1.8999999999999997 1.8249999999999997 0.40833333333333333 0.33333333333333331;13.999999999999995 13.924999999999995 12.508333333333329 12.43333333333333 11.016666666666664 10.941666666666665 9.5249999999999986 9.4499999999999993 8.0333333333333332 7.9583333333333339 6.541666666666667 6.4666666666666668 5.0499999999999998 4.9749999999999996 3.5583333333333331 3.4833333333333329 2.0666666666666664 1.9916666666666665 0.57499999999999996 0.5;14.166666666666661 14.091666666666661 12.674999999999995 12.599999999999996 11.18333333333333 11.108333333333331 9.6916666666666647 9.6166666666666654 8.1999999999999993 8.125 6.708333333333333 6.6333333333333329 5.2166666666666668 5.1416666666666666 3.7250000000000001 3.6499999999999999 2.2333333333333334 2.1583333333333332 0.74166666666666659 0.66666666666666663;14.333333333333329 14.258333333333329 12.841666666666663 12.766666666666664 11.349999999999998 11.274999999999999 9.8583333333333325 9.7833333333333332 8.3666666666666671 8.2916666666666679 6.8750000000000009 6.8000000000000007 5.3833333333333337 5.3083333333333336 3.8916666666666666 3.8166666666666664 2.3999999999999999 2.3249999999999997 0.90833333333333333 0.83333333333333337;14.499999999999995 14.424999999999995 13.008333333333329 12.93333333333333 11.516666666666664 11.441666666666665 10.024999999999999 9.9499999999999993 8.5333333333333332 8.4583333333333339 7.041666666666667 6.9666666666666668 5.5499999999999998 5.4749999999999996 4.0583333333333327 3.9833333333333329 2.5666666666666664 2.4916666666666663 1.075 1;0 0.074999999999999997 1.4916666666666665 1.5666666666666664 2.9833333333333329 3.0583333333333331 4.4749999999999996 4.5499999999999998 5.9666666666666668 6.041666666666667 7.4583333333333339 7.5333333333333341 8.9500000000000011 9.0250000000000004 10.441666666666666 10.516666666666666 11.933333333333332 12.008333333333331 13.424999999999997 13.499999999999996;0.16666666666666666 0.24166666666666664 1.6583333333333332 1.7333333333333332 3.1499999999999995 3.2249999999999996 4.6416666666666657 4.7166666666666659 6.1333333333333329 6.208333333333333 7.625 7.7000000000000002 9.1166666666666671 9.1916666666666664 10.608333333333333 10.683333333333332 12.099999999999998 12.174999999999997 13.591666666666663 13.666666666666663;0.33333333333333331 0.40833333333333333 1.8249999999999997 1.8999999999999997 3.3166666666666664 3.3916666666666666 4.8083333333333336 4.8833333333333337 6.3000000000000007 6.3750000000000009 7.7916666666666679 7.866666666666668 9.283333333333335 9.3583333333333343 10.775 10.85 12.266666666666666 12.341666666666665 13.758333333333331 13.83333333333333;0.5 0.57499999999999996 1.9916666666666665 2.0666666666666664 3.4833333333333329 3.5583333333333331 4.9749999999999996 5.0499999999999998 6.4666666666666668 6.541666666666667 7.9583333333333339 8.0333333333333332 9.4499999999999993 9.5249999999999986 10.941666666666665 11.016666666666664 12.43333333333333 12.508333333333329 13.924999999999995 13.999999999999995;0.66666666666666663 0.74166666666666659 2.1583333333333332 2.2333333333333334 3.6499999999999999 3.7250000000000001 5.1416666666666666 5.2166666666666668 6.6333333333333329 6.708333333333333 8.125 8.1999999999999993 9.6166666666666654 9.6916666666666647 11.108333333333331 11.18333333333333 12.599999999999996 12.674999999999995 14.091666666666661 14.166666666666661;0.83333333333333337 0.90833333333333333 2.3249999999999997 2.3999999999999999 3.8166666666666664 3.8916666666666666 5.3083333333333336 5.3833333333333337 6.8000000000000007 6.8750000000000009 8.2916666666666679 8.3666666666666671 9.7833333333333332 9.8583333333333325 11.274999999999999 11.349999999999998 12.766666666666664 12.841666666666663 14.258333333333329 14.333333333333329;1 1.075 2.4916666666666663 2.5666666666666664 3.9833333333333329 4.0583333333333327 5.4749999999999996 5.5499999999999998 6.9666666666666668 7.041666666666667 8.4583333333333339 8.5333333333333332 9.9499999999999993 10.024999999999999 11.441666666666665 11.516666666666664 12.93333333333333 13.008333333333329 14.424999999999995 14.499999999999995;
