m;2
n;4
P;19
P1;2 4 6 8 10 12 14 16 18
Q;20
M;100
h;1 1 1 1 1 1 1 1 1 1 1 1 1 1 1 1 1 1 1
Vmin;28 28 28 28 28 28 28 28 28 28 28 28 28 28 28 28 28 28 28;42 42 42 42 42 42 42 42 42 42 42 42 42 42 42 42 42 42 42;52 52 52 52 52 52 52 52 52 52 52 52 52 52 52 52 52 52 52;40 40 40 40 40 40 40 40 40 40 40 40 40 40 40 40 40 40 40;
Vmax;28 28 28 28 28 28 28 28 28 28 28 28 28 28 28 28 28 28 28;42 42 42 42 42 42 42 42 42 42 42 42 42 42 42 42 42 42 42;52 52 52 52 52 52 52 52 52 52 52 52 52 52 52 52 52 52 52;40 40 40 40 40 40 40 40 40 40 40 40 40 40 40 40 40 40 40;
d;3.000 130.591 3.000 7.604 3.000 3.379 3.000 18.194 3.000 82.362 3.000 119.433 3.000 78.375 3.000 33.921 3.000 28.377 3.000
S;0.4243789519545057 0.42259323766879142 0.40570218793312507 0.40391647364741079 0.38372518070415307 0.38193946641843879 0.3352879767528959 0.33350226246718162 0.2624110013249954 0.26062528703928112 0.21160000893365893 0.20981429464794463 0.19898461280875465 0.19719889852304034 0.19518753770495884 0.19340182341924453 0.18887584695736326 0.18709013267164895 0.10935715531776453 0.10757144103205026;0.46573717328746544 0.46454669709698926 0.45328599727321167 0.45209552108273543 0.43863465912056365 0.43744418293008741 0.40634318981972556 0.40515271362924932 0.35775853953445846 0.35656806334398222 0.3238845446069008 0.32269406841642462 0.31547428052363125 0.31428380433315506 0.31294289712110068 0.3117524209306245 0.30873510328937032 0.30754462709889407 0.25572264219630447 0.25453216600582829;0.49702550274331969 0.49881121702903397 0.57743705152577551 0.57922276581148979 0.58374874227337104 0.5855344565590852 0.58754581737716682 0.58933153166288099 0.60016121350207097 0.60194692778778525 0.65097220589340732 0.6527579201791216 0.72384918132130782 0.7256348956070221 0.77228638527256488 0.77407209955827905 0.79426339250153677 0.79604910678725105 0.81294015652291729 0.81472587080863157;0.60005883274077687 0.60124930893125306 0.65366653192908075 0.65485700811955683 0.65787432576081106 0.65906480195128714 0.66040570916334163 0.6615961853538177 0.66881597324661102 0.6700064494370872 0.70268996817416862 0.70388044436464481 0.75127461845943566 0.75246509464991185 0.78356608776027381 0.78475656395075 0.79821742591292177 0.79940790210339796 0.81066860192717549 0.81185907811765157;
