m;5
n;10
P;19
P1;2 4 6 8 10 12 14 16 18
Q;20
M;100
h;1 1 1 1 1 1 1 1 1 1 1 1 1 1 1 1 1 1 1
Vmin;48 48 48 48 48 48 48 48 48 48 48 48 48 48 48 48 48 48 48;52 52 52 52 52 52 52 52 52 52 52 52 52 52 52 52 52 52 52;36 36 36 36 36 36 36 36 36 36 36 36 36 36 36 36 36 36 36;45 45 45 45 45 45 45 45 45 45 45 45 45 45 45 45 45 45 45;28 28 28 28 28 28 28 28 28 28 28 28 28 28 28 28 28 28 28;48 48 48 48 48 48 48 48 48 48 48 48 48 48 48 48 48 48 48;36 36 36 36 36 36 36 36 36 36 36 36 36 36 36 36 36 36 36;49 49 49 49 49 49 49 49 49 49 49 49 49 49 49 49 49 49 49;47 47 47 47 47 47 47 47 47 47 47 47 47 47 47 47 47 47 47;45 45 45 45 45 45 45 45 45 45 45 45 45 45 45 45 45 45 45;
Vmax;48 48 48 48 48 48 48 48 48 48 48 48 48 48 48 48 48 48 48;52 52 52 52 52 52 52 52 52 52 52 52 52 52 52 52 52 52 52;36 36 36 36 36 36 36 36 36 36 36 36 36 36 36 36 36 36 36;45 45 45 45 45 45 45 45 45 45 45 45 45 45 45 45 45 45 45;28 28 28 28 28 28 28 28 28 28 28 28 28 28 28 28 28 28 28;48 48 48 48 48 48 48 48 48 48 48 48 48 48 48 48 48 48 48;36 36 36 36 36 36 36 36 36 36 36 36 36 36 36 36 36 36 36;49 49 49 49 49 49 49 49 49 49 49 49 49 49 49 49 49 49 49;47 47 47 47 47 47 47 47 47 47 47 47 47 47 47 47 47 47 47;45 45 45 45 45 45 45 45 45 45 45 45 45 45 45 45 45 45 45;
d;3.000 74.927 3.000 35.742 3.000 3.469 3.000 43.729 3.000 174.245 3.000 17.982 3.000 60.412 3.000 12.826 3.000 32.125 3.000
S;0.23360808007232634 0.23256641340565967 0.22141201610262329 0.22037034943595663 0.21591683039388931 0.21487516372722265 0.19389872895587026 0.1928570622892036 0.18661320514504187 0.18557153847837521 0.12506981254965108 0.1240281458829844 0.10884436703502523 0.10780270036835857 0.1065983357718986 0.10555666910523193 0.09314642384345985 0.092104757176793187 0.066088284174927472 0.065046617508260809;0.37698812312482377 0.37602658466328531 0.36573021792202098 0.36476867946048253 0.36065773880626656 0.3596962003447281 0.34033333747886441 0.33937179901732595 0.33360823857656124 0.33264670011502279 0.27679895310389285 0.27583741464235439 0.26182161878269977 0.26086008032116131 0.25974835915519828 0.25878682069365977 0.24733120968279326 0.24636967122125478 0.22235446537337875 0.22139292691184029;0.78426728204240426 0.78287839315351537 0.76800586341613353 0.76661697452724453 0.76067894913782153 0.75929006024893264 0.73132148055379609 0.7299325916649072 0.72160744880602501 0.72021855991713601 0.63954959201217043 0.63816070312328155 0.61791566465933601 0.61652677577044712 0.61492095630850052 0.61353206741961164 0.59698507373724885 0.59559618484835986 0.56090755417920557 0.55951866529031657;0.79074920919067737 0.7896380980795662 0.77774007428966074 0.77662896317854957 0.77187854286701119 0.77076743175590001 0.74839256799979081 0.74728145688867964 0.74062134260157386 0.73951023149046269 0.6749750571664902 0.67386394605537903 0.65766791528422253 0.65655680417311146 0.65527214860355409 0.65416103749244292 0.64092344254655276 0.63981233143544158 0.61206142690011811 0.61095031578900694;1.2234715424821612 1.2216858281964467 1.2025640042483843 1.20077828996267 1.1931436858905546 1.1913579716048404 1.1553983691396648 1.1536126548539505 1.1429088997496732 1.1411231854639587 1.0374059410147174 1.0356202267290031 1.0095908915610732 1.0078051772753589 1.0057405522528562 1.0039548379671419 0.98268013180410407 0.98089441751838991 0.93629474951519154 0.93450903522947726;1.1640178203420182 1.1650594870086848 1.1915967933438838 1.1926384600105504 1.2050487052723224 1.206090371938989 1.2072947365354492 1.2083364032021158 1.223520182050075 1.2245618487167418 1.2850635746454659 1.2861052413121326 1.2923490984562944 1.293390765122961 1.3143671998943134 1.31540886656098 1.3198623856030474 1.320904052269714 1.3320584495727503 1.3331001162394172;1.2245065189639803 1.2254680574255188 1.2499640325041639 1.2509255709657023 1.2623811819765689 1.2633427204381074 1.2644544416040704 1.2654159800656088 1.2794317759252636 1.280393314386802 1.3362410613979319 1.3372025998594703 1.342966160300235 1.3439276987617734 1.363290561627637 1.3642521000891754 1.3683630407433915 1.3693245792049298 1.3796209459461941 1.3805824844077326;1.2908541802571114 1.2922430691460003 1.3276261442595991 1.3290150331484878 1.3455620268308506 1.3469509157197392 1.3485567351816858 1.3499456240705747 1.3701906625345202 1.371579551423409 1.4522485193283745 1.4536374082172634 1.4619625510761456 1.4633514399650345 1.491320019660171 1.4927089085490597 1.4986469339384827 1.5000358228273716 1.5149083525647533 1.5162972414536422;1.5281304133964797 1.5292415245075908 1.5575479845984697 1.5586590957095807 1.571896690655471 1.5730078017665821 1.5742924573361392 1.5754035684472503 1.5915995992184067 1.5927107103295177 1.6572458846534903 1.6583569957646014 1.665017110051707 1.6661282211628181 1.6885030849189273 1.6896141960300384 1.6943646163415769 1.6954757274526879 1.7073737512425933 1.7084848623537043;1.6559057637708672 1.6576914780565815 1.7031840032026371 1.7049697174883514 1.7262444236513894 1.7280301379371037 1.7300947629596064 1.7318804772453207 1.7579098124132506 1.7596955266989651 1.8634127711482062 1.8651984854339207 1.875902240538198 1.8776879548239123 1.9136475572890879 1.9154332715748021 1.9230678756469175 1.9248535899326318 1.9439754138806942 1.9457611281664087;
