m;8
n;16
P;19
P1;2 4 6 8 10 12 14 16 18
Q;20
M;100
h;1 1 1 1 1 1 1 1 1 1 1 1 1 1 1 1 1 1 1
Vmin;46 46 46 46 46 46 46 46 46 46 46 46 46 46 46 46 46 46 46;34 34 34 34 34 34 34 34 34 34 34 34 34 34 34 34 34 34 34;42 42 42 42 42 42 42 42 42 42 42 42 42 42 42 42 42 42 42;50 50 50 50 50 50 50 50 50 50 50 50 50 50 50 50 50 50 50;38 38 38 38 38 38 38 38 38 38 38 38 38 38 38 38 38 38 38;48 48 48 48 48 48 48 48 48 48 48 48 48 48 48 48 48 48 48;45 45 45 45 45 45 45 45 45 45 45 45 45 45 45 45 45 45 45;46 46 46 46 46 46 46 46 46 46 46 46 46 46 46 46 46 46 46;28 28 28 28 28 28 28 28 28 28 28 28 28 28 28 28 28 28 28;50 50 50 50 50 50 50 50 50 50 50 50 50 50 50 50 50 50 50;35 35 35 35 35 35 35 35 35 35 35 35 35 35 35 35 35 35 35;46 46 46 46 46 46 46 46 46 46 46 46 46 46 46 46 46 46 46;48 48 48 48 48 48 48 48 48 48 48 48 48 48 48 48 48 48 48;52 52 52 52 52 52 52 52 52 52 52 52 52 52 52 52 52 52 52;50 50 50 50 50 50 50 50 50 50 50 50 50 50 50 50 50 50 50;50 50 50 50 50 50 50 50 50 50 50 50 50 50 50 50 50 50 50;
Vmax;46 46 46 46 46 46 46 46 46 46 46 46 46 46 46 46 46 46 46;34 34 34 34 34 34 34 34 34 34 34 34 34 34 34 34 34 34 34;42 42 42 42 42 42 42 42 42 42 42 42 42 42 42 42 42 42 42;50 50 50 50 50 50 50 50 50 50 50 50 50 50 50 50 50 50 50;38 38 38 38 38 38 38 38 38 38 38 38 38 38 38 38 38 38 38;48 48 48 48 48 48 48 48 48 48 48 48 48 48 48 48 48 48 48;45 45 45 45 45 45 45 45 45 45 45 45 45 45 45 45 45 45 45;46 46 46 46 46 46 46 46 46 46 46 46 46 46 46 46 46 46 46;28 28 28 28 28 28 28 28 28 28 28 28 28 28 28 28 28 28 28;50 50 50 50 50 50 50 50 50 50 50 50 50 50 50 50 50 50 50;35 35 35 35 35 35 35 35 35 35 35 35 35 35 35 35 35 35 35;46 46 46 46 46 46 46 46 46 46 46 46 46 46 46 46 46 46 46;48 48 48 48 48 48 48 48 48 48 48 48 48 48 48 48 48 48 48;52 52 52 52 52 52 52 52 52 52 52 52 52 52 52 52 52 52 52;50 50 50 50 50 50 50 50 50 50 50 50 50 50 50 50 50 50 50;50 50 50 50 50 50 50 50 50 50 50 50 50 50 50 50 50 50 50;
d;3.000 54.212 3.000 39.683 3.000 45.617 3.000 69.360 3.000 71.708 3.000 82.802 3.000 19.471 3.000 65.091 3.000 24.306 3.000
S;0.33713038959413499 0.33604343307239587 0.32723676546689001 0.32614980894515089 0.30256624632592927 0.30147928980419014 0.29442441512468032 0.29333745860294119 0.26333684324996343 0.2622498867282243 0.23626859107853215 0.23518163455679303 0.21005122059780593 0.2089642640760668 0.19243637821823362 0.19134942169649449 0.17697162160063934 0.17588466507890022 0.15624278046413481 0.15515582394239569;0.47424946821271968 0.47277887997742557 0.46086397674644708 0.45939338851115291 0.42748621555573546 0.42601562732044135 0.41647079687169269 0.41500020863639858 0.37441114080589932 0.37294055257060515 0.33778938786808049 0.33631879963278632 0.30231882780592145 0.30084823957062734 0.27848698223355889 0.27701639399826478 0.25756407622151956 0.25609348798622544 0.22951917350742515 0.22804858527213104;0.48498018215490829 0.4837897059644321 0.47414430811078284 0.4729538319203066 0.44712421571830202 0.44593373952782578 0.43820697202169595 0.43701649583121971 0.40415867901605368 0.40296820282557744 0.37451249806639081 0.37332202187591457 0.34579823515892877 0.34460775896845253 0.32650578874320668 0.32531531255273044 0.30956819816203196 0.30837772197155572 0.28686518167919356 0.28567470548871737;0.74080219523340085 0.73980219523340074 0.73170006103633534 0.73070006103633534 0.70900318342665136 0.70800318342665136 0.70151269872150235 0.70051269872150224 0.67291213259676275 0.67191213259676275 0.64800934059904602 0.64700934059904602 0.62388935975677784 0.62288935975677784 0.60768370476757139 0.60668370476757127 0.59345612867938458 0.59245612867938446 0.57438559483380025 0.57338559483380025;1.033702483942404 1.0323866944687199 1.0217259915778443 1.0204102021041601 0.99186167893352328 0.99054588945983901 0.98200577800569555 0.98068998853201128 0.94437345415735396 0.94305766468366969 0.91160662258141079 0.91029083310772652 0.87986980568368955 0.87855401621000528 0.85854657543473356 0.85723078596104929 0.83982608058185626 0.83851029110817199 0.81473327289029807 0.81341748341661391;1.171523213821094 1.1704815471544274 1.1620418240324843 1.1610001573658175 1.1383992431890635 1.1373575765223969 1.1305966549545332 1.1295549882878666 1.1008043985745961 1.0997627319079295 1.0748639902436412 1.0738223235769744 1.0497390101996118 1.0486973435329452 1.0328581195858548 1.0318164529191882 1.0180377278273272 1.0169960611606603 0.99817258840484346 0.99713092173817686;1.3376010846314343 1.3364899735203233 1.3274876021902506 1.3263764910791396 1.302268849290602 1.301157738179491 1.293946088507103 1.292834977395992 1.262167681701837 1.261056570590726 1.2344979128154852 1.2333868017043741 1.2076979341018541 1.206586822990743 1.1896916507805135 1.1885805396694025 1.1738832329047504 1.1727721217936393 1.1526937508541015 1.1515826397429905;1.4443395299425821 1.443252573420843 1.4344459058153372 1.4333589492935981 1.4097753866743765 1.4086884301526374 1.4016335554731276 1.4005465989513886 1.3705459835984108 1.3694590270766718 1.3434777314269797 1.3423907749052406 1.3172603609462537 1.3161734044245146 1.2996455185666813 1.2985585620449422 1.284180761949087 1.283093805427348 1.2634519208125825 1.2623649642908434;1.3751424393497385 1.3762293958714775 1.3964147587471125 1.3975017152688516 1.4118795153647068 1.4129664718864459 1.4294943577442791 1.4305813142660182 1.4557117282250052 1.4567986847467442 1.4827799803964363 1.4838669369181754 1.5138675522711531 1.5149545087928922 1.522009383472402 1.5230963399941411 1.5466799026133629 1.5477668591351019 1.5565735267406078 1.5576604832623469;1.7002926557367481 1.7017632439720423 1.7290728525684895 1.7305434408037839 1.749995758580529 1.7514663468158234 1.7738276041528918 1.7752981923881859 1.8092981642150507 1.8107687524503449 1.8459199171528695 1.8473905053881636 1.8879795732186628 1.8894501614539572 1.8989949919027056 1.9004655801379999 1.9323727530934174 1.9338433413287115 1.9457582445596902 1.9472288327949843;2.0727622991954608 2.0739527753859366 2.0960605537735373 2.097251029964013 2.1129981443547119 2.1141886205451881 2.1322905907704337 2.1334810669609103 2.1610048536778961 2.1621953298683727 2.1906510346275589 2.1918415108180356 2.2246993276332017 2.2258898038236778 2.2336165713298075 2.2348070475202841 2.2606366637222886 2.2618271399127652 2.2714725377664142 2.2726630139568909;2.2251410075579798 2.2261410075579797 2.2447115414035639 2.2457115414035642 2.2589391174917508 2.2599391174917511 2.2751447724809575 2.2761447724809574 2.299264753323226 2.3002647533232259 2.3241675453209423 2.3251675453209426 2.3527681114456822 2.3537681114456821 2.3602585961508309 2.3612585961508312 2.3829554737605152 2.3839554737605151 2.3920576079575806 2.3930576079575805;2.2917786552555159 2.2930944447292001 2.3175293576839162 2.3188451471576004 2.3362498525367936 2.3375656420104773 2.3575730827857493 2.3588888722594334 2.3893098996834703 2.3906256891571545 2.4220767312594136 2.4233925207330973 2.4597090551077545 2.4610248445814387 2.4695649560355823 2.4708807455092665 2.4994292686799029 2.5007450581535866 2.5114057610444624 2.5127215505181462;2.4438928532672142 2.4449345199338808 2.4642788260230311 2.4653204926896977 2.4790992177815587 2.4801408844482253 2.4959801083953153 2.4970217750619819 2.5211050884393442 2.5221467551060113 2.5470454967702993 2.548087163436966 2.5768377531502362 2.5778794198169028 2.5846403413847665 2.5856820080514331 2.6082829222281867 2.6093245888948533 2.6177643120167966 2.6188059786834632;2.6156208604058788 2.6167319715169901 2.6373658980120838 2.6384770091231946 2.6531743158878465 2.6542854269989578 2.6711805992091873 2.6722917103202986 2.6979805779228188 2.6990916890339296 2.7256503468091706 2.7267614579202819 2.7574287536144366 2.7585398647255479 2.7657515143979357 2.7668626255090469 2.7909702672975842 2.7920813784086955 2.8010837497387682 2.8021948608498795;2.6691346022893301 2.6702215588110692 2.6904069216867037 2.6914938782084428 2.7058716783042982 2.7069586348260373 2.7234865206838705 2.7245734772056096 2.749703891164597 2.7507908476863361 2.7767721433360277 2.7778590998577668 2.807859715210745 2.808946671732484 2.8160015464119938 2.8170885029337329 2.8406720655529543 2.8417590220746933 2.8505656896801996 2.8516526462019387;
