m;6
n;12
P;19
P1;2 4 6 8 10 12 14 16 18
Q;20
M;100
h;1 1 1 1 1 1 1 1 1 1 1 1 1 1 1 1 1 1 1
Vmin;47 47 47 47 47 47 47 47 47 47 47 47 47 47 47 47 47 47 47;52 52 52 52 52 52 52 52 52 52 52 52 52 52 52 52 52 52 52;31 31 31 31 31 31 31 31 31 31 31 31 31 31 31 31 31 31 31;28 28 28 28 28 28 28 28 28 28 28 28 28 28 28 28 28 28 28;35 35 35 35 35 35 35 35 35 35 35 35 35 35 35 35 35 35 35;40 40 40 40 40 40 40 40 40 40 40 40 40 40 40 40 40 40 40;43 43 43 43 43 43 43 43 43 43 43 43 43 43 43 43 43 43 43;47 47 47 47 47 47 47 47 47 47 47 47 47 47 47 47 47 47 47;44 44 44 44 44 44 44 44 44 44 44 44 44 44 44 44 44 44 44;47 47 47 47 47 47 47 47 47 47 47 47 47 47 47 47 47 47 47;43 43 43 43 43 43 43 43 43 43 43 43 43 43 43 43 43 43 43;46 46 46 46 46 46 46 46 46 46 46 46 46 46 46 46 46 46 46;
Vmax;47 47 47 47 47 47 47 47 47 47 47 47 47 47 47 47 47 47 47;52 52 52 52 52 52 52 52 52 52 52 52 52 52 52 52 52 52 52;31 31 31 31 31 31 31 31 31 31 31 31 31 31 31 31 31 31 31;28 28 28 28 28 28 28 28 28 28 28 28 28 28 28 28 28 28 28;35 35 35 35 35 35 35 35 35 35 35 35 35 35 35 35 35 35 35;40 40 40 40 40 40 40 40 40 40 40 40 40 40 40 40 40 40 40;43 43 43 43 43 43 43 43 43 43 43 43 43 43 43 43 43 43 43;47 47 47 47 47 47 47 47 47 47 47 47 47 47 47 47 47 47 47;44 44 44 44 44 44 44 44 44 44 44 44 44 44 44 44 44 44 44;47 47 47 47 47 47 47 47 47 47 47 47 47 47 47 47 47 47 47;43 43 43 43 43 43 43 43 43 43 43 43 43 43 43 43 43 43 43;46 46 46 46 46 46 46 46 46 46 46 46 46 46 46 46 46 46 46;
d;3.000 13.759 3.000 29.567 3.000 8.031 3.000 108.894 3.000 61.860 3.000 12.653 3.000 137.001 3.000 94.945 3.000 45.213 3.000
S;0.47009435620662665 0.46903052641939263 0.45299770361501618 0.45193387382778216 0.41826557424545263 0.41720174445821862 0.36861988865323769 0.36755605886600368 0.3630692680905071 0.36200543830327303 0.34006941198412854 0.33900558219689453 0.30039083524647026 0.29932700545923624 0.29647898872804485 0.29541515894081083 0.28493028209181498 0.28386645230458096 0.27898720713238767 0.27792337734515365;0.53216179495877458 0.53120025649723612 0.51670905127020361 0.51574751280866515 0.48531654972463656 0.4843550112630981 0.44044448774705763 0.43948294928551923 0.43542758069997423 0.43446604223843577 0.41463924921920903 0.41367771075767057 0.37877592024478712 0.37781438178324867 0.37524021281467185 0.37427867435313344 0.36480195873961802 0.36384042027807956 0.35943033329552027 0.35846879483398181;0.76814335347079521 0.76653045024498878 0.74222262212222445 0.74060971889641813 0.68956423243288623 0.6879513292070798 0.61429496718017329 0.61268206395436686 0.60587951019796893 0.6042666069721625 0.57100876061733052 0.56939585739152421 0.5108509184666874 0.50923801524088097 0.50492005439036491 0.50330715116455849 0.48741072497414545 0.48579782174833902 0.4784002564872718 0.47678735326146532;0.89227156639356009 0.89048585210784581 0.86357361382907116 0.86178789954335688 0.80527325381587511 0.80348753953016094 0.72193942442894288 0.72015371014322871 0.71262231134150222 0.71083659705578806 0.67401541002008114 0.67222969573436697 0.60741208478186903 0.60562637049615486 0.60084577098308356 0.59906005669736939 0.581460441986555 0.57967472770084072 0.57148456616180199 0.56969885187608782;1.1373841964672531 1.1359556250386817 1.1144258344156619 1.1129972629870903 1.0677855464051049 1.0663569749765334 1.001118482895559 0.9996899114669876 0.99366479242560657 0.99223622099703512 0.96277927136846964 0.96135069993989808 0.90949661117789982 0.90806803974932826 0.90424356013887131 0.90281498871029986 0.88873529694164832 0.88730672551307677 0.88075459628184594 0.87932602485327438;1.2241104802642941 1.2228604802642942 1.2040219134691519 1.2027719134691519 1.1632116614599146 1.1619616614599146 1.1048779808890619 1.1036279808890619 1.0983560017278535 1.0971060017278533 1.0713311708028586 1.0700811708028586 1.0247088431361102 1.0234588431361102 1.0201124234769603 1.0188624234769601 1.0065426931793902 1.00529269317939 0.99955958010206303 0.99830958010206294;1.1205191609909513 1.1215829907781854 1.1269941508439956 1.1280579806312296 1.1385428574802254 1.1396066872674595 1.142454703998651 1.1435185337858849 1.1821332807363092 1.1831971105235433 1.2051331368426876 1.2061969666299217 1.2106837574054183 1.2117475871926522 1.2603294429976333 1.2613932727848673 1.2950615723671968 1.2961254021544308 1.3121582249588073 1.3132220547460414;1.2431315792137811 1.2440931176753196 1.2489839738886481 1.2499455123501866 1.2594222279637022 1.2603837664252404 1.2629579353938174 1.2639194738553559 1.2988212643682393 1.2997828028297778 1.3196095958490046 1.3205711343105431 1.324626502896088 1.3255880413576264 1.3694985648736668 1.3704601033352053 1.400891066419234 1.4018526048807725 1.416343810107805 1.4173053485693434;1.3066951150801793 1.3083080183059859 1.3165120351799564 1.3181249384057627 1.3340213645961756 1.3356342678219819 1.3399522286724981 1.3415651318983044 1.4001100708231413 1.4017229740489476 1.4349808204037797 1.436593723629586 1.4433962773859841 1.4450091806117906 1.5186655426386972 1.5202784458645036 1.5713239323280355 1.572936835553842 1.597244663676606 1.5988575669024125;1.4095605634302477 1.411346277715962 1.420429296397858 1.4222150106835723 1.4398146253943866 1.4416003396801009 1.4463809391931723 1.4481666534788866 1.5129842644313847 1.514769978717099 1.5515911657528059 1.5533768800385201 1.5609082788402466 1.5626939931259609 1.6442421082271788 1.646027822512893 1.7025424682403747 1.7043281825260892 1.7312404208048637 1.7330261350905782;1.6482374545990814 1.649666026027653 1.6569324409731696 1.6583610124017412 1.6724407041703926 1.6738692755989641 1.6776937552094211 1.6791223266379924 1.7309764153999907 1.7324049868285623 1.7618619364571275 1.7632905078856991 1.7693156269270802 1.7707441983556516 1.8359826904366261 1.8374112618651977 1.8826229784471831 1.8840515498757544 1.9055813404987743 1.9070099119273458;1.9035951052447042 1.9048451052447042 1.9112032183220313 1.9124532183220313 1.9247729486196015 1.9260229486196014 1.9293693682787514 1.9306193682787514 1.9759916959454997 1.9772416959454999 2.0030165268704945 2.0042665268704947 2.0095385060317033 2.010788506031703 2.0678721866025556 2.0691221866025558 2.1086824386117931 2.1099324386117932 2.1287710054069353 2.1300210054069355;
