m;4
n;8
P;19
P1;2 4 6 8 10 12 14 16 18
Q;20
M;100
h;1 1 1 1 1 1 1 1 1 1 1 1 1 1 1 1 1 1 1
Vmin;48 48 48 48 48 48 48 48 48 48 48 48 48 48 48 48 48 48 48;36 36 36 36 36 36 36 36 36 36 36 36 36 36 36 36 36 36 36;28 28 28 28 28 28 28 28 28 28 28 28 28 28 28 28 28 28 28;32 32 32 32 32 32 32 32 32 32 32 32 32 32 32 32 32 32 32;52 52 52 52 52 52 52 52 52 52 52 52 52 52 52 52 52 52 52;28 28 28 28 28 28 28 28 28 28 28 28 28 28 28 28 28 28 28;51 51 51 51 51 51 51 51 51 51 51 51 51 51 51 51 51 51 51;42 42 42 42 42 42 42 42 42 42 42 42 42 42 42 42 42 42 42;
Vmax;48 48 48 48 48 48 48 48 48 48 48 48 48 48 48 48 48 48 48;36 36 36 36 36 36 36 36 36 36 36 36 36 36 36 36 36 36 36;28 28 28 28 28 28 28 28 28 28 28 28 28 28 28 28 28 28 28;32 32 32 32 32 32 32 32 32 32 32 32 32 32 32 32 32 32 32;52 52 52 52 52 52 52 52 52 52 52 52 52 52 52 52 52 52 52;28 28 28 28 28 28 28 28 28 28 28 28 28 28 28 28 28 28 28;51 51 51 51 51 51 51 51 51 51 51 51 51 51 51 51 51 51 51;42 42 42 42 42 42 42 42 42 42 42 42 42 42 42 42 42 42 42;
d;3.000 17.060 3.000 111.553 3.000 58.174 3.000 39.592 3.000 73.640 3.000 57.935 3.000 11.365 3.000 73.498 3.000 28.007 3.000
S;0.25028275140499223 0.24924108473832557 0.23951651225576814 0.23847484558910148 0.21295454007889572 0.21191287341222906 0.20796661866730287 0.20692495200063618 0.18680854840665873 0.18576688173999206 0.16019747901907527 0.15915581235240861 0.14540852940499599 0.14436686273832933 0.12416765996396754 0.12312599329730087 0.084392167809417815 0.083350501142751152 0.077426765477468421 0.076385098810801744;0.40652722292357724 0.40513833403468841 0.39217223739127854 0.39078334850238966 0.356756274488782 0.35536738559989317 0.35010571260665824 0.34871682371776935 0.32189495225913273 0.3205060633702439 0.28641352640902151 0.28502463752013263 0.26669492692358249 0.2653060380346936 0.23837376766887791 0.236984878779989 0.18533977812947824 0.18395088924058936 0.17605257502021235 0.17466368613132346;0.57352418242087522 0.57173846813516094 0.55506777245077676 0.5532820581650626 0.50953296300470985 0.50774724871899557 0.50098224058483631 0.49919652629912203 0.46471126299516069 0.46292554870944636 0.41909228690216049 0.41730657261644616 0.39373980184945306 0.39195408756373878 0.35732688280768998 0.3555411685219757 0.28914032482846186 0.28735461054274758 0.27719963511654855 0.27541392083083427;0.68172673942821438 0.68016423942821436 0.66557738070437833 0.66401488070437831 0.62573442243906963 0.6241719224390696 0.61825254032168031 0.61669004032168029 0.58651543493071401 0.58495293493071399 0.54659883084933891 0.54503633084933889 0.52441540642821993 0.52285290642822002 0.49255410226667729 0.49099160226667732 0.43289086403485272 0.4313283640348527 0.42244276053692859 0.42088026053692856;0.51955317715670946 0.52059484382337606 0.52703941282199218 0.52808107948865879 0.56681490497654186 0.56785657164320846 0.58805577441757029 0.58909744108423689 0.60284472403164957 0.60388639069831618 0.62945579341923297 0.63049746008589969 0.65061386367987717 0.65165553034654378 0.65560178509147005 0.65664345175813676 0.68216375726834255 0.68320542393500916 0.69292999641756658 0.6939716630842333;0.58975781074565847 0.59114669963454747 0.59973945829936892 0.60112834718825781 0.65277344783876856 0.65416233672765745 0.68109460709347325 0.68248349598236213 0.70081320657891233 0.70220209546780121 0.7362946324290236 0.73768352131791248 0.76450539277654916 0.76589428166543816 0.77115595465867304 0.77254484354756203 0.80657191756116975 0.80796080645005863 0.8209269030934685 0.82231579198235738;0.65261358072394937 0.65439929500966365 0.66544712757871971 0.66723284186443399 0.73363368555794772 0.735419399843662 0.77004660459971075 0.77183231888542492 0.79539908965241801 0.79718480393813218 0.84101806574541815 0.84280378003113243 0.87728904333509372 0.879074757620808 0.88583976575496726 0.88762548004068142 0.93137457520103417 0.93316028948674845 0.94983098517113262 0.9516166994568469;0.79657500742802845 0.79813750742802847 0.80780436092595254 0.80936686092595245 0.86746759915777705 0.86903009915777707 0.89932890331931981 0.90089140331931972 0.92151232774043879 0.92307482774043881 0.96142893182181388 0.9629914318218139 0.99316603721278018 0.9947285372127801 1.0006479193301694 1.0022104193301695 1.0404908775954782 1.0420533775954781 1.0566402363193144 1.0582027363193143;
