m;3
n;6
P;19
P1;2 4 6 8 10 12 14 16 18
Q;20
M;100
h;1 1 1 1 1 1 1 1 1 1 1 1 1 1 1 1 1 1 1
Vmin;48 48 48 48 48 48 48 48 48 48 48 48 48 48 48 48 48 48 48;44 44 44 44 44 44 44 44 44 44 44 44 44 44 44 44 44 44 44;49 49 49 49 49 49 49 49 49 49 49 49 49 49 49 49 49 49 49;44 44 44 44 44 44 44 44 44 44 44 44 44 44 44 44 44 44 44;28 28 28 28 28 28 28 28 28 28 28 28 28 28 28 28 28 28 28;52 52 52 52 52 52 52 52 52 52 52 52 52 52 52 52 52 52 52;
Vmax;48 48 48 48 48 48 48 48 48 48 48 48 48 48 48 48 48 48 48;44 44 44 44 44 44 44 44 44 44 44 44 44 44 44 44 44 44 44;49 49 49 49 49 49 49 49 49 49 49 49 49 49 49 49 49 49 49;44 44 44 44 44 44 44 44 44 44 44 44 44 44 44 44 44 44 44;28 28 28 28 28 28 28 28 28 28 28 28 28 28 28 28 28 28 28;52 52 52 52 52 52 52 52 52 52 52 52 52 52 52 52 52 52 52;
d;3.000 18.634 3.000 22.319 3.000 42.630 3.000 37.542 3.000 40.055 3.000 4.377 3.000 32.815 3.000 30.681 3.000 12.650 3.000
S;0.17448874911820828 0.17344708245154161 0.16905473010106212 0.16801306343439543 0.15735980150643247 0.15631813483976581 0.1449241684120578 0.14388250174539113 0.14236265448064447 0.14132098781397778 0.12741288683033589 0.12637122016366922 0.11333579679762718 0.11229413013096051 0.097491918524732588 0.096450251858065925 0.088700769094030726 0.087659102427364063 0.081188903927191455 0.080147237260524792;0.28555570583995615 0.28441934220359255 0.27962768509397856 0.27849132145761496 0.26686958117256443 0.26573321753620083 0.2533034359787012 0.25216707234233754 0.25050905714443211 0.24937269350806845 0.23420021970773186 0.2330638560713682 0.21884339421750415 0.21770703058114052 0.20155916337434643 0.20042279973798277 0.19196881854085346 0.19083245490448983 0.18377405654066517 0.18263769290430154;0.42423512732888935 0.42321471916562403 0.41891200665903189 0.41789159849576657 0.40745575007653756 0.40643534191327224 0.39527390541266028 0.39425349724939501 0.39276466727576559 0.39174425911250027 0.37811999692444292 0.37709958876117761 0.36433019444342207 0.36330978628015675 0.34880966062507635 0.34778925246181103 0.34019792240724589 0.33917751424398063 0.33283936061115849 0.33181895244789317;0.58109512416236198 0.58213679082902869 0.58912782266253461 0.59016948932920121 0.59791897209323641 0.59896063875990313 0.61376285036613099 0.6148045170327977 0.62783994039883972 0.62888160706550644 0.64278970804914837 0.64383137471581497 0.64535122198056172 0.64639288864722844 0.65778685507493639 0.658828521741603 0.66948178366956601 0.67052345033623273 0.67491580268671225 0.67595746935337897;0.64995320111777233 0.65108956475413593 0.6587161449361425 0.6598525085725061 0.66830648976963547 0.66944285340599907 0.68559072061279325 0.68672708424915685 0.70094754610302101 0.70208390973938462 0.71725638353972132 0.71839274717608492 0.72005076237399046 0.72118712601035417 0.7336169075678538 0.73475327120421752 0.74637501148926799 0.74751137512563159 0.75230303223524564 0.75343939587160935;1.006056977013706 1.0070773851769712 1.0139257428914261 1.0149461510546913 1.0225374811092565 1.0235578892725217 1.0380580149276022 1.0390784230908674 1.0518478174086228 1.0528682255718882 1.0664924877599455 1.067512895923211 1.0690017258968403 1.0700221340601057 1.0811835705607176 1.0822039787239828 1.0926398271432118 1.093660235306477 1.0979629478130692 1.0989833559763345;
