m;5
n;10
P;19
P1;2 4 6 8 10 12 14 16 18
Q;20
M;100
h;1 1 1 1 1 1 1 1 1 1 1 1 1 1 1 1 1 1 1
Vmin;35 35 35 35 35 35 35 35 35 35 35 35 35 35 35 35 35 35 35;50 50 50 50 50 50 50 50 50 50 50 50 50 50 50 50 50 50 50;48 48 48 48 48 48 48 48 48 48 48 48 48 48 48 48 48 48 48;51 51 51 51 51 51 51 51 51 51 51 51 51 51 51 51 51 51 51;41 41 41 41 41 41 41 41 41 41 41 41 41 41 41 41 41 41 41;40 40 40 40 40 40 40 40 40 40 40 40 40 40 40 40 40 40 40;28 28 28 28 28 28 28 28 28 28 28 28 28 28 28 28 28 28 28;52 52 52 52 52 52 52 52 52 52 52 52 52 52 52 52 52 52 52;37 37 37 37 37 37 37 37 37 37 37 37 37 37 37 37 37 37 37;48 48 48 48 48 48 48 48 48 48 48 48 48 48 48 48 48 48 48;
Vmax;35 35 35 35 35 35 35 35 35 35 35 35 35 35 35 35 35 35 35;50 50 50 50 50 50 50 50 50 50 50 50 50 50 50 50 50 50 50;48 48 48 48 48 48 48 48 48 48 48 48 48 48 48 48 48 48 48;51 51 51 51 51 51 51 51 51 51 51 51 51 51 51 51 51 51 51;41 41 41 41 41 41 41 41 41 41 41 41 41 41 41 41 41 41 41;40 40 40 40 40 40 40 40 40 40 40 40 40 40 40 40 40 40 40;28 28 28 28 28 28 28 28 28 28 28 28 28 28 28 28 28 28 28;52 52 52 52 52 52 52 52 52 52 52 52 52 52 52 52 52 52 52;37 37 37 37 37 37 37 37 37 37 37 37 37 37 37 37 37 37 37;48 48 48 48 48 48 48 48 48 48 48 48 48 48 48 48 48 48 48;
d;3.000 15.162 3.000 55.071 3.000 6.230 3.000 62.176 3.000 11.684 3.000 51.595 3.000 26.420 3.000 40.371 3.000 12.068 3.000
S;8.8793607292666525 8.7936464435523671 8.4488507038412255 8.3631364181269401 7.2096836931030905 7.1239694073888051 6.369100979581531 6.2833866938672456 4.8092512524276199 4.7235369667133345 4.3897167565766368 4.3040024708623514 2.527536999802805 2.4418227140885191 2.2638115972782202 2.1780973115639344 0.60463051369409715 0.51891622797981141 0.085714285714285715 0;6.3822191771533223 6.3222191771533227 6.0808621593555241 6.0208621593555245 5.2134452518388299 5.1534452518388303 4.625037352373738 4.5650373523737384 3.5331425433660004 3.4731425433660004 3.2394683962703126 3.1794683962703125 1.9359425665286301 1.87594256652863 1.7513347847614209 1.6913347847614209 0.58990802625253469 0.52990802625253464 0.22666666666666666 0.16666666666666666;6.8078671984236001 6.7453671984236001 6.49395363821756 6.43145363821756 5.5903943595543364 5.5278943595543364 4.9774694642781991 4.9149694642781991 3.8400790382284726 3.7775790382284726 3.5341684683371311 3.4716684683371311 2.1763290623562117 2.1138290623562117 1.9840292896820355 1.9215292896820355 0.77420974956861244 0.71170974956861244 0.39583333333333331 0.33333333333333331;6.593678931849662 6.5348554024378975 6.2982308751851539 6.2394073457733894 5.4478221423256494 5.3889986129138849 4.8709516526539911 4.8121281232422266 3.8004665457836597 3.7416430163718952 3.5125507152976914 3.4537271858859269 2.2345842155509441 2.1757606861391796 2.053596194210543 1.9947726647987785 0.91494250939790978 0.85611897998614506 0.55882352941176472 0.5;8.2466087526260026 8.1734380209186863 7.8791001943360053 7.8059294626286881 6.8212746973644265 6.7481039656571093 6.1037040882606561 6.030533356553339 4.7721250528853663 4.6989543211780491 4.4139858491101371 4.34081511740282 2.8243202030836949 2.7511494713763778 2.5991887619041716 2.5260180301968544 1.1828146661616277 1.1096439344543105 0.73983739837398366 0.66666666666666663;0 0.085714285714285715 0.56177337083695433 0.64748765655124008 2.2209544544210775 2.3066687401353634 2.4846798569456623 2.5703941426599481 4.346859613719495 4.4325738994337804 4.7663941095704772 4.8521083952847626 6.3262438367243883 6.4119581224386737 7.1668265502459478 7.2525408359602332 8.4059935609840828 8.4917078466983682 8.8365035864095098 8.9222178721237952;0.16666666666666666 0.22666666666666666 0.55990802625253466 0.61990802625253472 1.7213347847614209 1.7813347847614209 1.9059425665286303 1.9659425665286303 3.2094683962703128 3.2694683962703128 3.5031425433660006 3.5631425433660007 4.5950373523737387 4.6550373523737383 5.1834452518388296 5.2434452518388293 6.0508621593555239 6.1108621593555235 6.3522191771533221 6.4122191771533217;0.33333333333333331 0.39583333333333331 0.74295974956861244 0.80545974956861244 1.9527792896820355 2.0152792896820353 2.1450790623562117 2.2075790623562117 3.5029184683371311 3.5654184683371311 3.8088290382284726 3.8713290382284726 4.9462194642781991 5.0087194642781991 5.5591443595543364 5.6216443595543364 6.46270363821756 6.52520363821756 6.7766171984236001 6.8391171984236001;0.5 0.55882352941176472 0.88553074469202753 0.94435427410379225 2.0241844295046612 2.0830079589164257 2.2051724508450623 2.2639959802568268 3.48313895059181 3.5419624800035745 3.7710547810777784 3.8298783104895429 4.8415398879481089 4.9003634173598734 5.4184103776197672 5.4772339070315317 6.2688191104792717 6.3276426398910361 6.5642671671437798 6.6230906965555443;0.66666666666666663 0.73983739837398366 1.1462293003079691 1.2194000320152862 2.5626033960505135 2.6357741277578306 2.7877348372300368 2.8609055689373539 4.377400483256479 4.4505712149637962 4.7355396870317081 4.8087104187390253 6.067118722406998 6.1402894541143151 6.7846893315107684 6.8578600632180855 7.8425148284823472 7.9156855601896643 8.2100233867723453 8.2831941184796616;
