m;7
n;14
P;19
P1;2 4 6 8 10 12 14 16 18
Q;20
M;100
h;1 1 1 1 1 1 1 1 1 1 1 1 1 1 1 1 1 1 1
Vmin;50 50 50 50 50 50 50 50 50 50 50 50 50 50 50 50 50 50 50;34 34 34 34 34 34 34 34 34 34 34 34 34 34 34 34 34 34 34;38 38 38 38 38 38 38 38 38 38 38 38 38 38 38 38 38 38 38;52 52 52 52 52 52 52 52 52 52 52 52 52 52 52 52 52 52 52;45 45 45 45 45 45 45 45 45 45 45 45 45 45 45 45 45 45 45;49 49 49 49 49 49 49 49 49 49 49 49 49 49 49 49 49 49 49;40 40 40 40 40 40 40 40 40 40 40 40 40 40 40 40 40 40 40;42 42 42 42 42 42 42 42 42 42 42 42 42 42 42 42 42 42 42;28 28 28 28 28 28 28 28 28 28 28 28 28 28 28 28 28 28 28;40 40 40 40 40 40 40 40 40 40 40 40 40 40 40 40 40 40 40;46 46 46 46 46 46 46 46 46 46 46 46 46 46 46 46 46 46 46;44 44 44 44 44 44 44 44 44 44 44 44 44 44 44 44 44 44 44;47 47 47 47 47 47 47 47 47 47 47 47 47 47 47 47 47 47 47;49 49 49 49 49 49 49 49 49 49 49 49 49 49 49 49 49 49 49;
Vmax;50 50 50 50 50 50 50 50 50 50 50 50 50 50 50 50 50 50 50;34 34 34 34 34 34 34 34 34 34 34 34 34 34 34 34 34 34 34;38 38 38 38 38 38 38 38 38 38 38 38 38 38 38 38 38 38 38;52 52 52 52 52 52 52 52 52 52 52 52 52 52 52 52 52 52 52;45 45 45 45 45 45 45 45 45 45 45 45 45 45 45 45 45 45 45;49 49 49 49 49 49 49 49 49 49 49 49 49 49 49 49 49 49 49;40 40 40 40 40 40 40 40 40 40 40 40 40 40 40 40 40 40 40;42 42 42 42 42 42 42 42 42 42 42 42 42 42 42 42 42 42 42;28 28 28 28 28 28 28 28 28 28 28 28 28 28 28 28 28 28 28;40 40 40 40 40 40 40 40 40 40 40 40 40 40 40 40 40 40 40;46 46 46 46 46 46 46 46 46 46 46 46 46 46 46 46 46 46 46;44 44 44 44 44 44 44 44 44 44 44 44 44 44 44 44 44 44 44;47 47 47 47 47 47 47 47 47 47 47 47 47 47 47 47 47 47 47;49 49 49 49 49 49 49 49 49 49 49 49 49 49 49 49 49 49 49;
d;3.000 61.143 3.000 40.529 3.000 112.912 3.000 7.478 3.000 72.395 3.000 46.454 3.000 70.513 3.000 67.547 3.000 35.120 3.000
S;10.881795606982852 10.821795606982851 10.119404695136698 10.059404695136697 8.7084725126741773 8.6484725126741768 7.2382213860918743 7.1782213860918747 6.2491462594642115 6.1891462594642119 4.7412366737872178 4.6812366737872182 4.5316789948617062 4.4716789948617066 2.2134308604497699 2.1534308604497698 1.3428583110955312 1.2828583110955312 0.059999999999999998 0;16.169307265170858 16.081071971053209 15.048144159514749 14.959908865397102 12.973243891187515 12.885008597069868 10.811109881507658 10.722874587390011 9.3565876364669762 9.2683523423493295 7.139073539883162 7.0508382457655152 6.8309004826397626 6.7426651885221158 3.4217120496810334 3.3334767555633862 2.1414583006306827 2.0532230065130355 0.25490196078431371 0.16666666666666666;14.651485447784454 14.572538079363401 13.648339511144778 13.569392142723725 11.791849797378305 11.712902428957252 9.8573088413489582 9.7783614729279051 8.5558942010494015 8.4769468326283484 6.5718026409480927 6.4928552725270405 6.2960688528882089 6.2171214844671567 3.2457423602409246 3.1667949918198719 2.1002521637221898 2.0213047953011372 0.41228070175438591 0.33333333333333331;10.963265006714282 10.905572699021974 10.230196822246826 10.172504514554518 8.8735312621867113 8.8158389544944029 7.4598282558575724 7.4021359481652649 6.5087944802540498 6.4511021725617423 5.0588814171030938 5.0011891094107863 4.8573836489054862 4.7996913412131788 2.6282989042786244 2.570606596586317 1.7912099145149336 1.7335176068226259 0.55769230769230771 0.5;12.75755067442539 12.690884007758724 11.910449661262998 11.843782994596332 10.342747236304643 10.276080569637976 8.709134873435417 8.6424682067687506 7.6101625105157913 7.5434958438491249 5.9347074153191315 5.8680407486524651 5.7018655498463406 5.6351988831796742 3.1260342893886333 3.0593676227219664 2.1587314567728124 2.0920647901061455 0.73333333333333328 0.66666666666666663;11.937206401683182 11.875981911887264 11.159256491636087 11.098032001840169 9.7195297748375982 9.6583052850416795 8.2192735232230021 8.1580490334270834 7.2100131899294686 7.1487887001335499 5.6713299392386576 5.6101054494427389 5.4574955729881349 5.3962710831922163 3.0919362521596283 3.0307117623637101 2.2035969160838751 2.1423724262879569 0.89455782312925169 0.83333333333333337;14.602244508728559 14.527244508728559 13.649255868920868 13.574255868920869 11.88559064084272 11.810590640842721 10.047776732614842 9.9727767326148431 8.8114328243302644 8.7364328243302651 6.9265458422340229 6.8515458422340227 6.664598743577133 6.5895987435771328 3.7667885755622121 3.691788575562212 2.6785728888694136 2.6035728888694134 1.075 1;0 0.059999999999999998 1.312858311095531 1.372858311095531 2.1834308604497696 2.2434308604497697 4.501678994861706 4.5616789948617056 4.7112366737872176 4.7712366737872172 6.2191462594642113 6.2791462594642109 7.208221386091874 7.2682213860918736 8.6784725126741762 8.7384725126741767 10.089404695136697 10.149404695136697 10.851795606982851 10.911795606982851;0.16666666666666666 0.25490196078431371 2.0973406535718593 2.1855759476895065 3.3775944026222104 3.4658296967398576 6.7867828355809401 6.8750181296985868 7.0949558928243395 7.1831911869419862 9.3124699894081537 9.4007052835258005 10.766992234448836 10.855227528566482 12.929126244128692 13.017361538246339 15.004026512455926 15.092261806573573 16.125189618112035 16.213424912229684;0.33333333333333331 0.41228070175438591 2.0607784795116633 2.1397258479327159 3.2062686760303984 3.2852160444514511 6.2565951686776833 6.3355425370987355 6.5323289567375671 6.6112763251586193 8.516420516838874 8.5953678852599271 9.8178351571384308 9.8967825255594839 11.752376113167777 11.83132348158883 13.608865826934251 13.687813195355304 14.612011763573927 14.69095913199498;0.5 0.55769230769230771 1.7623637606687799 1.8200560683610876 2.5994527504324707 2.6571450581247782 4.8285374950593329 4.8862298027516404 5.0300352632569405 5.087727570949248 6.4799483264078965 6.537640634100204 7.4309821020114191 7.4886744097037266 8.8446851083405562 8.9023774160328646 10.201350668400671 10.25904297609298 10.934418852868127 10.992111160560436;0.66666666666666663 0.73333333333333328 2.1253981234394788 2.1920647901061456 3.0927009560552996 3.1593676227219665 5.6685322165130074 5.7351988831796739 5.9013740819857983 5.9680407486524647 7.5768291771824581 7.6434958438491245 8.6758015401020838 8.7424682067687502 10.309413902971309 10.376080569637976 11.877116327929665 11.943782994596331 12.724217341092057 12.790884007758724;0.83333333333333337 0.89455782312925169 2.1729846711859162 2.2342091609818344 3.0613240072616694 3.1225484970575876 5.4268833280901756 5.4881078178860943 5.6407176943406983 5.7019421841366169 7.1794009450315093 7.2406254348274279 8.1886612783250428 8.2498857681209614 9.6889175299396388 9.7501420197355575 11.128644246738128 11.189868736534047 11.906594156785223 11.967818646581142;1 1.075 2.6410728888694139 2.7160728888694141 3.7292885755622125 3.8042885755622127 6.6270987435771334 6.7020987435771335 6.8890458422340233 6.9640458422340235 8.7739328243302666 8.8489328243302658 10.010276732614845 10.085276732614844 11.848090640842722 11.923090640842721 13.61175586892087 13.686755868920869 14.564744508728561 14.63974450872856;
