m;2
n;4
P;19
P1;2 4 6 8 10 12 14 16 18
Q;20
M;100
h;1 1 1 1 1 1 1 1 1 1 1 1 1 1 1 1 1 1 1
Vmin;28 28 28 28 28 28 28 28 28 28 28 28 28 28 28 28 28 28 28;52 52 52 52 52 52 52 52 52 52 52 52 52 52 52 52 52 52 52;42 42 42 42 42 42 42 42 42 42 42 42 42 42 42 42 42 42 42;52 52 52 52 52 52 52 52 52 52 52 52 52 52 52 52 52 52 52;
Vmax;28 28 28 28 28 28 28 28 28 28 28 28 28 28 28 28 28 28 28;52 52 52 52 52 52 52 52 52 52 52 52 52 52 52 52 52 52 52;42 42 42 42 42 42 42 42 42 42 42 42 42 42 42 42 42 42 42;52 52 52 52 52 52 52 52 52 52 52 52 52 52 52 52 52 52 52;
d;3.000 3.049 3.000 35.336 3.000 6.326 3.000 21.843 3.000 28.173 3.000 28.894 3.000 3.219 3.000 12.609 3.000 8.843 3.000
S;6.3676141034697942 6.2604712463269374 5.9446325953163504 5.8374897381734936 5.3871798759150291 5.2800370187721724 5.1650696596524828 5.057926802509626 4.0259827946023217 3.9188399374594649 2.9126621344910153 2.8055192773481581 2.0254043170505565 1.9182614599076995 1.6923210800935495 1.5851782229506923 0.32318704255366199 0.21604418541080483 0.10714285714285714 0;3.595381953150401 3.5376896454580935 3.3676226795293163 3.3099303718370088 3.0674558306209128 3.0097635229286053 2.9478580218641572 2.8901657141718498 2.3345035560679168 2.2768112483756093 1.7350232006233675 1.6773308929310597 1.2572689912323509 1.1995766835400432 1.0779164790247318 1.020224171332424 0.34069045881094617 0.28299815111863846 0.22435897435897434 0.16666666666666666;0 0.10714285714285714 0.26961561398223338 0.37675847112509053 1.6387496515221209 1.7458925086649781 1.9718328884791281 2.0789757456219853 2.8590907059195869 2.9662335630624441 3.9724113660308937 4.0795542231737505 5.1114982310810548 5.2186410882239116 5.3336084473436012 5.4407513044864579 5.8910611667449224 5.9982040238877792 6.3140426748983662 6.421185532041223;0.16666666666666666 0.22435897435897434 0.31184430496479232 0.36953661265710003 1.0490703251785778 1.1067626328708855 1.228422837386197 1.2861151450785047 1.7061770467772135 1.7638693544695212 2.3056574022217631 2.3633497099140706 2.9190118680180035 2.976704175710311 3.038609676774759 3.0963019844670665 3.3387765256831625 3.39646883337547 3.5665357993042472 3.6242281069965547;
