m;1
n;2
P;19
P1;2 4 6 8 10 12 14 16 18
Q;20
M;100
h;1 1 1 1 1 1 1 1 1 1 1 1 1 1 1 1 1 1 1
Vmin;46 46 46 46 46 46 46 46 46 46 46 46 46 46 46 46 46 46 46;52 52 52 52 52 52 52 52 52 52 52 52 52 52 52 52 52 52 52;
Vmax;46 46 46 46 46 46 46 46 46 46 46 46 46 46 46 46 46 46 46;52 52 52 52 52 52 52 52 52 52 52 52 52 52 52 52 52 52 52;
d;3.000 28.489 3.000 64.065 3.000 16.692 3.000 77.408 3.000 5.803 3.000 5.644 3.000 128.240 3.000 7.606 3.000 22.262 3.000
S;8.3958672992806278 8.3306499079762801 7.8466908368062436 7.7814734455018959 7.6161262503825373 7.5509088590781896 4.7630850303867955 4.6978676390824479 4.5751615899909694 4.5099441986866218 4.3837934230746196 4.3185760317702719 2.6357966760674576 2.5705792847631099 2.2077092072055273 2.1424918159011797 0.74976406196463075 0.68454667066028296 0.065217391304347824 0;0 0.065217391304347824 0.71715536631245691 0.78237275761680469 2.1751005115533539 2.2403179028577016 2.6031879804152842 2.6684053717196319 4.3511847274224467 4.4164021187267943 4.5425528943387965 4.6077702856431442 4.7304763347346226 4.7956937260389703 7.5835175547303653 7.6487349460347129 7.8140821411540715 7.8792995324584192 8.3632586036284557 8.4284759949328034;
