m;3
n;6
P;19
P1;2 4 6 8 10 12 14 16 18
Q;20
M;100
h;1 1 1 1 1 1 1 1 1 1 1 1 1 1 1 1 1 1 1
Vmin;44 44 44 44 44 44 44 44 44 44 44 44 44 44 44 44 44 44 44;49 49 49 49 49 49 49 49 49 49 49 49 49 49 49 49 49 49 49;52 52 52 52 52 52 52 52 52 52 52 52 52 52 52 52 52 52 52;44 44 44 44 44 44 44 44 44 44 44 44 44 44 44 44 44 44 44;28 28 28 28 28 28 28 28 28 28 28 28 28 28 28 28 28 28 28;52 52 52 52 52 52 52 52 52 52 52 52 52 52 52 52 52 52 52;
Vmax;44 44 44 44 44 44 44 44 44 44 44 44 44 44 44 44 44 44 44;49 49 49 49 49 49 49 49 49 49 49 49 49 49 49 49 49 49 49;52 52 52 52 52 52 52 52 52 52 52 52 52 52 52 52 52 52 52;44 44 44 44 44 44 44 44 44 44 44 44 44 44 44 44 44 44 44;28 28 28 28 28 28 28 28 28 28 28 28 28 28 28 28 28 28 28;52 52 52 52 52 52 52 52 52 52 52 52 52 52 52 52 52 52 52;
d;3.000 69.507 3.000 3.755 3.000 62.411 3.000 24.802 3.000 6.912 3.000 37.234 3.000 6.052 3.000 60.472 3.000 39.459 3.000
S;7.7410169926871921 7.6728351745053738 6.7760370539968102 6.7078552358149919 5.3334884024503522 5.2653065842685338 5.1277605006296278 5.0595786824478095 4.2133401051059014 4.1451582869240831 3.9880660042795286 3.9198841860977103 3.3561985543992776 3.2880167362174593 1.8695851545634836 1.8014033363816655 1.7160714476457195 1.6478896294639014 0.068181818181818177 0;7.1177839662225129 7.0565594764265942 6.2512713682148222 6.1900468784189036 4.9559215586629 4.8946970688669813 4.7711862998851071 4.7099618100891885 3.9500741079862505 3.8888496181903323 3.7477871603054265 3.6865626705095083 3.1803959808211197 3.1191714910252015 1.8454778258665296 1.7842533360706112 1.7076287829199659 1.6464042931240475 0.22789115646258501 0.16666666666666666;6.883424634837878 6.8257323271455705 6.0669031482537088 6.0092108405614013 4.8462850584836294 4.788592750791322 4.6722076030968633 4.6145152954045559 3.8984672684229413 3.8407749607306338 3.7078507215698573 3.6501584138775498 3.1731936485942605 3.115501340901953 1.915290002579358 1.8575976948870503 1.7853937890335576 1.7277014813412499 0.39102564102564102 0.33333333333333331;0 0.068181818181818177 1.6819805385548103 1.7501623567366285 1.8354942454725744 1.9036760636543926 3.3221076453083684 3.3902894634901868 3.9539750951886194 4.0221569133704378 4.1792491960149922 4.2474310141968106 5.0936695915387187 5.161851409720537 5.299397493359443 5.3675793115412613 6.7419461449059011 6.8101279630877194 7.706926083596283 7.7751079017781013;0.16666666666666666 0.22789115646258501 1.6770165380220066 1.738241027817925 1.8148655809685703 1.8760900707644887 3.1497837359231609 3.2110082257190791 3.7171749154074676 3.7783994052033858 3.9194618630882916 3.9806863528842098 4.7405740549871478 4.8017985447830664 4.9253093137649406 4.9865338035608593 6.2206591233168629 6.2818836131127815 7.0871717213245535 7.1483962111204722;0.33333333333333331 0.39102564102564102 1.7565476351874036 1.8142399428797114 1.886443848733204 1.9441361564255117 3.1443474947481063 3.2020398024404138 3.6790045677237031 3.7366968754160106 3.8696211145767871 3.9273134222690946 4.6433614492507091 4.7010537569430166 4.8174389046374753 4.8751312123297827 6.0380569944075546 6.0957493020998621 6.8545784809917238 6.9122707886840313;
