m;4
n;8
P;19
P1;2 4 6 8 10 12 14 16 18
Q;20
M;100
h;1 1 1 1 1 1 1 1 1 1 1 1 1 1 1 1 1 1 1
Vmin;52 52 52 52 52 52 52 52 52 52 52 52 52 52 52 52 52 52 52;39 39 39 39 39 39 39 39 39 39 39 39 39 39 39 39 39 39 39;40 40 40 40 40 40 40 40 40 40 40 40 40 40 40 40 40 40 40;28 28 28 28 28 28 28 28 28 28 28 28 28 28 28 28 28 28 28;31 31 31 31 31 31 31 31 31 31 31 31 31 31 31 31 31 31 31;49 49 49 49 49 49 49 49 49 49 49 49 49 49 49 49 49 49 49;52 52 52 52 52 52 52 52 52 52 52 52 52 52 52 52 52 52 52;38 38 38 38 38 38 38 38 38 38 38 38 38 38 38 38 38 38 38;
Vmax;52 52 52 52 52 52 52 52 52 52 52 52 52 52 52 52 52 52 52;39 39 39 39 39 39 39 39 39 39 39 39 39 39 39 39 39 39 39;40 40 40 40 40 40 40 40 40 40 40 40 40 40 40 40 40 40 40;28 28 28 28 28 28 28 28 28 28 28 28 28 28 28 28 28 28 28;31 31 31 31 31 31 31 31 31 31 31 31 31 31 31 31 31 31 31;49 49 49 49 49 49 49 49 49 49 49 49 49 49 49 49 49 49 49;52 52 52 52 52 52 52 52 52 52 52 52 52 52 52 52 52 52 52;38 38 38 38 38 38 38 38 38 38 38 38 38 38 38 38 38 38 38;
d;3.000 14.527 3.000 39.363 3.000 63.536 3.000 39.601 3.000 76.750 3.000 7.353 3.000 142.107 3.000 52.514 3.000 39.854 3.000
S;9.7231682844778469 9.6654759767855385 8.8990536600036965 8.8413613523113881 7.8314711650697051 7.7737788573773976 5.0409479238579111 4.9832556161656036 4.8418560581078465 4.784163750415539 3.3082070880753478 3.2505147803830403 2.4889520413644717 2.4312597336721642 1.209423178020296 1.1517308703279883 0.39474095321679931 0.3370486455244916 0.057692307692307696 0;13.130891045970461 13.053967969047385 12.032071546671595 11.955148469748519 10.608628220092941 10.531705143169864 6.8879305651438827 6.811007488220806 6.6224747441437959 6.5455516672207192 4.577609450767131 4.5006863738440543 3.4852693884859627 3.4083463115628856 1.7792309040270611 1.7023078271039842 0.69298793762239908 0.61606486069932209 0.24358974358974358 0.16666666666666666;12.973452103154536 12.898452103154536 11.902103091338141 11.827103091338142 10.514245847923952 10.439245847923953 6.8865656343486199 6.8115656343486197 6.6277462088735346 6.5527462088735344 4.6340025478312858 4.5590025478312857 3.5689709871071469 3.4939709871071467 1.9055834647597178 1.8305834647597179 0.8464965725151723 0.77149657251517234 0.40833333333333333 0.33333333333333331;18.557312528316 18.450169671173143 17.026813940006864 16.919671082864006 15.044160735129452 14.937017877986595 9.8617604300218353 9.7546175728789777 9.4920183936288574 9.3848755364859997 6.6438131635685025 6.5366703064256457 5.1223395053911611 5.0151966482483044 2.7460716163234067 2.6389287591805495 1.2330903416883414 1.1259474845454842 0.6071428571428571 0.5;0 0.057692307692307696 0.36589479937064545 0.42358710706295316 1.180577024174142 1.2382693318664497 2.4601058875183179 2.5177981952106254 3.2793609342291941 3.3370532419215015 4.8130099042616932 4.8707022119540007 5.0121017700117578 5.0697940777040653 7.8026250112235518 7.8603173189158593 8.8702075061575432 8.9278998138498515 9.6943221306316936 9.7520144383240019;0.16666666666666666 0.24358974358974358 0.65452639916086064 0.73144947608393762 1.7407693655655228 1.8176924424885996 3.4468078500244239 3.523730926947501 4.5391479123055927 4.6160709892286693 6.5840132056822576 6.6609362826053342 6.8494690266823444 6.926392103605421 10.570166681631402 10.647089758554479 11.993610008210057 12.070533085133134 13.092429507508923 13.169352584432;0.33333333333333331 0.40833333333333333 0.80899657251517243 0.88399657251517239 1.868083464759718 1.9430834647597179 3.5314709871071468 3.606470987107147 4.5965025478312862 4.6715025478312864 6.590246208873535 6.6652462088735351 6.8490656343486203 6.9240656343486204 10.476745847923953 10.551745847923952 11.86460309133814 11.939603091338139 12.935952103154534 13.010952103154533;0.5 0.6071428571428571 1.179518913116913 1.2866617702597702 2.6925001877519783 2.7996430448948355 5.0687680768197332 5.1759109339625899 6.5902417349970746 6.6973845921399313 9.4384469650574303 9.545589822200288 9.8081890014504083 9.9153318585932659 14.990589306558025 15.097732163700883 16.973242511435437 17.080385368578295 18.503741099744573 18.610883956887431;
