m;8
n;16
P;19
P1;2 4 6 8 10 12 14 16 18
Q;20
M;100
h;1 1 1 1 1 1 1 1 1 1 1 1 1 1 1 1 1 1 1
Vmin;47 47 47 47 47 47 47 47 47 47 47 47 47 47 47 47 47 47 47;36 36 36 36 36 36 36 36 36 36 36 36 36 36 36 36 36 36 36;31 31 31 31 31 31 31 31 31 31 31 31 31 31 31 31 31 31 31;47 47 47 47 47 47 47 47 47 47 47 47 47 47 47 47 47 47 47;48 48 48 48 48 48 48 48 48 48 48 48 48 48 48 48 48 48 48;46 46 46 46 46 46 46 46 46 46 46 46 46 46 46 46 46 46 46;41 41 41 41 41 41 41 41 41 41 41 41 41 41 41 41 41 41 41;52 52 52 52 52 52 52 52 52 52 52 52 52 52 52 52 52 52 52;50 50 50 50 50 50 50 50 50 50 50 50 50 50 50 50 50 50 50;40 40 40 40 40 40 40 40 40 40 40 40 40 40 40 40 40 40 40;28 28 28 28 28 28 28 28 28 28 28 28 28 28 28 28 28 28 28;36 36 36 36 36 36 36 36 36 36 36 36 36 36 36 36 36 36 36;48 48 48 48 48 48 48 48 48 48 48 48 48 48 48 48 48 48 48;40 40 40 40 40 40 40 40 40 40 40 40 40 40 40 40 40 40 40;52 52 52 52 52 52 52 52 52 52 52 52 52 52 52 52 52 52 52;46 46 46 46 46 46 46 46 46 46 46 46 46 46 46 46 46 46 46;
Vmax;47 47 47 47 47 47 47 47 47 47 47 47 47 47 47 47 47 47 47;36 36 36 36 36 36 36 36 36 36 36 36 36 36 36 36 36 36 36;31 31 31 31 31 31 31 31 31 31 31 31 31 31 31 31 31 31 31;47 47 47 47 47 47 47 47 47 47 47 47 47 47 47 47 47 47 47;48 48 48 48 48 48 48 48 48 48 48 48 48 48 48 48 48 48 48;46 46 46 46 46 46 46 46 46 46 46 46 46 46 46 46 46 46 46;41 41 41 41 41 41 41 41 41 41 41 41 41 41 41 41 41 41 41;52 52 52 52 52 52 52 52 52 52 52 52 52 52 52 52 52 52 52;50 50 50 50 50 50 50 50 50 50 50 50 50 50 50 50 50 50 50;40 40 40 40 40 40 40 40 40 40 40 40 40 40 40 40 40 40 40;28 28 28 28 28 28 28 28 28 28 28 28 28 28 28 28 28 28 28;36 36 36 36 36 36 36 36 36 36 36 36 36 36 36 36 36 36 36;48 48 48 48 48 48 48 48 48 48 48 48 48 48 48 48 48 48 48;40 40 40 40 40 40 40 40 40 40 40 40 40 40 40 40 40 40 40;52 52 52 52 52 52 52 52 52 52 52 52 52 52 52 52 52 52 52;46 46 46 46 46 46 46 46 46 46 46 46 46 46 46 46 46 46 46;
d;3.000 104.199 3.000 31.482 3.000 122.112 3.000 6.979 3.000 76.725 3.000 10.518 3.000 52.115 3.000 5.571 3.000 74.102 3.000
S;10.93197409893213 10.868144311698087 9.2915051548762868 9.2276753676422434 9.109151436063204 9.0453216488291606 7.9364961260184304 7.8726663387843878 7.6488896793241468 7.5850598920901042 5.9526105000444263 5.8887807128103837 5.7402826400780587 5.6764528528440161 3.0783267698843266 3.0144969826502841 2.3446649009337137 2.2808351136996712 0.063829787234042548 0;14.438966184716945 14.355632851383611 12.297242841088483 12.213909507755149 12.059169930415848 11.975836597082514 10.528203275635173 10.444869942301839 10.152717081339857 10.069383748006523 7.938130375057999 7.854797041724666 7.660924557879687 7.5775912245463539 4.185593282904537 4.102259949571204 3.227756953996793 3.1444236206634595 0.25 0.16666666666666666;16.90761664461753 16.810842451069142 14.420454052016735 14.323679858468347 14.143982284783998 14.047208091235611 12.366085524393537 12.269311330845149 11.930037040695751 11.833262847147363 9.358258930174884 9.2614847366264961 9.0363424973226483 8.9395683037742604 5.0004739199321504 4.9036997263837634 3.8881478605554154 3.7913736670070284 0.43010752688172038 0.33333333333333331;11.431974098932132 11.368144311698089 9.7915051548762886 9.7276753676422452 9.6091514360632058 9.5453216488291623 8.436496126018433 8.3726663387843896 8.1488896793241477 8.0850598920901042 6.4526105000444263 6.3887807128103837 6.2402826400780587 6.1764528528440161 3.5783267698843266 3.5144969826502841 2.8446649009337137 2.7808351136996712 0.56382978723404253 0.5;11.370891305204374 11.308391305204374 9.7645987974830284 9.7020987974830284 9.5860441144785522 9.5235441144785522 8.4378191233930462 8.3753191233930462 8.1562044776715599 8.0937044776715599 6.4952644479601673 6.4327644479601673 6.2873600850764326 6.2248600850764326 3.6808616288450695 3.6183616288450695 2.962484382164261 2.899984382164261 0.72916666666666663 0.66666666666666663;12.002959043111808 11.93774165180746 10.326827730706926 10.261610339402578 10.140509800615298 10.075292409310951 8.9423619838304234 8.8771445925260757 8.6485032230775687 8.583285831773221 6.9153484094656799 6.8501310181613322 6.698404726456566 6.6331873351522184 3.9785802503890579 3.9133628590847103 3.2289692103743013 3.1637518190699536 0.89855072463768115 0.83333333333333337;13.531775186580726 13.458604454873409 11.651237616565492 11.578066884858176 11.442197987682205 11.369027255974888 10.097934583484539 10.024763851777223 9.7682393884935319 9.6950686567862157 7.8237242317582441 7.7505535000509269 7.580324002040701 7.5071532703333839 4.5288136142576425 4.4556428825503254 3.6877865937532817 3.6146158620459645 1.0731707317073171 1;11.047489409932247 10.989797102239939 9.5647578643433118 9.5070655566510034 9.3999381569545637 9.3422458492622553 8.3400381651833264 8.282345857491018 8.080086184517338 8.0223938768250296 6.5469107724760507 6.4892184647837432 6.3549990528910651 6.2973067451987577 3.9490004779082692 3.8913081702159618 3.285883019433677 3.2281907117413695 1.2243589743589745 1.1666666666666667;0 0.063829787234042548 2.3127500073166924 2.376579794550735 3.0464118762673054 3.1102416635013479 5.7083677464610378 5.7721975336950804 5.9206956064274046 5.9845253936614471 7.6169747857071251 7.6808045729411676 7.9045812324014086 7.9684110196354512 9.0772365424461814 9.1410663296802248 9.2595902612592642 9.3234200484933076 10.900059205315108 10.963888992549151;0.16666666666666666 0.25 3.186090287330126 3.2694236206634595 4.143926616237871 4.227259949571204 7.6192578912130209 7.7025912245463539 7.8964637083913329 7.979797041724666 10.111050414673191 10.194383748006524 10.486536608968507 10.569869942301841 12.017503263749182 12.100836597082516 12.255576174421817 12.338909507755151 14.397299518050279 14.480632851383612;0.33333333333333331 0.43010752688172038 3.8397607637812219 3.9365349573296089 4.9520868231579573 5.0488610167063444 8.9879554005484543 9.0847295940968422 9.30987183340069 9.4066460269490779 11.881649943921557 11.978424137469945 12.317698427619343 12.414472621167731 14.095595188009804 14.192369381558192 14.372066955242541 14.468841148790929 16.859229547843338 16.956003741391726;0.5 0.56382978723404253 2.8127500073166924 2.876579794550735 3.5464118762673054 3.6102416635013479 6.2083677464610378 6.2721975336950804 6.4206956064274046 6.4845253936614471 8.1169747857071251 8.1808045729411685 8.4045812324014104 8.4684110196354538 9.5772365424461832 9.6410663296802266 9.759590261259266 9.8234200484933094 11.40005920531511 11.463888992549153;0.66666666666666663 0.72916666666666663 2.931234382164261 2.993734382164261 3.6496116288450695 3.7121116288450695 6.2561100850764326 6.3186100850764326 6.4640144479601673 6.5265144479601673 8.1249544776715599 8.1874544776715599 8.4065691233930462 8.4690691233930462 9.5547941144785522 9.6172941144785522 9.7333487974830284 9.7958487974830284 11.339641305204374 11.402141305204374;0.83333333333333337 0.89855072463768115 3.1963605147221279 3.2615779060264756 3.9459715547368841 4.0111889460412318 6.6657960308043922 6.7310134221087399 6.882739713813506 6.9479571051178537 8.6158945274253949 8.6811119187297425 8.9097532881782495 8.9749706794825972 10.107901104963126 10.173118496267474 10.294219035054754 10.359436426359101 11.970350347459636 12.035567738763984;1 1.0731707317073171 3.6512012278996231 3.7243719596069402 4.4922282484039844 4.5653989801113015 7.5437386361870429 7.61690936789436 7.7871388659045859 7.8603095976119031 9.7316540226398764 9.8048247543471927 10.061349217630884 10.1345199493382 11.405612621828549 11.478783353535865 11.614652250711837 11.687822982419153 13.49518982072707 13.568360552434386;1.1666666666666667 1.2243589743589745 3.2570368655875233 3.3147291732798307 3.9201543240621155 3.977846631754423 6.3261528990449118 6.3838452067372193 6.5180646186298974 6.5757569263222049 8.0512400306711829 8.1089323383634913 8.3111920113371713 8.3688843190294797 9.3710920031084086 9.428784310800717 9.5359117104971567 9.5936040181894651 11.018643256086092 11.0763355637784;
