m;7
n;14
P;39
P1;2 4 6 8 10 12 14 16 18 20 22 24 26 28 30 32 34 36 38
Q;40
M;100
h;1 1 1 1 1 1 1 1 1 1 1 1 1 1 1 1 1 1 1 1 1 1 1 1 1 1 1 1 1 1 1 1 1 1 1 1 1 1 1
Vmin;40 40 40 40 40 40 40 40 40 40 40 40 40 40 40 40 40 40 40 40 40 40 40 40 40 40 40 40 40 40 40 40 40 40 40 40 40 40 40;40 40 40 40 40 40 40 40 40 40 40 40 40 40 40 40 40 40 40 40 40 40 40 40 40 40 40 40 40 40 40 40 40 40 40 40 40 40 40;40 40 40 40 40 40 40 40 40 40 40 40 40 40 40 40 40 40 40 40 40 40 40 40 40 40 40 40 40 40 40 40 40 40 40 40 40 40 40;40 40 40 40 40 40 40 40 40 40 40 40 40 40 40 40 40 40 40 40 40 40 40 40 40 40 40 40 40 40 40 40 40 40 40 40 40 40 40;40 40 40 40 40 40 40 40 40 40 40 40 40 40 40 40 40 40 40 40 40 40 40 40 40 40 40 40 40 40 40 40 40 40 40 40 40 40 40;40 40 40 40 40 40 40 40 40 40 40 40 40 40 40 40 40 40 40 40 40 40 40 40 40 40 40 40 40 40 40 40 40 40 40 40 40 40 40;40 40 40 40 40 40 40 40 40 40 40 40 40 40 40 40 40 40 40 40 40 40 40 40 40 40 40 40 40 40 40 40 40 40 40 40 40 40 40;40 40 40 40 40 40 40 40 40 40 40 40 40 40 40 40 40 40 40 40 40 40 40 40 40 40 40 40 40 40 40 40 40 40 40 40 40 40 40;40 40 40 40 40 40 40 40 40 40 40 40 40 40 40 40 40 40 40 40 40 40 40 40 40 40 40 40 40 40 40 40 40 40 40 40 40 40 40;40 40 40 40 40 40 40 40 40 40 40 40 40 40 40 40 40 40 40 40 40 40 40 40 40 40 40 40 40 40 40 40 40 40 40 40 40 40 40;40 40 40 40 40 40 40 40 40 40 40 40 40 40 40 40 40 40 40 40 40 40 40 40 40 40 40 40 40 40 40 40 40 40 40 40 40 40 40;40 40 40 40 40 40 40 40 40 40 40 40 40 40 40 40 40 40 40 40 40 40 40 40 40 40 40 40 40 40 40 40 40 40 40 40 40 40 40;40 40 40 40 40 40 40 40 40 40 40 40 40 40 40 40 40 40 40 40 40 40 40 40 40 40 40 40 40 40 40 40 40 40 40 40 40 40 40;40 40 40 40 40 40 40 40 40 40 40 40 40 40 40 40 40 40 40 40 40 40 40 40 40 40 40 40 40 40 40 40 40 40 40 40 40 40 40;
Vmax;40 40 40 40 40 40 40 40 40 40 40 40 40 40 40 40 40 40 40 40 40 40 40 40 40 40 40 40 40 40 40 40 40 40 40 40 40 40 40;40 40 40 40 40 40 40 40 40 40 40 40 40 40 40 40 40 40 40 40 40 40 40 40 40 40 40 40 40 40 40 40 40 40 40 40 40 40 40;40 40 40 40 40 40 40 40 40 40 40 40 40 40 40 40 40 40 40 40 40 40 40 40 40 40 40 40 40 40 40 40 40 40 40 40 40 40 40;40 40 40 40 40 40 40 40 40 40 40 40 40 40 40 40 40 40 40 40 40 40 40 40 40 40 40 40 40 40 40 40 40 40 40 40 40 40 40;40 40 40 40 40 40 40 40 40 40 40 40 40 40 40 40 40 40 40 40 40 40 40 40 40 40 40 40 40 40 40 40 40 40 40 40 40 40 40;40 40 40 40 40 40 40 40 40 40 40 40 40 40 40 40 40 40 40 40 40 40 40 40 40 40 40 40 40 40 40 40 40 40 40 40 40 40 40;40 40 40 40 40 40 40 40 40 40 40 40 40 40 40 40 40 40 40 40 40 40 40 40 40 40 40 40 40 40 40 40 40 40 40 40 40 40 40;40 40 40 40 40 40 40 40 40 40 40 40 40 40 40 40 40 40 40 40 40 40 40 40 40 40 40 40 40 40 40 40 40 40 40 40 40 40 40;40 40 40 40 40 40 40 40 40 40 40 40 40 40 40 40 40 40 40 40 40 40 40 40 40 40 40 40 40 40 40 40 40 40 40 40 40 40 40;40 40 40 40 40 40 40 40 40 40 40 40 40 40 40 40 40 40 40 40 40 40 40 40 40 40 40 40 40 40 40 40 40 40 40 40 40 40 40;40 40 40 40 40 40 40 40 40 40 40 40 40 40 40 40 40 40 40 40 40 40 40 40 40 40 40 40 40 40 40 40 40 40 40 40 40 40 40;40 40 40 40 40 40 40 40 40 40 40 40 40 40 40 40 40 40 40 40 40 40 40 40 40 40 40 40 40 40 40 40 40 40 40 40 40 40 40;40 40 40 40 40 40 40 40 40 40 40 40 40 40 40 40 40 40 40 40 40 40 40 40 40 40 40 40 40 40 40 40 40 40 40 40 40 40 40;40 40 40 40 40 40 40 40 40 40 40 40 40 40 40 40 40 40 40 40 40 40 40 40 40 40 40 40 40 40 40 40 40 40 40 40 40 40 40;
d;3 16.8421052631579 3 16.8421052631579 3 16.8421052631579 3 16.8421052631579 3 16.8421052631579 3 16.8421052631579 3 16.8421052631579 3 16.8421052631579 3 16.8421052631579 3 16.8421052631579 3 16.8421052631579 3 16.8421052631579 3 16.8421052631579 3 16.8421052631579 3 16.8421052631579 3 16.8421052631579 3 16.8421052631579 3 16.8421052631579 3 16.8421052631579 3
S;9.5 9.4250000000000007 9.0039473684210538 8.9289473684210545 8.5078947368421076 8.4328947368421083 8.0118421052631614 7.9368421052631621 7.5157894736842144 7.4407894736842142 7.0197368421052664 6.9447368421052662 6.5236842105263184 6.4486842105263182 6.0276315789473704 5.9526315789473703 5.5315789473684225 5.4565789473684223 5.0355263157894745 4.9605263157894743 4.5394736842105265 4.4644736842105264 4.0434210526315795 3.9684210526315793 3.5473684210526319 3.4723684210526318 3.0513157894736844 2.9763157894736842 2.5552631578947369 2.4802631578947367 2.0592105263157894 1.9842105263157894 1.5631578947368421 1.4881578947368421 1.0671052631578948 0.99210526315789471 0.57105263157894737 0.49605263157894736 0.074999999999999997 0;10.499999999999998 10.424999999999999 10.003947368421052 9.9289473684210527 9.5078947368421058 9.4328947368421066 9.0118421052631597 8.9368421052631604 8.5157894736842135 8.4407894736842142 8.0197368421052673 7.944736842105268 7.5236842105263202 7.44868421052632 7.0276315789473722 6.952631578947372 6.5315789473684243 6.4565789473684241 6.0355263157894763 5.9605263157894761 5.5394736842105283 5.4644736842105281 5.0434210526315804 4.9684210526315802 4.5473684210526324 4.4723684210526322 4.0513157894736844 3.9763157894736847 3.5552631578947373 3.4802631578947372 3.0592105263157898 2.9842105263157896 2.5631578947368423 2.4881578947368421 2.0671052631578948 1.9921052631578946 1.5710526315789473 1.4960526315789473 1.075 1;11.499999999999996 11.424999999999997 11.00394736842105 10.928947368421051 10.507894736842104 10.432894736842105 10.011842105263158 9.9368421052631586 9.5157894736842117 9.4407894736842124 9.0197368421052655 8.9447368421052662 8.5236842105263193 8.44868421052632 8.0276315789473731 7.9526315789473738 7.531578947368426 7.4565789473684259 7.0355263157894781 6.9605263157894779 6.5394736842105301 6.4644736842105299 6.0434210526315821 5.968421052631582 5.5473684210526342 5.472368421052634 5.0513157894736862 4.976315789473686 4.5552631578947382 4.4802631578947381 4.0592105263157903 3.9842105263157901 3.5631578947368427 3.4881578947368426 3.0671052631578952 2.992105263157895 2.5710526315789477 2.4960526315789475 2.0750000000000002 2;12.499999999999993 12.424999999999994 12.003947368421047 11.928947368421047 11.507894736842101 11.432894736842101 11.011842105263154 10.936842105263155 10.515789473684208 10.440789473684209 10.019736842105262 9.9447368421052627 9.5236842105263158 9.4486842105263165 9.0276315789473696 8.9526315789473703 8.5315789473684234 8.4565789473684241 8.0355263157894772 7.9605263157894779 7.5394736842105301 7.4644736842105299 7.0434210526315821 6.968421052631582 6.5473684210526342 6.472368421052634 6.0513157894736862 5.976315789473686 5.5552631578947382 5.4802631578947381 5.0592105263157903 4.9842105263157901 4.5631578947368423 4.4881578947368421 4.0671052631578952 3.992105263157895 3.5710526315789477 3.4960526315789475 3.0750000000000002 3;13.499999999999991 13.424999999999992 13.003947368421045 12.928947368421046 12.507894736842099 12.432894736842099 12.011842105263153 11.936842105263153 11.515789473684206 11.440789473684207 11.01973684210526 10.944736842105261 10.523684210526314 10.448684210526315 10.027631578947368 9.9526315789473685 9.5315789473684216 9.4565789473684223 9.0355263157894754 8.9605263157894761 8.5394736842105292 8.4644736842105299 8.043421052631583 7.9684210526315837 7.5473684210526359 7.4723684210526358 7.051315789473688 6.9763157894736878 6.55526315789474 6.4802631578947398 6.059210526315792 5.9842105263157919 5.5631578947368441 5.4881578947368439 5.0671052631578961 4.9921052631578959 4.5710526315789481 4.496052631578948 4.0750000000000002 4;14.499999999999988 14.424999999999988 14.003947368421041 13.928947368421042 13.507894736842095 13.432894736842096 13.011842105263149 12.93684210526315 12.515789473684203 12.440789473684204 12.019736842105257 11.944736842105257 11.52368421052631 11.448684210526311 11.027631578947364 10.952631578947365 10.531578947368418 10.456578947368419 10.035526315789472 9.9605263157894726 9.5394736842105257 9.4644736842105264 9.0434210526315795 8.9684210526315802 8.5473684210526333 8.472368421052634 8.0513157894736871 7.9763157894736878 7.55526315789474 7.4802631578947398 7.059210526315792 6.9842105263157919 6.5631578947368441 6.4881578947368439 6.0671052631578961 5.9921052631578959 5.5710526315789481 5.496052631578948 5.0750000000000002 5;15.499999999999984 15.424999999999985 15.003947368421038 14.928947368421039 14.507894736842092 14.432894736842092 14.011842105263145 13.936842105263146 13.515789473684199 13.4407894736842 13.019736842105253 12.944736842105254 12.523684210526307 12.448684210526308 12.027631578947361 11.952631578947361 11.531578947368414 11.456578947368415 11.035526315789468 10.960526315789469 10.539473684210522 10.464473684210523 10.043421052631576 9.9684210526315766 9.5473684210526297 9.4723684210526304 9.0513157894736835 8.9763157894736842 8.5552631578947373 8.4802631578947381 8.0592105263157912 7.9842105263157919 7.5631578947368441 7.4881578947368439 7.0671052631578961 6.9921052631578959 6.5710526315789481 6.496052631578948 6.0750000000000002 6;0 0.074999999999999997 0.49605263157894736 0.57105263157894737 0.99210526315789471 1.0671052631578948 1.4881578947368421 1.5631578947368421 1.9842105263157894 2.0592105263157894 2.4802631578947367 2.5552631578947369 2.9763157894736842 3.0513157894736844 3.4723684210526318 3.5473684210526319 3.9684210526315793 4.0434210526315795 4.4644736842105264 4.5394736842105265 4.9605263157894743 5.0355263157894745 5.4565789473684223 5.5315789473684225 5.9526315789473703 6.0276315789473704 6.4486842105263182 6.5236842105263184 6.9447368421052662 7.0197368421052664 7.4407894736842142 7.5157894736842144 7.9368421052631621 8.0118421052631614 8.4328947368421083 8.5078947368421076 8.9289473684210545 9.0039473684210538 9.4250000000000007 9.5;1 1.075 1.4960526315789473 1.5710526315789473 1.9921052631578946 2.0671052631578948 2.4881578947368421 2.5631578947368423 2.9842105263157896 3.0592105263157898 3.4802631578947372 3.5552631578947373 3.9763157894736847 4.0513157894736844 4.4723684210526322 4.5473684210526324 4.9684210526315802 5.0434210526315804 5.4644736842105281 5.5394736842105283 5.9605263157894761 6.0355263157894763 6.4565789473684241 6.5315789473684243 6.952631578947372 7.0276315789473722 7.44868421052632 7.5236842105263202 7.944736842105268 8.0197368421052673 8.4407894736842142 8.5157894736842135 8.9368421052631604 9.0118421052631597 9.4328947368421066 9.5078947368421058 9.9289473684210527 10.003947368421052 10.424999999999999 10.499999999999998;2 2.0750000000000002 2.4960526315789475 2.5710526315789477 2.992105263157895 3.0671052631578952 3.4881578947368426 3.5631578947368427 3.9842105263157901 4.0592105263157903 4.4802631578947381 4.5552631578947382 4.976315789473686 5.0513157894736862 5.472368421052634 5.5473684210526342 5.968421052631582 6.0434210526315821 6.4644736842105299 6.5394736842105301 6.9605263157894779 7.0355263157894781 7.4565789473684259 7.531578947368426 7.9526315789473738 8.0276315789473731 8.44868421052632 8.5236842105263193 8.9447368421052662 9.0197368421052655 9.4407894736842124 9.5157894736842117 9.9368421052631586 10.011842105263158 10.432894736842105 10.507894736842104 10.928947368421051 11.00394736842105 11.424999999999997 11.499999999999996;3 3.0750000000000002 3.4960526315789475 3.5710526315789477 3.992105263157895 4.0671052631578952 4.4881578947368421 4.5631578947368423 4.9842105263157901 5.0592105263157903 5.4802631578947381 5.5552631578947382 5.976315789473686 6.0513157894736862 6.472368421052634 6.5473684210526342 6.968421052631582 7.0434210526315821 7.4644736842105299 7.5394736842105301 7.9605263157894779 8.0355263157894772 8.4565789473684241 8.5315789473684234 8.9526315789473703 9.0276315789473696 9.4486842105263165 9.5236842105263158 9.9447368421052627 10.019736842105262 10.440789473684209 10.515789473684208 10.936842105263155 11.011842105263154 11.432894736842101 11.507894736842101 11.928947368421047 12.003947368421047 12.424999999999994 12.499999999999993;4 4.0750000000000002 4.496052631578948 4.5710526315789481 4.9921052631578959 5.0671052631578961 5.4881578947368439 5.5631578947368441 5.9842105263157919 6.059210526315792 6.4802631578947398 6.55526315789474 6.9763157894736878 7.051315789473688 7.4723684210526358 7.5473684210526359 7.9684210526315837 8.043421052631583 8.4644736842105299 8.5394736842105292 8.9605263157894761 9.0355263157894754 9.4565789473684223 9.5315789473684216 9.9526315789473685 10.027631578947368 10.448684210526315 10.523684210526314 10.944736842105261 11.01973684210526 11.440789473684207 11.515789473684206 11.936842105263153 12.011842105263153 12.432894736842099 12.507894736842099 12.928947368421046 13.003947368421045 13.424999999999992 13.499999999999991;5 5.0750000000000002 5.496052631578948 5.5710526315789481 5.9921052631578959 6.0671052631578961 6.4881578947368439 6.5631578947368441 6.9842105263157919 7.059210526315792 7.4802631578947398 7.55526315789474 7.9763157894736878 8.0513157894736871 8.472368421052634 8.5473684210526333 8.9684210526315802 9.0434210526315795 9.4644736842105264 9.5394736842105257 9.9605263157894726 10.035526315789472 10.456578947368419 10.531578947368418 10.952631578947365 11.027631578947364 11.448684210526311 11.52368421052631 11.944736842105257 12.019736842105257 12.440789473684204 12.515789473684203 12.93684210526315 13.011842105263149 13.432894736842096 13.507894736842095 13.928947368421042 14.003947368421041 14.424999999999988 14.499999999999988;6 6.0750000000000002 6.496052631578948 6.5710526315789481 6.9921052631578959 7.0671052631578961 7.4881578947368439 7.5631578947368441 7.9842105263157919 8.0592105263157912 8.4802631578947381 8.5552631578947373 8.9763157894736842 9.0513157894736835 9.4723684210526304 9.5473684210526297 9.9684210526315766 10.043421052631576 10.464473684210523 10.539473684210522 10.960526315789469 11.035526315789468 11.456578947368415 11.531578947368414 11.952631578947361 12.027631578947361 12.448684210526308 12.523684210526307 12.944736842105254 13.019736842105253 13.4407894736842 13.515789473684199 13.936842105263146 14.011842105263145 14.432894736842092 14.507894736842092 14.928947368421039 15.003947368421038 15.424999999999985 15.499999999999984;
