m;3
n;6
P;39
P1;2 4 6 8 10 12 14 16 18 20 22 24 26 28 30 32 34 36 38
Q;40
M;100
h;1 1 1 1 1 1 1 1 1 1 1 1 1 1 1 1 1 1 1 1 1 1 1 1 1 1 1 1 1 1 1 1 1 1 1 1 1 1 1
Vmin;40 40 40 40 40 40 40 40 40 40 40 40 40 40 40 40 40 40 40 40 40 40 40 40 40 40 40 40 40 40 40 40 40 40 40 40 40 40 40;40 40 40 40 40 40 40 40 40 40 40 40 40 40 40 40 40 40 40 40 40 40 40 40 40 40 40 40 40 40 40 40 40 40 40 40 40 40 40;40 40 40 40 40 40 40 40 40 40 40 40 40 40 40 40 40 40 40 40 40 40 40 40 40 40 40 40 40 40 40 40 40 40 40 40 40 40 40;40 40 40 40 40 40 40 40 40 40 40 40 40 40 40 40 40 40 40 40 40 40 40 40 40 40 40 40 40 40 40 40 40 40 40 40 40 40 40;40 40 40 40 40 40 40 40 40 40 40 40 40 40 40 40 40 40 40 40 40 40 40 40 40 40 40 40 40 40 40 40 40 40 40 40 40 40 40;40 40 40 40 40 40 40 40 40 40 40 40 40 40 40 40 40 40 40 40 40 40 40 40 40 40 40 40 40 40 40 40 40 40 40 40 40 40 40;
Vmax;40 40 40 40 40 40 40 40 40 40 40 40 40 40 40 40 40 40 40 40 40 40 40 40 40 40 40 40 40 40 40 40 40 40 40 40 40 40 40;40 40 40 40 40 40 40 40 40 40 40 40 40 40 40 40 40 40 40 40 40 40 40 40 40 40 40 40 40 40 40 40 40 40 40 40 40 40 40;40 40 40 40 40 40 40 40 40 40 40 40 40 40 40 40 40 40 40 40 40 40 40 40 40 40 40 40 40 40 40 40 40 40 40 40 40 40 40;40 40 40 40 40 40 40 40 40 40 40 40 40 40 40 40 40 40 40 40 40 40 40 40 40 40 40 40 40 40 40 40 40 40 40 40 40 40 40;40 40 40 40 40 40 40 40 40 40 40 40 40 40 40 40 40 40 40 40 40 40 40 40 40 40 40 40 40 40 40 40 40 40 40 40 40 40 40;40 40 40 40 40 40 40 40 40 40 40 40 40 40 40 40 40 40 40 40 40 40 40 40 40 40 40 40 40 40 40 40 40 40 40 40 40 40 40;
d;3 16.8421052631579 3 16.8421052631579 3 16.8421052631579 3 16.8421052631579 3 16.8421052631579 3 16.8421052631579 3 16.8421052631579 3 16.8421052631579 3 16.8421052631579 3 16.8421052631579 3 16.8421052631579 3 16.8421052631579 3 16.8421052631579 3 16.8421052631579 3 16.8421052631579 3 16.8421052631579 3 16.8421052631579 3 16.8421052631579 3 16.8421052631579 3
S;9.5 9.4250000000000007 9.0039473684210538 8.9289473684210545 8.5078947368421076 8.4328947368421083 8.0118421052631614 7.9368421052631621 7.5157894736842144 7.4407894736842142 7.0197368421052664 6.9447368421052662 6.5236842105263184 6.4486842105263182 6.0276315789473704 5.9526315789473703 5.5315789473684225 5.4565789473684223 5.0355263157894745 4.9605263157894743 4.5394736842105265 4.4644736842105264 4.0434210526315795 3.9684210526315793 3.5473684210526319 3.4723684210526318 3.0513157894736844 2.9763157894736842 2.5552631578947369 2.4802631578947367 2.0592105263157894 1.9842105263157894 1.5631578947368421 1.4881578947368421 1.0671052631578948 0.99210526315789471 0.57105263157894737 0.49605263157894736 0.074999999999999997 0;10.499999999999998 10.424999999999999 10.003947368421052 9.9289473684210527 9.5078947368421058 9.4328947368421066 9.0118421052631597 8.9368421052631604 8.5157894736842135 8.4407894736842142 8.0197368421052673 7.944736842105268 7.5236842105263202 7.44868421052632 7.0276315789473722 6.952631578947372 6.5315789473684243 6.4565789473684241 6.0355263157894763 5.9605263157894761 5.5394736842105283 5.4644736842105281 5.0434210526315804 4.9684210526315802 4.5473684210526324 4.4723684210526322 4.0513157894736844 3.9763157894736847 3.5552631578947373 3.4802631578947372 3.0592105263157898 2.9842105263157896 2.5631578947368423 2.4881578947368421 2.0671052631578948 1.9921052631578946 1.5710526315789473 1.4960526315789473 1.075 1;11.499999999999996 11.424999999999997 11.00394736842105 10.928947368421051 10.507894736842104 10.432894736842105 10.011842105263158 9.9368421052631586 9.5157894736842117 9.4407894736842124 9.0197368421052655 8.9447368421052662 8.5236842105263193 8.44868421052632 8.0276315789473731 7.9526315789473738 7.531578947368426 7.4565789473684259 7.0355263157894781 6.9605263157894779 6.5394736842105301 6.4644736842105299 6.0434210526315821 5.968421052631582 5.5473684210526342 5.472368421052634 5.0513157894736862 4.976315789473686 4.5552631578947382 4.4802631578947381 4.0592105263157903 3.9842105263157901 3.5631578947368427 3.4881578947368426 3.0671052631578952 2.992105263157895 2.5710526315789477 2.4960526315789475 2.0750000000000002 2;0 0.074999999999999997 0.49605263157894736 0.57105263157894737 0.99210526315789471 1.0671052631578948 1.4881578947368421 1.5631578947368421 1.9842105263157894 2.0592105263157894 2.4802631578947367 2.5552631578947369 2.9763157894736842 3.0513157894736844 3.4723684210526318 3.5473684210526319 3.9684210526315793 4.0434210526315795 4.4644736842105264 4.5394736842105265 4.9605263157894743 5.0355263157894745 5.4565789473684223 5.5315789473684225 5.9526315789473703 6.0276315789473704 6.4486842105263182 6.5236842105263184 6.9447368421052662 7.0197368421052664 7.4407894736842142 7.5157894736842144 7.9368421052631621 8.0118421052631614 8.4328947368421083 8.5078947368421076 8.9289473684210545 9.0039473684210538 9.4250000000000007 9.5;1 1.075 1.4960526315789473 1.5710526315789473 1.9921052631578946 2.0671052631578948 2.4881578947368421 2.5631578947368423 2.9842105263157896 3.0592105263157898 3.4802631578947372 3.5552631578947373 3.9763157894736847 4.0513157894736844 4.4723684210526322 4.5473684210526324 4.9684210526315802 5.0434210526315804 5.4644736842105281 5.5394736842105283 5.9605263157894761 6.0355263157894763 6.4565789473684241 6.5315789473684243 6.952631578947372 7.0276315789473722 7.44868421052632 7.5236842105263202 7.944736842105268 8.0197368421052673 8.4407894736842142 8.5157894736842135 8.9368421052631604 9.0118421052631597 9.4328947368421066 9.5078947368421058 9.9289473684210527 10.003947368421052 10.424999999999999 10.499999999999998;2 2.0750000000000002 2.4960526315789475 2.5710526315789477 2.992105263157895 3.0671052631578952 3.4881578947368426 3.5631578947368427 3.9842105263157901 4.0592105263157903 4.4802631578947381 4.5552631578947382 4.976315789473686 5.0513157894736862 5.472368421052634 5.5473684210526342 5.968421052631582 6.0434210526315821 6.4644736842105299 6.5394736842105301 6.9605263157894779 7.0355263157894781 7.4565789473684259 7.531578947368426 7.9526315789473738 8.0276315789473731 8.44868421052632 8.5236842105263193 8.9447368421052662 9.0197368421052655 9.4407894736842124 9.5157894736842117 9.9368421052631586 10.011842105263158 10.432894736842105 10.507894736842104 10.928947368421051 11.00394736842105 11.424999999999997 11.499999999999996;
