m;7
n;14
P;39
P1;2 4 6 8 10 12 14 16 18 20 22 24 26 28 30 32 34 36 38
Q;40
M;100
h;1 1 1 1 1 1 1 1 1 1 1 1 1 1 1 1 1 1 1 1 1 1 1 1 1 1 1 1 1 1 1 1 1 1 1 1 1 1 1
Vmin;44 44 44 44 44 44 44 44 44 44 44 44 44 44 44 44 44 44 44 44 44 44 44 44 44 44 44 44 44 44 44 44 44 44 44 44 44 44 44;43 43 43 43 43 43 43 43 43 43 43 43 43 43 43 43 43 43 43 43 43 43 43 43 43 43 43 43 43 43 43 43 43 43 43 43 43 43 43;40 40 40 40 40 40 40 40 40 40 40 40 40 40 40 40 40 40 40 40 40 40 40 40 40 40 40 40 40 40 40 40 40 40 40 40 40 40 40;41 41 41 41 41 41 41 41 41 41 41 41 41 41 41 41 41 41 41 41 41 41 41 41 41 41 41 41 41 41 41 41 41 41 41 41 41 41 41;50 50 50 50 50 50 50 50 50 50 50 50 50 50 50 50 50 50 50 50 50 50 50 50 50 50 50 50 50 50 50 50 50 50 50 50 50 50 50;42 42 42 42 42 42 42 42 42 42 42 42 42 42 42 42 42 42 42 42 42 42 42 42 42 42 42 42 42 42 42 42 42 42 42 42 42 42 42;52 52 52 52 52 52 52 52 52 52 52 52 52 52 52 52 52 52 52 52 52 52 52 52 52 52 52 52 52 52 52 52 52 52 52 52 52 52 52;49 49 49 49 49 49 49 49 49 49 49 49 49 49 49 49 49 49 49 49 49 49 49 49 49 49 49 49 49 49 49 49 49 49 49 49 49 49 49;44 44 44 44 44 44 44 44 44 44 44 44 44 44 44 44 44 44 44 44 44 44 44 44 44 44 44 44 44 44 44 44 44 44 44 44 44 44 44;50 50 50 50 50 50 50 50 50 50 50 50 50 50 50 50 50 50 50 50 50 50 50 50 50 50 50 50 50 50 50 50 50 50 50 50 50 50 50;51 51 51 51 51 51 51 51 51 51 51 51 51 51 51 51 51 51 51 51 51 51 51 51 51 51 51 51 51 51 51 51 51 51 51 51 51 51 51;49 49 49 49 49 49 49 49 49 49 49 49 49 49 49 49 49 49 49 49 49 49 49 49 49 49 49 49 49 49 49 49 49 49 49 49 49 49 49;49 49 49 49 49 49 49 49 49 49 49 49 49 49 49 49 49 49 49 49 49 49 49 49 49 49 49 49 49 49 49 49 49 49 49 49 49 49 49;28 28 28 28 28 28 28 28 28 28 28 28 28 28 28 28 28 28 28 28 28 28 28 28 28 28 28 28 28 28 28 28 28 28 28 28 28 28 28;
Vmax;44 44 44 44 44 44 44 44 44 44 44 44 44 44 44 44 44 44 44 44 44 44 44 44 44 44 44 44 44 44 44 44 44 44 44 44 44 44 44;43 43 43 43 43 43 43 43 43 43 43 43 43 43 43 43 43 43 43 43 43 43 43 43 43 43 43 43 43 43 43 43 43 43 43 43 43 43 43;40 40 40 40 40 40 40 40 40 40 40 40 40 40 40 40 40 40 40 40 40 40 40 40 40 40 40 40 40 40 40 40 40 40 40 40 40 40 40;41 41 41 41 41 41 41 41 41 41 41 41 41 41 41 41 41 41 41 41 41 41 41 41 41 41 41 41 41 41 41 41 41 41 41 41 41 41 41;50 50 50 50 50 50 50 50 50 50 50 50 50 50 50 50 50 50 50 50 50 50 50 50 50 50 50 50 50 50 50 50 50 50 50 50 50 50 50;42 42 42 42 42 42 42 42 42 42 42 42 42 42 42 42 42 42 42 42 42 42 42 42 42 42 42 42 42 42 42 42 42 42 42 42 42 42 42;52 52 52 52 52 52 52 52 52 52 52 52 52 52 52 52 52 52 52 52 52 52 52 52 52 52 52 52 52 52 52 52 52 52 52 52 52 52 52;49 49 49 49 49 49 49 49 49 49 49 49 49 49 49 49 49 49 49 49 49 49 49 49 49 49 49 49 49 49 49 49 49 49 49 49 49 49 49;44 44 44 44 44 44 44 44 44 44 44 44 44 44 44 44 44 44 44 44 44 44 44 44 44 44 44 44 44 44 44 44 44 44 44 44 44 44 44;50 50 50 50 50 50 50 50 50 50 50 50 50 50 50 50 50 50 50 50 50 50 50 50 50 50 50 50 50 50 50 50 50 50 50 50 50 50 50;51 51 51 51 51 51 51 51 51 51 51 51 51 51 51 51 51 51 51 51 51 51 51 51 51 51 51 51 51 51 51 51 51 51 51 51 51 51 51;49 49 49 49 49 49 49 49 49 49 49 49 49 49 49 49 49 49 49 49 49 49 49 49 49 49 49 49 49 49 49 49 49 49 49 49 49 49 49;49 49 49 49 49 49 49 49 49 49 49 49 49 49 49 49 49 49 49 49 49 49 49 49 49 49 49 49 49 49 49 49 49 49 49 49 49 49 49;28 28 28 28 28 28 28 28 28 28 28 28 28 28 28 28 28 28 28 28 28 28 28 28 28 28 28 28 28 28 28 28 28 28 28 28 28 28 28;
d;3.000 3.322 3.000 13.242 3.000 3.566 3.000 40.238 3.000 14.310 3.000 27.548 3.000 3.686 3.000 6.362 3.000 4.904 3.000 8.875 3.000 3.894 3.000 11.546 3.000 3.444 3.000 21.826 3.000 17.108 3.000 11.541 3.000 3.832 3.000 3.733 3.000 20.929 3.000
S;1.2564154396330574 1.2552790759966939 1.2473513868904043 1.2462150232540408 1.2448010436265295 1.2436646799901658 1.2422129971446594 1.2410766335082959 1.2367048547991109 1.2355684911627474 1.2290883457788155 1.227951982142452 1.2196844986470099 1.2185481350106464 1.2172434449823746 1.2161070813460109 1.2117337044286278 1.2105973407922643 1.2091222747133861 1.2079859110770224 1.2046241880742756 1.2034878244379119 1.2016300610809021 1.2004936974445386 1.1980839664243446 1.1969476027879808 1.1955513429891154 1.1944149793527516 1.1839799896306649 1.1828436259943014 1.177423269842699 1.1762869062063355 1.1610453748384566 1.1599090112020931 1.1585582316960712 1.1574218680597077 1.1524061094322551 1.1512697457958914 1.1500114120186267 1.148875048382263;1.7267614138080221 1.7255986231103477 1.7174865691411212 1.7163237784434466 1.714876915568784 1.7137141248711096 1.7122286819594283 1.711065891261754 1.7065924432802622 1.7054296525825878 1.6987988061432158 1.6976360154455414 1.6891762648920656 1.6880134741943913 1.6866784425375549 1.6855156518398806 1.6810405684825585 1.6798777777848841 1.6783684078437064 1.6772056171460321 1.6737657145385703 1.6726029238408957 1.6707019566848857 1.6695391659872112 1.6670733947107337 1.6659106040130593 1.6644818730560804 1.6633190823584061 1.652641418456736 1.6514786277590616 1.645932216813236 1.6447694261155617 1.6291734405298253 1.6280106498321509 1.6266284568492446 1.6254656661515703 1.620333261974642 1.6191704712769674 1.6178828739234872 1.6167200832258126;2.0494707487267858 2.0482207487267856 2.0395002907098672 2.038250290709867 2.0366949131196046 2.0354449131196044 2.0338480619895472 2.0325980619895474 2.0277891054094437 2.0265391054094435 2.0194109454871185 2.0181609454871188 2.0090667136421323 2.0078167136421325 2.0063815546110333 2.0051315546110331 2.0003208400019119 1.9990708400019119 1.9974482673151459 1.9961982673151459 1.9925003720121244 1.9912503720121244 1.9892068323194134 1.9879568323194132 1.9853061281971998 1.9840561281971998 1.9825202424184476 1.9812702424184474 1.9697917537241521 1.9685417537241521 1.9625793619573895 1.9613293619573895 1.9445636774527228 1.9433136774527227 1.9418278199960988 1.9405778199960986 1.9350604855059006 1.9338104855059006 1.9324263183509092 1.9311763183509092;3.5284686815038215 3.5272491693086994 3.5187414053897546 3.5175218931946328 3.5160044516431572 3.5147849394480355 3.5132270359065165 3.5120075237113948 3.507315858755196 3.5060963465600739 3.4991420441968302 3.4979225320017084 3.4890501106895266 3.4878305984944049 3.4864304433421132 3.4852109311469914 3.4805175510405317 3.4792980388454096 3.4777150411022233 3.4764955289071016 3.4728878261724465 3.4716683139773248 3.469674616716143 3.4684551045210212 3.4658690517188617 3.46464953952374 3.4631511143737375 3.4619316021786157 3.4507330766232056 3.4495135644280834 3.4436965968507547 3.442477084655633 3.4261203192852263 3.4249008070901046 3.4234511900592519 3.4222316778641302 3.416848912507839 3.4156294003127172 3.4142789933322377 3.413059481137116;4.5029969130890652 4.5019969130890649 4.4950205466755309 4.4940205466755305 4.4927762446033208 4.4917762446033205 4.490498763699275 4.4894987636992747 4.4856515984351919 4.4846515984351916 4.4789490704973316 4.4779490704973313 4.4706736850213424 4.469673685021343 4.4685255577964638 4.4675255577964634 4.4636769861091663 4.4626769861091669 4.4613789279597542 4.4603789279597539 4.4574206117173372 4.4564206117173368 4.4547857799631689 4.4537857799631686 4.4516652166653978 4.4506652166653975 4.4494365080423952 4.4484365080423949 4.4392537170869586 4.4382537170869591 4.4334838036735489 4.4324838036735486 4.4190712560698149 4.4180712560698145 4.4168825701045158 4.4158825701045155 4.4114687025123569 4.4104687025123575 4.4093613687883639 4.4083613687883636;4.7341740526435325 4.7329835764530559 4.7246783783417055 4.7234879021512297 4.7220065901605031 4.7208161139700273 4.7192953033699725 4.7181048271794968 4.7135248685317785 4.7123343923413028 4.7055456686057546 4.7043551924152789 4.6956940192295775 4.6945035430391018 4.6931367249142451 4.6919462487237693 4.6873646157627018 4.6861741395722261 4.6846288322514962 4.6834383560610204 4.6799165510105238 4.6787260748200481 4.676779846541276 4.6755893703508002 4.6730648902344054 4.6718744140439297 4.670411665683214 4.6692211894927373 4.6582892954981698 4.6570988193076941 4.6514203509583973 4.6502298747679207 4.6342625561920476 4.6330720800015719 4.6316569776619305 4.6304665014714548 4.6252118971950749 4.6240214210045991 4.6227031665712737 4.6215126903807979;5.301046861660752 5.3000853231992133 5.2933772785708149 5.2924157401092762 5.291219295809074 5.2902577573475353 5.2890294103244146 5.288067871862876 5.2843686744935656 5.2834071360320269 5.2779239360917769 5.2769623976302382 5.2699668346725561 5.2690052962110174 5.2679013277255562 5.2669397892640175 5.2632392395646939 5.2622777011031552 5.2610295682671806 5.2600680298056419 5.2572234949571639 5.2562619564956252 5.2546900028858481 5.2537284644243094 5.2516894612533758 5.2507279227918371 5.2495464721927965 5.2485849337312578 5.2397553270433388 5.2387937885818001 5.2342073333765979 5.2332457949150593 5.2203491145268544 5.2193875760653157 5.2182446087909904 5.2172830703294517 5.2130389668754535 5.2120774284139149 5.2110126844485363 5.2100511459869976;5.4696427653218604 5.4707791289582239 5.4726056445536706 5.4737420081900341 5.4787577668174867 5.4798941304538511 5.4812449099598721 5.4823812735962356 5.4976228049641138 5.4987591686004773 5.5041795247520797 5.5053158883884432 5.5157508781105298 5.5168872417468942 5.518283501545759 5.5194198651821234 5.5218295962023172 5.5229659598386807 5.5248237231956905 5.525960086832054 5.5293218098348005 5.530458173471164 5.5319332395500425 5.5330696031864059 5.5374429801037888 5.5385793437401523 5.5398840337684243 5.5410203974047878 5.5492878809002288 5.5504242445365923 5.5569043899205246 5.558040753556889 5.562412532266074 5.5635488959024375 5.5650005787479433 5.5661369423843068 5.5675509220118187 5.5686872856481822 5.576614974754472 5.5777513383908355;5.9754993536159047 5.976662144313579 5.9785311370158967 5.979693927713571 5.9848263318905 5.9859891225881743 5.9873713155710799 5.9885341062687543 6.0041300918544902 6.0052928825521645 6.0108392934979902 6.0120020841956636 6.0226797480973344 6.0238425387950087 6.025271269751987 6.0264340604496613 6.0288998317261386 6.030062622423813 6.0319635895798225 6.0331263802774968 6.0365662828849587 6.037729073582633 6.0392384435238107 6.040401234221485 6.0448763175788072 6.0460391082764806 6.047374139933317 6.0485369306309913 6.0569966811844678 6.0581594718821412 6.0647903183215135 6.0659531090191878 6.0704265570006788 6.0715893476983531 6.0730747906100344 6.0742375813077087 6.0756844441823716 6.076847234880046 6.084959288849273 6.0861220795469473;8.6986662248511042 8.6999162248511048 8.7019253920060962 8.7031753920060968 8.7086927264962934 8.7099427264962959 8.7114285839529177 8.7126785839529184 8.7294442684575859 8.7306942684575866 8.7366566602243481 8.7379066602243487 8.7493851489186429 8.7506351489186436 8.7521710346973958 8.7534210346973964 8.7560717388196085 8.7573217388196092 8.7593652785123215 8.7606152785123221 8.7643131738153439 8.7655631738153446 8.7671857465021112 8.7684357465021119 8.7732464611112331 8.7744964611112337 8.7759316201423339 8.7771816201423345 8.7862758519873214 8.7875258519873221 8.7946540119096479 8.7959040119096485 8.8007129684897532 8.8019629684897538 8.8035598196198102 8.8048098196198108 8.8063651972100736 8.8076151972100742 8.8163356552269931 8.8175856552269938;9.6611486081296061 9.6623681203247305 9.6643282834027691 9.6655477955978917 9.6709305609541829 9.6721500731493055 9.6735996901801578 9.6748192023752804 9.6911759677456875 9.6923954799408101 9.6982124475181379 9.6994319597132606 9.7106304852686716 9.7118499974637942 9.7133484226137963 9.7145679348089189 9.7171539876110788 9.7183734998062015 9.7203671970673824 9.721586709262505 9.7251944119971601 9.7264139241922827 9.7279969219354694 9.729216434130592 9.7339098142370517 9.7351293264321743 9.7365294815844656 9.7377489937795882 9.74662141509177 9.7478409272868927 9.7547952296501368 9.7560147418452594 9.7607064068014573 9.7619259189965799 9.7634838225380989 9.7647033347332215 9.7662207762846993 9.7674402884798219 9.7759480523987659 9.7771675645938885;9.7244465934182749 9.7254465934182743 9.7270539271422685 9.7280539271422679 9.7324677947344256 9.733467794734425 9.7346564806997247 9.7356564806997241 9.7490690283034578 9.7500690283034555 9.7548389417168657 9.7558389417168652 9.7650217326723023 9.7660217326723018 9.767250441295305 9.7682504412953026 9.7703710045930734 9.7713710045930728 9.7730058363472416 9.7740058363472411 9.7769641525896596 9.7779641525896572 9.7792622107390699 9.7802622107390693 9.7841107824263656 9.785110782426365 9.7862589096512451 9.7872589096512446 9.7945342951272316 9.7955342951272311 9.801236823065091 9.8022368230650905 9.8060839883291724 9.8070839883291718 9.8083614692332173 9.8093614692332167 9.8106057713054273 9.8116057713054268 9.8185821377189608 9.8195821377189603;9.8587627200535231 9.8599531962439979 9.8618666887725617 9.8630571649630383 9.8683117692394173 9.8695022454298922 9.8709173477695344 9.8721078239600111 9.8880751425358824 9.889265618726359 9.8949440870756558 9.8961345632661324 9.907066457260699 9.9082569334511756 9.9097196818118913 9.910910158002368 9.9134346381187619 9.9146251143092385 9.9165713425880107 9.9177618187784855 9.9212836238289821 9.9224741000194587 9.9240194073401877 9.9252098835306644 9.929791516491731 9.9309819926822076 9.9323488108070652 9.9335392869975401 9.9422004601832423 9.943390936373719 9.9501796601092654 9.951370136299742 9.9559500949474593 9.9571405711379342 9.9586613817379881 9.9598518579284647 9.9613331699191896 9.9625236461096662 9.9708288442210176 9.9720193204114942;10.869623273440144 10.870584811901683 10.87213032509783 10.873091863559369 10.877335967013368 10.878297505474904 10.879440472749231 10.880402011210769 10.893298691598973 10.894260230060512 10.898846685265713 10.899808223727252 10.90863783041517 10.909599368876709 10.910780819475749 10.911742357937287 10.913781361108219 10.914742899569756 10.916314853179534 10.917276391641073 10.920120926489551 10.921082464951089 10.922330597787063 10.9232921362486 10.926992685947926 10.927954224409463 10.929058192894924 10.930019731356461 10.937015294314143 10.937976832775682 10.943460032715931 10.944421571177468 10.948120768546779 10.949082307008318 10.950310654031437 10.951272192492976 10.952468636793178 10.953430175254715 10.960138219883113 10.961099758344652;
