m;6
n;12
P;39
P1;2 4 6 8 10 12 14 16 18 20 22 24 26 28 30 32 34 36 38
Q;40
M;100
h;1 1 1 1 1 1 1 1 1 1 1 1 1 1 1 1 1 1 1 1 1 1 1 1 1 1 1 1 1 1 1 1 1 1 1 1 1 1 1
Vmin;52 52 52 52 52 52 52 52 52 52 52 52 52 52 52 52 52 52 52 52 52 52 52 52 52 52 52 52 52 52 52 52 52 52 52 52 52 52 52;40 40 40 40 40 40 40 40 40 40 40 40 40 40 40 40 40 40 40 40 40 40 40 40 40 40 40 40 40 40 40 40 40 40 40 40 40 40 40;45 45 45 45 45 45 45 45 45 45 45 45 45 45 45 45 45 45 45 45 45 45 45 45 45 45 45 45 45 45 45 45 45 45 45 45 45 45 45;49 49 49 49 49 49 49 49 49 49 49 49 49 49 49 49 49 49 49 49 49 49 49 49 49 49 49 49 49 49 49 49 49 49 49 49 49 49 49;35 35 35 35 35 35 35 35 35 35 35 35 35 35 35 35 35 35 35 35 35 35 35 35 35 35 35 35 35 35 35 35 35 35 35 35 35 35 35;28 28 28 28 28 28 28 28 28 28 28 28 28 28 28 28 28 28 28 28 28 28 28 28 28 28 28 28 28 28 28 28 28 28 28 28 28 28 28;50 50 50 50 50 50 50 50 50 50 50 50 50 50 50 50 50 50 50 50 50 50 50 50 50 50 50 50 50 50 50 50 50 50 50 50 50 50 50;28 28 28 28 28 28 28 28 28 28 28 28 28 28 28 28 28 28 28 28 28 28 28 28 28 28 28 28 28 28 28 28 28 28 28 28 28 28 28;43 43 43 43 43 43 43 43 43 43 43 43 43 43 43 43 43 43 43 43 43 43 43 43 43 43 43 43 43 43 43 43 43 43 43 43 43 43 43;47 47 47 47 47 47 47 47 47 47 47 47 47 47 47 47 47 47 47 47 47 47 47 47 47 47 47 47 47 47 47 47 47 47 47 47 47 47 47;47 47 47 47 47 47 47 47 47 47 47 47 47 47 47 47 47 47 47 47 47 47 47 47 47 47 47 47 47 47 47 47 47 47 47 47 47 47 47;44 44 44 44 44 44 44 44 44 44 44 44 44 44 44 44 44 44 44 44 44 44 44 44 44 44 44 44 44 44 44 44 44 44 44 44 44 44 44;
Vmax;52 52 52 52 52 52 52 52 52 52 52 52 52 52 52 52 52 52 52 52 52 52 52 52 52 52 52 52 52 52 52 52 52 52 52 52 52 52 52;40 40 40 40 40 40 40 40 40 40 40 40 40 40 40 40 40 40 40 40 40 40 40 40 40 40 40 40 40 40 40 40 40 40 40 40 40 40 40;45 45 45 45 45 45 45 45 45 45 45 45 45 45 45 45 45 45 45 45 45 45 45 45 45 45 45 45 45 45 45 45 45 45 45 45 45 45 45;49 49 49 49 49 49 49 49 49 49 49 49 49 49 49 49 49 49 49 49 49 49 49 49 49 49 49 49 49 49 49 49 49 49 49 49 49 49 49;35 35 35 35 35 35 35 35 35 35 35 35 35 35 35 35 35 35 35 35 35 35 35 35 35 35 35 35 35 35 35 35 35 35 35 35 35 35 35;28 28 28 28 28 28 28 28 28 28 28 28 28 28 28 28 28 28 28 28 28 28 28 28 28 28 28 28 28 28 28 28 28 28 28 28 28 28 28;50 50 50 50 50 50 50 50 50 50 50 50 50 50 50 50 50 50 50 50 50 50 50 50 50 50 50 50 50 50 50 50 50 50 50 50 50 50 50;28 28 28 28 28 28 28 28 28 28 28 28 28 28 28 28 28 28 28 28 28 28 28 28 28 28 28 28 28 28 28 28 28 28 28 28 28 28 28;43 43 43 43 43 43 43 43 43 43 43 43 43 43 43 43 43 43 43 43 43 43 43 43 43 43 43 43 43 43 43 43 43 43 43 43 43 43 43;47 47 47 47 47 47 47 47 47 47 47 47 47 47 47 47 47 47 47 47 47 47 47 47 47 47 47 47 47 47 47 47 47 47 47 47 47 47 47;47 47 47 47 47 47 47 47 47 47 47 47 47 47 47 47 47 47 47 47 47 47 47 47 47 47 47 47 47 47 47 47 47 47 47 47 47 47 47;44 44 44 44 44 44 44 44 44 44 44 44 44 44 44 44 44 44 44 44 44 44 44 44 44 44 44 44 44 44 44 44 44 44 44 44 44 44 44;
d;3.000 2.231 3.000 19.002 3.000 42.859 3.000 6.102 3.000 7.752 3.000 19.635 3.000 12.496 3.000 18.724 3.000 19.782 3.000 37.295 3.000 12.001 3.000 9.412 3.000 18.324 3.000 4.616 3.000 15.972 3.000 5.036 3.000 21.165 3.000 3.058 3.000 3.359 3.000
S;0.66419094458415295 0.6632294061226145 0.66215276890237285 0.66119123044083439 0.66021126199882341 0.65924972353728495 0.65246603886491783 0.65150450040337948 0.64989046008784568 0.64892892162630722 0.64380979399302551 0.64284825553148706 0.64136863536946664 0.64040709690792819 0.63453388518191089 0.63357234672037244 0.63055573745572202 0.62959419899418356 0.62574778966289235 0.62478625120135389 0.61283272756484486 0.6118711891033064 0.60553094647488159 0.60456940801334313 0.59856815605670721 0.59760661759516875 0.59360154291231593 0.59264000445077747 0.58634688443885208 0.58538534597731362 0.58290087986566563 0.58193934140412718 0.57998363980489509 0.57902210134335663 0.56528538038839715 0.56432384192685869 0.55823359920569082 0.55727206074415236 0.55655702322791989 0.55559548476638143;0.80850003673977355 0.80725003673977347 0.80585040835345922 0.80460040835345914 0.80332644937884512 0.80207644937884504 0.79325765930476788 0.7920076593047678 0.78990940689457401 0.78865940689457392 0.78200454097130778 0.78075454097130781 0.77883103476068116 0.77758103476068108 0.76994585951685868 0.76869585951685859 0.76477426747281307 0.76352426747281299 0.75852393534213458 0.7572739353421345 0.74173435461467274 0.74048435461467266 0.73224203919772035 0.73099203919772038 0.72319041165409359 0.72194041165409362 0.71673381456638496 0.71548381456638488 0.70730275855088176 0.70605275855088179 0.70282295260573935 0.70157295260573926 0.69903054052673752 0.69778054052673755 0.6799228032852902 0.67867280328529012 0.67075548774777205 0.66950548774777197 0.66857593897666967 0.66732593897666959;1.7658796392981888 1.7647685281870777 1.7635244140659097 1.7624133029547986 1.761280894977364 1.7601697838662529 1.7523308593559619 1.7512197482448508 1.7493546349913451 1.7482435238802341 1.7423280875039977 1.7412169763928866 1.7395071930945518 1.7383960819834408 1.7316092595444874 1.7304981484333763 1.7270122888386692 1.7259011777275581 1.7214564380558441 1.7203453269447331 1.7065323662981002 1.7054212551869894 1.698094752594143 1.6969836414830319 1.6900488614442526 1.6889377503331415 1.684309664032956 1.6831985529218449 1.6759265031302868 1.6748153920191757 1.6719444534012711 1.67083334229016 1.6685734204421585 1.6674623093310474 1.6515887651164278 1.6504776540053168 1.6434400401941893 1.6423289290830783 1.6415026635087651 1.6403915523976542;3.1945269715715034 3.193506563408238 3.1923640096234918 3.1913436014602268 3.1903036349503378 3.1892832267870728 3.1820842144817036 3.1810638063184387 3.1793509472080763 3.1783305390448109 3.1728979954339818 3.1718775872707163 3.1703073781191846 3.1692869699559196 3.1630541738385132 3.1620337656752482 3.158832466047456 3.1578120578841911 3.1537301541040454 3.1527097459407805 3.1400243739183629 3.1390039657550974 3.1322755450065651 3.1312551368433001 3.1248864612974825 3.1238660531342171 3.1196157697973121 3.1185953616340472 3.1119169485601668 3.1108965403969018 3.1082599641151529 3.1072395559518875 3.1051641175200495 3.1041437093567845 3.0895659646698888 3.0885455565066238 3.0820824417821191 3.0810620336188541 3.080303218295505 3.07928281013224;3.672771374430956 3.6713428030023842 3.6697432277037398 3.6683146562751685 3.6668587031613238 3.6654301317327525 3.6553515145052353 3.653922943076664 3.6515249403221564 3.650096368893585 3.6424908078384233 3.6410622364098519 3.6388639435977073 3.6374353721691359 3.6287094576047676 3.6272808861761958 3.6227990666972869 3.6213704952687151 3.6156558299765114 3.61422725854794 3.5964677377165555 3.5950391662879837 3.5856193772400382 3.5841908058114669 3.575274660047322 3.5738460886187506 3.5678956919470837 3.5664671205185119 3.5571173422150797 3.5556887707865084 3.5519975639920598 3.5505689925634885 3.5476633787589149 3.5462348073303436 3.5258259647686896 3.5243973933401178 3.5153490327258115 3.5139204612972401 3.5128581198445517 3.5114295484159803;5.4151570140013092 5.4133712997155952 5.4113718305922891 5.409586116306575 5.4077661749142694 5.4059804606285553 5.3933821890941589 5.3915964748084457 5.3885989713653109 5.3868132570795968 5.3773063057606452 5.375520591474932 5.3727727254597513 5.3709870111740372 5.3600796179685766 5.3582939036828625 5.3526916293342266 5.3509059150485125 5.3437625834332572 5.3419768691475431 5.3197774681083123 5.3179917538225983 5.3062170175126662 5.3044313032269521 5.2932861210217714 5.2915004067360583 5.2840624108964738 5.2822766966107606 5.2705894737314702 5.2688037594457562 5.2641897509526956 5.2624040366669815 5.258772019411265 5.256986305125551 5.2314752519234835 5.2296895376377694 5.2183790868698869 5.2165933725841729 5.2152654457683125 5.2134797314825985;6.9784000394132626 6.9793615778748013 6.980557384621803 6.9815189230833417 6.9876091658045096 6.9885707042660483 7.0023074252210069 7.0032689636825456 7.0052246652817773 7.006186203743316 7.0086706698549648 7.0096322083165035 7.0159253283284295 7.0168868667899682 7.0208919414728213 7.0218534799343599 7.0278547318909954 7.0288162703525341 7.0351565129809588 7.0361180514424975 7.0480715750790059 7.0490331135405446 7.0528795228718355 7.0538410613333742 7.0568576705980242 7.0578192090595628 7.0636924207855802 7.0646539592471189 7.0661335794091391 7.0670951178706778 7.0722142455039592 7.0731757839654978 7.074789824281031 7.0757513627425697 7.0825350474149369 7.0834965858764756 7.0844765543184867 7.0854380927800253 7.0865147300002667 7.0874762684618053;8.5015288047456465 8.5027788047456472 8.5043333535167491 8.505583353516748 8.5135006690542667 8.5147506690542674 8.5326084062957133 8.5338584062957139 8.536400818374716 8.5376508183747166 8.5408806243198594 8.54213062431986 8.5503116803353638 8.5515616803353645 8.5567682774230729 8.5580182774230753 8.5658199049667019 8.5670699049667025 8.5753122203836547 8.5765622203836553 8.5921018011111165 8.5933518011111172 8.5983521332417965 8.5996021332417971 8.603523725285843 8.6047737252858436 8.6124089005296653 8.613658900529666 8.6155824067402929 8.6168324067402935 8.6234872726635601 8.6247372726635607 8.6268355250737532 8.6280855250737538 8.6369043151478309 8.6381543151478315 8.6394282741224462 8.6406782741224468 8.6420779025087615 8.6433279025087622;10.565519908626449 10.566631019737562 10.56801284086743 10.569123951978543 10.57616156578967 10.577272676900781 10.593146221115402 10.594257332226514 10.596517254074517 10.59762836518563 10.600499303803533 10.601610414914644 10.608882464706204 10.609993575817317 10.614621662117502 10.615732773228613 10.622667553267393 10.623778664378504 10.63110516697135 10.632216278082463 10.646029238729096 10.647140349840209 10.651585089511922 10.652696200623035 10.656182060217741 10.657293171328854 10.664079993767807 10.665191104878918 10.666900888177253 10.668011999288364 10.673927435664602 10.675038546775713 10.676903660029218 10.678014771140331 10.685853695650621 10.686964806761733 10.688097214739168 10.689208325850279 10.690452439971446 10.69156355108256;11.035322826563517 11.036343234726782 11.037612254131764 11.038632662295027 11.045095777019533 11.046116185182798 11.060693929869695 11.06171433803296 11.063789776464798 11.064810184628064 11.067446760909812 11.068467169073077 11.075145582146957 11.076165990310223 11.080416273647128 11.081436681810393 11.08780535735621 11.088825765519475 11.095554186268007 11.096574594431273 11.10925996645369 11.110280374616956 11.114362278397101 11.115382686560366 11.118583986188158 11.119604394351423 11.125837190468831 11.126857598632094 11.128427807783627 11.129448215946892 11.134880759557721 11.135901167720986 11.137614026831349 11.138634434994612 11.145833447299983 11.146853855463247 11.147893821973136 11.148914230136402 11.150056783921148 11.151077192084413;12.776915458351182 12.778344029779754 12.780120656946728 12.781549228375299 12.790597588989606 12.792026160418176 12.81243500297983 12.813863574408401 12.816769188212975 12.818197759641546 12.821888966435996 12.823317537864567 12.832667316167999 12.83409588759657 12.840046284268237 12.841474855696809 12.850391001460954 12.851819572889525 12.86123936193747 12.862667933366042 12.880427454197426 12.881856025625998 12.887570690918203 12.888999262346774 12.893481081825684 12.894909653254254 12.903635567818622 12.905064139247195 12.907262432059339 12.908691003487911 12.916296564543073 12.917725135971644 12.920123138726151 12.921551710154722 12.931630327382239 12.93305889881081 12.934514851924655 12.935943423353226 12.937542998651871 12.938971570080442;12.829758754550348 12.831544468836062 12.83376525279478 12.835550967080495 12.846861417848377 12.848647132134092 12.87415818533616 12.875943899621875 12.879575916877592 12.881361631163307 12.885975639656367 12.88776135394208 12.899448576821372 12.901234291107086 12.908672286946672 12.910458001232387 12.921603183437567 12.923388897723282 12.935163634033215 12.93694934831893 12.95914874935816 12.960934463643875 12.968077795259131 12.969863509544846 12.975465783893481 12.977251498179196 12.988158891384659 12.989944605670372 12.992692471685555 12.994478185971269 13.00398513729022 13.005770851575935 13.00876835501907 13.010554069304785 13.02315234083918 13.024938055124895 13.026757996517201 13.028543710802916 13.030543179926221 13.032328894211936;
