m;2
n;4
P;39
P1;2 4 6 8 10 12 14 16 18 20 22 24 26 28 30 32 34 36 38
Q;40
M;100
h;1 1 1 1 1 1 1 1 1 1 1 1 1 1 1 1 1 1 1 1 1 1 1 1 1 1 1 1 1 1 1 1 1 1 1 1 1 1 1
Vmin;28 28 28 28 28 28 28 28 28 28 28 28 28 28 28 28 28 28 28 28 28 28 28 28 28 28 28 28 28 28 28 28 28 28 28 28 28 28 28;48 48 48 48 48 48 48 48 48 48 48 48 48 48 48 48 48 48 48 48 48 48 48 48 48 48 48 48 48 48 48 48 48 48 48 48 48 48 48;44 44 44 44 44 44 44 44 44 44 44 44 44 44 44 44 44 44 44 44 44 44 44 44 44 44 44 44 44 44 44 44 44 44 44 44 44 44 44;52 52 52 52 52 52 52 52 52 52 52 52 52 52 52 52 52 52 52 52 52 52 52 52 52 52 52 52 52 52 52 52 52 52 52 52 52 52 52;
Vmax;28 28 28 28 28 28 28 28 28 28 28 28 28 28 28 28 28 28 28 28 28 28 28 28 28 28 28 28 28 28 28 28 28 28 28 28 28 28 28;48 48 48 48 48 48 48 48 48 48 48 48 48 48 48 48 48 48 48 48 48 48 48 48 48 48 48 48 48 48 48 48 48 48 48 48 48 48 48;44 44 44 44 44 44 44 44 44 44 44 44 44 44 44 44 44 44 44 44 44 44 44 44 44 44 44 44 44 44 44 44 44 44 44 44 44 44 44;52 52 52 52 52 52 52 52 52 52 52 52 52 52 52 52 52 52 52 52 52 52 52 52 52 52 52 52 52 52 52 52 52 52 52 52 52 52 52;
d;3.000 12.953 3.000 4.651 3.000 15.552 3.000 10.665 3.000 14.685 3.000 45.676 3.000 6.361 3.000 3.242 3.000 11.180 3.000 3.260 3.000 6.910 3.000 29.936 3.000 5.774 3.000 13.716 3.000 4.692 3.000 4.838 3.000 29.942 3.000 21.707 3.000 19.979 3.000
S;0.72449982582215877 0.72271411153644449 0.71082199730797058 0.7090362830222563 0.69611525809105013 0.69432954380533596 0.67650666595852693 0.67472095167281265 0.67184124499430609 0.67005553070859181 0.66726261391547037 0.66547689962975609 0.65731268514099239 0.65552697085527822 0.65208989060206468 0.6503041763163504 0.63248524940921025 0.63069953512349597 0.62658647844897353 0.62480076416325925 0.6228602562786365 0.62107454199292222 0.61441987107993035 0.61263415679421618 0.61070465926136397 0.60891894497564969 0.60513282000210966 0.60334710571639538 0.5761588157013019 0.57437310141558773 0.56563176456577868 0.5638460502800644 0.55749787127658135 0.55571215699086707 0.5464552048488408 0.54466949056312663 0.54190101480958974 0.54011530052387557 0.53240516900644996 0.53061945472073568;0.74179701486153171 0.74075534819486499 0.73381828156158846 0.73277661489492185 0.72523935035171816 0.72419768368505155 0.71380100494107956 0.71275933827441296 0.71107950937861741 0.71003784271195081 0.70840864124929648 0.70736697458262987 0.70260451613085095 0.70156284946418423 0.69955788598314306 0.69851621931647634 0.68812184528731124 0.68708017862064463 0.68468089556050638 0.68363922889383977 0.68250726596114319 0.68146559929447648 0.67758370792856448 0.67654204126189788 0.67541650103440065 0.67437483436773404 0.67216626146650227 0.67112459479983555 0.65526475895769765 0.65422309229103104 0.64912397912864239 0.64808231246197567 0.64437920804327731 0.64333754137661059 0.63793765262709523 0.63689598596042862 0.63528104177086542 0.63423937510419881 0.62974179838570055 0.62870013171903394;2.4650322368389492 2.4668179511246633 2.475420939784946 2.4772066540706605 2.4799751298241972 2.4817608441099117 2.491017796251938 2.4928035105376525 2.4991516895411352 2.5009374038268493 2.5096787406766583 2.5114644549623728 2.5386527449774667 2.5404384592631808 2.544224584236721 2.5460102985224351 2.5479397960552874 2.5497255103410015 2.5563801812539935 2.558165895539708 2.5601064034243306 2.5618921177100451 2.5660051743845673 2.5677908886702818 2.5856098155774219 2.5873955298631364 2.5908326101163497 2.5926183244020637 2.6007825388908277 2.6025682531765422 2.6053611699696635 2.607146884255378 2.6100265909338844 2.611812305219599 2.6296351830664078 2.6314208973521223 2.6443419222833286 2.6461276365690427 2.6580197507975165 2.659805465083231;2.998416533497485 2.9994582001641517 3.0044766102159834 3.0055182768826501 3.0071332210722135 3.0081748877388801 3.0135747764883956 3.0146164431550622 3.0183195475737605 3.0193612142404271 3.0244603274028155 3.0255019940694821 3.0413618299116201 3.0424034965782867 3.0446120694795185 3.0456537361461851 3.0467792763736821 3.0478209430403487 3.0517028344062607 3.0527445010729273 3.053876464005624 3.0549181306722906 3.0573174137324286 3.0583590803990952 3.0687534544282604 3.069795121094927 3.0718000845759681 3.0728417512426347 3.0776042096944134 3.07864587636108 3.0802750778237344 3.081316744490401 3.0829965733861964 3.084038240052863 3.0944349187968347 3.0954765854635014 3.1030138500067048 3.1040555166733714 3.1109925833066479 3.1120342499733145;
