m;5
n;10
P;39
P1;2 4 6 8 10 12 14 16 18 20 22 24 26 28 30 32 34 36 38
Q;40
M;100
h;1 1 1 1 1 1 1 1 1 1 1 1 1 1 1 1 1 1 1 1 1 1 1 1 1 1 1 1 1 1 1 1 1 1 1 1 1 1 1
Vmin;49 49 49 49 49 49 49 49 49 49 49 49 49 49 49 49 49 49 49 49 49 49 49 49 49 49 49 49 49 49 49 49 49 49 49 49 49 49 49;51 51 51 51 51 51 51 51 51 51 51 51 51 51 51 51 51 51 51 51 51 51 51 51 51 51 51 51 51 51 51 51 51 51 51 51 51 51 51;28 28 28 28 28 28 28 28 28 28 28 28 28 28 28 28 28 28 28 28 28 28 28 28 28 28 28 28 28 28 28 28 28 28 28 28 28 28 28;52 52 52 52 52 52 52 52 52 52 52 52 52 52 52 52 52 52 52 52 52 52 52 52 52 52 52 52 52 52 52 52 52 52 52 52 52 52 52;52 52 52 52 52 52 52 52 52 52 52 52 52 52 52 52 52 52 52 52 52 52 52 52 52 52 52 52 52 52 52 52 52 52 52 52 52 52 52;30 30 30 30 30 30 30 30 30 30 30 30 30 30 30 30 30 30 30 30 30 30 30 30 30 30 30 30 30 30 30 30 30 30 30 30 30 30 30;48 48 48 48 48 48 48 48 48 48 48 48 48 48 48 48 48 48 48 48 48 48 48 48 48 48 48 48 48 48 48 48 48 48 48 48 48 48 48;41 41 41 41 41 41 41 41 41 41 41 41 41 41 41 41 41 41 41 41 41 41 41 41 41 41 41 41 41 41 41 41 41 41 41 41 41 41 41;36 36 36 36 36 36 36 36 36 36 36 36 36 36 36 36 36 36 36 36 36 36 36 36 36 36 36 36 36 36 36 36 36 36 36 36 36 36 36;32 32 32 32 32 32 32 32 32 32 32 32 32 32 32 32 32 32 32 32 32 32 32 32 32 32 32 32 32 32 32 32 32 32 32 32 32 32 32;
Vmax;49 49 49 49 49 49 49 49 49 49 49 49 49 49 49 49 49 49 49 49 49 49 49 49 49 49 49 49 49 49 49 49 49 49 49 49 49 49 49;51 51 51 51 51 51 51 51 51 51 51 51 51 51 51 51 51 51 51 51 51 51 51 51 51 51 51 51 51 51 51 51 51 51 51 51 51 51 51;28 28 28 28 28 28 28 28 28 28 28 28 28 28 28 28 28 28 28 28 28 28 28 28 28 28 28 28 28 28 28 28 28 28 28 28 28 28 28;52 52 52 52 52 52 52 52 52 52 52 52 52 52 52 52 52 52 52 52 52 52 52 52 52 52 52 52 52 52 52 52 52 52 52 52 52 52 52;52 52 52 52 52 52 52 52 52 52 52 52 52 52 52 52 52 52 52 52 52 52 52 52 52 52 52 52 52 52 52 52 52 52 52 52 52 52 52;30 30 30 30 30 30 30 30 30 30 30 30 30 30 30 30 30 30 30 30 30 30 30 30 30 30 30 30 30 30 30 30 30 30 30 30 30 30 30;48 48 48 48 48 48 48 48 48 48 48 48 48 48 48 48 48 48 48 48 48 48 48 48 48 48 48 48 48 48 48 48 48 48 48 48 48 48 48;41 41 41 41 41 41 41 41 41 41 41 41 41 41 41 41 41 41 41 41 41 41 41 41 41 41 41 41 41 41 41 41 41 41 41 41 41 41 41;36 36 36 36 36 36 36 36 36 36 36 36 36 36 36 36 36 36 36 36 36 36 36 36 36 36 36 36 36 36 36 36 36 36 36 36 36 36 36;32 32 32 32 32 32 32 32 32 32 32 32 32 32 32 32 32 32 32 32 32 32 32 32 32 32 32 32 32 32 32 32 32 32 32 32 32 32 32;
d;3.000 3.624 3.000 15.228 3.000 6.897 3.000 22.347 3.000 11.034 3.000 9.146 3.000 57.357 3.000 5.570 3.000 9.951 3.000 9.554 3.000 14.482 3.000 4.849 3.000 3.232 3.000 8.042 3.000 4.290 3.000 26.678 3.000 34.298 3.000 39.179 3.000 8.448 3.000
S;1.213184434651275 1.2121640264880098 1.2092905930213074 1.2082701848580419 1.1949440064426975 1.1939235982794323 1.1822575938926285 1.1812371857293631 1.1721631559498127 1.1711427477865473 1.1696834629285999 1.1686630547653347 1.1659276979912223 1.1649072898279571 1.1638080771989365 1.1627876690356713 1.1611382568464579 1.1601178486831927 1.1551920203612984 1.1541716121980332 1.1509220310098249 1.1499016228465597 1.1465170629533159 1.1454966547900507 1.1436020357807004 1.1425816276174352 1.123072601568373 1.1220521934051075 1.1189413921962541 1.1179209840329887 1.1141679040051427 1.1131474958418772 1.105546463792306 1.1045260556290408 1.1021802911140155 1.1011598829507501 1.0959803674069162 1.0949599592436507 1.0937273923700783 1.0927069842068131;3.0779380317829643 3.0769576396261016 3.0741968898247602 3.0732164976678975 3.0604129144845271 3.0594325223276639 3.0482240083089702 3.0472436161521075 3.038525430677637 3.0375450385207743 3.0361429805200015 3.0351625883631383 3.0325345004821287 3.031554108325266 3.0304980020738541 3.0295176099169914 3.0279328805587276 3.0269524884018648 3.0222198298180838 3.0212394376612211 3.0181172910294132 3.0171368988725504 3.0138850668182573 3.0129046746613946 3.0110843544367252 3.0101039622798624 2.9913599960758614 2.9903796039189983 2.9873907949144134 2.9864104027575507 2.9828045023386398 2.9818241101817771 2.9745211578204245 2.9735407656635617 2.9712869919138312 2.9703065997569684 2.9653302024697559 2.9643498103128931 2.9631655793951466 2.9621851872382838;3.7089719121584768 3.7071861978727627 3.7021576893060337 3.7003719750203192 3.6770511627934663 3.6752654485077518 3.6548499408308452 3.6530642265451312 3.6371846744309178 3.6353989601452033 3.6328452116437959 3.6310594973580814 3.626272623003385 3.6244869087176705 3.6225632866168849 3.6207775723311704 3.6178911010000472 3.6161053867143327 3.6074851871510178 3.6056994728653033 3.600012705785939 3.598226991500225 3.5923040116870486 3.5905182974013341 3.5872027141349716 3.5854169998492571 3.5512762042633979 3.5494904899776838 3.5440465878621903 3.5422608735764758 3.5356929835277451 3.5339072692420306 3.5206054631552814 3.5188197488695669 3.5147146609682727 3.5129289466825582 3.5038647944808488 3.5020790801951347 3.4999220881663828 3.4981363738806683;4.3513827410607506 4.3504212025992119 4.3477135441402046 4.3467520056786659 4.3341946452488225 4.3332331067872838 4.3222401411151026 4.3212786026535639 4.312728074592064 4.3117665361305253 4.3103914407836141 4.3094299023220755 4.3068523545926229 4.3058908161310843 4.3048550196152764 4.3038934811537377 4.302339227360056 4.3013776888985173 4.29673604297981 4.2957745045182714 4.2927123991678435 4.2917508607063048 4.2885615638838255 4.2876000254222868 4.2858147113557834 4.2848531728942447 4.2664696675787814 4.2655081291172428 4.2625767972088999 4.2616152587473612 4.2580787025672757 4.257117164105737 4.2499546531359487 4.24899311467441 4.2467826827275594 4.2458211442660208 4.240940446926639 4.2399789084651003 4.238817451218849 4.2378559127573103;4.4394531386607481 4.4384916001992094 4.4357839417402012 4.4348224032786625 4.422265042848819 4.4213035043872804 4.4103105387150991 4.4093490002535605 4.4007984721920614 4.3998369337305228 4.3984618383836107 4.397500299922072 4.3949227521926195 4.3939612137310808 4.392925417215273 4.3919638787537343 4.3904096249600535 4.3894480864985148 4.3848064405798066 4.3838449021182679 4.380782796767841 4.3798212583063023 4.3766319614838221 4.3756704230222834 4.37388510895578 4.3729235704942413 4.3545400651787789 4.3535785267172402 4.3506471948088974 4.3496856563473587 4.3461491001672723 4.3451875617057336 4.3380250507359461 4.3370635122744075 4.3348530803275569 4.3338915418660182 4.3290108445266355 4.3280493060650969 4.3268878488188456 4.3259263103573069;4.6787492333203833 4.6797696414836478 4.6815124124388525 4.682532820602118 4.6877123361459514 4.6887327443092168 4.6910785088242424 4.6920989169875069 4.6996999490370781 4.7007203572003426 4.7044734372281889 4.7054938453914543 4.7086046466003078 4.7096250547635732 4.7291340808126359 4.7301544889759004 4.73204910798525 4.7330695161485155 4.7364540760417588 4.7374744842050243 4.7407240653932323 4.7417444735564969 4.7466703018783916 4.7476907100416561 4.74934012223087 4.7503605303941345 4.7514597430231555 4.7524801511864201 4.7552155079605321 4.7562359161237975 4.7576952009817441 4.7587156091450096 4.76778963892456 4.7688100470878254 4.7804760514746283 4.7814964596378937 4.7948226380532377 4.7958430462165031 4.7987164796832058 4.7997368878464703;5.3609380096096739 5.3619184017665367 5.363592828762715 5.3645732209195778 5.3695496182067908 5.3705300103636535 5.3727837841133832 5.3737641762702459 5.3810671286315985 5.3820475207884613 5.3856534212073717 5.3866338133642353 5.3896226223688197 5.3906030145256825 5.4093469807296835 5.4103273728865462 5.4121476931112165 5.4131280852680792 5.4163799173223719 5.4173603094792346 5.420482456111043 5.4214628482679057 5.4261955068516858 5.4271758990085486 5.4287606283668124 5.4297410205236751 5.4307971267750865 5.4317775189319493 5.4344056068129589 5.4353859989698217 5.4367880569705944 5.4377684491274572 5.4464866346019267 5.4474670267587895 5.4586755407774827 5.4596559329343455 5.4724595161177154 5.473439908274579 5.4762006580759204 5.4771810502327831;5.7070960361493182 5.7088817504350313 5.7119315996066407 5.7137173138923547 5.7227814660940641 5.7245671803797782 5.7286722682810725 5.7304579825667865 5.7437597886535352 5.7455455029392493 5.7521133929879795 5.7538991072736936 5.7593430093891866 5.7611287236749007 5.7952695192607599 5.797055233546474 5.8003708168128361 5.8021565310985501 5.8080795109117265 5.8098652251974405 5.8155519922768049 5.817337706562518 5.8259579061258338 5.8277436204115478 5.8306300917426714 5.8324158060283846 5.8343394281291703 5.8361251424148843 5.8409120167695807 5.8426977310552948 5.845251479556703 5.8470371938424162 5.86291674595663 5.8647024602423441 5.8851179679192507 5.8869036822049639 5.9102244944318167 5.9120102087175308 5.9170387172842593 5.9188244315699734;6.4761553615044134 6.4771168999659521 6.4787591264429718 6.4797206649045105 6.4846013622438932 6.4855629007054318 6.4877733326522824 6.4887348711138211 6.4958973820836095 6.4968589205451481 6.5003954767252337 6.5013570151867723 6.5042883470951152 6.5052498855566538 6.5236333908721171 6.5245949293336558 6.5263802434001583 6.527341781861697 6.5305310786841773 6.5314926171457159 6.5345547224961429 6.5355162609576816 6.5401579068763898 6.5411194453379284 6.5426736991316101 6.5436352375931488 6.5446710341089567 6.5456325725704954 6.548210120299947 6.5491716587614857 6.5505467541083977 6.5515082925699364 6.5600588206314363 6.561020359092975 6.5720133247651553 6.572974863226694 6.5855322236565383 6.586493762118077 6.5892014205770844 6.590162959038623;6.8072896686869226 6.8082512071484613 6.8098934336254811 6.8108549720870197 6.8157356694264024 6.8166972078879411 6.8189076398347916 6.8198691782963303 6.8270316892661187 6.8279932277276574 6.8315297839077429 6.8324913223692816 6.8354226542776244 6.8363841927391631 6.8547676980546264 6.8557292365161651 6.8575145505826676 6.8584760890442062 6.8616653858666865 6.8626269243282252 6.8656890296786521 6.8666505681401908 6.871292214058899 6.8722537525204377 6.8738080063141194 6.874769544775658 6.8758053412914659 6.8767668797530046 6.8793444274824562 6.8803059659439949 6.881681061290907 6.8826425997524456 6.8911931278139456 6.8921546662754842 6.9031476319476646 6.9041091704092032 6.9166665308390476 6.9176280693005863 6.9203357277595936 6.9212972662211323;
