m;8
n;16
P;39
P1;2 4 6 8 10 12 14 16 18 20 22 24 26 28 30 32 34 36 38
Q;40
M;100
h;1 1 1 1 1 1 1 1 1 1 1 1 1 1 1 1 1 1 1 1 1 1 1 1 1 1 1 1 1 1 1 1 1 1 1 1 1 1 1
Vmin;44 44 44 44 44 44 44 44 44 44 44 44 44 44 44 44 44 44 44 44 44 44 44 44 44 44 44 44 44 44 44 44 44 44 44 44 44 44 44;45 45 45 45 45 45 45 45 45 45 45 45 45 45 45 45 45 45 45 45 45 45 45 45 45 45 45 45 45 45 45 45 45 45 45 45 45 45 45;28 28 28 28 28 28 28 28 28 28 28 28 28 28 28 28 28 28 28 28 28 28 28 28 28 28 28 28 28 28 28 28 28 28 28 28 28 28 28;34 34 34 34 34 34 34 34 34 34 34 34 34 34 34 34 34 34 34 34 34 34 34 34 34 34 34 34 34 34 34 34 34 34 34 34 34 34 34;40 40 40 40 40 40 40 40 40 40 40 40 40 40 40 40 40 40 40 40 40 40 40 40 40 40 40 40 40 40 40 40 40 40 40 40 40 40 40;32 32 32 32 32 32 32 32 32 32 32 32 32 32 32 32 32 32 32 32 32 32 32 32 32 32 32 32 32 32 32 32 32 32 32 32 32 32 32;45 45 45 45 45 45 45 45 45 45 45 45 45 45 45 45 45 45 45 45 45 45 45 45 45 45 45 45 45 45 45 45 45 45 45 45 45 45 45;31 31 31 31 31 31 31 31 31 31 31 31 31 31 31 31 31 31 31 31 31 31 31 31 31 31 31 31 31 31 31 31 31 31 31 31 31 31 31;52 52 52 52 52 52 52 52 52 52 52 52 52 52 52 52 52 52 52 52 52 52 52 52 52 52 52 52 52 52 52 52 52 52 52 52 52 52 52;40 40 40 40 40 40 40 40 40 40 40 40 40 40 40 40 40 40 40 40 40 40 40 40 40 40 40 40 40 40 40 40 40 40 40 40 40 40 40;42 42 42 42 42 42 42 42 42 42 42 42 42 42 42 42 42 42 42 42 42 42 42 42 42 42 42 42 42 42 42 42 42 42 42 42 42 42 42;47 47 47 47 47 47 47 47 47 47 47 47 47 47 47 47 47 47 47 47 47 47 47 47 47 47 47 47 47 47 47 47 47 47 47 47 47 47 47;40 40 40 40 40 40 40 40 40 40 40 40 40 40 40 40 40 40 40 40 40 40 40 40 40 40 40 40 40 40 40 40 40 40 40 40 40 40 40;38 38 38 38 38 38 38 38 38 38 38 38 38 38 38 38 38 38 38 38 38 38 38 38 38 38 38 38 38 38 38 38 38 38 38 38 38 38 38;46 46 46 46 46 46 46 46 46 46 46 46 46 46 46 46 46 46 46 46 46 46 46 46 46 46 46 46 46 46 46 46 46 46 46 46 46 46 46;50 50 50 50 50 50 50 50 50 50 50 50 50 50 50 50 50 50 50 50 50 50 50 50 50 50 50 50 50 50 50 50 50 50 50 50 50 50 50;
Vmax;44 44 44 44 44 44 44 44 44 44 44 44 44 44 44 44 44 44 44 44 44 44 44 44 44 44 44 44 44 44 44 44 44 44 44 44 44 44 44;45 45 45 45 45 45 45 45 45 45 45 45 45 45 45 45 45 45 45 45 45 45 45 45 45 45 45 45 45 45 45 45 45 45 45 45 45 45 45;28 28 28 28 28 28 28 28 28 28 28 28 28 28 28 28 28 28 28 28 28 28 28 28 28 28 28 28 28 28 28 28 28 28 28 28 28 28 28;34 34 34 34 34 34 34 34 34 34 34 34 34 34 34 34 34 34 34 34 34 34 34 34 34 34 34 34 34 34 34 34 34 34 34 34 34 34 34;40 40 40 40 40 40 40 40 40 40 40 40 40 40 40 40 40 40 40 40 40 40 40 40 40 40 40 40 40 40 40 40 40 40 40 40 40 40 40;32 32 32 32 32 32 32 32 32 32 32 32 32 32 32 32 32 32 32 32 32 32 32 32 32 32 32 32 32 32 32 32 32 32 32 32 32 32 32;45 45 45 45 45 45 45 45 45 45 45 45 45 45 45 45 45 45 45 45 45 45 45 45 45 45 45 45 45 45 45 45 45 45 45 45 45 45 45;31 31 31 31 31 31 31 31 31 31 31 31 31 31 31 31 31 31 31 31 31 31 31 31 31 31 31 31 31 31 31 31 31 31 31 31 31 31 31;52 52 52 52 52 52 52 52 52 52 52 52 52 52 52 52 52 52 52 52 52 52 52 52 52 52 52 52 52 52 52 52 52 52 52 52 52 52 52;40 40 40 40 40 40 40 40 40 40 40 40 40 40 40 40 40 40 40 40 40 40 40 40 40 40 40 40 40 40 40 40 40 40 40 40 40 40 40;42 42 42 42 42 42 42 42 42 42 42 42 42 42 42 42 42 42 42 42 42 42 42 42 42 42 42 42 42 42 42 42 42 42 42 42 42 42 42;47 47 47 47 47 47 47 47 47 47 47 47 47 47 47 47 47 47 47 47 47 47 47 47 47 47 47 47 47 47 47 47 47 47 47 47 47 47 47;40 40 40 40 40 40 40 40 40 40 40 40 40 40 40 40 40 40 40 40 40 40 40 40 40 40 40 40 40 40 40 40 40 40 40 40 40 40 40;38 38 38 38 38 38 38 38 38 38 38 38 38 38 38 38 38 38 38 38 38 38 38 38 38 38 38 38 38 38 38 38 38 38 38 38 38 38 38;46 46 46 46 46 46 46 46 46 46 46 46 46 46 46 46 46 46 46 46 46 46 46 46 46 46 46 46 46 46 46 46 46 46 46 46 46 46 46;50 50 50 50 50 50 50 50 50 50 50 50 50 50 50 50 50 50 50 50 50 50 50 50 50 50 50 50 50 50 50 50 50 50 50 50 50 50 50;
d;3.000 7.662 3.000 34.031 3.000 4.907 3.000 6.081 3.000 4.666 3.000 32.064 3.000 8.652 3.000 17.551 3.000 13.471 3.000 8.514 3.000 17.465 3.000 4.911 3.000 12.012 3.000 17.816 3.000 3.510 3.000 23.748 3.000 15.222 3.000 5.772 3.000 19.030 3.000
S;0.550414895670995 0.54927853203463128 0.54207025838928113 0.54093389475291753 0.53874752322933117 0.53761115959296757 0.53184528805787823 0.53070892442151463 0.5217134131636666 0.52057704952730299 0.51924744975256376 0.51811108611620016 0.51136242354723571 0.510226059910872 0.50567609476336195 0.50453973112699824 0.50267955120468288 0.50154318756831928 0.49492747449803659 0.49379111086167293 0.49056615634465517 0.48942979270829157 0.48432714145244871 0.4831907778160851 0.47654284214507286 0.47540647850870926 0.47212920305649037 0.47099283942012676 0.45884747319246699 0.45771110955610339 0.45594353028986156 0.45480716665349796 0.45250371139036283 0.45136734775399923 0.4495086431709796 0.448372279534616 0.43548159063730746 0.43434522700094386 0.43144293913915011 0.4303065755027865;0.81879270144591187 0.8176815903348007 0.81063350054823613 0.80952238943712496 0.80738460394739608 0.80627349283628491 0.80063575177975321 0.79952464066864204 0.79072902966096836 0.78961791854985719 0.78831786543677895 0.78720675432566778 0.78060806203601352 0.77949695092490245 0.7750480961140036 0.77393698500289243 0.77211814241218402 0.77100703130107284 0.76453833407679639 0.76342722296568521 0.7602739341046012 0.75916282299349003 0.75417356398777702 0.75306245287666584 0.7465622491094539 0.74545113799834273 0.74224669088950657 0.74113557977839539 0.72926011057801687 0.72814899946690581 0.72642069973991374 0.72530958862880257 0.7230573212604039 0.72194621014929272 0.72012881011256247 0.71901769900145129 0.70641346985741627 0.70530235874630509 0.70246456617032904 0.70135345505921787;1.3783733406504899 1.3765876263647754 1.3652603392077967 1.3634746249220824 1.3600388982421607 1.3582531839564465 1.3491925286870206 1.3474068144013063 1.3332710109961166 1.3314852967104021 1.3293959256358119 1.3276102113500976 1.3170051701702963 1.3152194558845818 1.30806951065278 1.3062837963670657 1.3033606564891413 1.3015749422034271 1.2911788216644113 1.2893931073786971 1.2843253217090977 1.2825396074233835 1.2745211554499158 1.2727354411642016 1.2622886851097539 1.2605029708240394 1.2553529665419811 1.2535672522562669 1.2344816767556588 1.2326959624699443 1.2299183379087071 1.2281326236229928 1.2245129082094948 1.2227271939237805 1.2198063724361783 1.218020658150464 1.1977638613118364 1.1959781470261219 1.1914174089575889 1.1896316946718746;3.2620634660037258 3.2605928777684317 3.2512645236391551 3.2497939354038605 3.246964513432161 3.2454939251968669 3.2380322090926339 3.2365616208573393 3.224920370994242 3.2234497827589479 3.2217291242269326 3.2202585359916385 3.2115249726670965 3.2100543844318019 3.2041661942409063 3.2026956060056122 3.2002883143414396 3.198817726106145 3.1902562150740148 3.1887856268387207 3.1846121562872858 3.1831415680519917 3.1765381370150183 3.1750675487797242 3.1664643379113557 3.1649937496760616 3.1607525696790719 3.1592819814437778 3.1435644486785708 3.1420938604432767 3.139806404922258 3.1383358166869635 3.1353548745817301 3.133884286346436 3.1314789039448812 3.130008315709587 3.1133262477248347 3.1118556594895406 3.1080997575507485 3.1066291693154544;4.2220169632635338 4.2207669632635341 4.2128378622536484 4.2115878622536487 4.2091828535777038 4.2079328535777041 4.2015903948891058 4.200340394889106 4.1904453325054734 4.1891953325054736 4.1877327727532601 4.1864827727532603 4.1790592439273997 4.1778092439273999 4.1728042822651386 4.1715542822651388 4.1695080843505918 4.1682580843505921 4.1609807999732809 4.1597307999732811 4.1561833500045617 4.1549333500045611 4.1493204336231342 4.1480704336231344 4.1407577043850212 4.1395077043850215 4.1359027013875806 4.1346527013875809 4.1212927985371541 4.1200427985371544 4.1180984613442888 4.1168484613442891 4.1143146605548404 4.1130646605548407 4.1110200855135188 4.1097700855135191 4.0955903277264802 4.0943403277264805 4.0911478110785069 4.0898978110785071;4.8028821306367702 4.8013196306367698 4.7914082543744136 4.7898457543744133 4.7868394935294827 4.7852769935294823 4.7773489201687349 4.7757864201687346 4.7634175921891941 4.7618550921891938 4.7600268924989271 4.7584643924989267 4.749184981466601 4.7476224814666015 4.7413662793887745 4.7398037793887751 4.7372460319955918 4.7356835319955914 4.7265869265239528 4.7250244265239534 4.7205901140630537 4.7190276140630534 4.7120114685862697 4.7104489685862694 4.7013080570386281 4.6997455570386277 4.6952393032918271 4.6936768032918268 4.6769769247287947 4.6754144247287952 4.6729840032377128 4.6714215032377124 4.6682542522509021 4.6666917522509017 4.6641360334492505 4.6625735334492502 4.6448488362154512 4.6432863362154517 4.6392956904054854 4.637733190405485;5.1567009959718924 5.155589884860782 5.1485417950742169 5.1474306839631057 5.1452928984733761 5.1441817873622657 5.1385440463057339 5.1374329351946226 5.1286373241869496 5.1275262130758383 5.1262261599627594 5.125115048851649 5.1185163565619947 5.1174052454508834 5.112956390639984 5.1118452795288736 5.1100264369381652 5.1089153258270539 5.1024466286027774 5.1013355174916661 5.0981822286305825 5.0970711175194721 5.0920818585137591 5.0909707474026478 5.0844705436354358 5.0833594325243245 5.080154985415489 5.0790438743043778 5.0671684051039998 5.0660572939928885 5.0643289942658969 5.0632178831547865 5.0609656157863876 5.0598545046752763 5.0580371046385464 5.0569259935274351 5.0443217643834002 5.0432106532722889 5.040372860696313 5.0392617495852026;5.9919117655201797 5.990298862294372 5.9800677642171012 5.9784548609912944 5.9753516239900755 5.9737387207642687 5.9655549031015616 5.9639419998757548 5.9511741774452611 5.9495612742194535 5.9476741003456306 5.9460611971198229 5.9364824502477438 5.934869547021937 5.9284115319738584 5.9267986287480507 5.9241583733744418 5.9225454701486351 5.9131554257908148 5.911542522565008 5.9069651677666597 5.9053522645408529 5.8981097917906249 5.8964968885648172 5.8870611089027358 5.8854482056769282 5.880796588906037 5.8791836856802302 5.8619451013571 5.8603321981312932 5.8578233759469507 5.8562104727211439 5.8529410523476617 5.8513281491218549 5.8486899877782141 5.8470770845524074 5.8287806228917116 5.8271677196659049 5.8230483433459401 5.8214354401201325;5.9495310133338792 5.9506673769702427 5.9541378466502177 5.9552742102865812 5.9681648991838898 5.9693012628202533 5.9711599674032723 5.9722963310396358 5.9745997863027718 5.9757361499391353 5.9775037292053774 5.9786400928417409 5.9907854590694001 5.9919218227057636 5.9951990981579826 5.9963354617943461 6.0029833974653579 6.0041197611017214 6.0092224123575644 6.0103587759939279 6.0135837305109456 6.0147200941473091 6.021335807217592 6.0224721708539555 6.0243323507762714 6.0254687144126349 6.0300186795601443 6.0311550431965077 6.0379037057654728 6.0390400694018362 6.0403696691765756 6.0415060328129391 6.0505015440707872 6.0516379077071507 6.0574037792422404 6.0585401428786039 6.0607265144021909 6.0618628780385544 6.0690711516839047 6.0702075153202681;7.1874739430184578 7.1885850541295691 7.1919784022611006 7.1930895133722119 7.2056937425162468 7.2068048536273581 7.208622253664088 7.2097333647751993 7.2119856321435973 7.2130967432547086 7.2148250429817002 7.2159361540928115 7.2278116232931895 7.2289227344043008 7.2321271815131363 7.2332382926242476 7.2397384963914586 7.2408496075025699 7.2458388665082829 7.2469499776193942 7.2501032664804779 7.2512143775915892 7.2576830748158647 7.258794185926976 7.2606130285176844 7.2617241396287957 7.2661729944396951 7.2672841055508055 7.2738827978404599 7.2749939089515712 7.2762939620646501 7.2774050731757605 7.2862006841834335 7.2873117952945448 7.2929495363510766 7.2940606474621879 7.2961984329519165 7.2973095440630278 7.3043576338495928 7.3054687449607041;8.0626246947689957 8.0644104090547089 8.0698640042660994 8.0716497185518143 8.0919065153904413 8.0936922296761562 8.0966130511637591 8.0983987654494722 8.1020184808629701 8.103804195148685 8.1065818197099215 8.1083675339956347 8.1274531094962423 8.1292388237819573 8.1343888280640151 8.1361745423497283 8.1466212984041775 8.1484070126898906 8.1564254646633589 8.1582111789490721 8.1632789646186712 8.1650646789043844 8.1754607994434014 8.1772465137291146 8.1801696536070398 8.181955367892753 8.1891053131245535 8.1908910274102684 8.2014960685900693 8.2032817828757842 8.2053711539503738 8.2071568682360887 8.2212926716412777 8.2230783859269909 8.232139041196417 8.233924755482132 8.2373604821620532 8.2391461964477664 8.2504734836047451 8.25225919789046;10.038351970565392 10.039822558800687 10.044313754857125 10.04578434309242 10.062466411077173 10.063936999312467 10.066342381714021 10.067812969949317 10.070793912054549 10.072264500289844 10.074551955810865 10.076022544046159 10.091740076811366 10.09321066504666 10.097451845043651 10.098922433278945 10.107525644147314 10.10899623238261 10.115599663419582 10.117070251654877 10.121243722206312 10.122714310441607 10.131275821473738 10.132746409709032 10.135153701373206 10.1366242896085 10.142512479799395 10.143983068034689 10.152716631359231 10.154187219594526 10.155907878126543 10.157378466361838 10.169019716224934 10.170490304460229 10.177952020564463 10.179422608799758 10.182252030771457 10.183722619006751 10.193050973136028 10.194521561371323;11.041723120072678 11.042973120072679 11.046790636720653 11.048040636720653 11.062220394507694 11.063470394507695 11.065514969549016 11.066764969549016 11.069298770338465 11.070548770338466 11.072493107531331 11.073743107531332 11.087103010381757 11.088353010381757 11.0919580133792 11.093208013379201 11.100520742617313 11.101770742617314 11.107383658998742 11.108633658998743 11.112181108967462 11.113431108967463 11.120708393344774 11.121958393344775 11.12400459125932 11.125254591259322 11.130259552921583 11.131509552921584 11.138933081747444 11.140183081747445 11.141645641499657 11.142895641499658 11.152790703883291 11.154040703883291 11.16038316257189 11.16163316257189 11.164038171247835 11.165288171247836 11.173217272257721 11.174467272257722;12.097060810650294 12.098623310650293 12.103395206460259 12.10495770646026 12.122682403694059 12.124244903694059 12.126800622495711 12.12836312249571 12.131530373482521 12.133092873482521 12.135523294973604 12.137085794973604 12.153785673536637 12.155348173536636 12.159854427283438 12.161416927283437 12.17055783883108 12.17212033883108 12.179136484307863 12.180698984307863 12.185133296768761 12.186695796768761 12.195792402240402 12.1973549022404 12.199912649633584 12.201475149633584 12.207731351711411 12.209293851711411 12.218573262743739 12.220135762743739 12.221963962434005 12.223526462434004 12.235895290413545 12.237457790413545 12.245385863774294 12.246948363774294 12.249954624619225 12.251517124619225 12.261428500881582 12.262991000881582;12.988986198919584 12.990097310030697 12.993490658162226 12.99460176927334 13.007205998417373 13.008317109528486 13.010134509565216 13.011245620676329 13.013497888044727 13.014608999155838 13.016337298882831 13.017448409993943 13.029323879194322 13.030434990305434 13.033639437414271 13.034750548525382 13.041250752292594 13.042361863403706 13.047351122409419 13.04846223352053 13.051615522381613 13.052726633492727 13.059195330717001 13.060306441828114 13.062125284418821 13.063236395529934 13.067685250340833 13.068796361451945 13.075395053741598 13.076506164852709 13.077806217965788 13.0789173290769 13.087712940084574 13.088824051195685 13.094461792252217 13.095572903363328 13.097710688853057 13.098821799964169 13.105869889750734 13.106981000861847;13.484158932240904 13.485771835466711 13.490697663399578 13.492310566625385 13.510607028286081 13.512219931511888 13.514858092855528 13.516470996081335 13.519740416454818 13.521353319680625 13.523862141864969 13.525475045090776 13.542713629413905 13.544326532639712 13.548978149410603 13.55059105263641 13.560026832298492 13.561639735524299 13.568882208274527 13.570495111500334 13.575072466298682 13.576685369524489 13.586075413882309 13.587688317108116 13.590328572481726 13.591941475707532 13.598399490755611 13.600012393981418 13.609591140853496 13.611204044079303 13.613091217953126 13.614704121178933 13.627471943609429 13.629084846835235 13.637268664497944 13.63888156772375 13.641984804724968 13.643597707950777 13.653828806028049 13.655441709253855;
