m;1
n;2
P;39
P1;2 4 6 8 10 12 14 16 18 20 22 24 26 28 30 32 34 36 38
Q;40
M;100
h;1 1 1 1 1 1 1 1 1 1 1 1 1 1 1 1 1 1 1 1 1 1 1 1 1 1 1 1 1 1 1 1 1 1 1 1 1 1 1
Vmin;52 52 52 52 52 52 52 52 52 52 52 52 52 52 52 52 52 52 52 52 52 52 52 52 52 52 52 52 52 52 52 52 52 52 52 52 52 52 52;28 28 28 28 28 28 28 28 28 28 28 28 28 28 28 28 28 28 28 28 28 28 28 28 28 28 28 28 28 28 28 28 28 28 28 28 28 28 28;
Vmax;52 52 52 52 52 52 52 52 52 52 52 52 52 52 52 52 52 52 52 52 52 52 52 52 52 52 52 52 52 52 52 52 52 52 52 52 52 52 52;28 28 28 28 28 28 28 28 28 28 28 28 28 28 28 28 28 28 28 28 28 28 28 28 28 28 28 28 28 28 28 28 28 28 28 28 28 28 28;
d;3.000 24.032 3.000 36.738 3.000 24.159 3.000 18.427 3.000 13.657 3.000 12.112 3.000 13.145 3.000 39.027 3.000 4.934 3.000 7.535 3.000 9.617 3.000 37.204 3.000 37.571 3.000 5.708 3.000 12.338 3.000 12.764 3.000 22.148 3.000 41.697 3.000 6.533 3.000
S;0.50149796980718631 0.50053643134564785 0.4984423781200143 0.49748083965847584 0.48411651097865266 0.4831549725171142 0.47605621458843034 0.47509467612689188 0.47100351819996483 0.47004197973842637 0.46608744818212788 0.46512590972058943 0.46329627863213457 0.46233474017059611 0.45029280303427438 0.44933126457273592 0.43740696838486171 0.4364454299233233 0.43336302593412906 0.43240148747259061 0.42998643004472281 0.42902489158318435 0.42744358573437802 0.42648204727283962 0.41397332564357497 0.41301178718203657 0.40879853339037348 0.40783699492883502 0.40395504016318695 0.40299350170164849 0.39861628686651179 0.39765474840497339 0.39174861135152272 0.39078707288998427 0.38304378238684061 0.38208224392530216 0.37030728947445218 0.36934575101291378 0.36164320623990537 0.36068166777836697;0.81104469945429547 0.81200623791583382 0.82018955191961151 0.82115109038114997 0.83292604483199995 0.8338875832935384 0.841630873796682 0.84259241225822046 0.84849854931167112 0.84946008777320958 0.85383730260834623 0.85479884106988469 0.85868079583553281 0.85964233429707126 0.86385558808873442 0.86481712655027287 0.87732584817953752 0.87828738664107597 0.8798686924898822 0.88083023095142066 0.88324528837928851 0.88420682684082696 0.8872892308300212 0.88825076929155966 0.90017506547943393 0.90113660394097239 0.91317854107729413 0.91414007953883258 0.91596971062728749 0.91693124908882595 0.92088578064512439 0.92184731910666284 0.92593847703359 0.92690001549512846 0.93399877342381232 0.93496031188535078 0.94832464056517396 0.94928617902671242 0.95138023225234603 0.95234177071388448;
