m;3
n;6
P;39
P1;2 4 6 8 10 12 14 16 18 20 22 24 26 28 30 32 34 36 38
Q;40
M;100
h;1 1 1 1 1 1 1 1 1 1 1 1 1 1 1 1 1 1 1 1 1 1 1 1 1 1 1 1 1 1 1 1 1 1 1 1 1 1 1
Vmin;52 52 52 52 52 52 52 52 52 52 52 52 52 52 52 52 52 52 52 52 52 52 52 52 52 52 52 52 52 52 52 52 52 52 52 52 52 52 52;39 39 39 39 39 39 39 39 39 39 39 39 39 39 39 39 39 39 39 39 39 39 39 39 39 39 39 39 39 39 39 39 39 39 39 39 39 39 39;48 48 48 48 48 48 48 48 48 48 48 48 48 48 48 48 48 48 48 48 48 48 48 48 48 48 48 48 48 48 48 48 48 48 48 48 48 48 48;49 49 49 49 49 49 49 49 49 49 49 49 49 49 49 49 49 49 49 49 49 49 49 49 49 49 49 49 49 49 49 49 49 49 49 49 49 49 49;28 28 28 28 28 28 28 28 28 28 28 28 28 28 28 28 28 28 28 28 28 28 28 28 28 28 28 28 28 28 28 28 28 28 28 28 28 28 28;44 44 44 44 44 44 44 44 44 44 44 44 44 44 44 44 44 44 44 44 44 44 44 44 44 44 44 44 44 44 44 44 44 44 44 44 44 44 44;
Vmax;52 52 52 52 52 52 52 52 52 52 52 52 52 52 52 52 52 52 52 52 52 52 52 52 52 52 52 52 52 52 52 52 52 52 52 52 52 52 52;39 39 39 39 39 39 39 39 39 39 39 39 39 39 39 39 39 39 39 39 39 39 39 39 39 39 39 39 39 39 39 39 39 39 39 39 39 39 39;48 48 48 48 48 48 48 48 48 48 48 48 48 48 48 48 48 48 48 48 48 48 48 48 48 48 48 48 48 48 48 48 48 48 48 48 48 48 48;49 49 49 49 49 49 49 49 49 49 49 49 49 49 49 49 49 49 49 49 49 49 49 49 49 49 49 49 49 49 49 49 49 49 49 49 49 49 49;28 28 28 28 28 28 28 28 28 28 28 28 28 28 28 28 28 28 28 28 28 28 28 28 28 28 28 28 28 28 28 28 28 28 28 28 28 28 28;44 44 44 44 44 44 44 44 44 44 44 44 44 44 44 44 44 44 44 44 44 44 44 44 44 44 44 44 44 44 44 44 44 44 44 44 44 44 44;
d;3.000 18.767 3.000 12.910 3.000 15.575 3.000 3.803 3.000 18.881 3.000 10.990 3.000 7.414 3.000 5.738 3.000 15.600 3.000 19.568 3.000 18.779 3.000 5.989 3.000 4.366 3.000 3.903 3.000 13.091 3.000 5.818 3.000 31.147 3.000 15.392 3.000 21.210 3.000
S;1.1008151718156145 1.099853633354076 1.0930554010487006 1.0920938625871621 1.0871606727296741 1.0861991342681356 1.0762160541438066 1.0752545156822682 1.0733897043764611 1.0724281659149226 1.0682323548386539 1.0672708163771154 1.0660198701415045 1.065058331679966 1.0636590326126811 1.0626974941511427 1.0607778451751166 1.0598163067135782 1.0537973382431924 1.052835799781654 1.0465639051496651 1.0456023666881267 1.0406023576453132 1.0396408191837747 1.037801835838843 1.0368402973773045 1.0344638660945733 1.0335023276330348 1.029980044917689 1.0290185064561506 1.0229670225038177 1.0220054840422792 1.0207864301427247 1.0198248916811863 1.0148327841693301 1.0138712457077916 1.0097333682544385 1.0087718297929 1.0027568261269877 1.0017952876654492;2.2917173799686474 2.2904353286865966 2.2813710189460958 2.2800889676640446 2.2735113811873946 2.2722293299053433 2.258918556406238 2.2576365051241871 2.2551500900497774 2.2538680387677266 2.2482736239993679 2.2469915727173171 2.245323644403169 2.2440415931211177 2.2421758610314049 2.2408938097493536 2.2383342777813189 2.2370522264992676 2.2290269352054199 2.2277448839233691 2.2193823577473837 2.2181003064653324 2.2114336277415814 2.2101515764595301 2.207699598666288 2.2064175473842367 2.203248972340595 2.2019669210585437 2.1972705441047493 2.1959884928226985 2.1879198475529211 2.1866377962708703 2.1850123910714645 2.1837303397894132 2.1770741964402718 2.1757921451582205 2.170274975220416 2.1689929239383647 2.1609729190504816 2.1596908677684308;3.2106137628642171 3.20957209619755 3.2022073445333934 3.2011656778667268 3.1958213888544482 3.1947797221877816 3.1839647187197584 3.1829230520530918 3.180902839805134 3.1798611731384674 3.1753157111391763 3.1742740444725097 3.1729188527172645 3.1718771860505979 3.1703612787277056 3.169319612061039 3.1672399923370107 3.1661983256703441 3.1596777764940929 3.1586361098274263 3.1518415573094383 3.1507998906427717 3.1453832141797236 3.1443415475130569 3.1423493155560474 3.1413076488893807 3.1387331816664217 3.1376915149997546 3.1338757087247968 3.1328340420581302 3.1262782677764362 3.1252366011097696 3.1239159593852523 3.1228742927185857 3.1174661762474085 3.1164245095807415 3.1119418090062756 3.110900142339609 3.1043838883682038 3.1033422217015372;3.3661539401113516 3.3671154785728903 3.3736112514695717 3.3745727899311104 3.3787106673844636 3.3796722058460023 3.3846643133578587 3.3856258518193973 3.3868449057189518 3.3878064441804905 3.3938579281328236 3.3948194665943623 3.3983417493097079 3.3993032877712466 3.4016797190539783 3.4026412575155169 3.4044802408604489 3.4054417793219875 3.4104417883648006 3.4114033268263393 3.4176752214583286 3.4186367599198673 3.424655728390253 3.4256172668517917 3.4275369158278175 3.4284984542893562 3.429897753356641 3.4308592918181797 3.4321102380537907 3.4330717765153294 3.4372675875915983 3.438229126053137 3.4400939373589443 3.441055475820483 3.451038555944812 3.4520000944063507 3.4569332842638385 3.4578948227253772 3.4646930550307524 3.4656545934922911;5.0771477549763011 5.0784298062583533 5.0870908367872625 5.0883728880693138 5.0938900580071182 5.0951721092891695 5.1018282526383114 5.1031103039203627 5.1047357091197689 5.1060177604018211 5.114086405671598 5.1153684569536493 5.1200648339074446 5.1213468851894959 5.1245154602331384 5.1257975115151897 5.1282494893084323 5.1295315405904836 5.1361982193142355 5.1374802705962868 5.1458427967722722 5.1471248480543235 5.1551501393481711 5.1564321906302233 5.158991722598258 5.1602737738803093 5.1621395059700221 5.1634215572520743 5.1650894855662228 5.1663715368482741 5.1719659516166319 5.173248002898684 5.1757344179730929 5.177016469255145 5.1903272427542504 5.1916092940363017 5.1981868805129521 5.1994689317950042 5.2085332415355046 5.2098152928175558;5.3234965591074745 5.324538225774142 5.3315753130788801 5.3326169797455467 5.3370996803200121 5.3381413469866787 5.3435494634578573 5.3445911301245239 5.3459117718490416 5.3469534385157083 5.3535092127974027 5.3545508794640693 5.3583666857390275 5.3594083524056941 5.3619828196286532 5.3630244862953198 5.3650167182523294 5.366058384918996 5.3714750613820437 5.3725167280487103 5.3793112805666983 5.3803529472333649 5.3868734964096161 5.3879151630762827 5.3899947828003114 5.391036449466978 5.392552356789869 5.3935940234565356 5.3949492152117813 5.3959908818784479 5.4005363438777385 5.401578010544406 5.4035982227923638 5.4046398894590304 5.4154548929270536 5.4164965595937202 5.4218408486059984 5.422882515272665 5.4302472669368216 5.4312889336034882;
