m;7
n;14
P;39
P1;2 4 6 8 10 12 14 16 18 20 22 24 26 28 30 32 34 36 38
Q;40
M;100
h;1 1 1 1 1 1 1 1 1 1 1 1 1 1 1 1 1 1 1 1 1 1 1 1 1 1 1 1 1 1 1 1 1 1 1 1 1 1 1
Vmin;40 40 40 40 40 40 40 40 40 40 40 40 40 40 40 40 40 40 40 40 40 40 40 40 40 40 40 40 40 40 40 40 40 40 40 40 40 40 40;51 51 51 51 51 51 51 51 51 51 51 51 51 51 51 51 51 51 51 51 51 51 51 51 51 51 51 51 51 51 51 51 51 51 51 51 51 51 51;49 49 49 49 49 49 49 49 49 49 49 49 49 49 49 49 49 49 49 49 49 49 49 49 49 49 49 49 49 49 49 49 49 49 49 49 49 49 49;47 47 47 47 47 47 47 47 47 47 47 47 47 47 47 47 47 47 47 47 47 47 47 47 47 47 47 47 47 47 47 47 47 47 47 47 47 47 47;30 30 30 30 30 30 30 30 30 30 30 30 30 30 30 30 30 30 30 30 30 30 30 30 30 30 30 30 30 30 30 30 30 30 30 30 30 30 30;48 48 48 48 48 48 48 48 48 48 48 48 48 48 48 48 48 48 48 48 48 48 48 48 48 48 48 48 48 48 48 48 48 48 48 48 48 48 48;50 50 50 50 50 50 50 50 50 50 50 50 50 50 50 50 50 50 50 50 50 50 50 50 50 50 50 50 50 50 50 50 50 50 50 50 50 50 50;41 41 41 41 41 41 41 41 41 41 41 41 41 41 41 41 41 41 41 41 41 41 41 41 41 41 41 41 41 41 41 41 41 41 41 41 41 41 41;45 45 45 45 45 45 45 45 45 45 45 45 45 45 45 45 45 45 45 45 45 45 45 45 45 45 45 45 45 45 45 45 45 45 45 45 45 45 45;34 34 34 34 34 34 34 34 34 34 34 34 34 34 34 34 34 34 34 34 34 34 34 34 34 34 34 34 34 34 34 34 34 34 34 34 34 34 34;28 28 28 28 28 28 28 28 28 28 28 28 28 28 28 28 28 28 28 28 28 28 28 28 28 28 28 28 28 28 28 28 28 28 28 28 28 28 28;46 46 46 46 46 46 46 46 46 46 46 46 46 46 46 46 46 46 46 46 46 46 46 46 46 46 46 46 46 46 46 46 46 46 46 46 46 46 46;40 40 40 40 40 40 40 40 40 40 40 40 40 40 40 40 40 40 40 40 40 40 40 40 40 40 40 40 40 40 40 40 40 40 40 40 40 40 40;52 52 52 52 52 52 52 52 52 52 52 52 52 52 52 52 52 52 52 52 52 52 52 52 52 52 52 52 52 52 52 52 52 52 52 52 52 52 52;
Vmax;40 40 40 40 40 40 40 40 40 40 40 40 40 40 40 40 40 40 40 40 40 40 40 40 40 40 40 40 40 40 40 40 40 40 40 40 40 40 40;51 51 51 51 51 51 51 51 51 51 51 51 51 51 51 51 51 51 51 51 51 51 51 51 51 51 51 51 51 51 51 51 51 51 51 51 51 51 51;49 49 49 49 49 49 49 49 49 49 49 49 49 49 49 49 49 49 49 49 49 49 49 49 49 49 49 49 49 49 49 49 49 49 49 49 49 49 49;47 47 47 47 47 47 47 47 47 47 47 47 47 47 47 47 47 47 47 47 47 47 47 47 47 47 47 47 47 47 47 47 47 47 47 47 47 47 47;30 30 30 30 30 30 30 30 30 30 30 30 30 30 30 30 30 30 30 30 30 30 30 30 30 30 30 30 30 30 30 30 30 30 30 30 30 30 30;48 48 48 48 48 48 48 48 48 48 48 48 48 48 48 48 48 48 48 48 48 48 48 48 48 48 48 48 48 48 48 48 48 48 48 48 48 48 48;50 50 50 50 50 50 50 50 50 50 50 50 50 50 50 50 50 50 50 50 50 50 50 50 50 50 50 50 50 50 50 50 50 50 50 50 50 50 50;41 41 41 41 41 41 41 41 41 41 41 41 41 41 41 41 41 41 41 41 41 41 41 41 41 41 41 41 41 41 41 41 41 41 41 41 41 41 41;45 45 45 45 45 45 45 45 45 45 45 45 45 45 45 45 45 45 45 45 45 45 45 45 45 45 45 45 45 45 45 45 45 45 45 45 45 45 45;34 34 34 34 34 34 34 34 34 34 34 34 34 34 34 34 34 34 34 34 34 34 34 34 34 34 34 34 34 34 34 34 34 34 34 34 34 34 34;28 28 28 28 28 28 28 28 28 28 28 28 28 28 28 28 28 28 28 28 28 28 28 28 28 28 28 28 28 28 28 28 28 28 28 28 28 28 28;46 46 46 46 46 46 46 46 46 46 46 46 46 46 46 46 46 46 46 46 46 46 46 46 46 46 46 46 46 46 46 46 46 46 46 46 46 46 46;40 40 40 40 40 40 40 40 40 40 40 40 40 40 40 40 40 40 40 40 40 40 40 40 40 40 40 40 40 40 40 40 40 40 40 40 40 40 40;52 52 52 52 52 52 52 52 52 52 52 52 52 52 52 52 52 52 52 52 52 52 52 52 52 52 52 52 52 52 52 52 52 52 52 52 52 52 52;
d;3.000 34.038 3.000 52.708 3.000 16.938 3.000 4.379 3.000 7.401 3.000 4.383 3.000 3.562 3.000 4.336 3.000 7.880 3.000 9.238 3.000 6.305 3.000 20.135 3.000 6.962 3.000 32.231 3.000 8.349 3.000 4.840 3.000 12.533 3.000 20.619 3.000 8.951 3.000
S;8.1447245912061259 8.0697245912061266 7.8459598464770304 7.7709598464770302 7.2554929804022308 7.1804929804022306 6.8671559284890611 6.7921559284890609 6.6711450667243426 6.5961450667243424 6.3874090343367831 6.3124090343367829 5.5066287303193189 5.4316287303193187 5.257586129631985 5.1825861296319848 4.6792115610263236 4.6042115610263235 4.4465779554975766 4.3715779554975764 4.1406344960108123 4.0656344960108122 3.8686312427271914 3.7936312427271912 3.6852364691997033 3.6102364691997031 3.5211859872394284 3.4461859872394283 3.3366062176138178 3.2616062176138176 3.0765722062376053 3.0015722062376051 2.8921083858331125 2.8171083858331123 2.3936549179970807 2.3186549179970806 1.0009550643093057 0.92595506430930563 0.074999999999999997 0;7.3880192872204864 7.3291957578087219 7.153693997236882 7.0948704678251175 6.6905827297272351 6.6317592003154706 6.3860046497953373 6.3271811203835728 6.2322706405681076 6.1734471111563431 6.0097325759504141 5.9509090465386496 5.3189244943680896 5.2601009649563251 5.1235969644172394 5.0647734350054749 4.669969851785349 4.6111463223735845 4.4875121219588809 4.4286885925471164 4.2475564674594581 4.1887329380476936 4.0342205825311286 3.9753970531193641 3.8903815444703542 3.8315580150585897 3.7617144997956293 3.7028909703838648 3.6169460530304449 3.5581225236186804 3.4129978088138078 3.3541742794020433 3.2683203026142058 3.2094967732024413 2.8773764062722202 2.8185528768604557 1.7850627955367104 1.7262392661249457 1.0588235294117647 1;8.6487547683315356 8.5875302785356169 8.4048651807975805 8.3436406910016618 7.9228514125732543 7.8616269227773357 7.6058415742767886 7.54461708448087 7.4458327075300792 7.3846082177341605 7.2142114566014586 7.1529869668055399 6.495207126791283 6.4339826369953643 6.2919070445975409 6.2306825548016223 5.8197645396133275 5.7585400498174089 5.6298595555082276 5.5686350657123089 5.380109792661889 5.3188853028659704 5.158066320593627 5.0968418307977084 5.0083563013875141 4.9471318115915954 4.8744375406036164 4.8132130508076978 4.7237601776439337 4.6625356878480151 4.5114875152960048 4.4502630255000861 4.3609048047617245 4.2996803149658058 3.9540040146914941 3.8927795248955759 2.8171061749463715 2.7558816851504533 2.0612244897959182 2;9.9316805031541513 9.8678507159201079 9.6774126352996017 9.6135828480655583 9.1748876428955164 9.111057855661473 8.84438802424601 8.7805582370119666 8.677570269552632 8.6137404823185886 8.4360927951802402 8.3722630079461968 7.6864925364419721 7.6226627492079295 7.474541386920837 7.4107115996867945 6.9823077115117638 6.9184779242777212 6.7843216642532553 6.7204918770192128 6.5239442519240942 6.4601144646900517 6.2924521214699487 6.2286223342359062 6.1363714631486825 6.07254167591464 5.99675403169313 5.9329242444590875 5.8396648660543127 5.7758350788202701 5.6183593244575363 5.5545295372234937 5.4613688390069042 5.3975390517728616 5.0371531216996432 4.9733233344656007 3.8518766504760049 3.7880468632419624 3.0638297872340425 3;14.859632788274828 14.759632788274828 14.461279795302701 14.361279795302702 13.673990640536301 13.573990640536302 13.156207904652074 13.056207904652075 12.894860088965784 12.794860088965784 12.516545379115705 12.416545379115705 11.342171640425752 11.242171640425752 11.010114839509308 10.910114839509308 10.238948748035094 10.138948748035094 9.9287706073300974 9.8287706073300978 9.5208459946810784 9.4208459946810787 9.1581749903029177 9.0581749903029181 8.9136486255996008 8.8136486255996012 8.6949146496525689 8.5949146496525692 8.4488082901517547 8.3488082901517551 8.102096274983472 8.0020962749834723 7.8561445144441482 7.7561445144441485 7.1915398906627734 7.0915398906627738 5.334606752412407 5.2346067524124074 4.0999999999999996 4;11.78727049267177 11.72477049267177 11.53829987206419 11.47579987206419 11.046244150335191 10.983744150335191 10.722629940407549 10.660129940407549 10.559287555603616 10.496787555603616 10.322840861947316 10.260340861947316 9.5888572752660952 9.5263572752660952 9.3813217746933173 9.3188217746933173 8.8993429675219335 8.8368429675219335 8.7054816295813104 8.6429816295813104 8.4505287466756744 8.3880287466756744 8.2238593689393245 8.1613593689393245 8.0710303909997521 8.0085303909997521 7.9343216560328562 7.8718216560328562 7.7805051813448474 7.7180051813448474 7.5638101718646702 7.5013101718646702 7.4100903215275933 7.3475903215275933 6.994712431664234 6.932212431664234 5.834129220257755 5.771629220257755 5.0625 5;12.515779672964907 12.455779672964907 12.27676787718163 12.216767877181629 11.804394384321789 11.744394384321788 11.493724742791253 11.433724742791252 11.336916053379477 11.276916053379477 11.109927227469429 11.049927227469428 10.405302984255457 10.345302984255456 10.206068903705589 10.146068903705588 9.7433692488210593 9.6833692488210588 9.5572623643980616 9.4972623643980612 9.3125075968086506 9.2525075968086501 9.0949049941817535 9.034904994181753 8.9481891753597633 8.8881891753597628 8.8169487897915424 8.7569487897915419 8.6692849740910543 8.6092849740910538 8.4612577649900835 8.401257764990083 8.3136867086664896 8.2536867086664891 7.9149239343976632 7.8549239343976636 6.8007640514474437 6.7407640514474441 6.0599999999999996 6;0 0.074999999999999997 0.96345506430930561 1.0384550643093056 2.3561549179970807 2.4311549179970808 2.8546083858331124 2.9296083858331126 3.0390722062376052 3.1140722062376054 3.2991062176138177 3.3741062176138179 3.4836859872394283 3.5586859872394285 3.6477364691997032 3.7227364691997034 3.8311312427271913 3.9061312427271915 4.1031344960108118 4.178134496010812 4.4090779554975761 4.4840779554975763 4.6417115610263231 4.7167115610263233 5.2200861296319845 5.2950861296319847 5.4691287303193183 5.5441287303193185 6.3499090343367826 6.4249090343367827 6.6336450667243421 6.7086450667243422 6.8296559284890606 6.9046559284890607 7.2179929804022303 7.2929929804022304 7.8084598464770298 7.88345984647703 8.1072245912061263 8.1822245912061256;1 1.0588235294117647 1.755651030830828 1.8144745602425927 2.847964641566338 2.9067881709781025 3.2389085379083236 3.2977320673200881 3.3835860441079255 3.44240957351969 3.5875342883245627 3.6463578177363272 3.7323027350897471 3.7911262645015116 3.860969779764472 3.9197933091762365 4.0048088178252463 4.0636323472370108 4.2181447027535759 4.2769682321653404 4.4581003572529987 4.5169238866647632 4.6405580870794667 4.6993816164912312 5.0941851997113572 5.1530087291231217 5.2895127296622073 5.3483362590739718 5.9803208112445319 6.0391443406562964 6.2028588758622254 6.2616824052739899 6.3565928850894551 6.4154164145012196 6.6611709650213529 6.7199944944331174 7.1242822325309998 7.1831057619427643 7.3586075225146041 7.4174310519263686;2 2.0612244897959182 2.7864939300484126 2.8477184198443308 3.9233917697935352 3.9846162595894534 4.3302925598637652 4.3915170496596838 4.4808752703980455 4.5420997601939641 4.6931479327459744 4.7543724225418931 4.8438252957056571 4.9050497855015758 4.9777440564895548 5.0389685462854734 5.1274540756956677 5.1886785654915863 5.3494975477639297 5.4107220375598484 5.5992473106102683 5.6604718004061869 5.7891522947153682 5.8503767845112868 6.2612947996995816 6.3225192894955002 6.4645948818933237 6.5258193716892423 7.1835992117034992 7.2448237014994179 7.4152204626321199 7.4764449524280385 7.5752293293788293 7.636453819174748 7.892239167675295 7.9534636574712136 8.3742529358996212 8.4354774256955398 8.6181425234335762 8.6793670132294949;3 3.0638297872340425 3.8199617568589836 3.8837915440930262 5.0052382280826215 5.0690680153166641 5.4294539453898825 5.493283732623925 5.5864444308405146 5.6502742180745571 5.807749972437291 5.8715797596713335 5.9648391380761083 6.0286689253101509 6.1044565695316608 6.1682863567657034 6.260537227852927 6.3243670150869695 6.4920293583070725 6.555859145541115 6.7524067706362336 6.8162365578702762 6.9503928178947421 7.0142226051287846 7.4426264933038153 7.5064562805378579 7.6545776428249503 7.7184074300589929 8.4041779015632176 8.4680076887972611 8.6456553759356094 8.7094851631696528 8.8124731306289874 8.8763029178630308 9.1429727492784938 9.2068025365125372 9.6454977416825791 9.7093275289166225 9.8997656095371287 9.9635953967711721;4 4.0999999999999996 5.2846067524124072 5.3846067524124068 7.1415398906627736 7.2415398906627733 7.8061445144441484 7.906144514444148 8.0520962749834712 8.1520962749834709 8.398808290151754 8.4988082901517537 8.6449146496525682 8.7449146496525678 8.8636486255996001 8.9636486255995997 9.108174990302917 9.2081749903029166 9.4708459946810777 9.5708459946810773 9.8787706073300967 9.9787706073300964 10.188948748035093 10.288948748035093 10.960114839509307 11.060114839509307 11.292171640425751 11.392171640425751 12.466545379115704 12.566545379115704 12.844860088965783 12.944860088965783 13.106207904652074 13.206207904652073 13.6239906405363 13.7239906405363 14.411279795302701 14.5112797953027 14.809632788274827 14.909632788274827;5 5.0625 5.802879220257755 5.865379220257755 6.963462431664234 7.025962431664234 7.3788403215275933 7.4413403215275933 7.5325601718646702 7.5950601718646702 7.7492551813448474 7.8117551813448474 7.9030716560328562 7.9655716560328562 8.0397803909997521 8.1022803909997521 8.1926093689393245 8.2551093689393245 8.4192787466756744 8.4817787466756744 8.6742316295813104 8.7367316295813104 8.8680929675219335 8.9305929675219335 9.3500717746933173 9.4125717746933173 9.5576072752660952 9.6201072752660952 10.291590861947316 10.354090861947316 10.528037555603616 10.590537555603616 10.691379940407549 10.753879940407549 11.014994150335191 11.077494150335191 11.50704987206419 11.56954987206419 11.75602049267177 11.81852049267177;6 6.0599999999999996 6.7707640514474443 6.8307640514474439 7.8849239343976638 7.9449239343976634 8.2836867086664885 8.343686708666489 8.4312577649900824 8.4912577649900829 8.6392849740910531 8.6992849740910536 8.7869487897915413 8.8469487897915418 8.9181891753597604 8.9781891753597609 9.0649049941817506 9.1249049941817511 9.2825075968086477 9.3425075968086482 9.5272623643980587 9.5872623643980592 9.7133692488210563 9.7733692488210568 10.176068903705586 10.236068903705586 10.375302984255454 10.435302984255454 11.079927227469426 11.139927227469427 11.306916053379474 11.366916053379475 11.46372474279125 11.52372474279125 11.774394384321786 11.834394384321786 12.246767877181627 12.306767877181628 12.485779672964904 12.545779672964905;
