m;3
n;6
P;39
P1;2 4 6 8 10 12 14 16 18 20 22 24 26 28 30 32 34 36 38
Q;40
M;100
h;1 1 1 1 1 1 1 1 1 1 1 1 1 1 1 1 1 1 1 1 1 1 1 1 1 1 1 1 1 1 1 1 1 1 1 1 1 1 1
Vmin;47 47 47 47 47 47 47 47 47 47 47 47 47 47 47 47 47 47 47 47 47 47 47 47 47 47 47 47 47 47 47 47 47 47 47 47 47 47 47;52 52 52 52 52 52 52 52 52 52 52 52 52 52 52 52 52 52 52 52 52 52 52 52 52 52 52 52 52 52 52 52 52 52 52 52 52 52 52;43 43 43 43 43 43 43 43 43 43 43 43 43 43 43 43 43 43 43 43 43 43 43 43 43 43 43 43 43 43 43 43 43 43 43 43 43 43 43;37 37 37 37 37 37 37 37 37 37 37 37 37 37 37 37 37 37 37 37 37 37 37 37 37 37 37 37 37 37 37 37 37 37 37 37 37 37 37;34 34 34 34 34 34 34 34 34 34 34 34 34 34 34 34 34 34 34 34 34 34 34 34 34 34 34 34 34 34 34 34 34 34 34 34 34 34 34;28 28 28 28 28 28 28 28 28 28 28 28 28 28 28 28 28 28 28 28 28 28 28 28 28 28 28 28 28 28 28 28 28 28 28 28 28 28 28;
Vmax;47 47 47 47 47 47 47 47 47 47 47 47 47 47 47 47 47 47 47 47 47 47 47 47 47 47 47 47 47 47 47 47 47 47 47 47 47 47 47;52 52 52 52 52 52 52 52 52 52 52 52 52 52 52 52 52 52 52 52 52 52 52 52 52 52 52 52 52 52 52 52 52 52 52 52 52 52 52;43 43 43 43 43 43 43 43 43 43 43 43 43 43 43 43 43 43 43 43 43 43 43 43 43 43 43 43 43 43 43 43 43 43 43 43 43 43 43;37 37 37 37 37 37 37 37 37 37 37 37 37 37 37 37 37 37 37 37 37 37 37 37 37 37 37 37 37 37 37 37 37 37 37 37 37 37 37;34 34 34 34 34 34 34 34 34 34 34 34 34 34 34 34 34 34 34 34 34 34 34 34 34 34 34 34 34 34 34 34 34 34 34 34 34 34 34;28 28 28 28 28 28 28 28 28 28 28 28 28 28 28 28 28 28 28 28 28 28 28 28 28 28 28 28 28 28 28 28 28 28 28 28 28 28 28;
d;3.000 18.981 3.000 7.393 3.000 31.405 3.000 3.575 3.000 3.837 3.000 9.282 3.000 21.767 3.000 3.405 3.000 38.753 3.000 11.880 3.000 6.577 3.000 21.310 3.000 21.288 3.000 14.886 3.000 34.490 3.000 20.712 3.000 15.052 3.000 19.590 3.000 3.629 3.000
S;7.8257553509197502 7.7619255636857076 7.6847190892367703 7.6208893020027277 7.2040889060996491 7.1402591188656066 6.8199986105709423 6.7561688233368997 6.3154887694361515 6.2516589822021089 5.5178214540797725 5.45399166684573 5.1372785357647146 5.0734487485306721 4.6205176724259438 4.5566878851919013 4.1032754923084731 4.0394457050744306 3.8995193887389754 3.8356896015049329 3.582920198722042 3.5190904114879995 2.6945511048266386 2.6307213175925961 2.5582798848887842 2.4944500976547417 2.0313295450928854 1.9674997578588427 1.770012940252393 1.7061831530183504 1.6245344026769515 1.5607046154429089 1.4846466924466122 1.4208169052125696 0.75263340454211414 0.6888036173080716 0.5315015991201727 0.46767181188613011 0.063829787234042548 0;8.0732788748697715 8.0155865671774631 7.9458037921947691 7.8881114845024616 7.5113880497439096 7.4536957420516021 7.1642295134006559 7.1065372057083485 6.7082302339134419 6.6505379262211344 5.9872616988797924 5.9295693911874849 5.6433094457873363 5.5856171380950288 5.1762371270003706 5.1185448193080632 4.7087297718941956 4.6510374642018881 4.5245656013602265 4.466873293667919 4.2384086411526134 4.1807163334603059 3.4354596524394605 3.377767344747153 3.3122914344187073 3.2545991267263998 2.8360093965262605 2.778317088833953 2.5998193883050464 2.542127080612739 2.4683291716503208 2.4106368639580134 2.3418922027882836 2.2841998950959761 1.6802648079515261 1.6225725002592184 1.4803956761278483 1.4227033684355406 1.0576923076923077 1;10.553732592865776 10.483965151005311 10.399576678933217 10.329809237072752 9.8742367113182237 9.8044692694577584 9.4544170859728922 9.384649644112427 8.9029760968255633 8.8332086549650981 8.031107170738359 7.9613397288778938 7.6151649111846904 7.5453974693242252 7.0503332698609169 6.9805658280004517 6.4849755381046119 6.4152080962441467 6.262265378389114 6.1924979365286488 5.9162151009287447 5.8464476590682795 4.9452070215546984 4.8754395796942331 4.7962594090644854 4.7264919672040202 4.2202904330085032 4.1505229911480379 3.9346653067874997 3.8648978649270345 3.7756538819957379 3.7058864401352727 3.6227533615114136 3.5529859196509483 2.8226458142669619 2.7528783724064967 2.5809436083406538 2.5111761664801886 2.0697674418604652 2;0 0.063829787234042548 0.49958670550315137 0.56341649273719396 0.72071851092509287 0.7845482981591354 1.4527317988295909 1.5165615860636334 1.5926195090599302 1.6564492962939728 1.7380980466353717 1.8019278338694142 1.9994146514758639 2.0632444387099067 2.5263649912717629 2.5901947785058055 2.6626362112096178 2.7264659984436603 3.5510053051050212 3.6148350923390637 3.8676044951219546 3.9314342823559971 4.0713605986914523 4.1351903859254948 4.588602778808923 4.6524325660429655 5.1053636421476938 5.1691934293817363 5.4859065604627517 5.5497363476967942 6.2835738758191297 6.3474036630531723 6.7880837169539205 6.8519135041879631 7.1721740124826274 7.23600379971667 7.6528041956197486 7.7166339828537911 7.7938404573027285 7.857670244536771;1 1.0576923076923077 1.4515495222816945 1.5092418299740022 1.6514186541053724 1.7091109617976801 2.3130460489421303 2.3707383566344378 2.4394830178041675 2.497175325496475 2.5709732344588931 2.6286655421512006 2.8071632426801072 2.8648555503724147 3.283445280572554 3.3411375882648615 3.4066134985933072 3.4643058062856147 4.2095624873064601 4.2672547949987676 4.4957194475140732 4.5534117552063806 4.6798836180480423 4.7375759257403498 5.1473909731542173 5.2050832808465248 5.614463291941183 5.6721555996334905 5.9584155450336391 6.0161078527259466 6.6793840800672886 6.7370763877595961 7.1353833595545026 7.1930756672468101 7.4825418958977563 7.5402342035900638 7.9169576383486158 7.9746499460409233 8.0444327210236164 8.1021250287159248;2 2.0697674418604652 2.5460598874104212 2.6158273292708865 2.7877620933367293 2.8575295351971945 3.587869640581181 3.6576370824416462 3.7407701610655053 3.8105376029259705 3.8997815858572671 3.9695490277177323 4.1854067120782705 4.2551741539387358 4.7613756881342528 4.8311431299947181 4.9103233006244658 4.980090742484931 5.8813313799985121 5.9510988218589773 6.2273816574588814 6.2971490993193466 6.4500918171743793 6.5198592590348445 7.0154495489306843 7.0852169907911495 7.5802811902544578 7.650048632114923 7.9962234498081264 8.0659908916685907 8.8680923758953298 8.9378598177557951 9.4195333650426587 9.4893008069031239 9.8393529903879902 9.9091204322484554 10.364692958002983 10.434460399863449 10.518848871935543 10.588616313796008;
