m;5
n;10
P;39
P1;2 4 6 8 10 12 14 16 18 20 22 24 26 28 30 32 34 36 38
Q;40
M;100
h;1 1 1 1 1 1 1 1 1 1 1 1 1 1 1 1 1 1 1 1 1 1 1 1 1 1 1 1 1 1 1 1 1 1 1 1 1 1 1
Vmin;52 52 52 52 52 52 52 52 52 52 52 52 52 52 52 52 52 52 52 52 52 52 52 52 52 52 52 52 52 52 52 52 52 52 52 52 52 52 52;33 33 33 33 33 33 33 33 33 33 33 33 33 33 33 33 33 33 33 33 33 33 33 33 33 33 33 33 33 33 33 33 33 33 33 33 33 33 33;48 48 48 48 48 48 48 48 48 48 48 48 48 48 48 48 48 48 48 48 48 48 48 48 48 48 48 48 48 48 48 48 48 48 48 48 48 48 48;40 40 40 40 40 40 40 40 40 40 40 40 40 40 40 40 40 40 40 40 40 40 40 40 40 40 40 40 40 40 40 40 40 40 40 40 40 40 40;47 47 47 47 47 47 47 47 47 47 47 47 47 47 47 47 47 47 47 47 47 47 47 47 47 47 47 47 47 47 47 47 47 47 47 47 47 47 47;36 36 36 36 36 36 36 36 36 36 36 36 36 36 36 36 36 36 36 36 36 36 36 36 36 36 36 36 36 36 36 36 36 36 36 36 36 36 36;43 43 43 43 43 43 43 43 43 43 43 43 43 43 43 43 43 43 43 43 43 43 43 43 43 43 43 43 43 43 43 43 43 43 43 43 43 43 43;28 28 28 28 28 28 28 28 28 28 28 28 28 28 28 28 28 28 28 28 28 28 28 28 28 28 28 28 28 28 28 28 28 28 28 28 28 28 28;36 36 36 36 36 36 36 36 36 36 36 36 36 36 36 36 36 36 36 36 36 36 36 36 36 36 36 36 36 36 36 36 36 36 36 36 36 36 36;44 44 44 44 44 44 44 44 44 44 44 44 44 44 44 44 44 44 44 44 44 44 44 44 44 44 44 44 44 44 44 44 44 44 44 44 44 44 44;
Vmax;52 52 52 52 52 52 52 52 52 52 52 52 52 52 52 52 52 52 52 52 52 52 52 52 52 52 52 52 52 52 52 52 52 52 52 52 52 52 52;33 33 33 33 33 33 33 33 33 33 33 33 33 33 33 33 33 33 33 33 33 33 33 33 33 33 33 33 33 33 33 33 33 33 33 33 33 33 33;48 48 48 48 48 48 48 48 48 48 48 48 48 48 48 48 48 48 48 48 48 48 48 48 48 48 48 48 48 48 48 48 48 48 48 48 48 48 48;40 40 40 40 40 40 40 40 40 40 40 40 40 40 40 40 40 40 40 40 40 40 40 40 40 40 40 40 40 40 40 40 40 40 40 40 40 40 40;47 47 47 47 47 47 47 47 47 47 47 47 47 47 47 47 47 47 47 47 47 47 47 47 47 47 47 47 47 47 47 47 47 47 47 47 47 47 47;36 36 36 36 36 36 36 36 36 36 36 36 36 36 36 36 36 36 36 36 36 36 36 36 36 36 36 36 36 36 36 36 36 36 36 36 36 36 36;43 43 43 43 43 43 43 43 43 43 43 43 43 43 43 43 43 43 43 43 43 43 43 43 43 43 43 43 43 43 43 43 43 43 43 43 43 43 43;28 28 28 28 28 28 28 28 28 28 28 28 28 28 28 28 28 28 28 28 28 28 28 28 28 28 28 28 28 28 28 28 28 28 28 28 28 28 28;36 36 36 36 36 36 36 36 36 36 36 36 36 36 36 36 36 36 36 36 36 36 36 36 36 36 36 36 36 36 36 36 36 36 36 36 36 36 36;44 44 44 44 44 44 44 44 44 44 44 44 44 44 44 44 44 44 44 44 44 44 44 44 44 44 44 44 44 44 44 44 44 44 44 44 44 44 44;
d;3.000 26.326 3.000 8.336 3.000 3.148 3.000 5.675 3.000 24.533 3.000 43.924 3.000 3.493 3.000 18.242 3.000 29.914 3.000 10.133 3.000 28.995 3.000 5.638 3.000 36.196 3.000 5.856 3.000 23.649 3.000 35.968 3.000 26.986 3.000 10.354 3.000 33.941 3.000
S;8.4867043724072158 8.4290120647149074 7.7763033147528864 7.7186110070605789 7.5194929831716033 7.4618006754792958 6.9428367804833728 6.8851444727910653 6.1934485584741577 6.1357562507818502 5.6809762954752845 5.623283987782977 5.5106679341455846 5.4529756264532772 4.7569014343206559 4.6992091266283484 4.5907802858072957 4.5330879781149882 3.9754859942525069 3.9177936865601994 3.7229307979243029 3.6652384902319954 3.0899632106117552 3.0322709029194477 2.6814716227386839 2.6237793150463764 2.5566000189298603 2.4989077112375528 1.6542200039400381 1.5965276962477304 1.124733950498858 1.0670416428065503 0.95790423835230143 0.90021193065999372 0.83966843426014104 0.78197612656783333 0.62166269009496178 0.56397038240265407 0.057692307692307696 0;14.372988708035622 14.282079617126531 13.253568859610619 13.162659768701527 12.848898034088597 12.757988943179505 11.94022765409502 11.849318563185928 10.759373486080499 10.668464395171407 9.9518414352943942 9.8609323443853025 9.6834767447142589 9.5925676538051672 8.4957234722628563 8.4048143813537646 8.2339568139993773 8.1430477230902856 7.2644021727615273 7.1734930818524365 6.8664364088504177 6.7755273179413269 5.8690329379336754 5.7781238470245846 5.2253492237094417 5.1344401328003508 5.0285818480106892 4.9376727571015984 3.6066497031782414 3.5157406122691506 2.7723080432103213 2.6813989523012305 2.5094248604339291 2.4185157695248383 2.3231138964099189 2.2322048055008281 1.97958969348297 1.8886806025738792 1.0909090909090908 1;11.193929736774489 11.131429736774489 10.424328590982299 10.361828590982299 10.146117398435909 10.083617398435909 9.5214065121903246 9.4589065121903246 8.7095692716803406 8.6470692716803406 8.1543909867648932 8.0918909867648932 7.9698902619910514 7.9073902619910514 7.1533098871807121 7.0908098871807121 6.9733453096245714 6.9108453096245714 6.3067764937735502 6.2442764937735502 6.0331750310846619 5.9706750310846619 5.3474601448294017 5.2849601448294017 4.9049275913002406 4.8424275913002406 4.7696500205073482 4.7071500205073482 3.7920716709350408 3.7295716709350408 3.2184617797070958 3.1559617797070958 3.0377295915483264 2.9752295915483264 2.9096408037818193 2.8471408037818193 2.6734679142695419 2.6109679142695419 2.0625 2;14.032715684129375 13.957715684129376 13.109194309178749 13.03419430917875 12.775340878123082 12.700340878123082 12.025687814628382 11.950687814628383 11.051483126016404 10.976483126016404 10.385269184117869 10.310269184117869 10.163868314389259 10.088868314389259 9.1839718646168524 9.1089718646168532 8.9680143715494847 8.8930143715494854 8.1681317925282606 8.0931317925282613 7.8398100373015964 7.7648100373015962 7.0169521737952838 6.9419521737952836 6.4859131095602907 6.4109131095602905 6.3235800246088196 6.2485800246088194 5.1504860051220502 5.0754860051220501 4.4621541356485164 4.3871541356485162 4.2452755098579926 4.1702755098579924 4.0915689645381841 4.0165689645381839 3.8081614971234505 3.7331614971234504 3.0750000000000002 3;13.389545263088845 13.325715475854802 12.603569624832991 12.539739837598948 12.319439045211146 12.255609257977103 11.681436437981613 11.61760665074757 10.852326064694822 10.788496277460778 10.285335475845002 10.221505688610959 10.096909203735546 10.033079416501502 9.2629547783973258 9.1991249911632824 9.0791611672761601 9.0153313800421166 8.3984100361942655 8.3345802489602221 8.1189872657885918 8.0551574785545483 7.4186827011023686 7.3548529138683261 6.9667345613279066 6.902904774093864 6.8285787443479311 6.7647489571138886 5.8302008554230209 5.7663710681889784 5.2443864984242685 5.180556711190226 5.0598089445599932 4.9959791573259507 4.9289948634367517 4.8651650762027092 4.6877970188284683 4.6239672315944258 4.0638297872340425 4;0 0.057692307692307696 0.59281653624880792 0.65050884394111563 0.81082228041398707 0.86851458810629478 0.92905808450614746 0.98675039219845517 1.0958877966527041 1.1535801043450118 1.6253738500938841 1.6830661577861918 2.5277538650837066 2.5854461727760141 2.6526254688925301 2.7103177765848376 3.0611170567656014 3.1188093644579089 3.6940846440781492 3.7517769517704567 3.9466398404063532 4.0043321480986611 4.5619341319611415 4.619626439653449 4.7280552804745017 4.7857475881668092 5.4818217802994305 5.5395140879917379 5.6521301416291303 5.7098224493214378 6.1646024046280035 6.2222947123203109 6.9139906266372186 6.9716829343295261 7.4906468293254491 7.5483391370177566 7.7474571609067322 7.8051494685990397 8.4578582185610607 8.5155505262533691;1 1.0909090909090908 1.9341351480284246 2.0250442389375154 2.2776593509553735 2.3685684418644644 2.4639703149793837 2.5548794058884745 2.7268534977557759 2.8177625886648667 3.561195157723696 3.6521042486327868 4.9831273025561433 5.0740363934652342 5.1798946782548958 5.2708037691639866 5.8235783924791296 5.9144874833882204 6.8209818633958719 6.9118909543049627 7.2189476273069815 7.3098567182160723 8.1885022685448305 8.2794113594539223 8.4502689268083095 8.5411780177174013 9.6380221992597122 9.7289312901688039 9.9063868898398475 9.9972959807489392 10.713918940625952 10.804828031535044 11.894773108640473 11.985682199549565 12.80344348863405 12.894352579543142 13.208114314156072 13.299023405065164 14.327534162581076 14.418443253490167;2 2.0625 2.6422179142695419 2.7047179142695419 2.8783908037818193 2.9408908037818193 3.0064795915483264 3.0689795915483264 3.1872117797070958 3.2497117797070958 3.7608216709350408 3.8233216709350408 4.7384000205073482 4.8009000205073482 4.8736775913002406 4.9361775913002406 5.3162101448294017 5.3787101448294017 6.0019250310846619 6.0644250310846619 6.2755264937735502 6.3380264937735502 6.9420953096245714 7.0045953096245714 7.1220598871807121 7.1845598871807121 7.9386402619910514 8.0011402619910506 8.1231409867648932 8.1856409867648932 8.6783192716803406 8.7408192716803406 9.4901565121903246 9.5526565121903246 10.114867398435909 10.177367398435909 10.393078590982299 10.455578590982299 11.162679736774489 11.225179736774489;3 3.0750000000000002 3.7706614971234504 3.8456614971234506 4.0540689645381836 4.1290689645381837 4.2077755098579921 4.2827755098579923 4.4246541356485158 4.499654135648516 5.1129860051220497 5.1879860051220499 6.2860800246088191 6.3610800246088193 6.4484131095602901 6.5234131095602903 6.9794521737952833 7.0544521737952834 7.8023100373015959 7.8773100373015961 8.130631792528261 8.2056317925282602 8.930514371549485 9.0055143715494843 9.1464718646168528 9.2214718646168521 10.126368314389259 10.201368314389258 10.347769184117869 10.422769184117868 11.013983126016404 11.088983126016403 11.988187814628382 12.063187814628382 12.737840878123082 12.812840878123081 13.071694309178749 13.146694309178748 13.995215684129377 14.070215684129376;4 4.0638297872340425 4.6558821252114466 4.7197119124454892 4.89707996981973 4.9609097570537726 5.0278940509429715 5.091723838177014 5.2124716048072468 5.2763013920412893 5.7982859618059992 5.8621157490400417 6.7966638507309094 6.8604936379649519 6.9348196677108849 6.9986494549449274 7.3867678074853469 7.4505975947193894 8.0870723721715692 8.1509021594056126 8.3664951425772429 8.4303249298112863 9.0472462736591375 9.1110760608931809 9.2310398847803032 9.2948696720143467 10.064994310118523 10.128824097352567 10.25342058222798 10.317250369462023 10.820411171077799 10.884240958311842 11.649521544364591 11.713351331598634 12.287524151594123 12.351353938828167 12.571654731215968 12.635484518450012 13.357630369471822 13.421460156705866;
