m;8
n;16
P;39
P1;2 4 6 8 10 12 14 16 18 20 22 24 26 28 30 32 34 36 38
Q;40
M;100
h;1 1 1 1 1 1 1 1 1 1 1 1 1 1 1 1 1 1 1 1 1 1 1 1 1 1 1 1 1 1 1 1 1 1 1 1 1 1 1
Vmin;43 43 43 43 43 43 43 43 43 43 43 43 43 43 43 43 43 43 43 43 43 43 43 43 43 43 43 43 43 43 43 43 43 43 43 43 43 43 43;51 51 51 51 51 51 51 51 51 51 51 51 51 51 51 51 51 51 51 51 51 51 51 51 51 51 51 51 51 51 51 51 51 51 51 51 51 51 51;49 49 49 49 49 49 49 49 49 49 49 49 49 49 49 49 49 49 49 49 49 49 49 49 49 49 49 49 49 49 49 49 49 49 49 49 49 49 49;34 34 34 34 34 34 34 34 34 34 34 34 34 34 34 34 34 34 34 34 34 34 34 34 34 34 34 34 34 34 34 34 34 34 34 34 34 34 34;37 37 37 37 37 37 37 37 37 37 37 37 37 37 37 37 37 37 37 37 37 37 37 37 37 37 37 37 37 37 37 37 37 37 37 37 37 37 37;40 40 40 40 40 40 40 40 40 40 40 40 40 40 40 40 40 40 40 40 40 40 40 40 40 40 40 40 40 40 40 40 40 40 40 40 40 40 40;42 42 42 42 42 42 42 42 42 42 42 42 42 42 42 42 42 42 42 42 42 42 42 42 42 42 42 42 42 42 42 42 42 42 42 42 42 42 42;44 44 44 44 44 44 44 44 44 44 44 44 44 44 44 44 44 44 44 44 44 44 44 44 44 44 44 44 44 44 44 44 44 44 44 44 44 44 44;50 50 50 50 50 50 50 50 50 50 50 50 50 50 50 50 50 50 50 50 50 50 50 50 50 50 50 50 50 50 50 50 50 50 50 50 50 50 50;52 52 52 52 52 52 52 52 52 52 52 52 52 52 52 52 52 52 52 52 52 52 52 52 52 52 52 52 52 52 52 52 52 52 52 52 52 52 52;43 43 43 43 43 43 43 43 43 43 43 43 43 43 43 43 43 43 43 43 43 43 43 43 43 43 43 43 43 43 43 43 43 43 43 43 43 43 43;45 45 45 45 45 45 45 45 45 45 45 45 45 45 45 45 45 45 45 45 45 45 45 45 45 45 45 45 45 45 45 45 45 45 45 45 45 45 45;44 44 44 44 44 44 44 44 44 44 44 44 44 44 44 44 44 44 44 44 44 44 44 44 44 44 44 44 44 44 44 44 44 44 44 44 44 44 44;38 38 38 38 38 38 38 38 38 38 38 38 38 38 38 38 38 38 38 38 38 38 38 38 38 38 38 38 38 38 38 38 38 38 38 38 38 38 38;28 28 28 28 28 28 28 28 28 28 28 28 28 28 28 28 28 28 28 28 28 28 28 28 28 28 28 28 28 28 28 28 28 28 28 28 28 28 28;45 45 45 45 45 45 45 45 45 45 45 45 45 45 45 45 45 45 45 45 45 45 45 45 45 45 45 45 45 45 45 45 45 45 45 45 45 45 45;
Vmax;43 43 43 43 43 43 43 43 43 43 43 43 43 43 43 43 43 43 43 43 43 43 43 43 43 43 43 43 43 43 43 43 43 43 43 43 43 43 43;51 51 51 51 51 51 51 51 51 51 51 51 51 51 51 51 51 51 51 51 51 51 51 51 51 51 51 51 51 51 51 51 51 51 51 51 51 51 51;49 49 49 49 49 49 49 49 49 49 49 49 49 49 49 49 49 49 49 49 49 49 49 49 49 49 49 49 49 49 49 49 49 49 49 49 49 49 49;34 34 34 34 34 34 34 34 34 34 34 34 34 34 34 34 34 34 34 34 34 34 34 34 34 34 34 34 34 34 34 34 34 34 34 34 34 34 34;37 37 37 37 37 37 37 37 37 37 37 37 37 37 37 37 37 37 37 37 37 37 37 37 37 37 37 37 37 37 37 37 37 37 37 37 37 37 37;40 40 40 40 40 40 40 40 40 40 40 40 40 40 40 40 40 40 40 40 40 40 40 40 40 40 40 40 40 40 40 40 40 40 40 40 40 40 40;42 42 42 42 42 42 42 42 42 42 42 42 42 42 42 42 42 42 42 42 42 42 42 42 42 42 42 42 42 42 42 42 42 42 42 42 42 42 42;44 44 44 44 44 44 44 44 44 44 44 44 44 44 44 44 44 44 44 44 44 44 44 44 44 44 44 44 44 44 44 44 44 44 44 44 44 44 44;50 50 50 50 50 50 50 50 50 50 50 50 50 50 50 50 50 50 50 50 50 50 50 50 50 50 50 50 50 50 50 50 50 50 50 50 50 50 50;52 52 52 52 52 52 52 52 52 52 52 52 52 52 52 52 52 52 52 52 52 52 52 52 52 52 52 52 52 52 52 52 52 52 52 52 52 52 52;43 43 43 43 43 43 43 43 43 43 43 43 43 43 43 43 43 43 43 43 43 43 43 43 43 43 43 43 43 43 43 43 43 43 43 43 43 43 43;45 45 45 45 45 45 45 45 45 45 45 45 45 45 45 45 45 45 45 45 45 45 45 45 45 45 45 45 45 45 45 45 45 45 45 45 45 45 45;44 44 44 44 44 44 44 44 44 44 44 44 44 44 44 44 44 44 44 44 44 44 44 44 44 44 44 44 44 44 44 44 44 44 44 44 44 44 44;38 38 38 38 38 38 38 38 38 38 38 38 38 38 38 38 38 38 38 38 38 38 38 38 38 38 38 38 38 38 38 38 38 38 38 38 38 38 38;28 28 28 28 28 28 28 28 28 28 28 28 28 28 28 28 28 28 28 28 28 28 28 28 28 28 28 28 28 28 28 28 28 28 28 28 28 28 28;45 45 45 45 45 45 45 45 45 45 45 45 45 45 45 45 45 45 45 45 45 45 45 45 45 45 45 45 45 45 45 45 45 45 45 45 45 45 45;
d;3.000 4.438 3.000 21.017 3.000 38.042 3.000 5.673 3.000 12.295 3.000 26.716 3.000 4.762 3.000 3.588 3.000 18.596 3.000 31.482 3.000 8.611 3.000 6.983 3.000 8.694 3.000 10.955 3.000 14.452 3.000 4.003 3.000 17.210 3.000 19.540 3.000 20.781 3.000
S;7.8566485018579684 7.7868810599975031 7.3036105591205258 7.2338431172600606 6.7794176997564763 6.7096502578960111 6.3094181566780208 6.2396507148175555 6.1465691805909195 6.0768017387304543 5.7407177398880567 5.6709502980275914 5.4161875304604328 5.3464200885999675 5.1442362102769419 5.0744687684164766 4.9120801159953924 4.8423126741349272 4.6420575365491699 4.5722900946887046 3.8401513861707244 3.7703839443102591 3.3379112997398206 3.2681438578793554 3.1847072509146761 3.1149398090542109 3.0041998277400923 2.9344323858796271 2.3131199792139157 2.2433525373534504 1.9574268269259134 1.8876593850654484 1.7557278433045289 1.6859604014440639 0.80127416779831917 0.73150672593785404 0.24274729558245428 0.17297985372198915 0.069767441860465115 0;7.6242330505861267 7.5654095211743622 7.1579461576898513 7.0991226282780868 6.7159796292064371 6.6571560997946726 6.3197055046500932 6.2608819752383287 6.1824014659884199 6.1235779365766554 5.8402129963762022 5.7813894669644377 5.5665894864666372 5.5077659570548727 5.337297196900165 5.2784736674884005 5.1415577448588587 5.0827342154470943 4.9138916484630242 4.8550681190512597 4.2377746981439426 4.1789511687321781 3.8143173703688666 3.7554938409571021 3.6851453292025687 3.6263217997908042 3.532952795937724 3.4741292665259595 2.9502776295333009 2.8914541001215364 2.65037948152577 2.5915559521140055 2.4803195541587204 2.4214960247469559 1.6755841022613278 1.6167605728495631 1.2046692884322654 1.1458457590205007 1.0588235294117647 1;8.8946099097937275 8.8333854199978088 8.4092908988200534 8.3480664090241348 7.9492849201944598 7.8880604303985411 7.5368363415745909 7.4756118517786723 7.3939280564369305 7.3327035666410119 7.0377727105140098 6.9765482207180911 6.752980894077524 6.6917564042816053 6.5143297355491541 6.4531052457532354 6.3106009181184062 6.2493764283224875 6.073642327992129 6.0124178381962103 5.3699287674559422 5.3087042776600235 4.9291874671186182 4.8679629773226996 4.79474309774145 4.7335186079455314 4.6363386243433462 4.5751141345474275 4.0298807980856806 3.9686563082897623 3.7177419093431481 3.6565174195472299 3.5407407604509129 3.4795162706549947 2.7031589635781166 2.6419344737821984 2.2130231369397046 2.1517986471437864 2.0612244897959182 2;12.93634957587919 12.848114281761543 12.236919236534778 12.148683942417131 11.573969443809657 11.485734149692011 10.979558256975141 10.891322962857494 10.77360219898263 10.685366904864983 10.260319494564303 10.172084200446657 9.8498842296999563 9.7616489355823095 9.5059457953502484 9.4177105012326017 9.2123366172882886 9.1241013231706418 8.8708374726945358 8.7826021785768891 7.8566620472159139 7.7684267530982671 7.2214760555533006 7.1332407614356539 7.0277179938038534 6.9394826996862067 6.7994291939065867 6.71119389978894 5.9254164442999517 5.837181150182305 5.4755692222886552 5.3873339281710084 5.2204793312380806 5.1322440371204339 4.0133761533919916 3.9251408592743449 3.3070039326483984 3.2187686385307512 3.0882352941176472 3;13.130699610267362 13.049618529186281 12.487979838977902 12.406898757896821 11.878782732149412 11.797701651068332 11.332567046950127 11.251485965869046 11.143310128794846 11.062229047713766 10.671644940950978 10.590563859869897 10.294488211075633 10.213407129994552 9.9784366768083324 9.8973555957272517 9.7086336483189655 9.6275525672378848 9.394823623557139 9.3137425424760583 8.4628786379821896 8.3817975569011089 7.8791942132111394 7.7981131321300587 7.7011462645765123 7.6200651834954316 7.4913673673736181 7.4102862862925374 6.6882205163837378 6.6071394353026571 6.2748473934544382 6.1937663123733575 6.0404404665430995 5.9593593854620188 4.9312105193331801 4.8501294382520994 4.2821117218931217 4.201030640812041 4.0810810810810807 4;13.445897139497305 13.370897139497306 12.851381351054554 12.776381351054555 12.287874027238201 12.212874027238202 11.782624518428863 11.707624518428863 11.60756186913523 11.532561869135231 11.171271570379654 11.096271570379654 10.82240159524496 10.747401595244961 10.530053926047708 10.455053926047709 10.280486124695043 10.205486124695044 9.9902118517903542 9.9152118517903549 9.1281627401335257 9.0531627401335264 8.588254647220305 8.5132546472203057 8.4235602947332762 8.3485602947332769 8.2295148148206003 8.154514814820601 7.4866039776549602 7.41160397765496 7.1042338389453574 7.0292338389453572 6.8874074315523686 6.8124074315523684 5.8613697303831929 5.7863697303831927 5.2609533427511384 5.1859533427511382 5.0750000000000002 5;14.043711561426012 13.97228298999744 13.477506048623392 13.40607747719482 12.940832406893533 12.869403835464961 12.459642398503686 12.388213827075115 12.292916065843082 12.221487494414511 11.877401495599674 11.805972924171103 11.545144376423774 11.473715804995203 11.266718024807343 11.195289453378772 11.029034404471471 10.9576058330429 10.752582715990814 10.681154144562242 9.9315835620319302 9.860154990603359 9.4173853783050525 9.3459568068764813 9.2605336140316901 9.1891050426031189 9.0757283950672356 9.0042998236386644 8.3681942644332938 8.2967656930047227 8.0040322275670057 7.9326036561384345 7.7975308871927309 7.7261023157641597 6.8203521241744687 6.7489235527458975 6.2485269930963216 6.1770984216677505 6.0714285714285712 6;14.678088308633928 14.60990649045211 14.137619410049609 14.069437591867791 13.625340024762016 13.557158206580198 13.166022289480798 13.09784047129898 13.006874426486585 12.938692608304766 12.610246882163333 12.542065063981514 12.29309235931361 12.224910541131791 12.027321750952471 11.959139932770652 11.800441931540956 11.732260113359137 11.536556228900329 11.468374410718511 10.752875218303211 10.684693400121393 10.262049679291191 10.193867861109373 10.112327540666618 10.044145722484799 9.9359225589278193 9.8677407407460009 9.2605490705954185 9.1923672524136002 8.9129398535866891 8.8447580354048707 8.7158249377748813 8.647643119593063 7.7830633912574489 7.7148815730756306 7.2372303115919445 7.1690484934101262 7.0681818181818183 7;0 0.069767441860465115 0.20786357465222172 0.27763101651268685 0.76639044686808655 0.83615788872855168 1.7208441223742965 1.7906115642347615 1.922543105995681 1.992310547856146 2.278236258283683 2.3480037001441483 2.9693161068098597 3.0390835486703249 3.1498235299844435 3.2195909718449087 3.303027578809588 3.3727950206700532 3.8052676652404918 3.875035107100957 4.6071738156189372 4.6769412574794025 4.8771963950651607 4.9469638369256259 5.1093524893467102 5.1791199312071754 5.381303809530201 5.4510712513906663 5.7058340189578249 5.7756014608182902 6.1116854596606878 6.181452901521153 6.274534435747789 6.3443018776082543 6.7445339788262446 6.8143014206867099 7.2687268381902941 7.3384942800507593 7.8217647809277366 7.8915322227882019;1 1.0588235294117647 1.1752575237263829 1.2340810531381476 1.6461723375554453 1.7049958669672101 2.4509077894528382 2.5097313188646027 2.6209677168198877 2.6797912462316522 2.9208658648274186 2.9796893942391831 3.5035410312318418 3.5623645606436063 3.6557335644966864 3.7145570939084509 3.7849056056629844 3.8437291350747489 4.2083629334380603 4.2671864628498248 4.8844798837571419 4.9433034131689064 5.1121459801529765 5.170969509564741 5.3078854321942828 5.3667089616060473 5.537177721760755 5.5960012511725195 5.8108012316703199 5.8696247610820844 6.1529897012825376 6.2118132306943021 6.2902937399442109 6.3491172693559754 6.6865678645005548 6.7453913939123193 7.1285343929839691 7.1873579223957336 7.5948212858802444 7.6536448152920089;2 2.0612244897959182 2.1824108920417453 2.2436353818376635 2.6725467186801573 2.7337712084760755 3.5101285155529536 3.5713530053488718 3.6871296644451887 3.748354154241107 3.9992685531877212 4.0604930429836399 4.6057263794453869 4.6669508692413055 4.7641308528434907 4.8253553426394094 4.8985752222206589 4.9597997120165775 5.3393165225579828 5.4005410123539015 6.0430300830941697 6.1042545728900883 6.2799886732204468 6.3412131630163655 6.4837174906511947 6.5449419804471134 6.7223686491795647 6.7835931389754833 7.0071604656160504 7.0683849554119691 7.3633158115389712 7.4245403013348898 7.5062240966766316 7.5674485864725503 7.9186726752965004 7.9798971650924191 8.3786786539220941 8.4399031437180128 8.8639976648957681 8.9252221546916868;3 3.0882352941176472 3.2628862855895746 3.3511215797072218 3.9692585063331682 4.057493800450815 5.1763616841792572 5.264596978296904 5.4314515752298318 5.5196868693474785 5.8812987972411284 5.9695340913587751 6.7553115468477634 6.8435468409654101 6.9836003467450301 7.0718356408626768 7.1773584084944773 7.265593702612124 7.8125444001570905 7.9007796942747373 8.8267198256357133 8.9149551197533601 9.1682189702294661 9.2564542643471128 9.4618281482914259 9.5500634424090727 9.8057665826411338 9.8940018767587805 10.216201847505481 10.304437141623128 10.729484551923807 10.817719846041454 10.935440609916318 11.023675904033965 11.529851796750835 11.618087090868482 12.192801589475955 12.281036883593602 12.892231928820369 12.980467222938016;4 4.0810810810810807 4.2415711813525814 4.3226522624336621 4.8906699787926398 4.9717510598737205 5.9998999260025592 6.0809810070836399 6.2343068529138979 6.3153879339949786 6.6476799758431975 6.7287610569242782 7.4508268268330777 7.5319079079141584 7.660605724035972 7.7416868051170526 7.8386536726705991 7.9197347537516798 8.4223380974416493 8.50341917852273 9.3542830830165986 9.4353641640976793 9.6680931077784251 9.7491741888595058 9.937896136267792 10.018977217348873 10.253947670535092 10.335028751616173 10.631104400410438 10.712185481491519 11.102769588254306 11.183850669335387 11.292026506409586 11.373107587490667 11.838242191608872 11.919323272689953 12.447439298437361 12.528520379518442 13.090159069726822 13.171240150807902;5 5.0750000000000002 5.2234533427511387 5.2984533427511389 5.8238697303831932 5.8988697303831934 6.8499074315523689 6.9249074315523691 7.0667338389453578 7.141733838945358 7.4491039776549606 7.5241039776549608 8.1920148148206007 8.2670148148206 8.3860602947332765 8.4610602947332758 8.5507546472203053 8.6257546472203046 9.090662740133526 9.1656627401335253 9.9527118517903546 10.027711851790354 10.242986124695044 10.317986124695043 10.492553926047709 10.567553926047708 10.784901595244961 10.85990159524496 11.133771570379654 11.208771570379653 11.57006186913523 11.64506186913523 11.745124518428863 11.820124518428862 12.250374027238202 12.325374027238201 12.813881351054555 12.888881351054554 13.408397139497305 13.483397139497304;6 6.0714285714285712 6.2128127073820361 6.2842412788106072 6.7846378384601831 6.8560664098887543 7.7618166014784453 7.8332451729070165 7.9683179418527201 8.0397465132812922 8.3324799787190091 8.4039085501475803 9.0400141093529509 9.1114426807815221 9.2248193283174054 9.2962478997459765 9.3816710925907678 9.453099664019339 9.8958692763176455 9.9672978477462166 10.716868430276531 10.788297001705102 10.993320118757188 11.064748690185759 11.23100373909306 11.302432310521631 11.509430090709492 11.580858662138063 11.841687209885391 11.913115781313962 12.257201780128799 12.32863035155737 12.423928112789403 12.495356684217974 12.90511812117925 12.976546692607821 13.441791762909109 13.51322033433768 14.007997275711729 14.0794258471403;7 7.0681818181818183 7.2031394025010353 7.2713212206828537 7.7489724821665398 7.8171543003483581 8.681734028683973 8.7499158468657914 8.8788489444957808 8.9470307626775991 9.2264581615045103 9.2946399796863286 9.901831649836911 9.9700134680187293 10.078236631575709 10.146418449757528 10.227958770200283 10.296140588382102 10.718784309212303 10.786966127394122 11.502465319809421 11.570647137991239 11.766351022450047 11.834532840631866 11.993230841861562 12.061412660043381 12.259001450222701 12.32718326840452 12.576155973072424 12.644337791254243 12.972783517395676 13.040965335577495 13.13193138038989 13.200113198571708 13.591249115671108 13.659430933852926 14.103528500958701 14.171710319140519 14.64399739954302 14.712179217724838;
