m;1
n;2
P;39
P1;2 4 6 8 10 12 14 16 18 20 22 24 26 28 30 32 34 36 38
Q;40
M;100
h;1 1 1 1 1 1 1 1 1 1 1 1 1 1 1 1 1 1 1 1 1 1 1 1 1 1 1 1 1 1 1 1 1 1 1 1 1 1 1
Vmin;39 39 39 39 39 39 39 39 39 39 39 39 39 39 39 39 39 39 39 39 39 39 39 39 39 39 39 39 39 39 39 39 39 39 39 39 39 39 39;28 28 28 28 28 28 28 28 28 28 28 28 28 28 28 28 28 28 28 28 28 28 28 28 28 28 28 28 28 28 28 28 28 28 28 28 28 28 28;
Vmax;39 39 39 39 39 39 39 39 39 39 39 39 39 39 39 39 39 39 39 39 39 39 39 39 39 39 39 39 39 39 39 39 39 39 39 39 39 39 39;28 28 28 28 28 28 28 28 28 28 28 28 28 28 28 28 28 28 28 28 28 28 28 28 28 28 28 28 28 28 28 28 28 28 28 28 28 28 28;
d;3.000 6.681 3.000 15.228 3.000 4.352 3.000 12.944 3.000 24.031 3.000 4.710 3.000 13.108 3.000 13.494 3.000 8.045 3.000 29.772 3.000 7.176 3.000 6.436 3.000 35.857 3.000 6.334 3.000 18.760 3.000 27.238 3.000 5.533 3.000 21.804 3.000 19.139 3.000
S;8.734446469442382 8.6575233925193054 8.1667857261403753 8.0898626492172987 7.530789384914935 7.4538663079918583 7.3119856042734259 7.2350625273503493 6.5366487894635119 6.4597257125404353 5.9786997034087008 5.9017766264856242 5.7393685830588765 5.6624455061357999 4.7430401863402718 4.6661171094171952 4.501081606695287 4.4241585297722104 4.2401516066852274 4.1632285297621507 3.399833604762621 3.3229105278395439 3.1166256488195252 3.0397025718964481 2.6936968945988897 2.6167738176758126 2.2806764936323272 2.2037534167092501 2.0829861485215084 2.0060630715984313 1.3898746078930604 1.3129515309699835 0.98104548199650399 0.90412240507342712 0.79253444163767695 0.71561136471460007 0.32514282132936956 0.24821974440629263 0.076923076923076927 0;0 0.076923076923076927 0.28668128286783112 0.36360435979090805 0.75407290317613862 0.83099598009921549 0.94258394353496566 1.0195070204580425 1.3514130694315221 1.4283361463545989 2.0445246100599697 2.1214476869830468 2.2422149551707884 2.3191380320938655 2.655235356137351 2.732158433060428 3.0781641103579864 3.1550871872810635 3.3613720663010822 3.4382951432241593 4.2016900682236891 4.2786131451467657 4.4626200682337487 4.5395431451568253 4.7045786478787335 4.7815017248018101 5.7009070445973382 5.7778301215204149 5.9402381649471625 6.0171612418702392 6.4981872510019736 6.5751103279250502 7.2735240658118876 7.3504471427349642 7.4923278464533967 7.5692509233764733 8.128324187678837 8.2052472646019137 8.6959849309808437 8.7729080079039203;
