m;6
n;12
P;39
P1;2 4 6 8 10 12 14 16 18 20 22 24 26 28 30 32 34 36 38
Q;40
M;100
h;1 1 1 1 1 1 1 1 1 1 1 1 1 1 1 1 1 1 1 1 1 1 1 1 1 1 1 1 1 1 1 1 1 1 1 1 1 1 1
Vmin;34 34 34 34 34 34 34 34 34 34 34 34 34 34 34 34 34 34 34 34 34 34 34 34 34 34 34 34 34 34 34 34 34 34 34 34 34 34 34;52 52 52 52 52 52 52 52 52 52 52 52 52 52 52 52 52 52 52 52 52 52 52 52 52 52 52 52 52 52 52 52 52 52 52 52 52 52 52;47 47 47 47 47 47 47 47 47 47 47 47 47 47 47 47 47 47 47 47 47 47 47 47 47 47 47 47 47 47 47 47 47 47 47 47 47 47 47;52 52 52 52 52 52 52 52 52 52 52 52 52 52 52 52 52 52 52 52 52 52 52 52 52 52 52 52 52 52 52 52 52 52 52 52 52 52 52;28 28 28 28 28 28 28 28 28 28 28 28 28 28 28 28 28 28 28 28 28 28 28 28 28 28 28 28 28 28 28 28 28 28 28 28 28 28 28;48 48 48 48 48 48 48 48 48 48 48 48 48 48 48 48 48 48 48 48 48 48 48 48 48 48 48 48 48 48 48 48 48 48 48 48 48 48 48;39 39 39 39 39 39 39 39 39 39 39 39 39 39 39 39 39 39 39 39 39 39 39 39 39 39 39 39 39 39 39 39 39 39 39 39 39 39 39;40 40 40 40 40 40 40 40 40 40 40 40 40 40 40 40 40 40 40 40 40 40 40 40 40 40 40 40 40 40 40 40 40 40 40 40 40 40 40;48 48 48 48 48 48 48 48 48 48 48 48 48 48 48 48 48 48 48 48 48 48 48 48 48 48 48 48 48 48 48 48 48 48 48 48 48 48 48;42 42 42 42 42 42 42 42 42 42 42 42 42 42 42 42 42 42 42 42 42 42 42 42 42 42 42 42 42 42 42 42 42 42 42 42 42 42 42;36 36 36 36 36 36 36 36 36 36 36 36 36 36 36 36 36 36 36 36 36 36 36 36 36 36 36 36 36 36 36 36 36 36 36 36 36 36 36;42 42 42 42 42 42 42 42 42 42 42 42 42 42 42 42 42 42 42 42 42 42 42 42 42 42 42 42 42 42 42 42 42 42 42 42 42 42 42;
Vmax;34 34 34 34 34 34 34 34 34 34 34 34 34 34 34 34 34 34 34 34 34 34 34 34 34 34 34 34 34 34 34 34 34 34 34 34 34 34 34;52 52 52 52 52 52 52 52 52 52 52 52 52 52 52 52 52 52 52 52 52 52 52 52 52 52 52 52 52 52 52 52 52 52 52 52 52 52 52;47 47 47 47 47 47 47 47 47 47 47 47 47 47 47 47 47 47 47 47 47 47 47 47 47 47 47 47 47 47 47 47 47 47 47 47 47 47 47;52 52 52 52 52 52 52 52 52 52 52 52 52 52 52 52 52 52 52 52 52 52 52 52 52 52 52 52 52 52 52 52 52 52 52 52 52 52 52;28 28 28 28 28 28 28 28 28 28 28 28 28 28 28 28 28 28 28 28 28 28 28 28 28 28 28 28 28 28 28 28 28 28 28 28 28 28 28;48 48 48 48 48 48 48 48 48 48 48 48 48 48 48 48 48 48 48 48 48 48 48 48 48 48 48 48 48 48 48 48 48 48 48 48 48 48 48;39 39 39 39 39 39 39 39 39 39 39 39 39 39 39 39 39 39 39 39 39 39 39 39 39 39 39 39 39 39 39 39 39 39 39 39 39 39 39;40 40 40 40 40 40 40 40 40 40 40 40 40 40 40 40 40 40 40 40 40 40 40 40 40 40 40 40 40 40 40 40 40 40 40 40 40 40 40;48 48 48 48 48 48 48 48 48 48 48 48 48 48 48 48 48 48 48 48 48 48 48 48 48 48 48 48 48 48 48 48 48 48 48 48 48 48 48;42 42 42 42 42 42 42 42 42 42 42 42 42 42 42 42 42 42 42 42 42 42 42 42 42 42 42 42 42 42 42 42 42 42 42 42 42 42 42;36 36 36 36 36 36 36 36 36 36 36 36 36 36 36 36 36 36 36 36 36 36 36 36 36 36 36 36 36 36 36 36 36 36 36 36 36 36 36;42 42 42 42 42 42 42 42 42 42 42 42 42 42 42 42 42 42 42 42 42 42 42 42 42 42 42 42 42 42 42 42 42 42 42 42 42 42 42;
d;3.000 7.642 3.000 27.680 3.000 12.672 3.000 23.128 3.000 30.999 3.000 10.854 3.000 4.691 3.000 13.778 3.000 29.251 3.000 10.855 3.000 23.961 3.000 27.814 3.000 25.677 3.000 17.411 3.000 8.351 3.000 38.625 3.000 50.619 3.000 29.774 3.000 3.089 3.000
S;13.437345641862089 13.349110347744443 13.258269779833896 13.170034485716249 12.294341248632822 12.206105954515175 10.717322620371126 10.62908732625348 9.4930598563826543 9.4048245622650075 9.1592017314715068 9.0709664373538601 8.5588704341779227 8.470635140060276 7.7154179398147269 7.6271826456970802 6.8091221022915054 6.7208868081738586 6.0161589585142545 5.9279236643966078 5.608673142166106 5.5204378480484593 4.6600996280755425 4.5718643339578957 4.1666436256185317 4.078408331500885 3.9404401925230275 3.8522048984053803 3.5329727283686898 3.4447374342510426 2.5330054461701117 2.4447701520524645 1.7645424156336975 1.6763071215160505 1.303594515403373 1.215359221285726 0.40124893219635921 0.31301363807871213 0.088235294117647065 0;9.7859567658329034 9.728264458140595 9.6688687021990845 9.6111763945067761 9.0386077394906899 8.9809154317983815 8.007480174858042 7.9497878671657345 7.2070006753271176 7.1493083676348101 6.9887088244236759 6.9310165167313684 6.5961845146547944 6.5384922069624869 6.0446963452634739 5.9870040375711664 5.4521182976521372 5.3944259899598297 4.9336423959516269 4.8759500882593194 4.6672093621855302 4.6095170544932227 4.0469882183570842 3.9892959106647763 3.7243439090582693 3.6666516013659618 3.5764416643419783 3.5187493566496708 3.3100206300872195 3.252328322394912 2.656195868649688 2.5985035609573806 2.1537392717604944 2.0960469640681869 1.8523502600714363 1.7946579523791286 1.2623550710514657 1.204662763359158 1.0576923076923077 1;11.720633017517263 11.65680323028322 11.591088776901122 11.527258989667079 10.893778775606728 10.829948988372685 9.7529567892046494 9.6891270019706059 8.8673198961066042 8.8034901088725608 8.6258055078730074 8.5619757206389639 8.1915232928095634 8.1276935055755199 7.5813661692276755 7.5175363819936329 6.9257479037853447 6.8619181165513021 6.3521149912656307 6.2882852040315882 6.0573380177371829 5.9935082305031404 5.37113590116103 5.3073061139269875 5.0141677291708522 4.9503379419368096 4.850531203101764 4.7867014158677215 4.5557675056284133 4.4919377183943707 3.832386918506038 3.7685571312719954 3.2764774921605468 3.2126477049265043 2.9430258196535037 2.8791960324194612 2.2902651849931108 2.2264353977590683 2.0638297872340425 2;11.785956765832909 11.7282644581406 11.66886870219909 11.611176394506781 11.038607739490695 10.980915431798387 10.007480174858047 9.9497878671657389 9.2070006753271212 9.1493083676348128 8.9887088244236786 8.9310165167313702 8.5961845146547962 8.5384922069624878 8.0446963452634748 7.9870040375711664 7.4521182976521372 7.3944259899598297 6.9336423959516269 6.8759500882593194 6.6672093621855302 6.6095170544932227 6.0469882183570842 5.9892959106647767 5.7243439090582697 5.6666516013659622 5.5764416643419787 5.5187493566496713 5.3100206300872195 5.252328322394912 4.6561958686496876 4.5985035609573801 4.153739271760494 4.0960469640681865 3.8523502600714354 3.794657952379128 3.262355071051465 3.2046627633591576 3.0576923076923075 3;20.316776850832547 20.209633993689689 20.09932758979831 19.992184732655453 18.928842944768437 18.82170008762558 17.013891753307806 16.906748896164949 15.52728696846466 15.420144111321802 15.121887816786838 15.014744959643981 14.392914098644628 14.28577124150177 13.368721784060746 13.261578926917888 12.26821969563969 12.161076838496832 11.305335878195883 11.198193021053026 10.810531672630274 10.703388815487417 9.6586924055203021 9.5515495483774444 9.059495831108217 8.9523529739653593 8.7848202337779604 8.6776773766351027 8.2900383130191209 8.1828954558762632 7.0757923274922758 6.9686494703494191 6.1426586475552023 6.0355157904123455 5.5829361972755231 5.4757933401326664 4.4872308462384352 4.3800879890955784 4.1071428571428568 4;14.518119829652315 14.455619829652315 14.391274427382346 14.328774427382346 13.708491717781586 13.645991717781586 12.591436856096218 12.528936856096218 11.724250731604382 11.661750731604382 11.487767893125653 11.425267893125653 11.062533224209364 11.000033224209364 10.465087707368767 10.402587707368767 9.8231281557898171 9.7606281557898171 9.2614459289475981 9.1989459289475981 8.9728101423676598 8.9103101423676598 8.3009039032201759 8.2384039032201759 7.9513725681464607 7.8888725681464607 7.7911451363704787 7.7286451363704787 7.5025223492611559 7.4400223492611559 6.7942121910371629 6.7317121910371629 6.2498842110738693 6.1873842110738693 5.9233794484107225 5.8608794484107225 5.2842179936390874 5.2217179936390874 5.0625 5;0 0.088235294117647065 0.35713128513753567 0.44536657925518275 1.2594768683445494 1.3477121624621964 1.7204247685748739 1.8086600626925209 2.4888877991112879 2.5771230932289351 3.488855081309866 3.5770903754275132 3.8963225454642036 3.9845578395818508 4.1225259785597084 4.2107612726773551 4.6159819810167191 4.7042172751343658 5.5645554951072835 5.6527907892249303 5.972041311455432 6.0602766055730788 6.7650044552326829 6.8532397493503296 7.6713002927559044 7.7595355868735512 8.5147527871191002 8.602988081236747 9.1150840844126844 9.2033193785303311 9.4489422093238318 9.5371775034414785 10.673204973312304 10.761440267429951 12.250223601574 12.338458895691646 13.214152132775073 13.30238742689272 13.393227994803267 13.481463288920914;1 1.0576923076923077 1.2335089172053118 1.2912012248976195 1.8235041062252824 1.8811964139175901 2.1248931179143407 2.1825854256066481 2.6273497148035343 2.6850420224958418 3.2811744762410657 3.3388667839333732 3.5475955104958246 3.605287818188132 3.6954977552121155 3.753190062904423 4.01814206451093 4.0758343722032375 4.638363208339376 4.6960555160316835 4.9047962421054727 4.9624885497977802 5.423272143805983 5.4809644514982905 6.0158501914173197 6.0735424991096272 6.5673383608086402 6.6250306685009477 6.9598626705775217 7.0175549782698292 7.1781545214809634 7.2358468291732709 7.9786340210118878 8.0363263287041953 9.0097615856445348 9.0674538933368432 9.6400225483529294 9.6977148560452378 9.7571106119867483 9.8148029196790567;2 2.0638297872340425 2.2583502913760896 2.3221800786101321 2.9111109260364825 2.974940713270525 3.2445625985435256 3.3083923857775681 3.8004720248890163 3.8643018121230588 4.5238526120113915 4.5876823992454341 4.8186163094847423 4.8824460967187848 4.9822528355538305 5.046082622787873 5.3392210075440083 5.4030507947780508 6.0254231241201612 6.0892529113542038 6.320200097648609 6.3840298848826516 6.893833010168323 6.9576627974023655 7.5494512756106538 7.6132810628446963 8.1596083991925408 8.2234381864265842 8.5938906142559848 8.6577204014900282 8.8354050024895816 8.899234789723625 9.7210418955876268 9.7848716828216702 10.861863881989706 10.925693669223749 11.5591738832841 11.623003670518143 11.688718123900241 11.752547911134284;3 3.0576923076923075 3.2335089172053118 3.2912012248976192 3.8235041062252821 3.8811964139175896 4.1248931179143407 4.1825854256066481 4.6273497148035343 4.6850420224958418 5.2811744762410662 5.3388667839333737 5.5475955104958254 5.6052878181881329 5.6954977552121164 5.7531900629044239 6.0181420645109309 6.0758343722032384 6.6383632083393769 6.6960555160316844 6.9047962421054736 6.9624885497977811 7.4232721438059839 7.4809644514982914 8.0158501914173215 8.0735424991096298 8.5673383608086429 8.6250306685009512 8.9598626705775253 9.0175549782698337 9.1781545214809679 9.2358468291732763 9.978634021011894 10.036326328704202 11.009761585644542 11.06745389333685 11.640022548352936 11.697714856045245 11.757110611986755 11.814802919679064;4 4.1071428571428568 4.4336594176670072 4.540802274809864 5.5293647687040952 5.636507625846952 6.0890872189837744 6.1962300761266311 7.0222208989208479 7.1293637560637046 8.236466884447692 8.3436097415905497 8.7312488052065316 8.8383916623493892 9.0059244025367882 9.1130672596796458 9.6051209769488732 9.7122638340917309 10.756960244058845 10.864103101201703 11.251764449624455 11.358907306767312 12.214648267068261 12.321791124211119 13.315150355489317 13.422293212632175 14.339342670073199 14.446485527216057 15.068316388215408 15.175459245358265 15.473715539893229 15.580858397036087 16.960320324736376 17.067463181879234 18.875271516197007 18.982414373339864 20.045756161226883 20.152899018369741 20.26320542226112 20.370348279403977;5 5.0625 5.2529679936390874 5.3154679936390874 5.8921294484107225 5.9546294484107225 6.2186342110738693 6.2811342110738693 6.7629621910371629 6.8254621910371629 7.4712723492611559 7.5337723492611559 7.7598951363704787 7.8223951363704787 7.9201225681464607 7.9826225681464607 8.2696539032201759 8.3321539032201759 8.9415601423676598 9.0040601423676598 9.2301959289475981 9.2926959289475981 9.7918781557898171 9.8543781557898171 10.433837707368767 10.496337707368767 11.031283224209364 11.093783224209364 11.456517893125653 11.519017893125653 11.693000731604382 11.755500731604382 12.560186856096218 12.622686856096218 13.677241717781586 13.739741717781586 14.360024427382346 14.422524427382346 14.486869829652315 14.549369829652315;
