m;4
n;8
P;39
P1;2 4 6 8 10 12 14 16 18 20 22 24 26 28 30 32 34 36 38
Q;40
M;100
h;1 1 1 1 1 1 1 1 1 1 1 1 1 1 1 1 1 1 1 1 1 1 1 1 1 1 1 1 1 1 1 1 1 1 1 1 1 1 1
Vmin;44 44 44 44 44 44 44 44 44 44 44 44 44 44 44 44 44 44 44 44 44 44 44 44 44 44 44 44 44 44 44 44 44 44 44 44 44 44 44;28 28 28 28 28 28 28 28 28 28 28 28 28 28 28 28 28 28 28 28 28 28 28 28 28 28 28 28 28 28 28 28 28 28 28 28 28 28 28;47 47 47 47 47 47 47 47 47 47 47 47 47 47 47 47 47 47 47 47 47 47 47 47 47 47 47 47 47 47 47 47 47 47 47 47 47 47 47;44 44 44 44 44 44 44 44 44 44 44 44 44 44 44 44 44 44 44 44 44 44 44 44 44 44 44 44 44 44 44 44 44 44 44 44 44 44 44;41 41 41 41 41 41 41 41 41 41 41 41 41 41 41 41 41 41 41 41 41 41 41 41 41 41 41 41 41 41 41 41 41 41 41 41 41 41 41;52 52 52 52 52 52 52 52 52 52 52 52 52 52 52 52 52 52 52 52 52 52 52 52 52 52 52 52 52 52 52 52 52 52 52 52 52 52 52;43 43 43 43 43 43 43 43 43 43 43 43 43 43 43 43 43 43 43 43 43 43 43 43 43 43 43 43 43 43 43 43 43 43 43 43 43 43 43;52 52 52 52 52 52 52 52 52 52 52 52 52 52 52 52 52 52 52 52 52 52 52 52 52 52 52 52 52 52 52 52 52 52 52 52 52 52 52;
Vmax;44 44 44 44 44 44 44 44 44 44 44 44 44 44 44 44 44 44 44 44 44 44 44 44 44 44 44 44 44 44 44 44 44 44 44 44 44 44 44;28 28 28 28 28 28 28 28 28 28 28 28 28 28 28 28 28 28 28 28 28 28 28 28 28 28 28 28 28 28 28 28 28 28 28 28 28 28 28;47 47 47 47 47 47 47 47 47 47 47 47 47 47 47 47 47 47 47 47 47 47 47 47 47 47 47 47 47 47 47 47 47 47 47 47 47 47 47;44 44 44 44 44 44 44 44 44 44 44 44 44 44 44 44 44 44 44 44 44 44 44 44 44 44 44 44 44 44 44 44 44 44 44 44 44 44 44;41 41 41 41 41 41 41 41 41 41 41 41 41 41 41 41 41 41 41 41 41 41 41 41 41 41 41 41 41 41 41 41 41 41 41 41 41 41 41;52 52 52 52 52 52 52 52 52 52 52 52 52 52 52 52 52 52 52 52 52 52 52 52 52 52 52 52 52 52 52 52 52 52 52 52 52 52 52;43 43 43 43 43 43 43 43 43 43 43 43 43 43 43 43 43 43 43 43 43 43 43 43 43 43 43 43 43 43 43 43 43 43 43 43 43 43 43;52 52 52 52 52 52 52 52 52 52 52 52 52 52 52 52 52 52 52 52 52 52 52 52 52 52 52 52 52 52 52 52 52 52 52 52 52 52 52;
d;3.000 43.342 3.000 27.321 3.000 3.469 3.000 22.303 3.000 3.606 3.000 15.270 3.000 3.888 3.000 22.488 3.000 26.510 3.000 7.254 3.000 9.636 3.000 12.541 3.000 3.439 3.000 5.818 3.000 9.088 3.000 11.333 3.000 5.577 3.000 35.268 3.000 6.605 3.000
S;7.6080964118921388 7.5399145937103205 7.3898092467571201 7.3216274285753018 6.520070790282368 6.4518889721005497 6.3251364861969606 6.2569546680151422 5.9993892019473885 5.9312073837655701 5.7246730428370052 5.6564912246551868 5.5242667997912358 5.4560849816094175 5.3779290819250063 5.309747263743188 5.0247217013885983 4.95653988320678 4.7375473425262022 4.6693655243443839 4.504497575239391 4.4363157570575726 3.8338159926950408 3.7656341745132225 3.2545366055309088 3.1863547873490905 3.0979870804759839 3.0298052622941656 2.6827669815062385 2.6145851633244201 2.5326200140176476 2.4644381958358292 1.9575482920319953 1.8893664738501772 1.8105316693085585 1.7423498511267403 1.1214136294649819 1.0532318112831638 0.068181818181818177 0;12.955580075830504 12.848437218687646 12.612557387761189 12.505414530618332 11.245825527586579 11.138682670443721 10.939500192595224 10.832357335452366 10.427611603060182 10.320468745917324 9.995914781601007 9.8887719244581493 9.6809906853862255 9.5738478282433679 9.4510314144535794 9.3438885573107218 8.8959912450392231 8.7888483878963655 8.4447172525411709 8.3375743953983132 8.0784961896618963 7.9713533325190395 7.0245679885207757 6.9174251313779189 6.1142718086914263 6.0071289515485695 5.8682654121765445 5.7611225550336878 5.2157766852240881 5.1086338280812313 4.9798314505991605 4.8726885934563038 4.076147316050279 3.9690044589074223 3.8451211946277355 3.7379783374848783 2.7622214177306863 2.6550785605878291 1.1071428571428572 1;9.1224732366649821 9.0586434494309387 8.9181192948364529 8.8542895076024095 8.1038960589877487 8.0400662717537053 7.9214043700567283 7.8575745828226857 7.6164494656528738 7.5526196784188313 7.3592683805282597 7.2954385932942172 7.1716540253364753 7.1078242381024328 7.0346570128659627 6.9708272256319201 6.7039947842786871 6.6401649970446446 6.4351507036415505 6.371320916407508 6.2169764534156 6.1531466661815575 5.5891043335868469 5.5252745463528044 5.0468002264544678 4.9829704392204253 4.9002432242753891 4.8364134370413465 4.5115265358781809 4.4476967486441383 4.3709634173782232 4.3071336301441807 3.83259840105123 3.7687686138171874 3.6949658180760974 3.6311360308420548 3.0498340360948766 2.986004248860834 2.0638297872340425 2;10.608096411892136 10.539914593710318 10.389809246757117 10.321627428575299 9.5200707902823662 9.4518889721005479 9.3251364861969588 9.2569546680151404 8.9993892019473876 8.9312073837655692 8.7246730428370043 8.6564912246551859 8.5242667997912349 8.4560849816094166 8.3779290819250054 8.3097472637431871 8.0247217013885965 7.9565398832067791 7.7375473425262014 7.669365524344383 7.5044975752393901 7.4363157570575718 6.8338159926950404 6.765634174513222 6.2545366055309088 6.1863547873490905 6.0979870804759839 6.0298052622941656 5.6827669815062389 5.6145851633244206 5.532620014017648 5.4644381958358297 4.957548292031996 4.8893664738501776 4.8105316693085589 4.7423498511267406 4.1214136294649819 4.0532318112831636 3.0681818181818183 3;0 0.068181818181818177 1.0873227203740727 1.1555045385558909 1.7764407602176493 1.8446225783994674 1.9234573829410861 1.9916392011229043 2.498529104926738 2.5667109231085563 2.6486760724153289 2.7168578905971472 3.0638961713850743 3.1320779895668927 3.2204456964399992 3.2886275146218176 3.7997250836041312 3.8679069017859495 4.4704066661484809 4.5385884843302993 4.7034564334352922 4.7716382516171105 4.9906307922976882 5.0588126104795066 5.3438381728340962 5.4120199910159146 5.4901758907003257 5.5583577088821441 5.6905821337460951 5.7587639519279135 5.9652982928564784 6.0334801110382967 6.2910455771060505 6.3592273952878688 6.485979881191458 6.5541616993732763 7.3557183376662101 7.4239001558480284 7.5740055028012288 7.6421873209830471;1 1.1071428571428572 2.708649989159257 2.8157928463021142 3.7915497660563062 3.8986926231991634 4.0225758874788502 4.129718744621707 4.9262600220277317 5.0334028791705885 5.1622052566526593 5.269348113795516 5.8146939836051157 5.9218368407479725 6.0607003801199975 6.1678432372628542 6.9709965599493469 7.0781394170922036 8.0249247610904675 8.1320676182333251 8.3911458239697421 8.4982886811125997 8.8424198164677943 8.9495626736106519 9.3974599858821506 9.5046028430250082 9.6274192568147967 9.7345621139576544 9.9423433530295782 10.049486210172436 10.374040174488753 10.481183031631611 10.885928764023795 10.993071621166653 11.19225409901515 11.299396956158008 12.55898595918976 12.666128816332618 12.902008647259075 13.009151504401933;2 2.0638297872340425 3.0179191424778553 3.0817489297118978 3.6630509244590761 3.7268807116931186 3.8006835074342087 3.8645132946682512 4.3390485237612024 4.402878310995245 4.47961164226116 4.5434414294952026 4.8683283306583682 4.9321581178924108 5.014885332837447 5.0787151200714895 5.5571894399698252 5.6210192272038677 6.1850615597985783 6.2488913470326208 6.4032358100245288 6.4670655972585713 6.6720798906616654 6.7359096778957079 7.002742119248941 7.0665719064829835 7.1397391317194536 7.2035689189534962 7.327353486911238 7.3911832741452805 7.5845345720358521 7.6483643592698947 7.8894894764397066 7.9533192636737491 8.0719811653707261 8.1358109526047695 8.8862044012194303 8.9500341884534738 9.0905583430479595 9.1543881302820029;3 3.0681818181818183 4.0873227203740727 4.1555045385558911 4.7764407602176497 4.8446225783994681 4.9234573829410868 4.9916392011229052 5.4985291049267389 5.5667109231085572 5.6486760724153298 5.7168578905971481 6.0638961713850748 6.1320779895668931 6.2204456964399997 6.288627514621818 6.7997250836041321 6.8679069017859504 7.4704066661484818 7.5385884843303002 7.7034564334352931 7.7716382516171114 7.9906307922976891 8.0588126104795066 8.3438381728340971 8.4120199910159155 8.4901758907003266 8.558357708882145 8.690582133746096 8.7587639519279143 8.9652982928564793 9.0334801110382976 9.2910455771060505 9.3592273952878688 9.485979881191458 9.5541616993732763 10.355718337666209 10.423900155848028 10.574005502801228 10.642187320983046;
