m;8
n;16
P;9
P1;2 4 6 8
Q;10
M;100
h;1 1 1 1 1 1 1 1 1
Vmin;40 40 40 40 40 40 40 40 40;40 40 40 40 40 40 40 40 40;40 40 40 40 40 40 40 40 40;40 40 40 40 40 40 40 40 40;40 40 40 40 40 40 40 40 40;40 40 40 40 40 40 40 40 40;40 40 40 40 40 40 40 40 40;40 40 40 40 40 40 40 40 40;40 40 40 40 40 40 40 40 40;40 40 40 40 40 40 40 40 40;40 40 40 40 40 40 40 40 40;40 40 40 40 40 40 40 40 40;40 40 40 40 40 40 40 40 40;40 40 40 40 40 40 40 40 40;40 40 40 40 40 40 40 40 40;40 40 40 40 40 40 40 40 40;
Vmax;40 40 40 40 40 40 40 40 40;40 40 40 40 40 40 40 40 40;40 40 40 40 40 40 40 40 40;40 40 40 40 40 40 40 40 40;40 40 40 40 40 40 40 40 40;40 40 40 40 40 40 40 40 40;40 40 40 40 40 40 40 40 40;40 40 40 40 40 40 40 40 40;40 40 40 40 40 40 40 40 40;40 40 40 40 40 40 40 40 40;40 40 40 40 40 40 40 40 40;40 40 40 40 40 40 40 40 40;40 40 40 40 40 40 40 40 40;40 40 40 40 40 40 40 40 40;40 40 40 40 40 40 40 40 40;40 40 40 40 40 40 40 40 40;
d;3 56.25 3 56.25 3 56.25 3 56.25 3
S;6 5.9249999999999998 4.5187499999999998 4.4437499999999996 3.0375000000000001 2.9624999999999999 1.5562499999999999 1.48125 0.074999999999999997 0;7.0000000000000009 6.9250000000000007 5.5187500000000007 5.4437500000000005 4.0375000000000005 3.9625000000000004 2.5562500000000004 2.4812500000000002 1.075 1;8 7.9250000000000007 6.5187500000000007 6.4437500000000005 5.0375000000000005 4.9625000000000004 3.5562500000000004 3.4812500000000002 2.0750000000000002 2;9 8.9250000000000007 7.5187500000000007 7.4437500000000005 6.0375000000000005 5.9625000000000004 4.5562500000000004 4.4812500000000002 3.0750000000000002 3;10 9.9250000000000007 8.5187500000000007 8.4437500000000014 7.0375000000000005 6.9625000000000004 5.5562500000000004 5.4812500000000002 4.0750000000000002 4;10.999999999999998 10.924999999999999 9.5187499999999989 9.4437499999999996 8.0374999999999996 7.9625000000000004 6.5562500000000004 6.4812500000000002 5.0750000000000002 5;11.999999999999998 11.924999999999999 10.518749999999999 10.44375 9.0374999999999996 8.9625000000000004 7.5562500000000004 7.4812500000000002 6.0750000000000002 6;12.999999999999996 12.924999999999997 11.518749999999997 11.443749999999998 10.037499999999998 9.9624999999999986 8.5562499999999986 8.4812499999999993 7.0750000000000002 7;0 0.074999999999999997 1.48125 1.5562499999999999 2.9624999999999999 3.0375000000000001 4.4437499999999996 4.5187499999999998 5.9249999999999998 6;1 1.075 2.4812500000000002 2.5562500000000004 3.9625000000000004 4.0375000000000005 5.4437500000000005 5.5187500000000007 6.9250000000000007 7.0000000000000009;2 2.0750000000000002 3.4812500000000002 3.5562500000000004 4.9625000000000004 5.0375000000000005 6.4437500000000005 6.5187500000000007 7.9250000000000007 8;3 3.0750000000000002 4.4812500000000002 4.5562500000000004 5.9625000000000004 6.0375000000000005 7.4437500000000005 7.5187500000000007 8.9250000000000007 9;4 4.0750000000000002 5.4812500000000002 5.5562500000000004 6.9625000000000004 7.0375000000000005 8.4437500000000014 8.5187500000000007 9.9250000000000007 10;5 5.0750000000000002 6.4812500000000002 6.5562500000000004 7.9625000000000004 8.0374999999999996 9.4437499999999996 9.5187499999999989 10.924999999999999 10.999999999999998;6 6.0750000000000002 7.4812500000000002 7.5562500000000004 8.9625000000000004 9.0374999999999996 10.44375 10.518749999999999 11.924999999999999 11.999999999999998;7 7.0750000000000002 8.4812499999999993 8.5562499999999986 9.9624999999999986 10.037499999999998 11.443749999999998 11.518749999999997 12.924999999999997 12.999999999999996;
