m;1
n;2
P;9
P1;2 4 6 8
Q;10
M;100
h;1 1 1 1 1 1 1 1 1
Vmin;52 52 52 52 52 52 52 52 52;28 28 28 28 28 28 28 28 28;
Vmax;52 52 52 52 52 52 52 52 52;28 28 28 28 28 28 28 28 28;
d;3.000 7.003 3.000 77.523 3.000 78.796 3.000 71.307 3.000
S;0.21776889343478298 0.21680735497324449 0.19395268818055511 0.19299114971901662 0.16773610386391352 0.16677456540237504 0.14192751154490221 0.14096597308336373 0.13872153708897553 0.13775999862743707;0.64634326042747681 0.64730479888901526 0.65003000411417267 0.65099154257571112 0.67583859643318389 0.67680013489472235 0.70205518074982542 0.70301671921136388 0.72587138600405321 0.72683292446559167;
