m;2
n;4
P;9
P1;2 4 6 8
Q;10
M;100
h;1 1 1 1 1 1 1 1 1
Vmin;28 28 28 28 28 28 28 28 28;28 28 28 28 28 28 28 28 28;52 52 52 52 52 52 52 52 52;45 45 45 45 45 45 45 45 45;
Vmax;28 28 28 28 28 28 28 28 28;28 28 28 28 28 28 28 28 28;52 52 52 52 52 52 52 52 52;45 45 45 45 45 45 45 45 45;
d;3.000 68.850 3.000 72.268 3.000 54.240 3.000 41.396 3.000
S;1.51614052829165 1.5143548140059357 1.4897145705208368 1.4879288562351225 1.4556428965850781 1.4538571822993636 1.4108406404680458 1.4090549261823315 1.3680728196626921 1.3662871053769776;1.641206338870248 1.6394206245845337 1.614780381099435 1.6129946668137205 1.5807087071636761 1.5789229928779618 1.5359064510466438 1.5341207367609295 1.4931386302412901 1.4913529159555758;3.0421268659691361 3.0439125802548501 3.085787543917347 3.0875732582030611 3.1305898000343793 3.1323755143200938 3.164661473970138 3.1664471882558525 3.1910874317409514 3.1928731460266655;3.1060533232066314 3.1078390374923459 3.1497140011548423 3.1514997154405568 3.1945162572718746 3.1963019715575891 3.2285879312076338 3.2303736454933483 3.2550138889784468 3.2567996032641613;
