m;5
n;10
P;9
P1;2 4 6 8
Q;10
M;100
h;1 1 1 1 1 1 1 1 1
Vmin;46 46 46 46 46 46 46 46 46;51 51 51 51 51 51 51 51 51;45 45 45 45 45 45 45 45 45;51 51 51 51 51 51 51 51 51;40 40 40 40 40 40 40 40 40;50 50 50 50 50 50 50 50 50;52 52 52 52 52 52 52 52 52;48 48 48 48 48 48 48 48 48;52 52 52 52 52 52 52 52 52;28 28 28 28 28 28 28 28 28;
Vmax;46 46 46 46 46 46 46 46 46;51 51 51 51 51 51 51 51 51;45 45 45 45 45 45 45 45 45;51 51 51 51 51 51 51 51 51;40 40 40 40 40 40 40 40 40;50 50 50 50 50 50 50 50 50;52 52 52 52 52 52 52 52 52;48 48 48 48 48 48 48 48 48;52 52 52 52 52 52 52 52 52;28 28 28 28 28 28 28 28 28;
d;3.000 62.195 3.000 87.997 3.000 16.739 3.000 59.262 3.000
S;1.5362799967519296 1.5351930402301905 1.5137212090835952 1.5126342525618561 1.5065692701073945 1.5054823135856554 1.4735992719172508 1.4725123153955118 1.4499777236102305 1.4488907670884914;1.8782927352901166 1.8773123431332539 1.8579455934716189 1.8569652013147562 1.8514948249832808 1.850514432826418 1.8217571795568765 1.8207767874000138 1.8004514693191718 1.799471077162309;1.952169369799404 1.951058258688293 1.92910927573844 1.927998164627329 1.9217984047849903 1.9206872936738792 1.8880957399683991 1.886984628857288 1.8639492683656671 1.8628381572545563;2.2352504280031087 2.2342700358462459 2.2149032861846107 2.213922894027748 2.2084525176962728 2.2074721255394101 2.1787148722698686 2.1777344801130054 2.157409162032164 2.1564287698753009;3.6070869406979282 3.6058369406979285 3.5811443348793444 3.5798943348793442 3.5729196050567134 3.5716696050567136 3.5350041071380485 3.5337541071380487 3.5078393265849752 3.506589326584975;3.6895905962507536 3.6906775527724927 3.7137556228186437 3.7148425793403828 3.7467256210087871 3.7478125775305262 3.7538775599849878 3.7549645165067269 3.7764363476533225 3.7775233041750615;4.2411418510830154 4.2421222432398782 4.2629377573991514 4.2639181495560141 4.2926754028255552 4.2936557949824179 4.2991261713138931 4.3001065634707567 4.3194733131323915 4.3204537052892542;4.7540823544577924 4.7551934655689037 4.77878438161608 4.7798954927271913 4.812487046432671 4.8135981575437823 4.8197979173861212 4.8209090284972316 4.8428580114470856 4.843969122558196;6.0428803029601239 6.0438606951169866 6.0646762092762598 6.0656566014331226 6.0944138547026645 6.0953942468595272 6.1008646231910024 6.1018450153478652 6.1212117650095008 6.1221921571663636;6.1116996379166544 6.1129496379166541 6.1394894184697266 6.1407394184697264 6.177404916388392 6.1786549163883917 6.185629646211023 6.1868796462110227 6.2115722520296073 6.212822252029607;
