m;7
n;14
P;9
P1;2 4 6 8
Q;10
M;100
h;1 1 1 1 1 1 1 1 1
Vmin;44 44 44 44 44 44 44 44 44;44 44 44 44 44 44 44 44 44;51 51 51 51 51 51 51 51 51;30 30 30 30 30 30 30 30 30;36 36 36 36 36 36 36 36 36;52 52 52 52 52 52 52 52 52;40 40 40 40 40 40 40 40 40;38 38 38 38 38 38 38 38 38;49 49 49 49 49 49 49 49 49;42 42 42 42 42 42 42 42 42;47 47 47 47 47 47 47 47 47;34 34 34 34 34 34 34 34 34;51 51 51 51 51 51 51 51 51;28 28 28 28 28 28 28 28 28;
Vmax;44 44 44 44 44 44 44 44 44;44 44 44 44 44 44 44 44 44;51 51 51 51 51 51 51 51 51;30 30 30 30 30 30 30 30 30;36 36 36 36 36 36 36 36 36;52 52 52 52 52 52 52 52 52;40 40 40 40 40 40 40 40 40;38 38 38 38 38 38 38 38 38;49 49 49 49 49 49 49 49 49;42 42 42 42 42 42 42 42 42;47 47 47 47 47 47 47 47 47;34 34 34 34 34 34 34 34 34;51 51 51 51 51 51 51 51 51;28 28 28 28 28 28 28 28 28;
d;3.000 59.606 3.000 70.104 3.000 3.403 3.000 107.395 3.000
S;0.3044515068152171 0.3033151431788535 0.26263508376639078 0.26149872013002712 0.26020977867942546 0.25907341504306181 0.23251872640876875 0.23138236277240509 0.20880432531833368 0.20766796168197002;0.63922449160730632 0.63808812797094261 0.59740806855847983 0.59627170492211623 0.59498276347151458 0.59384639983515086 0.56729171120085775 0.56615534756449415 0.54357731011042276 0.54244094647405905;1.2763728828630465 1.2753924907061838 1.2402959688601374 1.2393155767032744 1.2382035487851084 1.2372231566282457 1.2143132291790515 1.2133328370221887 1.1938537458853427 1.1928733537284799;2.2861745116772183 2.2845078450105518 2.2248437578722728 2.2231770912056064 2.2212866437447238 2.2196199770780569 2.1806731004144271 2.1790064337477606 2.1458919788151225 2.144225312148456;3.3273880572031715 3.3259991683142824 3.2762790956990502 3.2748902068101611 3.2733148339260922 3.2719259450372031 3.2394702144841783 3.2380813255952892 3.2104859464847575 3.2090970575958684;3.5253079251389452 3.5243463866774065 3.4899247979437842 3.4889632594822455 3.4878726167163516 3.4869110782548129 3.4644417263334883 3.4634801878719497 3.4443756946415811 3.4434141561800424;3.8393029156161989 3.8380529156161987 3.7933048502624898 3.79205485026249 3.7906370146668285 3.7893870146668287 3.7601768571691063 3.7589268571691066 3.7340910159696277 3.7328410159696279;4.9240733355029169 4.9252096991392813 4.9483559184115347 4.9494922820478982 4.9760469706821908 4.9771833343185543 4.978472275769156 4.9796086394055203 5.020288698817982 5.0214250624543455;5.5482716363125881 5.5494079999489516 5.572554219221205 5.5736905828575685 5.6002452714918611 5.6013816351282246 5.6026705765788272 5.6038069402151907 5.6444869996276532 5.6456233632640167;6.3197262976238067 6.3207066897806694 6.3406759769959473 6.3416563691528101 6.3645662966020042 6.365546688758867 6.3666587166770334 6.3676391088338962 6.4027356306799419 6.4037160228368046;7.6015882232897436 7.6032548899564114 7.6372026782223825 7.6388693448890495 7.6778162215526793 7.6794828882193462 7.6813733356802292 7.6830400023468961 7.7427040894851746 7.7443707561518416;8.5212101919387866 8.5225990808276766 8.550888904382651 8.552277793271541 8.5847335238245659 8.5861224127134559 8.5876977855975252 8.5890866744864152 8.638806747101647 8.6401956359905352;10.460597958089412 10.461559496550951 10.481144759012087 10.482106297473624 10.504575649394949 10.505537187856486 10.506627830622381 10.507589369083918 10.542010957817542 10.542972496279079;12.887004017722154 12.888254017722154 12.913714858921633 12.914964858921634 12.944175016419358 12.945425016419358 12.946842852015019 12.948092852015019 12.99284091736873 12.99409091736873;
