m;6
n;12
P;9
P1;2 4 6 8
Q;10
M;100
h;1 1 1 1 1 1 1 1 1
Vmin;47 47 47 47 47 47 47 47 47;40 40 40 40 40 40 40 40 40;28 28 28 28 28 28 28 28 28;32 32 32 32 32 32 32 32 32;52 52 52 52 52 52 52 52 52;45 45 45 45 45 45 45 45 45;48 48 48 48 48 48 48 48 48;42 42 42 42 42 42 42 42 42;40 40 40 40 40 40 40 40 40;47 47 47 47 47 47 47 47 47;51 51 51 51 51 51 51 51 51;40 40 40 40 40 40 40 40 40;
Vmax;47 47 47 47 47 47 47 47 47;40 40 40 40 40 40 40 40 40;28 28 28 28 28 28 28 28 28;32 32 32 32 32 32 32 32 32;52 52 52 52 52 52 52 52 52;45 45 45 45 45 45 45 45 45;48 48 48 48 48 48 48 48 48;42 42 42 42 42 42 42 42 42;40 40 40 40 40 40 40 40 40;47 47 47 47 47 47 47 47 47;51 51 51 51 51 51 51 51 51;40 40 40 40 40 40 40 40 40;
d;3.000 2.186 3.000 50.752 3.000 47.900 3.000 123.098 3.000
S;0.35410181895978937 0.3530379891725553 0.30938625190758884 0.30832242212035482 0.29133665215304705 0.29027282236581298 0.2722756186767164 0.27121178888948239 0.27043664417718938 0.26937281438995536;1.9412695189274949 1.9400195189274949 1.8887287276411591 1.8874787276411591 1.8675204479295724 1.8662704479295724 1.845123733594884 1.8438737335948838 1.8429629385579396 1.8417129385579396;2.2690592543318719 2.2672735400461574 2.194000981065678 2.1922152667799635 2.163703438620554 2.16191772433484 2.1317081324281419 2.1299224181424274 2.1286212823753643 2.1268355680896498;4.7282387825289556 4.7266762825289552 4.662562793421035 4.6610002934210355 4.6360524437815522 4.6344899437815519 4.6080565508631919 4.6064940508631915 4.6053555570670115 4.6037930570670111;6.0884704928361941 6.0875089543746554 6.0480544995390124 6.0470929610774737 6.0317404382224078 6.0307788997608691 6.0145121964264927 6.013550657964954 6.0128500463980732 6.0118885079365345;6.2839205380904923 6.2828094269793811 6.2372176125026382 6.2361065013915278 6.2183658083145614 6.2172546972034501 6.1984576177948387 6.1973465066837274 6.1965369110953326 6.1954257999842213;6.2791032831785376 6.2801671129657715 6.2814741725716816 6.2825380023589164 6.3005352060480124 6.3015990358352472 6.3185848058025549 6.3196486355897887 6.3633003728547548 6.3643642026419895;7.4342352991174874 7.4354852991174871 7.4370210941544315 7.4382710941544312 7.4594178084891203 7.46066780848912 7.4806260882007072 7.4818760882007069 7.5331668794870428 7.5344168794870425;8.0232198471600142 8.0250055614457292 8.0271995543556489 8.0289852686413621 8.059194860548061 8.0609805748337742 8.0894924029931836 8.0912781172788986 8.1645506762593776 8.1663363905450908;9.0133810320441334 9.0149435320441338 9.0168632758403149 9.0184257758403152 9.0448591687586752 9.0464216687586756 9.0713695183981589 9.0729320183981574 9.1370455075060786 9.1386080075060772;9.0816410132098415 9.0826025516713802 9.0837839324690286 9.0847454709305655 9.1010121742649428 9.1019737127264797 9.1173262355815456 9.1182877740430843 9.1577422288787265 9.1587037673402634;9.4772800368931218 9.4783911480042331 9.4797562991481854 9.4808674102592967 9.499664489667909 9.5007756007790203 9.5185162938559866 9.5196274049670997 9.5652192194438417 9.5663303305549547;
