m;4
n;8
P;9
P1;2 4 6 8
Q;10
M;100
h;1 1 1 1 1 1 1 1 1
Vmin;28 28 28 28 28 28 28 28 28;50 50 50 50 50 50 50 50 50;39 39 39 39 39 39 39 39 39;52 52 52 52 52 52 52 52 52;28 28 28 28 28 28 28 28 28;52 52 52 52 52 52 52 52 52;33 33 33 33 33 33 33 33 33;43 43 43 43 43 43 43 43 43;
Vmax;28 28 28 28 28 28 28 28 28;50 50 50 50 50 50 50 50 50;39 39 39 39 39 39 39 39 39;52 52 52 52 52 52 52 52 52;28 28 28 28 28 28 28 28 28;52 52 52 52 52 52 52 52 52;33 33 33 33 33 33 33 33 33;43 43 43 43 43 43 43 43 43;
d;3.000 4.602 3.000 85.321 3.000 32.300 3.000 30.301 3.000
S;0.91931165013253546 0.91752593584682129 0.89948973708854008 0.8977040228028258 0.87847802439870681 0.87669231011299265 0.82590597992424386 0.82412026563852969 0.8213810586137712 0.81959534432805703;1.3681945653973402 1.3671945653973403 1.3570942940927029 1.3560942940927028 1.3453277349863961 1.3443277349863962 1.3158873900806969 1.3148873900806968 1.3133534341468323 1.3123534341468321;1.6149044426100114 1.6136223913279601 1.6006733255527839 1.5993912742707326 1.5855879933652113 1.5843059420831598 1.5478439614348276 1.5465619101527761 1.5445952999811547 1.5433132486991035;2.1368865544604443 2.1359250159989056 2.1262132166675234 2.1252516782059852 2.114899217526844 2.1139376790653057 2.0865911935790562 2.0856296551175175 2.0841546974888017 2.083193159027263;2.265921489032289 2.2677072033180035 2.2713392674856192 2.2731249817713333 2.323911311960082 2.3256970262457966 2.3449230246499155 2.34670873893563 2.3647449376939114 2.3665306519796254;3.8856579949770449 3.8866579949770448 3.8886919509109097 3.8896919509109096 3.9181322958166094 3.9191322958166093 3.9298988549229161 3.930898854922916 3.9409991262275534 3.9419991262275533;4.4025030499027817 4.4037851011848339 4.4063927369974802 4.4076747882795324 4.4441367689278648 4.445418820209917 4.4592221011154383 4.4605041523974895 4.4734532181726658 4.4747352694547171;5.0846884249215929 5.0856499633831316 5.0876056902426168 5.0885672287041555 5.1159137141904045 5.1168752526519432 5.1272277133310844 5.1281892517926231 5.1379010511240057 5.1388625895855444;
