m;8
n;16
P;9
P1;2 4 6 8
Q;10
M;100
h;1 1 1 1 1 1 1 1 1
Vmin;46 46 46 46 46 46 46 46 46;28 28 28 28 28 28 28 28 28;44 44 44 44 44 44 44 44 44;41 41 41 41 41 41 41 41 41;41 41 41 41 41 41 41 41 41;45 45 45 45 45 45 45 45 45;49 49 49 49 49 49 49 49 49;45 45 45 45 45 45 45 45 45;44 44 44 44 44 44 44 44 44;50 50 50 50 50 50 50 50 50;51 51 51 51 51 51 51 51 51;45 45 45 45 45 45 45 45 45;40 40 40 40 40 40 40 40 40;41 41 41 41 41 41 41 41 41;52 52 52 52 52 52 52 52 52;44 44 44 44 44 44 44 44 44;
Vmax;46 46 46 46 46 46 46 46 46;28 28 28 28 28 28 28 28 28;44 44 44 44 44 44 44 44 44;41 41 41 41 41 41 41 41 41;41 41 41 41 41 41 41 41 41;45 45 45 45 45 45 45 45 45;49 49 49 49 49 49 49 49 49;45 45 45 45 45 45 45 45 45;44 44 44 44 44 44 44 44 44;50 50 50 50 50 50 50 50 50;51 51 51 51 51 51 51 51 51;45 45 45 45 45 45 45 45 45;40 40 40 40 40 40 40 40 40;41 41 41 41 41 41 41 41 41;52 52 52 52 52 52 52 52 52;44 44 44 44 44 44 44 44 44;
d;3.000 43.584 3.000 30.770 3.000 33.157 3.000 5.613 3.000
S;0.21080834443724009 0.20972138791550096 0.20768771302693095 0.20660075650519183 0.19458721900099685 0.19350026247925772 0.18235159056397873 0.18126463404223961 0.16547331910557356 0.16438636258383443;1.5667467665045547 1.5649610522188404 1.5616200149019039 1.5598343006161894 1.5400977747164406 1.5383120604307263 1.5199963851413394 1.5182106708556249 1.4922677963168165 1.4904820820311022;1.8819959523486911 1.8808595887123274 1.8787334740560953 1.8775971104197318 1.8650375030289825 1.863901139392619 1.8522457096630092 1.8511093460266457 1.8346002440474038 1.8334638804110404;3.1392873041988678 3.1380677920037461 3.1357861079824239 3.1345665957873021 3.1210879927338149 3.1198684805386931 3.1073602144874046 3.1061407022922825 3.0884236172413893 3.0872041050462675;3.794903890987039 3.7936843787919172 3.791402694770595 3.7901831825754733 3.776704579521986 3.7754850673268643 3.7629768012755758 3.761757289080454 3.7440402040295604 3.7428206918344387;3.937980838128313 3.9368697270172022 3.9347908593533303 3.9336797482422194 3.9213992432379312 3.9202881321268204 3.9088917119467572 3.9077806008356459 3.8916383677892763 3.890527256678165;4.4535196521675937 4.4524992440043283 4.450590079823221 4.4495696716599564 4.4382916568601001 4.4372712486968346 4.4268051485314706 4.4257847403682051 4.4109602406317432 4.4099398324684786;4.9247489728166052 4.9236378617054948 4.9215589940416224 4.9204478829305121 4.9081673779262234 4.907056266815113 4.8956598466350503 4.894548735523939 4.8784065024775698 4.8772953913664585;5.0905631160676545 5.0916500725893936 5.1079848657869293 5.1090718223086684 5.1202204942239478 5.1213074507456877 5.1333209882498823 5.1344079447716222 5.1364416196601921 5.137528576181932;5.3591624202189241 5.3609481345046381 5.3877838661863029 5.389569580472017 5.4078852557614034 5.4096709700471175 5.4294074959468661 5.4311932102325802 5.4345342475495171 5.4363199618352303;6.0423372847054582 6.0434736483418217 6.0605509321392459 6.0616872957756094 6.0733427255052188 6.0744790891415823 6.087038696532332 6.0881750601686955 6.0903011748249281 6.0914375384612915;6.9266403765798152 6.927859888774937 6.9461867299233919 6.9474062421185137 6.9599145081698017 6.9611340203649235 6.9746126234184107 6.9758321356135324 6.9781138196348556 6.9793333318299773;7.0395352718260416 7.0407547840211633 7.0590816251696173 7.06030113736474 7.072809403416028 7.0740289156111498 7.087507518664637 7.0887270308597587 7.0910087148810819 7.0922282270762036;8.1586448186540217 8.159755929765133 8.1764537183670587 8.17756482947817 8.1889612496582327 8.190072360769344 8.2023528657736318 8.203463976884743 8.2055428445486136 8.2066539556597249;8.2308832752867911 8.2319036834500547 8.2472383872681494 8.2482587954314148 8.2587248955967798 8.2597453037600452 8.2710233185599016 8.2720437267231652 8.2739528909042726 8.274973299067538;8.6975182709664516 8.6986293820775646 8.7153271706794904 8.7164382817906016 8.7278347019706644 8.7289458130817756 8.7412263180860652 8.7423374291971765 8.7444162968610488 8.7455274079721601;
