m;4
n;8
P;9
P1;2 4 6 8
Q;10
M;100
h;1 1 1 1 1 1 1 1 1
Vmin;46 46 46 46 46 46 46 46 46;28 28 28 28 28 28 28 28 28;52 52 52 52 52 52 52 52 52;42 42 42 42 42 42 42 42 42;44 44 44 44 44 44 44 44 44;35 35 35 35 35 35 35 35 35;28 28 28 28 28 28 28 28 28;49 49 49 49 49 49 49 49 49;
Vmax;46 46 46 46 46 46 46 46 46;28 28 28 28 28 28 28 28 28;52 52 52 52 52 52 52 52 52;42 42 42 42 42 42 42 42 42;44 44 44 44 44 44 44 44 44;35 35 35 35 35 35 35 35 35;28 28 28 28 28 28 28 28 28;49 49 49 49 49 49 49 49 49;
d;3.000 51.482 3.000 3.689 3.000 43.948 3.000 67.464 3.000
S;3.9474743942246016 3.8822570029202539 2.4156423016218369 2.3504249103174892 1.3950272057963473 1.3298098144919994 1.2496157499357521 1.1843983586314042 0.065217391304347824 0;7.48513650479756 7.3779936476547032 4.9685552098073034 4.8614123526644466 3.2918304095225706 3.1846875523797133 3.0529401606087356 2.9457973034658784 1.1071428571428572 1;5.4919965795063783 5.4343042718140708 4.1369143437423936 4.0792220360500862 3.2340625282044604 3.1763702205121529 3.1054293172508571 3.0477370095585496 2.0576923076923075 2;7.3234243365317058 7.2519957651031346 5.6457034732048683 5.5742749017762971 4.5278869396817134 4.4564583682531422 4.3686267737391571 4.2971982023105859 3.0714285714285716 3;0 0.065217391304347824 1.2170070542835782 1.2822244455879261 1.3624185101441735 1.4276359014485214 2.3830336059696631 2.4482509972740107 3.9148656985724277 3.9800830898767754;1 1.1071428571428572 2.9993687320373068 3.106511589180164 3.2382589809511417 3.3454018380939989 4.9149837812358745 5.0221266383787313 7.4315650762261303 7.538707933368987;2 2.0576923076923075 3.0765831634047034 3.1342754710970109 3.2052163743583066 3.2629086820506141 4.1080681898962395 4.1657604975885469 5.4631504256602241 5.5208427333525316;3 3.0714285714285716 4.3329124880248715 4.4043410594534427 4.4921726539674278 4.563601225395999 5.6099891874905827 5.6814177589191539 7.2877100508174202 7.3591386222459914;
