m;5
n;10
P;9
P1;2 4 6 8
Q;10
M;100
h;1 1 1 1 1 1 1 1 1
Vmin;40 40 40 40 40 40 40 40 40;40 40 40 40 40 40 40 40 40;43 43 43 43 43 43 43 43 43;51 51 51 51 51 51 51 51 51;37 37 37 37 37 37 37 37 37;39 39 39 39 39 39 39 39 39;28 28 28 28 28 28 28 28 28;45 45 45 45 45 45 45 45 45;52 52 52 52 52 52 52 52 52;40 40 40 40 40 40 40 40 40;
Vmax;40 40 40 40 40 40 40 40 40;40 40 40 40 40 40 40 40 40;43 43 43 43 43 43 43 43 43;51 51 51 51 51 51 51 51 51;37 37 37 37 37 37 37 37 37;39 39 39 39 39 39 39 39 39;28 28 28 28 28 28 28 28 28;45 45 45 45 45 45 45 45 45;52 52 52 52 52 52 52 52 52;40 40 40 40 40 40 40 40 40;
d;3.000 4.704 3.000 4.121 3.000 62.191 3.000 9.946 3.000
S;2.399076633767744 2.3240766337677439 2.0754263519332143 2.0004263519332142 0.44564683980666397 0.37064683980666396 0.26761124723595725 0.19261124723595724 0.074999999999999997 0;3.399076633767744 3.3240766337677439 3.0754263519332143 3.0004263519332142 1.4456468398066638 1.3706468398066638 1.2676112472359571 1.1926112472359571 1.075 1;4.2316991942025526 4.1619317523420873 3.9306291645890368 3.8608617227285715 2.4145551998201529 2.3447877579596876 2.2489406951032165 2.1791732532427512 2.0697674418604652 2;4.881628732366857 4.8228052029550925 4.6277853740652652 4.5689618446535007 3.3495269331816968 3.2907034037699323 3.2098911743027112 3.1510676448909467 3.0588235294117645 3;6.5935963608299915 6.5125152797489108 6.2437041642521223 6.1626230831710416 4.4817803673585548 4.4006992862774741 4.2893094564713046 4.2082283753902239 4.0810810810810807 4;0 0.074999999999999997 0.23011124723595727 0.30511124723595728 0.408146839806664 0.48314683980666401 2.0379263519332143 2.1129263519332144 2.361576633767744 2.4365766337677441;1 1.075 1.2301112472359572 1.3051112472359572 1.4081468398066639 1.4831468398066638 3.0379263519332138 3.112926351933214 3.3615766337677435 3.4365766337677437;2 2.0697674418604652 2.2140569741729834 2.2838244160334487 2.3796714788899198 2.4494389207503851 3.8957454436588037 3.9655128855192689 4.19681547327232 4.2665829151327852;3 3.0588235294117645 3.180479409596829 3.2393029390085935 3.3201151684758146 3.3789386978875791 4.598373609359383 4.6571971387711475 4.8522169676609748 4.9110404970727393;4 4.0810810810810807 4.2487689159307642 4.3298499970118449 4.4412398268180144 4.5223209078990951 6.2031636237115819 6.2842447047926626 6.5530558202894511 6.6341369013705318;
