m;3
n;6
P;9
P1;2 4 6 8
Q;10
M;100
h;1 1 1 1 1 1 1 1 1
Vmin;52 52 52 52 52 52 52 52 52;52 52 52 52 52 52 52 52 52;45 45 45 45 45 45 45 45 45;51 51 51 51 51 51 51 51 51;28 28 28 28 28 28 28 28 28;49 49 49 49 49 49 49 49 49;
Vmax;52 52 52 52 52 52 52 52 52;52 52 52 52 52 52 52 52 52;45 45 45 45 45 45 45 45 45;51 51 51 51 51 51 51 51 51;28 28 28 28 28 28 28 28 28;49 49 49 49 49 49 49 49 49;
d;3.000 32.894 3.000 100.282 3.000 50.640 3.000 32.533 3.000
S;4.4490150405341158 4.3913227328418083 3.7656903480841781 3.7079980403918706 2.7341531922124651 2.6764608845201576 0.74795865628270819 0.69026634859040048 0.057692307692307696 0;5.4490150405341149 5.3913227328418074 4.7656903480841777 4.7079980403918702 3.7341531922124647 3.6764608845201572 1.7479586562827081 1.6902663485904004 1.0576923076923077 1;7.1410840468394232 7.0744173801727568 6.3514644022306062 6.2847977355639397 5.159465911001071 5.0927992443344046 2.8643077805933523 2.7976411139266855 2.0666666666666669 2;0 0.057692307692307696 0.71911250243655434 0.77680481012886204 2.7053070383663114 2.7629993460586189 3.7368441942380244 3.7945365019303319 4.4201688866879625 4.47786119438027;1 1.0576923076923077 1.7191125024365543 1.776804810128862 3.7053070383663114 3.7629993460586189 4.7368441942380244 4.7945365019303319 5.4201688866879625 5.47786119438027;2 2.0666666666666669 2.8309744472600187 2.8976411139266856 5.1261325776677378 5.1927992443344042 6.3181310688972729 6.3847977355639394 7.10775071350609 7.1744173801727564;
