m;1
n;2
P;9
P1;2 4 6 8
Q;10
M;100
h;1 1 1 1 1 1 1 1 1
Vmin;28 28 28 28 28 28 28 28 28;52 52 52 52 52 52 52 52 52;
Vmax;28 28 28 28 28 28 28 28 28;52 52 52 52 52 52 52 52 52;
d;3.000 5.112 3.000 171.535 3.000 89.464 3.000 22.411 3.000
S;10.840066008075459 10.732923150932601 9.9325271017193568 9.8253842445764992 6.6302399899126963 6.5230971327698395 0.39684818377242748 0.28970532662957033 0.10714285714285714 0;0 0.10714285714285714 0.34327675520099893 0.45041961234385608 6.5766685613412674 6.6838114184841242 9.878955673147928 9.9860985302907856 10.78649457950403 10.893637436646888;
