m;2
n;4
P;9
P1;2 4 6 8
Q;10
M;100
h;1 1 1 1 1 1 1 1 1
Vmin;41 41 41 41 41 41 41 41 41;39 39 39 39 39 39 39 39 39;28 28 28 28 28 28 28 28 28;52 52 52 52 52 52 52 52 52;
Vmax;41 41 41 41 41 41 41 41 41;39 39 39 39 39 39 39 39 39;28 28 28 28 28 28 28 28 28;52 52 52 52 52 52 52 52 52;
d;3.000 30.508 3.000 43.386 3.000 44.264 3.000 54.698 3.000
S;4.5818386010649288 4.5086678693576117 3.1745820138603027 3.1014112821529856 2.0218102163662381 1.9486394846589212 0.89043575394327878 0.81726502223596176 0.073170731707317069 0;5.8168046831708224 5.7398816062477458 4.337381091494164 4.2604580145710873 3.1254927915645072 3.0485697146414301 1.9360991259403699 1.8591760490172931 1.0769230769230769 1;0 0.073170731707317069 0.85385038808962033 0.92702111979693735 1.9852248505125798 2.0583955822198967 3.1379966480066441 3.2111673797139613 4.5452532352112707 4.6184239669185878;1 1.0769230769230769 1.8976375874788316 1.9745606644019085 3.0870312531029684 3.1639543300260455 4.2989195530326256 4.3758426299557023 5.7783431447092841 5.8552662216323608;
