m;7
n;14
P;9
P1;2 4 6 8
Q;10
M;100
h;1 1 1 1 1 1 1 1 1
Vmin;51 51 51 51 51 51 51 51 51;44 44 44 44 44 44 44 44 44;28 28 28 28 28 28 28 28 28;50 50 50 50 50 50 50 50 50;46 46 46 46 46 46 46 46 46;34 34 34 34 34 34 34 34 34;46 46 46 46 46 46 46 46 46;46 46 46 46 46 46 46 46 46;46 46 46 46 46 46 46 46 46;46 46 46 46 46 46 46 46 46;48 48 48 48 48 48 48 48 48;35 35 35 35 35 35 35 35 35;52 52 52 52 52 52 52 52 52;38 38 38 38 38 38 38 38 38;
Vmax;51 51 51 51 51 51 51 51 51;44 44 44 44 44 44 44 44 44;28 28 28 28 28 28 28 28 28;50 50 50 50 50 50 50 50 50;46 46 46 46 46 46 46 46 46;34 34 34 34 34 34 34 34 34;46 46 46 46 46 46 46 46 46;46 46 46 46 46 46 46 46 46;46 46 46 46 46 46 46 46 46;46 46 46 46 46 46 46 46 46;48 48 48 48 48 48 48 48 48;35 35 35 35 35 35 35 35 35;52 52 52 52 52 52 52 52 52;38 38 38 38 38 38 38 38 38;
d;3.000 22.218 3.000 80.493 3.000 39.612 3.000 62.310 3.000
S;4.306531433375854 4.2477079039640895 3.0259473003142059 2.9671237709024414 2.1904159048148859 2.1315923754031214 0.55329667049513298 0.49447314108336832 0.058823529411764705 0;5.9916614341401955 5.9234796159583771 4.507348007182375 4.4391661890005567 3.5388911623990724 3.4707093442172541 1.6413211408011767 1.5731393226193586 1.0681818181818181 1;9.8440393965060213 9.7368965393631637 7.5115468684294466 7.4044040112865899 5.9896861123414 5.8825432551985433 3.0077903641161354 2.9006475069732782 2.1071428571428572 2;7.3926620620433701 7.3326620620433705 6.086466246320489 6.0264662463204894 5.2342242229111831 5.1742242229111834 3.5643626039050358 3.5043626039050357 3.0600000000000001 3;8.7746326761341003 8.7094152848297526 7.3548546155657499 7.2896372242614023 6.428504590120852 6.3632871988165043 4.6134376129402561 4.5482202216359084 4.0652173913043477 4;11.45979715006378 11.371561855946133 9.5389209504713079 9.4506856563536612 8.285623857222328 8.1973885631046812 5.8299450057426991 5.7417097116250524 5.0882352941176467 5;10.7746326761341 10.709415284829753 9.3548546155657508 9.2896372242614031 8.428504590120852 8.3632871988165043 6.6134376129402561 6.5482202216359084 6.0652173913043477 6;0 0.058823529411764705 0.52388490578925062 0.58270843520101534 2.1610041401090037 2.2198276695207682 2.9965355356083236 3.0553590650200881 4.2771196686699717 4.3359431980817362;1 1.0681818181818181 1.6072302317102678 1.6754120498920859 3.5048002533081632 3.5729820714899816 4.4732570980914659 4.5414389162732842 5.9575705250492863 6.0257523432311046;2 2.1071428571428572 2.9542189355447066 3.0613617926875638 5.9361146837699712 6.043257540912828 7.4579754398580178 7.5651182970008746 9.7904679679345925 9.8976108250774502;3 3.0600000000000001 3.534362603905036 3.594362603905036 5.2042242229111846 5.2642242229111842 6.0564662463204906 6.1164662463204902 7.3626620620433716 7.4226620620433712;4 4.0652173913043477 4.5808289172880823 4.64604630859243 6.3958958944686781 6.4611132857730258 7.3222459199135761 7.3874633112179238 8.7420239804819246 8.8072413717862723;5 5.0882352941176467 5.7858273586838758 5.8740626528015225 8.2415062101635055 8.3297415042811522 9.4948033034124855 9.5830385975301322 11.415679503004958 11.503914797122604;6 6.0652173913043477 6.5808289172880823 6.64604630859243 8.3958958944686781 8.4611132857730258 9.322245919913577 9.3874633112179247 10.742023980481926 10.807241371786274;
