m;6
n;12
P;9
P1;2 4 6 8
Q;10
M;100
h;1 1 1 1 1 1 1 1 1
Vmin;40 40 40 40 40 40 40 40 40;51 51 51 51 51 51 51 51 51;46 46 46 46 46 46 46 46 46;42 42 42 42 42 42 42 42 42;50 50 50 50 50 50 50 50 50;36 36 36 36 36 36 36 36 36;28 28 28 28 28 28 28 28 28;51 51 51 51 51 51 51 51 51;42 42 42 42 42 42 42 42 42;37 37 37 37 37 37 37 37 37;38 38 38 38 38 38 38 38 38;52 52 52 52 52 52 52 52 52;
Vmax;40 40 40 40 40 40 40 40 40;51 51 51 51 51 51 51 51 51;46 46 46 46 46 46 46 46 46;42 42 42 42 42 42 42 42 42;50 50 50 50 50 50 50 50 50;36 36 36 36 36 36 36 36 36;28 28 28 28 28 28 28 28 28;51 51 51 51 51 51 51 51 51;42 42 42 42 42 42 42 42 42;37 37 37 37 37 37 37 37 37;38 38 38 38 38 38 38 38 38;52 52 52 52 52 52 52 52 52;
d;3.000 42.396 3.000 149.800 3.000 41.741 3.000 33.599 3.000
S;7.063389143815745 6.9883891438157448 6.1484211252616703 6.0734211252616701 5.029905142865422 4.9549051428654218 1.2099065968092519 1.134906596809252 0.074999999999999997 0;6.5399130539731321 6.4810895245613676 5.8222910786366029 5.7634675492248384 4.9450236414630755 4.886200112051311 1.9489463504386288 1.8901228210268641 1.0588235294117647 1;8.1420775163615158 8.0768601250571681 7.3464531524014518 7.2812357610971041 6.3738305590134097 6.308613167709062 3.05209269287761 2.9868753015732623 2.0652173913043477 2;9.7270372798245184 9.6556087083959472 8.8556391669158767 8.7842105954873055 7.790385850348021 7.7189572789194498 4.1522919969611927 4.0808634255326215 3.0714285714285716 3;9.6507113150525949 9.5907113150525944 8.9187369002093355 8.858736900209335 8.0239241142923365 7.963924114292336 4.9679252774474003 4.9079252774474007 4.0599999999999996 4;12.848210159795274 12.76487682646194 11.831579028068523 11.748245694735189 10.588783492072691 10.505450158739357 6.3443406631213906 6.2610073297880575 5.083333333333333 5;0 0.074999999999999997 1.1724065968092519 1.2474065968092518 4.9924051428654215 5.0674051428654217 6.1109211252616698 6.1859211252616699 7.0258891438157445 7.1008891438157447;1 1.0588235294117647 1.9195345857327466 1.9783581151445113 4.9156118767571932 4.9744354061689577 5.7928793139307206 5.8517028433424851 6.5105012892672498 6.5693248186790143;2 2.0652173913043477 3.0194839972254366 3.0847013885297843 6.3412218633612358 6.4064392546655835 7.313844456749278 7.3790618480536256 8.1094688207093419 8.1746862120136896;3 3.0714285714285716 4.1165777112469071 4.1880062826754783 7.7546715646337354 7.8261001360623066 8.8199248812015902 8.8913534526301614 9.6913229941102319 9.7627515655388031;4 4.0599999999999996 4.937925277447401 4.9979252774474006 7.9939241142923363 8.0539241142923359 8.8887369002093344 8.9487369002093349 9.6207113150525938 9.6807113150525943;5 5.083333333333333 6.3026739964547236 6.3860073297880566 10.547116825406023 10.630450158739357 11.789912361401855 11.873245694735189 12.806543493128606 12.88987682646194;
