m;8
n;16
P;9
P1;2 4 6 8
Q;10
M;100
h;1 1 1 1 1 1 1 1 1
Vmin;51 51 51 51 51 51 51 51 51;32 32 32 32 32 32 32 32 32;50 50 50 50 50 50 50 50 50;48 48 48 48 48 48 48 48 48;52 52 52 52 52 52 52 52 52;44 44 44 44 44 44 44 44 44;49 49 49 49 49 49 49 49 49;42 42 42 42 42 42 42 42 42;28 28 28 28 28 28 28 28 28;44 44 44 44 44 44 44 44 44;46 46 46 46 46 46 46 46 46;43 43 43 43 43 43 43 43 43;42 42 42 42 42 42 42 42 42;28 28 28 28 28 28 28 28 28;36 36 36 36 36 36 36 36 36;39 39 39 39 39 39 39 39 39;
Vmax;51 51 51 51 51 51 51 51 51;32 32 32 32 32 32 32 32 32;50 50 50 50 50 50 50 50 50;48 48 48 48 48 48 48 48 48;52 52 52 52 52 52 52 52 52;44 44 44 44 44 44 44 44 44;49 49 49 49 49 49 49 49 49;42 42 42 42 42 42 42 42 42;28 28 28 28 28 28 28 28 28;44 44 44 44 44 44 44 44 44;46 46 46 46 46 46 46 46 46;43 43 43 43 43 43 43 43 43;42 42 42 42 42 42 42 42 42;28 28 28 28 28 28 28 28 28;36 36 36 36 36 36 36 36 36;39 39 39 39 39 39 39 39 39;
d;3.000 4.976 3.000 28.423 3.000 3.812 3.000 111.469 3.000
S;3.2094278661490234 3.1506043367372589 0.96493101527927638 0.90610748586751166 0.83136615595105379 0.77254262653928907 0.21522143902097501 0.15639790960921029 0.058823529411764705 0;6.1150256616750056 6.0212756616750056 2.5378588056013465 2.4441088056013465 2.3249898110469918 2.2312398110469918 1.343009168439679 1.249259168439679 1.09375 1;5.2736164234720038 5.2136164234720042 2.9842296355848621 2.924229635584862 2.8479934790700749 2.7879934790700749 2.2195258678013947 2.1595258678013947 2.0600000000000001 2;6.4100171077833377 6.3475171077833377 4.0252392037342313 3.9627392037342313 3.8833265406979947 3.8208265406979947 3.228672778959786 3.166172778959786 3.0625 3;7.1477080994923119 7.0900157918000044 4.9463746496008287 4.8886823419085212 4.8153783452596874 4.75768603756738 4.2110825651936485 4.1533902575013411 4.0576923076923075 4;8.7200186630363685 8.6518368448545502 6.1184427677100706 6.0502609495282522 5.9636289534887217 5.8954471353069033 5.249461213410676 5.1812793952288576 5.0681818181818183 5;9.3404249219102109 9.2792004321142922 7.0043159546784324 6.9430914648825137 6.8652994684388533 6.8040749786429346 6.2240059875524443 6.1627814977565256 6.0612244897959187 6;10.897162408895243 10.825733837466672 8.171701947124836 8.1002733756962648 8.0095160465119939 7.9380874750834218 7.2613403188111834 7.1899117473826122 7.0714285714285712 7;0 0.058823529411764705 0.18580967431509265 0.24463320372685737 0.80195439124517143 0.86077792065693615 0.93551925057339402 0.99434277998515874 3.1800161014431412 3.2388396308549057;1 1.09375 1.296134168439679 1.389884168439679 2.2781148110469918 2.3718648110469918 2.4909838056013465 2.5847338056013465 6.0681506616750056 6.1619006616750056;2 2.0600000000000001 2.1895258678013945 2.2495258678013945 2.8179934790700747 2.8779934790700747 2.9542296355848618 3.0142296355848619 5.2436164234720035 5.3036164234720031;3 3.0625 3.197422778959786 3.259922778959786 3.8520765406979947 3.9145765406979947 3.9939892037342313 4.0564892037342313 6.3787671077833377 6.4412671077833377;4 4.0576923076923075 4.1822364113474944 4.2399287190398018 4.7865321914135333 4.8442244991058407 4.9175284957546745 4.975220803446982 7.1188619456461577 7.1765542533384652;5 5.0681818181818183 5.2153703043197668 5.2835521225015851 5.9295380443978125 5.9977198625796309 6.0843518586191614 6.1525336768009797 8.6859277539454602 8.7541095721272786;6 6.0612244897959187 6.1933937426544841 6.2546182324504027 6.8346872235408931 6.8959117133368117 6.9737037097804722 7.0349281995763908 9.3098126770122498 9.3710371668081685;7 7.0714285714285712 7.2256260330968978 7.2970546045254689 7.9738017607977074 8.0452303322262786 8.1359876614105495 8.2074162328391207 10.861448123180956 10.932876694609527;
