m;3
n;6
P;19
P1;2 4 6 8 10 12 14 16 18
Q;20
M;100
h;1 1 1 1 1 1 1 1 1 1 1 1 1 1 1 1 1 1 1
Vmin;40 40 40 40 40 40 40 40 40 40 40 40 40 40 40 40 40 40 40;40 40 40 40 40 40 40 40 40 40 40 40 40 40 40 40 40 40 40;40 40 40 40 40 40 40 40 40 40 40 40 40 40 40 40 40 40 40;40 40 40 40 40 40 40 40 40 40 40 40 40 40 40 40 40 40 40;40 40 40 40 40 40 40 40 40 40 40 40 40 40 40 40 40 40 40;40 40 40 40 40 40 40 40 40 40 40 40 40 40 40 40 40 40 40;
Vmax;40 40 40 40 40 40 40 40 40 40 40 40 40 40 40 40 40 40 40;40 40 40 40 40 40 40 40 40 40 40 40 40 40 40 40 40 40 40;40 40 40 40 40 40 40 40 40 40 40 40 40 40 40 40 40 40 40;40 40 40 40 40 40 40 40 40 40 40 40 40 40 40 40 40 40 40;40 40 40 40 40 40 40 40 40 40 40 40 40 40 40 40 40 40 40;40 40 40 40 40 40 40 40 40 40 40 40 40 40 40 40 40 40 40;
d;3 16.6666666666667 3 16.6666666666667 3 16.6666666666667 3 16.6666666666667 3 16.6666666666667 3 16.6666666666667 3 16.6666666666667 3 16.6666666666667 3 16.6666666666667 3
S;4.5000000000000009 4.4250000000000007 4.0083333333333337 3.9333333333333336 3.5166666666666671 3.4416666666666669 3.0250000000000004 2.9500000000000002 2.5333333333333337 2.4583333333333335 2.041666666666667 1.9666666666666668 1.55 1.4750000000000001 1.0583333333333333 0.98333333333333339 0.56666666666666665 0.4916666666666667 0.074999999999999997 0;5.0000000000000009 4.9250000000000007 4.5083333333333337 4.4333333333333336 4.0166666666666666 3.9416666666666669 3.5250000000000004 3.4500000000000002 3.0333333333333337 2.9583333333333335 2.541666666666667 2.4666666666666668 2.0500000000000003 1.9750000000000001 1.5583333333333333 1.4833333333333334 1.0666666666666667 0.9916666666666667 0.57499999999999996 0.5;5.5000000000000018 5.4250000000000016 5.0083333333333346 4.9333333333333345 4.5166666666666675 4.4416666666666673 4.0250000000000004 3.9500000000000002 3.5333333333333337 3.4583333333333335 3.041666666666667 2.9666666666666668 2.5500000000000003 2.4750000000000001 2.0583333333333336 1.9833333333333334 1.5666666666666667 1.4916666666666667 1.075 1;0 0.074999999999999997 0.4916666666666667 0.56666666666666665 0.98333333333333339 1.0583333333333333 1.4750000000000001 1.55 1.9666666666666668 2.041666666666667 2.4583333333333335 2.5333333333333337 2.9500000000000002 3.0250000000000004 3.4416666666666669 3.5166666666666671 3.9333333333333336 4.0083333333333337 4.4250000000000007 4.5000000000000009;0.5 0.57499999999999996 0.9916666666666667 1.0666666666666667 1.4833333333333334 1.5583333333333333 1.9750000000000001 2.0500000000000003 2.4666666666666668 2.541666666666667 2.9583333333333335 3.0333333333333337 3.4500000000000002 3.5250000000000004 3.9416666666666669 4.0166666666666666 4.4333333333333336 4.5083333333333337 4.9250000000000007 5.0000000000000009;1 1.075 1.4916666666666667 1.5666666666666667 1.9833333333333334 2.0583333333333336 2.4750000000000001 2.5500000000000003 2.9666666666666668 3.041666666666667 3.4583333333333335 3.5333333333333337 3.9500000000000002 4.0250000000000004 4.4416666666666673 4.5166666666666675 4.9333333333333345 5.0083333333333346 5.4250000000000016 5.5000000000000018;
