m;1
n;2
P;19
P1;2 4 6 8 10 12 14 16 18
Q;20
M;100
h;1 1 1 1 1 1 1 1 1 1 1 1 1 1 1 1 1 1 1
Vmin;52 52 52 52 52 52 52 52 52 52 52 52 52 52 52 52 52 52 52;40 40 40 40 40 40 40 40 40 40 40 40 40 40 40 40 40 40 40;
Vmax;52 52 52 52 52 52 52 52 52 52 52 52 52 52 52 52 52 52 52;40 40 40 40 40 40 40 40 40 40 40 40 40 40 40 40 40 40 40;
d;3.000 23.394 3.000 11.029 3.000 3.762 3.000 9.988 3.000 20.361 3.000 32.529 3.000 21.849 3.000 8.384 3.000 3.369 3.000
S;0.10991462380158522 0.10895308534004676 0.10787316273005639 0.10691162426851793 0.10422432183841719 0.10326278337687873 0.096259842515883237 0.095298304054344779 0.084872365988193171 0.083910827526654713 0.07738498053336329 0.076423442071824832 0.073222175709269505 0.072260637247731047 0.071054921799803591 0.070093383338265133 0.066558455280655154 0.065596916819116696 0.058098943157619438 0.05713740469608098;0.29509885486403326 0.29606039332557171 0.30403913621783818 0.30500067467937664 0.3085356027369866 0.30949714119852506 0.31070285664645253 0.31166439510799099 0.31486566147054629 0.31582719993208475 0.32235304692537614 0.3233145853869146 0.33374052345306621 0.33470206191460466 0.34170500277560018 0.34266654123713863 0.34535384366723931 0.34631538212877777 0.34739530473876812 0.34835684320030658;
