m;3
n;6
P;19
P1;2 4 6 8 10 12 14 16 18
Q;20
M;100
h;1 1 1 1 1 1 1 1 1 1 1 1 1 1 1 1 1 1 1
Vmin;28 28 28 28 28 28 28 28 28 28 28 28 28 28 28 28 28 28 28;49 49 49 49 49 49 49 49 49 49 49 49 49 49 49 49 49 49 49;34 34 34 34 34 34 34 34 34 34 34 34 34 34 34 34 34 34 34;48 48 48 48 48 48 48 48 48 48 48 48 48 48 48 48 48 48 48;43 43 43 43 43 43 43 43 43 43 43 43 43 43 43 43 43 43 43;52 52 52 52 52 52 52 52 52 52 52 52 52 52 52 52 52 52 52;
Vmax;28 28 28 28 28 28 28 28 28 28 28 28 28 28 28 28 28 28 28;49 49 49 49 49 49 49 49 49 49 49 49 49 49 49 49 49 49 49;34 34 34 34 34 34 34 34 34 34 34 34 34 34 34 34 34 34 34;48 48 48 48 48 48 48 48 48 48 48 48 48 48 48 48 48 48 48;43 43 43 43 43 43 43 43 43 43 43 43 43 43 43 43 43 43 43;52 52 52 52 52 52 52 52 52 52 52 52 52 52 52 52 52 52 52;
d;3.000 9.995 3.000 3.904 3.000 7.851 3.000 38.748 3.000 24.528 3.000 10.997 3.000 8.609 3.000 5.433 3.000 21.865 3.000
S;0.78164888055579562 0.77986316627008134 0.76684813294825804 0.76506241866254376 0.76182863716333316 0.76004292287761888 0.75491838075654294 0.75313266647082877 0.74658677827836906 0.74480106399265489 0.73020104086430204 0.72841532657858787 0.70535109188617928 0.70356537760046511 0.69889243824967973 0.69710672396396556 0.69478308741593164 0.69299737313021736 0.68704780650267538 0.68526209221696111;1.1525292961155711 1.1515088879523059 1.1440717260541211 1.1430513178908557 1.1412034427484496 1.1401830345851844 1.1372547248017126 1.1362343166384472 1.1324938090998988 1.1314734009366336 1.1231305305775749 1.1221101224143095 1.1089305597329331 1.1079101515696679 1.1052399005120761 1.1042194923488109 1.1028917000356486 1.1018712918723834 1.0984715395137878 1.0974511313505224;2.1903141210691666 2.1888435328338725 2.1781252700982536 2.1766546818629591 2.1739915676871386 2.1725209794518445 2.1683007682933115 2.166830180058017 2.1614394486054036 2.159968860370109 2.1479453119114655 2.1464747236761714 2.1274806480471291 2.126010059811835 2.1221617568170705 2.1206911685817764 2.1187775855422188 2.1173069973069247 2.1124073542018902 2.1109367659665961;2.3645763798894808 2.3663620941751953 2.3732045179455947 2.3749902322313092 2.3773138687793431 2.3790995830650572 2.383772522415843 2.3855582367015571 2.4086224713939659 2.41040818567968 2.4250082088080327 2.4267939230937472 2.4333398112862072 2.4351255255719213 2.4402500676929977 2.4420357819787117 2.4452695634779222 2.4470552777636367 2.46007031108546 2.4618560253711745;2.5890634199293552 2.5900838280926206 2.5939937845328487 2.5950141926961137 2.5963419850092757 2.5973623931725407 2.6000326442301325 2.6010530523933975 2.6142326150747741 2.6152530232380391 2.623595893597098 2.624616301760363 2.6283568092989116 2.6293772174621766 2.6323055272456486 2.6333259354089136 2.6351738105513198 2.6361942187145848 2.6436313806127694 2.6446517887760348;3.7124645869447899 3.713935175180084 3.7195701124027658 3.7210407006380604 3.7229542836776175 3.7244248719129116 3.7282731749076761 3.7297437631429702 3.7487378387720129 3.7502084270073071 3.7622319754659506 3.7637025637012447 3.7690932951538585 3.7705638833891526 3.7747840945476856 3.7762546827829797 3.7789177969588006 3.7803883851940947 3.791106647929714 3.7925772361650081;
