m;2
n;4
P;19
P1;2 4 6 8 10 12 14 16 18
Q;20
M;100
h;1 1 1 1 1 1 1 1 1 1 1 1 1 1 1 1 1 1 1
Vmin;28 28 28 28 28 28 28 28 28 28 28 28 28 28 28 28 28 28 28;52 52 52 52 52 52 52 52 52 52 52 52 52 52 52 52 52 52 52;50 50 50 50 50 50 50 50 50 50 50 50 50 50 50 50 50 50 50;51 51 51 51 51 51 51 51 51 51 51 51 51 51 51 51 51 51 51;
Vmax;28 28 28 28 28 28 28 28 28 28 28 28 28 28 28 28 28 28 28;52 52 52 52 52 52 52 52 52 52 52 52 52 52 52 52 52 52 52;50 50 50 50 50 50 50 50 50 50 50 50 50 50 50 50 50 50 50;51 51 51 51 51 51 51 51 51 51 51 51 51 51 51 51 51 51 51;
d;3.000 4.328 3.000 10.261 3.000 33.099 3.000 8.865 3.000 18.017 3.000 15.870 3.000 5.331 3.000 7.451 3.000 7.698 3.000
S;0.82095859550274242 0.81917288121702814 0.8145908530801319 0.81280513879441763 0.80836983387792971 0.80658411959221554 0.80341079312863961 0.80162507884292533 0.79217840864049527 0.79039269435478099 0.77966827412715145 0.77788255984143717 0.77260567884775244 0.77081996456203827 0.75111793654273484 0.74933222225702056 0.74322421547078676 0.74143850118507248 0.73886219195793545 0.73707647767222129;0.84767517231202272 0.84671363385048426 0.84424638793061701 0.84328484946907856 0.84089660836020041 0.83993506989866196 0.83822635564904424 0.83726481718750578 0.83217814861696648 0.83121661015542803 0.82544192234055058 0.82448038387901212 0.82163898642087418 0.82067744795933573 0.8100686636412493 0.80910712517971084 0.80581819844866187 0.80485665998712341 0.80346941655712656 0.8025078780955881;0.9447687627467154 0.94655447703242968 0.95002364340242385 0.95180935768813801 0.95791736447437192 0.95970307876008609 0.97940510677938952 0.9811908210651038 0.98646770205878853 0.9882534163445027 0.99897783657213235 1.0007635508578465 1.0102102210602768 1.0119959353459909 1.0151692618095669 1.016954976095281 1.021390281011769 1.0231759952974833 1.0277580234343795 1.0295437377200938;1.1655015604892192 1.1664630989507576 1.1683311116115236 1.169292650073062 1.172581576804111 1.1735431152656495 1.1841518995837359 1.1851134380452744 1.1879548355034122 1.1889163739649506 1.1946910617798281 1.1956526002413665 1.2007392688119058 1.2017008072734443 1.2034095215230622 1.2043710599846007 1.2067593010934787 1.2077208395550172 1.2101880854748843 1.2111496239364228;
