m;6
n;12
P;19
P1;2 4 6 8 10 12 14 16 18
Q;20
M;100
h;1 1 1 1 1 1 1 1 1 1 1 1 1 1 1 1 1 1 1
Vmin;46 46 46 46 46 46 46 46 46 46 46 46 46 46 46 46 46 46 46;35 35 35 35 35 35 35 35 35 35 35 35 35 35 35 35 35 35 35;28 28 28 28 28 28 28 28 28 28 28 28 28 28 28 28 28 28 28;52 52 52 52 52 52 52 52 52 52 52 52 52 52 52 52 52 52 52;44 44 44 44 44 44 44 44 44 44 44 44 44 44 44 44 44 44 44;47 47 47 47 47 47 47 47 47 47 47 47 47 47 47 47 47 47 47;33 33 33 33 33 33 33 33 33 33 33 33 33 33 33 33 33 33 33;40 40 40 40 40 40 40 40 40 40 40 40 40 40 40 40 40 40 40;48 48 48 48 48 48 48 48 48 48 48 48 48 48 48 48 48 48 48;46 46 46 46 46 46 46 46 46 46 46 46 46 46 46 46 46 46 46;39 39 39 39 39 39 39 39 39 39 39 39 39 39 39 39 39 39 39;48 48 48 48 48 48 48 48 48 48 48 48 48 48 48 48 48 48 48;
Vmax;46 46 46 46 46 46 46 46 46 46 46 46 46 46 46 46 46 46 46;35 35 35 35 35 35 35 35 35 35 35 35 35 35 35 35 35 35 35;28 28 28 28 28 28 28 28 28 28 28 28 28 28 28 28 28 28 28;52 52 52 52 52 52 52 52 52 52 52 52 52 52 52 52 52 52 52;44 44 44 44 44 44 44 44 44 44 44 44 44 44 44 44 44 44 44;47 47 47 47 47 47 47 47 47 47 47 47 47 47 47 47 47 47 47;33 33 33 33 33 33 33 33 33 33 33 33 33 33 33 33 33 33 33;40 40 40 40 40 40 40 40 40 40 40 40 40 40 40 40 40 40 40;48 48 48 48 48 48 48 48 48 48 48 48 48 48 48 48 48 48 48;46 46 46 46 46 46 46 46 46 46 46 46 46 46 46 46 46 46 46;39 39 39 39 39 39 39 39 39 39 39 39 39 39 39 39 39 39 39;48 48 48 48 48 48 48 48 48 48 48 48 48 48 48 48 48 48 48;
d;3.000 29.115 3.000 17.186 3.000 6.443 3.000 4.257 3.000 56.747 3.000 28.973 3.000 5.442 3.000 32.156 3.000 23.583 3.000
S;0.20088208407053057 0.19979512754879145 0.19125073947096088 0.19016378294922173 0.17851303788386291 0.17742608136212379 0.17545430749045743 0.1743673509687183 0.16386974515883329 0.16278278863709417 0.14222236065754076 0.14113540413580164 0.13959284034149613 0.13850588381975698 0.13617129466585445 0.13508433814411533 0.1288575568475239 0.12777060032578477 0.11722163525848281 0.11613467873674369;0.65250463988051477 0.65107606845194321 0.63984630126393738 0.63841772983536593 0.62310532203517999 0.62167675060660854 0.61908527637527555 0.6176567049467041 0.60385985159656952 0.60243128016799807 0.57540900339487078 0.57398043196629933 0.5719530624080692 0.57052449097949776 0.56745617380579716 0.56602760237722571 0.5578438326731342 0.55641526124456275 0.54255090715610876 0.54112233572753732;1.999982607879127 1.9981968935934127 1.9841596846084053 1.982373970322691 1.9632334605724586 1.9614477462867443 1.9582084034975782 1.9564226892118637 1.9391766225241953 1.937390908238481 1.9036130622720719 1.9018273479863577 1.8992931360385699 1.8975074217528556 1.89367202528573 1.8918863110000155 1.8816565988699012 1.8798708845841867 1.8625404419736191 1.8607547276879048;2.0252326262472073 2.0242710877856691 2.0167125906398957 2.0157510521783575 2.0054446238513091 2.0044830853897708 2.002738823887912 2.0017772854263733 1.9924909418253212 1.9915294033637827 1.9733413324587934 1.9723797939972549 1.9710152183330616 1.9700536798715231 1.9679884663892249 1.9670269279276864 1.9615186213960862 1.960557082934548 1.9512253061442422 1.9502637676827037;2.0962501383006895 2.095113774664326 2.0861810053102303 2.0850446416738668 2.0728643172873555 2.0717279536509916 2.0696665536942498 2.0685301900578863 2.0575554203475517 2.0564190567111882 2.0349240638234734 2.0337877001871099 2.0321750198566995 2.031038656220336 2.0285979493776192 2.0274615857412557 2.0209517689311829 2.0198154052948194 2.0087869418153677 2.0076505781790042;3.0010017083693459 2.9999378785821116 2.9915752859952986 2.9905114562080644 2.9791085993355861 2.9780447695483518 2.9761149483122527 2.9750511185250184 2.9647768660302374 2.9637130362430031 2.9435900641779087 2.9425262343906744 2.9410164911026304 2.9399526613153961 2.9376677442711512 2.9366039144839169 2.9305096178957637 2.9294457881085294 2.9191212691064892 2.9180574393192549;3.0687258238616315 3.0698127803833706 3.0809052237115417 3.0819921802332808 3.0882189615298725 3.0893059180516116 3.091640507205514 3.092727463727253 3.0942700275215587 3.0953569840432977 3.115917412022851 3.1170043685445901 3.127501974354475 3.128588930876214 3.1305607047478805 3.1316476612696196 3.1432984063349783 3.1443853628567173 3.1529297509345477 3.1540167074562868;3.2977853218966469 3.2992138933252182 3.3137925331279581 3.3152211045565294 3.3234048742606208 3.3248334456891926 3.3279017628628931 3.3293303342914644 3.3313577038496947 3.332786275278266 3.3598085520513932 3.3612371234799649 3.3750339768300992 3.376462548258671 3.3790540224900036 3.380482593918575 3.3957950017187608 3.3972235731473321 3.4084533403353379 3.4098819117639096;3.6129395893301912 3.6147253036159057 3.6329486033693303 3.6347343176550448 3.6449640297851591 3.6467497440708736 3.650585140537999 3.6523708548237135 3.6549050667715006 3.6566907810572151 3.6904686270236242 3.6922543413093383 3.7095004079970066 3.7112861222827211 3.7145254650718873 3.7163111793576018 3.7354516891078342 3.7372374033935487 3.7512746123785563 3.7530603266642704;4.3370338769412706 4.3379954154028093 4.347807961423884 4.3487694998854227 4.3542778064170227 4.3552393448785613 4.3573045583608607 4.3582660968223994 4.3596306724865919 4.3605922109481305 4.3787802818531203 4.379741820314659 4.3890281639157109 4.3899897023772496 4.3917339638791084 4.3926955023406471 4.4030019306676955 4.4039634691292342 4.4115219662750071 4.4124835047365458;5.1807047279369662 5.1818410915733297 5.1934377368709637 5.1945741005073272 5.2010839173174004 5.2022202809537639 5.2046609877964807 5.2057973514328442 5.2074100317632546 5.2085463953996181 5.2300413882873329 5.2311777519236964 5.2421525216340301 5.2432888852703936 5.2453502852271354 5.2464866488634989 5.2586669732500111 5.2598033368863746 5.2687361062404694 5.2698724698768329;5.5742793281733762 5.575343157960611 5.5861995918562677 5.5872634216435015 5.5933577182316556 5.5944215480188895 5.5967064650631348 5.5977702948503687 5.5992800381384127 5.6003438679256465 5.6204668399907414 5.6215306697779761 5.6318049222727575 5.6328687520599914 5.6347985732960906 5.6358624030833244 5.6472652599558035 5.6483290897430383 5.6566916823298508 5.6577555121170855;
