m;4
n;8
P;19
P1;2 4 6 8 10 12 14 16 18
Q;20
M;100
h;1 1 1 1 1 1 1 1 1 1 1 1 1 1 1 1 1 1 1
Vmin;43 43 43 43 43 43 43 43 43 43 43 43 43 43 43 43 43 43 43;47 47 47 47 47 47 47 47 47 47 47 47 47 47 47 47 47 47 47;52 52 52 52 52 52 52 52 52 52 52 52 52 52 52 52 52 52 52;40 40 40 40 40 40 40 40 40 40 40 40 40 40 40 40 40 40 40;28 28 28 28 28 28 28 28 28 28 28 28 28 28 28 28 28 28 28;30 30 30 30 30 30 30 30 30 30 30 30 30 30 30 30 30 30 30;50 50 50 50 50 50 50 50 50 50 50 50 50 50 50 50 50 50 50;38 38 38 38 38 38 38 38 38 38 38 38 38 38 38 38 38 38 38;
Vmax;43 43 43 43 43 43 43 43 43 43 43 43 43 43 43 43 43 43 43;47 47 47 47 47 47 47 47 47 47 47 47 47 47 47 47 47 47 47;52 52 52 52 52 52 52 52 52 52 52 52 52 52 52 52 52 52 52;40 40 40 40 40 40 40 40 40 40 40 40 40 40 40 40 40 40 40;28 28 28 28 28 28 28 28 28 28 28 28 28 28 28 28 28 28 28;30 30 30 30 30 30 30 30 30 30 30 30 30 30 30 30 30 30 30;50 50 50 50 50 50 50 50 50 50 50 50 50 50 50 50 50 50 50;38 38 38 38 38 38 38 38 38 38 38 38 38 38 38 38 38 38 38;
d;3.000 15.887 3.000 9.998 3.000 13.036 3.000 15.554 3.000 16.904 3.000 19.709 3.000 5.021 3.000 9.632 3.000 8.624 3.000
S;0.29374849574987627 0.29258570505220188 0.2892430199967892 0.28808022929911481 0.28434678534924868 0.28318399465157429 0.28123773126036178 0.28007494056268739 0.27243566205822067 0.27127287136054629 0.26472088756663709 0.2635580968689627 0.25752957846139263 0.25636678776371824 0.25131389245759095 0.25015110175991651 0.24627591219427894 0.24511312149660452 0.23895553267684119 0.23779274197916678;0.75788535526325373 0.75682152547601977 0.75376332425511039 0.75269949446787632 0.74928379042863702 0.74821996064140306 0.74643933668774054 0.74537550690050647 0.73838637975812205 0.73732254997088797 0.73132818181901371 0.73026435203177964 0.72474889902059847 0.7236850692333644 0.71906220757031181 0.71799837778307773 0.71445299158472853 0.71338916179749445 0.70775562309005147 0.70669179330281751;1.1665480260797643 1.1655864876182258 1.1628223442070194 1.1618608057454809 1.1587735347869379 1.1578119963253994 1.1562025862134353 1.1552410477518968 1.148923952065511 1.1479624136039726 1.142544427005163 1.1415828885436246 1.1365977675527494 1.135636229091211 1.131457873357298 1.1304963348957595 1.1272918512164822 1.1263303127549438 1.1212384604616781 1.1202769220001396;1.3412940328003937 1.3400440328003935 1.336450646365825 1.3352006463658248 1.3311871941197186 1.3299371941197187 1.3278449609741652 1.3265949609741652 1.3183827365818634 1.3171327365818635 1.3100893540034109 1.3088393540034109 1.3023586967152732 1.301108696715273 1.2956768342611862 1.2944268342611862 1.2902610054781256 1.2890110054781256 1.28239159749688 1.2811415974968801;1.4883535357338793 1.4895163264315536 1.4962553106001544 1.4974181012978287 1.5012932908634662 1.5024560815611407 1.5075089768672678 1.5086717675649421 1.5147002859725123 1.5158630766701866 1.5224150604640958 1.5235778511617704 1.5312171296662371 1.5323799203639115 1.5343261837551239 1.5354889744527982 1.5392224184026646 1.5403852091003389 1.5437278941557515 1.5448906848534258;1.6712563130498121 1.672320142837046 1.678485596438106 1.6795494262253401 1.6830948124236895 1.6841586422109236 1.6887815038739762 1.6898453336612103 1.6953607866723914 1.6964246164596255 1.7024189846114999 1.7034828143987337 1.7104719415411183 1.7115357713283523 1.7133163952820147 1.7143802250692488 1.7177959291084879 1.718859758895722 1.7219179601166315 1.7229817899038655;2.7137706999444382 2.7147322384059769 2.7203048599300117 2.7212663983915504 2.7244708820708277 2.7254324205323663 2.7296107762662793 2.730572314727818 2.7355574357186936 2.7365189741802323 2.7419369607790416 2.7428984992405803 2.7492155949269663 2.750177133388505 2.7517865435004696 2.7527480819620083 2.7558353529205513 2.7567968913820899 2.7595610347932964 2.7605225732548351;3.1262232405760235 3.1274732405760233 3.134717648557269 3.1359676485572687 3.1401334773403291 3.1413834773403289 3.1468153397944159 3.1480653397944156 3.1545459970825531 3.1557959970825533 3.1628393796610057 3.1640893796610055 3.1723016040533074 3.1735516040533072 3.1756438371988605 3.1768938371988602 3.1809072894449661 3.1821572894449659 3.1857506758795342 3.187000675879534;
