m;5
n;10
P;19
P1;2 4 6 8 10 12 14 16 18
Q;20
M;100
h;1 1 1 1 1 1 1 1 1 1 1 1 1 1 1 1 1 1 1
Vmin;37 37 37 37 37 37 37 37 37 37 37 37 37 37 37 37 37 37 37;52 52 52 52 52 52 52 52 52 52 52 52 52 52 52 52 52 52 52;46 46 46 46 46 46 46 46 46 46 46 46 46 46 46 46 46 46 46;49 49 49 49 49 49 49 49 49 49 49 49 49 49 49 49 49 49 49;38 38 38 38 38 38 38 38 38 38 38 38 38 38 38 38 38 38 38;28 28 28 28 28 28 28 28 28 28 28 28 28 28 28 28 28 28 28;47 47 47 47 47 47 47 47 47 47 47 47 47 47 47 47 47 47 47;28 28 28 28 28 28 28 28 28 28 28 28 28 28 28 28 28 28 28;41 41 41 41 41 41 41 41 41 41 41 41 41 41 41 41 41 41 41;49 49 49 49 49 49 49 49 49 49 49 49 49 49 49 49 49 49 49;
Vmax;37 37 37 37 37 37 37 37 37 37 37 37 37 37 37 37 37 37 37;52 52 52 52 52 52 52 52 52 52 52 52 52 52 52 52 52 52 52;46 46 46 46 46 46 46 46 46 46 46 46 46 46 46 46 46 46 46;49 49 49 49 49 49 49 49 49 49 49 49 49 49 49 49 49 49 49;38 38 38 38 38 38 38 38 38 38 38 38 38 38 38 38 38 38 38;28 28 28 28 28 28 28 28 28 28 28 28 28 28 28 28 28 28 28;47 47 47 47 47 47 47 47 47 47 47 47 47 47 47 47 47 47 47;28 28 28 28 28 28 28 28 28 28 28 28 28 28 28 28 28 28 28;41 41 41 41 41 41 41 41 41 41 41 41 41 41 41 41 41 41 41;49 49 49 49 49 49 49 49 49 49 49 49 49 49 49 49 49 49 49;
d;3.000 2.381 3.000 4.905 3.000 3.576 3.000 10.194 3.000 17.049 3.000 7.366 3.000 26.506 3.000 3.934 3.000 37.459 3.000
S;0.53471171097138259 0.53336035962003125 0.516487098180898 0.51513574682954666 0.51336361873984493 0.51201226738849359 0.50007240611972881 0.49872105476837747 0.49540284193776191 0.49405149058641057 0.48637177017602051 0.48502041882466912 0.48042859479758859 0.47907724344623726 0.47746629322232764 0.4761149418709763 0.47390538701240309 0.47255403566105175 0.47148167210524733 0.47013032075389594;0.85663632048887794 0.85567478202733949 0.84366880754180229 0.84270726908026394 0.84144633178566841 0.84048479332412995 0.83198912280597037 0.83102758434443191 0.82866654829187858 0.82770500983034023 0.82224059338448563 0.82127905492294717 0.81801179551906289 0.81705025705752443 0.81590400401358887 0.81494246555205041 0.81337028228729646 0.81240874382575801 0.81164571591105106 0.8106841774495126;1.4926681628699339 1.4915812063481948 1.4780092351906311 1.476922278668892 1.4754968712923928 1.4744099147706538 1.4648061133153432 1.4637191567936041 1.4610501595168046 1.4599632029950655 1.4537860365780126 1.4526990800562736 1.4490056563823175 1.4479186998605784 1.4466229355500424 1.4455359790283033 1.4437587283811901 1.4426717718594511 1.4418092185645648 1.4407222620428257;1.7729955378383029 1.7719751296750377 1.7592340955271206 1.7582136873638554 1.7568755498267337 1.7558551416634682 1.7468393280523602 1.745818919889095 1.7433133306088342 1.7422929224455688 1.7364939498907845 1.7354735417275191 1.7320062460336012 1.7309858378703358 1.7297694060686082 1.7287489979053428 1.7270805585223385 1.7260601503590733 1.7252504064495884 1.724229998286323;1.9429312677814174 1.9416154783077331 1.9251862500643666 1.9238704605906822 1.9221449674507096 1.9208291779770255 1.9092035235837546 1.9078877341100702 1.9046568426697341 1.90334105319605 1.8958634306911963 1.894547641217512 1.8900766546648282 1.8887608651911441 1.8871923083941795 1.8858765189204951 1.8837251102424106 1.8824093207687265 1.8813651773064959 1.8800493878328117;2.8996313174801229 2.9009826688314746 2.9027307080629545 2.9040820594143062 2.9062916142728792 2.9076429656242309 2.9092539158481401 2.9106052671994918 2.9151970912265726 2.9165484425779242 2.9242281629883142 2.9255795143396659 2.9288977271702814 2.9302490785216331 2.9421889397903978 2.9435402911417494 2.9453124192314508 2.9466637705828025 2.9635370320219354 2.9648883833732871;3.9212700694866709 3.9222316079482096 3.9234754050936855 3.9244369435552242 3.9260091268199782 3.9269706652815168 3.9281169183254523 3.929078456786991 3.9323457161908753 3.9333072546524139 3.9387716710982685 3.9397332095598072 3.9420942456123607 3.9430557840738993 3.9515514545920589 3.9525129930535976 3.9537739303481931 3.9547354688097318 3.9667414432952692 3.9677029817568079;4.3369171969877636 4.3380041535095026 4.3394101850652591 4.3404971415869982 4.3422743922341116 4.3433613487558507 4.3446571130663871 4.3457440695881262 4.3494374932620827 4.3505244497838218 4.3567016162008754 4.3577885727226144 4.3604575699994141 4.3615445265211541 4.3711483279764654 4.3722352844982044 4.3736606918747034 4.3747476483964425 4.3883196195540073 4.3894065760757464;5.0883880649294104 5.0894084730926759 5.090728421083794 5.0917488292470585 5.0934172686300627 5.0944376767933282 5.0956541085950553 5.0966745167583207 5.1001418124522377 5.1011622206155032 5.1069611931702878 5.1079816013335524 5.1104871906138127 5.1115075987770782 5.1205234123881853 5.1215438205514507 5.1228819580885725 5.1239023662518379 5.1366434003997545 5.13766380856302;5.7471242233337474 5.748440012807432 5.7501420510065042 5.7514578404801879 5.7536092491582727 5.7549250386319564 5.7564935954289211 5.7578093849026049 5.7622803714552893 5.763596160928973 5.7710737834338266 5.7723895729075112 5.7756204643478473 5.776936253821531 5.7885619082148017 5.7898776976884854 5.7916031908284582 5.7929189803021428 5.8093482085455097 5.8106639980191934;
