m;7
n;14
P;19
P1;2 4 6 8 10 12 14 16 18
Q;20
M;100
h;1 1 1 1 1 1 1 1 1 1 1 1 1 1 1 1 1 1 1
Vmin;28 28 28 28 28 28 28 28 28 28 28 28 28 28 28 28 28 28 28;36 36 36 36 36 36 36 36 36 36 36 36 36 36 36 36 36 36 36;52 52 52 52 52 52 52 52 52 52 52 52 52 52 52 52 52 52 52;47 47 47 47 47 47 47 47 47 47 47 47 47 47 47 47 47 47 47;37 37 37 37 37 37 37 37 37 37 37 37 37 37 37 37 37 37 37;49 49 49 49 49 49 49 49 49 49 49 49 49 49 49 49 49 49 49;42 42 42 42 42 42 42 42 42 42 42 42 42 42 42 42 42 42 42;37 37 37 37 37 37 37 37 37 37 37 37 37 37 37 37 37 37 37;45 45 45 45 45 45 45 45 45 45 45 45 45 45 45 45 45 45 45;47 47 47 47 47 47 47 47 47 47 47 47 47 47 47 47 47 47 47;49 49 49 49 49 49 49 49 49 49 49 49 49 49 49 49 49 49 49;45 45 45 45 45 45 45 45 45 45 45 45 45 45 45 45 45 45 45;51 51 51 51 51 51 51 51 51 51 51 51 51 51 51 51 51 51 51;42 42 42 42 42 42 42 42 42 42 42 42 42 42 42 42 42 42 42;
Vmax;28 28 28 28 28 28 28 28 28 28 28 28 28 28 28 28 28 28 28;36 36 36 36 36 36 36 36 36 36 36 36 36 36 36 36 36 36 36;52 52 52 52 52 52 52 52 52 52 52 52 52 52 52 52 52 52 52;47 47 47 47 47 47 47 47 47 47 47 47 47 47 47 47 47 47 47;37 37 37 37 37 37 37 37 37 37 37 37 37 37 37 37 37 37 37;49 49 49 49 49 49 49 49 49 49 49 49 49 49 49 49 49 49 49;42 42 42 42 42 42 42 42 42 42 42 42 42 42 42 42 42 42 42;37 37 37 37 37 37 37 37 37 37 37 37 37 37 37 37 37 37 37;45 45 45 45 45 45 45 45 45 45 45 45 45 45 45 45 45 45 45;47 47 47 47 47 47 47 47 47 47 47 47 47 47 47 47 47 47 47;49 49 49 49 49 49 49 49 49 49 49 49 49 49 49 49 49 49 49;45 45 45 45 45 45 45 45 45 45 45 45 45 45 45 45 45 45 45;51 51 51 51 51 51 51 51 51 51 51 51 51 51 51 51 51 51 51;42 42 42 42 42 42 42 42 42 42 42 42 42 42 42 42 42 42 42;
d;3.000 41.524 3.000 13.191 3.000 9.669 3.000 18.685 3.000 4.654 3.000 13.612 3.000 5.545 3.000 15.830 3.000 38.050 3.000
S;0.44798206276943014 0.44619634848371587 0.42354742593722228 0.42176171165150794 0.41233907056056773 0.41055335627485345 0.4072529107911681 0.40546719650545376 0.39736507585851533 0.39557936157280099 0.39280883711396625 0.39102312282825197 0.37990138654178157 0.37811567225606724 0.37236037724713544 0.37057466296142116 0.36272263583343217 0.36093692154771789 0.33622036472984701 0.33443465044413273;0.94530416869609624 0.94391527980720735 0.92629945115993462 0.92491056227104573 0.91758184142253663 0.91619295253364763 0.91362593937967018 0.91223705049078119 0.90593540109871795 0.90454651220982896 0.90239165985295755 0.90100277096406856 0.89235253163014716 0.89096364274125828 0.88648730217875571 0.88509841328986683 0.87899128107920876 0.87760239219031988 0.85837840355419803 0.85698951466530915;1.5486548671877054 1.5476933287261672 1.5354977550472859 1.5345362165857475 1.529462486767549 1.5285009483060106 1.5267237853532569 1.5257622468917185 1.5213995665433668 1.5204380280818284 1.5189462072193789 1.5179846687578404 1.511996041526664 1.5110345030651255 1.5079354980603161 1.5069739595987777 1.5027459449913991 1.5017844065298607 1.4884754913202378 1.4875139528586994;1.6588598450345757 1.6577960152473417 1.6443030401132603 1.6432392103260263 1.63762572201653 1.6365618922292959 1.6345956693879515 1.6335318396007175 1.6287050443216904 1.6276412145344563 1.6259906893249376 1.6249268595377038 1.6183011443032107 1.6172373145159766 1.6138086281276771 1.612744798340443 1.6080669949450452 1.6070031651578112 1.5922784079046115 1.5912145781173774;2.3723086501002824 2.3709572987489311 2.3538175735786115 2.3524662222272599 2.3453355749151972 2.3439842235638455 2.3414865891437597 2.3401352377924081 2.3340039032487789 2.3326525518974273 2.3305559387934442 2.3292045874420926 2.3207881383604394 2.3194367870090877 2.3150814286239498 2.3137300772725982 2.3077880026892554 2.3064366513379038 2.2877322299622174 2.2863808786108657;2.5148418431507835 2.5138214349875185 2.5008791935323793 2.4998587853691143 2.4944744190314343 2.4934540108681693 2.491568042020349 2.490547633857084 2.4859178506302624 2.484897442466997 2.483314285633377 2.482293877470112 2.4759385995921286 2.4749181914288636 2.4716294514237598 2.4706090432604948 2.4661221706159298 2.4651017624526643 2.4509780156995955 2.4499576075363305;3.0746475761579526 3.0734570999674764 3.0583578182698137 3.0571673420793375 3.0508855813520439 3.0496951051615677 3.047494808172444 3.0463043319819674 3.0409029182173417 3.0397124420268655 3.0378654257209754 3.0366749495304992 3.029260458672852 3.0280699824823758 3.024233119143088 3.0230426429526114 3.0178079582006188 3.0166174820101421 3.000139777464895 2.9989493012744188;3.4034985689037174 3.4052842831894319 3.43089369715016 3.4326794114358745 3.4405314385638635 3.4423171528495775 3.4480724478585092 3.4498581621442237 3.4609798984306939 3.4627656127164084 3.4655361371752429 3.4673218514609574 3.4754239721078957 3.4772096863936097 3.4805101318772955 3.48229584616301 3.4917184872539502 3.4935042015396647 3.5161531240861583 3.5179388383718728;3.7793002034599379 3.780689092348827 3.8006075254293932 3.8019964143182823 3.8081035465289403 3.8094924354178294 3.813968775980332 3.8153576648692207 3.8240079042031425 3.8253967930920316 3.8275516454489034 3.828940534337792 3.8352421837298554 3.8366310726187445 3.8391980857727219 3.840586974661611 3.8479156955101197 3.8493045843990088 3.8669204130462815 3.8683093019351706;3.9634046060074155 3.9643661444689542 3.9781558289093462 3.9791173673708848 3.9833453819782636 3.9843069204398023 3.9874059254446119 3.9883674639061506 3.9943560911373268 3.9953176295988655 3.9968094504613147 3.9977709889228534 4.0021336692712053 4.003095207732744 4.0048723706854972 4.0058339091470359 4.0109076389652341 4.0118691774267727 4.0240647511056542 4.0250262895671929;4.2834333817734462 4.2844972115606801 4.2997538837074973 4.3008177134947321 4.3054955168901294 4.3065593466773633 4.3099880330656637 4.3110518628528975 4.3176775780873902 4.3187414078746249 4.3203919330841432 4.3214557628713779 4.326282558150405 4.3273463879376388 4.3293126107789837 4.3303764405662175 4.3359899288757147 4.3370537586629485 4.3505467337970298 4.3516105635842637;4.4170707945193843 4.4184221458707356 4.437802242922098 4.4391535942734492 4.4450956688567924 4.4464470202081436 4.4508023785932815 4.4521537299446328 4.4605701790262868 4.4619215303776381 4.4640181434816215 4.4653694948329727 4.4715008293766028 4.472852180727954 4.4753498151480402 4.4767011664993923 4.4838318138114541 4.4851831651628062 4.5023228903331249 4.5036742416844771;5.334640011738065 5.3356604199013304 5.3502943707360329 5.3513147788992974 5.355801651543862 5.3568220597071274 5.3601107997122313 5.3611312078754967 5.3674864857534788 5.3685068939167442 5.3700900507503642 5.3711104589136296 5.3757402421404512 5.3767606503037166 5.378646619151537 5.3796670273148015 5.3850513936524829 5.3860718018157474 5.3990140432708866 5.4000344514341521;5.9616163483449141 5.9628068245353898 5.9798797671758752 5.981070243366351 5.9863049281183436 5.9874954043088193 5.9913322676481071 5.9925227438385829 5.9999372346962305 6.0011277108867063 6.0029747271925959 6.0041652033830717 6.0095666171476978 6.0107570933381735 6.0129573903272977 6.0141478665177734 6.0204296272450666 6.0216201034355423 6.0367193851332051 6.0379098613236808;
