m;4
n;8
P;19
P1;2 4 6 8 10 12 14 16 18
Q;20
M;100
h;1 1 1 1 1 1 1 1 1 1 1 1 1 1 1 1 1 1 1
Vmin;52 52 52 52 52 52 52 52 52 52 52 52 52 52 52 52 52 52 52;43 43 43 43 43 43 43 43 43 43 43 43 43 43 43 43 43 43 43;50 50 50 50 50 50 50 50 50 50 50 50 50 50 50 50 50 50 50;43 43 43 43 43 43 43 43 43 43 43 43 43 43 43 43 43 43 43;28 28 28 28 28 28 28 28 28 28 28 28 28 28 28 28 28 28 28;44 44 44 44 44 44 44 44 44 44 44 44 44 44 44 44 44 44 44;48 48 48 48 48 48 48 48 48 48 48 48 48 48 48 48 48 48 48;49 49 49 49 49 49 49 49 49 49 49 49 49 49 49 49 49 49 49;
Vmax;52 52 52 52 52 52 52 52 52 52 52 52 52 52 52 52 52 52 52;43 43 43 43 43 43 43 43 43 43 43 43 43 43 43 43 43 43 43;50 50 50 50 50 50 50 50 50 50 50 50 50 50 50 50 50 50 50;43 43 43 43 43 43 43 43 43 43 43 43 43 43 43 43 43 43 43;28 28 28 28 28 28 28 28 28 28 28 28 28 28 28 28 28 28 28;44 44 44 44 44 44 44 44 44 44 44 44 44 44 44 44 44 44 44;48 48 48 48 48 48 48 48 48 48 48 48 48 48 48 48 48 48 48;49 49 49 49 49 49 49 49 49 49 49 49 49 49 49 49 49 49 49;
d;3.000 9.983 3.000 24.928 3.000 12.907 3.000 26.349 3.000 8.108 3.000 34.621 3.000 10.749 3.000 10.260 3.000 3.542 3.000
S;3.2970418530269576 3.2393495453346501 3.1712259718591014 3.1135336641667939 2.9162321307939059 2.8585398231015984 2.6518246178746798 2.5941323101823723 1.9283461858024455 1.8706538781101378 1.7147336457742157 1.657041338081908 1.1503341966662333 1.0926418889739256 0.84442951065186722 0.78673720295955951 0.30735692416242932 0.24966461647012161 0.057692307692307696 0;4.4871203804046944 4.4173529385442292 4.3349709427133334 4.2652035008528681 4.0266062977042587 3.9568388558437939 3.7068576774298458 3.6370902355693806 2.8319535270169109 2.7621860851564457 2.5736313855874235 2.5038639437269583 1.8911018192242819 1.8213343773638169 1.5211705710208625 1.4514031291603975 0.87168744317317037 0.80192000131270524 0.56976744186046513 0.5;4.4289235271480356 4.368923527148036 4.2980750107334655 4.2380750107334659 4.0328814160256625 3.9728814160256629 3.7578976025896673 3.6978976025896673 3.0054800332345435 2.9454800332345434 2.7833229916051843 2.7233229916051842 2.1963475645328825 2.1363475645328824 1.878206691077942 1.818206691077942 1.3196512011289265 1.2596512011289265 1.0600000000000001 1;5.4871203804046953 5.4173529385442301 5.3349709427133343 5.265203500852869 5.0266062977042596 4.9568388558437944 4.7068576774298458 4.6370902355693806 3.8319535270169109 3.7621860851564457 3.5736313855874235 3.5038639437269583 2.8911018192242817 2.8213343773638164 2.5211705710208623 2.451403129160397 1.87168744317317 1.801920001312705 1.569767441860465 1.5;0 0.057692307692307696 0.27851077031627547 0.33620307800858318 0.81558335680571337 0.87327566449802108 1.1214880428200793 1.179180350512387 1.6858874919280618 1.7435797996203695 1.8995000319562916 1.9571923396485993 2.6229784640285261 2.6806707717208336 2.8873859769477521 2.9450782846400596 3.1423798180129476 3.2000721257052551 3.2681956991808039 3.3258880068731114;0.5 0.56976744186046513 0.83680372224293786 0.90657116410340299 1.4862868500906301 1.5560542919510951 1.8562180982940495 1.9259855401545145 2.5387476646571909 2.6085151065176562 2.7970698060866783 2.8668372479471436 3.6719739564996132 3.7417413983600785 3.9917225767740265 4.0614900186344913 4.3000872217831008 4.369854663643566 4.4522366594744618 4.522004101334927;1 1.0600000000000001 1.2896512011289265 1.3496512011289266 1.848206691077942 1.9082066910779421 2.1663475645328827 2.2263475645328827 2.7533229916051845 2.8133229916051845 2.9754800332345437 3.0354800332345437 3.7278976025896675 3.7878976025896676 4.0028814160256632 4.0628814160256628 4.2680750107334662 4.3280750107334658 4.3989235271480362 4.4589235271480359;1.5 1.569767441860465 1.8368037222429376 1.9065711641034027 2.4862868500906297 2.5560542919510949 2.856218098294049 2.9259855401545143 3.5387476646571909 3.6085151065176562 3.7970698060866783 3.8668372479471436 4.6719739564996132 4.7417413983600785 4.991722576774027 5.0614900186344922 5.3000872217831017 5.3698546636435669 5.4522366594744627 5.5220041013349279;
