m;2
n;4
P;19
P1;2 4 6 8 10 12 14 16 18
Q;20
M;100
h;1 1 1 1 1 1 1 1 1 1 1 1 1 1 1 1 1 1 1
Vmin;45 45 45 45 45 45 45 45 45 45 45 45 45 45 45 45 45 45 45;45 45 45 45 45 45 45 45 45 45 45 45 45 45 45 45 45 45 45;50 50 50 50 50 50 50 50 50 50 50 50 50 50 50 50 50 50 50;52 52 52 52 52 52 52 52 52 52 52 52 52 52 52 52 52 52 52;
Vmax;45 45 45 45 45 45 45 45 45 45 45 45 45 45 45 45 45 45 45;45 45 45 45 45 45 45 45 45 45 45 45 45 45 45 45 45 45 45;50 50 50 50 50 50 50 50 50 50 50 50 50 50 50 50 50 50 50;52 52 52 52 52 52 52 52 52 52 52 52 52 52 52 52 52 52 52;
d;3.000 41.261 3.000 10.967 3.000 11.566 3.000 5.014 3.000 20.762 3.000 3.173 3.000 17.214 3.000 18.937 3.000 17.320 3.000
S;3.9158481767292823 3.8491815100626154 3.4642990483044862 3.3976323816378193 2.9768157897707659 2.910149123104099 2.5276255973354562 2.4609589306687893 2.3904401246235882 2.3237734579569214 1.8623917571043096 1.7957250904376429 1.6843042885477104 1.6176376218810438 1.3606140361849057 1.2939473695182391 1.0502412649470898 0.98357459828042315 0.066666666666666666 0;4.4158481767292823 4.3491815100626159 3.9642990483044862 3.8976323816378193 3.4768157897707659 3.410149123104099 3.0276255973354562 2.9609589306687893 2.8904401246235882 2.8237734579569214 2.36239175710431 2.2957250904376432 2.1843042885477106 2.1176376218810438 1.8606140361849057 1.7939473695182391 1.5502412649470898 1.4835745982804232 0.56666666666666665 0.5;0 0.066666666666666666 1.0169079316137566 1.0835745982804232 1.3272807028515725 1.3939473695182392 1.6509709552143772 1.7176376218810439 1.8290584237709764 1.895725090437643 2.3571067912902546 2.4237734579569215 2.4942922640021226 2.5609589306687894 2.9434824564374322 3.0101491231040991 3.4309657149711525 3.4976323816378194 3.8825148433959487 3.9491815100626155;0.5 0.56666666666666665 1.5169079316137566 1.5835745982804232 1.8272807028515725 1.8939473695182392 2.1509709552143774 2.2176376218810443 2.3290584237709768 2.3957250904376437 2.8571067912902555 2.9237734579569223 2.9942922640021234 3.0609589306687903 3.4434824564374331 3.5101491231041 3.9309657149711534 3.9976323816378203 4.3825148433959491 4.4491815100626155;
