m;3
n;6
P;19
P1;2 4 6 8 10 12 14 16 18
Q;20
M;100
h;1 1 1 1 1 1 1 1 1 1 1 1 1 1 1 1 1 1 1
Vmin;38 38 38 38 38 38 38 38 38 38 38 38 38 38 38 38 38 38 38;44 44 44 44 44 44 44 44 44 44 44 44 44 44 44 44 44 44 44;52 52 52 52 52 52 52 52 52 52 52 52 52 52 52 52 52 52 52;47 47 47 47 47 47 47 47 47 47 47 47 47 47 47 47 47 47 47;49 49 49 49 49 49 49 49 49 49 49 49 49 49 49 49 49 49 49;28 28 28 28 28 28 28 28 28 28 28 28 28 28 28 28 28 28 28;
Vmax;38 38 38 38 38 38 38 38 38 38 38 38 38 38 38 38 38 38 38;44 44 44 44 44 44 44 44 44 44 44 44 44 44 44 44 44 44 44;52 52 52 52 52 52 52 52 52 52 52 52 52 52 52 52 52 52 52;47 47 47 47 47 47 47 47 47 47 47 47 47 47 47 47 47 47 47;49 49 49 49 49 49 49 49 49 49 49 49 49 49 49 49 49 49 49;28 28 28 28 28 28 28 28 28 28 28 28 28 28 28 28 28 28 28;
d;3.000 3.796 3.000 14.729 3.000 13.661 3.000 13.938 3.000 9.825 3.000 22.370 3.000 13.749 3.000 5.986 3.000 14.276 3.000
S;3.7455266913874765 3.6665793229664239 3.2908972622696284 3.2119498938485758 3.0544280211011183 2.9754806526800657 2.6136673431706456 2.534719974749593 1.9460363150967677 1.867088946675715 1.6085411908019429 1.5295938223808903 1.1628041392777022 1.0838567708566496 0.72435463651913479 0.64540726809808213 0.25779245056442185 0.17884508214336922 0.078947368421052627 0;3.7347730516528208 3.6665912334710025 3.3421385446874066 3.2739567265055882 3.1379151091327837 3.0697332909509654 2.7572581600110118 2.6890763418291934 2.1806677266744807 2.1124859084926624 1.8891946647834956 1.8210128466016775 1.5042399384671061 1.436058120285288 1.1255790042665252 1.0573971860847071 0.72263893457836414 0.65445711639654602 0.56818181818181812 0.5;3.7371156590908465 3.679423351398539 3.4048864608893425 3.3471941531970351 3.2320820154200467 3.1743897077277392 2.9099876738554711 2.8522953661631636 2.4221034610322527 2.3644111533399452 2.1754724086629582 2.1177801009706507 1.8497414863952439 1.7920491787029362 1.5293360805332139 1.4716437728409062 1.1883867907970775 1.1306944831047698 1.0576923076923077 1;0 0.078947368421052627 0.21831876635389552 0.29726613477494812 0.68488095230860835 0.763828320729661 1.1233304550671757 1.2022778234882283 1.5690675065914164 1.648014875012469 1.9065626308862411 1.9855099993072938 2.5741936589601186 2.6531410273811713 3.0149543368905913 3.093901705311644 3.2514235780591014 3.3303709464801541 3.7060530071769495 3.7850003755980022;0.5 0.56818181818181812 0.6885480254874552 0.75672984366927332 1.0914880951756163 1.1596699133574344 1.4701490293761972 1.5383308475580153 1.8551037556925867 1.9232855738744048 2.1465768175835716 2.2147586357653899 2.7231672509201026 2.7913490691019209 3.1038242000418745 3.1720060182236929 3.3080476355964974 3.3762294537783157 3.7006821425619116 3.76886396074373;1 1.0576923076923077 1.1595406369509236 1.2172329446432313 1.5004899266870599 1.5581822343793676 1.82089533254909 1.8785876402413977 2.1466262548168045 2.204318562509112 2.393257307186099 2.4509496148784065 2.8811415200093169 2.9388338277016244 3.2032358615738925 3.2609281692662 3.3760403070431884 3.4337326147354958 3.7082695052446923 3.7659618129369998;
