m;8
n;16
P;19
P1;2 4 6 8 10 12 14 16 18
Q;20
M;100
h;1 1 1 1 1 1 1 1 1 1 1 1 1 1 1 1 1 1 1
Vmin;43 43 43 43 43 43 43 43 43 43 43 43 43 43 43 43 43 43 43;31 31 31 31 31 31 31 31 31 31 31 31 31 31 31 31 31 31 31;28 28 28 28 28 28 28 28 28 28 28 28 28 28 28 28 28 28 28;48 48 48 48 48 48 48 48 48 48 48 48 48 48 48 48 48 48 48;39 39 39 39 39 39 39 39 39 39 39 39 39 39 39 39 39 39 39;31 31 31 31 31 31 31 31 31 31 31 31 31 31 31 31 31 31 31;50 50 50 50 50 50 50 50 50 50 50 50 50 50 50 50 50 50 50;34 34 34 34 34 34 34 34 34 34 34 34 34 34 34 34 34 34 34;52 52 52 52 52 52 52 52 52 52 52 52 52 52 52 52 52 52 52;39 39 39 39 39 39 39 39 39 39 39 39 39 39 39 39 39 39 39;30 30 30 30 30 30 30 30 30 30 30 30 30 30 30 30 30 30 30;44 44 44 44 44 44 44 44 44 44 44 44 44 44 44 44 44 44 44;52 52 52 52 52 52 52 52 52 52 52 52 52 52 52 52 52 52 52;43 43 43 43 43 43 43 43 43 43 43 43 43 43 43 43 43 43 43;38 38 38 38 38 38 38 38 38 38 38 38 38 38 38 38 38 38 38;47 47 47 47 47 47 47 47 47 47 47 47 47 47 47 47 47 47 47;
Vmax;43 43 43 43 43 43 43 43 43 43 43 43 43 43 43 43 43 43 43;31 31 31 31 31 31 31 31 31 31 31 31 31 31 31 31 31 31 31;28 28 28 28 28 28 28 28 28 28 28 28 28 28 28 28 28 28 28;48 48 48 48 48 48 48 48 48 48 48 48 48 48 48 48 48 48 48;39 39 39 39 39 39 39 39 39 39 39 39 39 39 39 39 39 39 39;31 31 31 31 31 31 31 31 31 31 31 31 31 31 31 31 31 31 31;50 50 50 50 50 50 50 50 50 50 50 50 50 50 50 50 50 50 50;34 34 34 34 34 34 34 34 34 34 34 34 34 34 34 34 34 34 34;52 52 52 52 52 52 52 52 52 52 52 52 52 52 52 52 52 52 52;39 39 39 39 39 39 39 39 39 39 39 39 39 39 39 39 39 39 39;30 30 30 30 30 30 30 30 30 30 30 30 30 30 30 30 30 30 30;44 44 44 44 44 44 44 44 44 44 44 44 44 44 44 44 44 44 44;52 52 52 52 52 52 52 52 52 52 52 52 52 52 52 52 52 52 52;43 43 43 43 43 43 43 43 43 43 43 43 43 43 43 43 43 43 43;38 38 38 38 38 38 38 38 38 38 38 38 38 38 38 38 38 38 38;47 47 47 47 47 47 47 47 47 47 47 47 47 47 47 47 47 47 47;
d;3.000 5.748 3.000 54.415 3.000 13.200 3.000 29.286 3.000 8.191 3.000 25.621 3.000 3.622 3.000 28.417 3.000 3.407 3.000
S;4.6955268249709059 4.6257593831104407 4.5465309471732587 4.4767635053127934 3.8158946867095724 3.7461272448491072 3.6618933582372692 3.592125916376804 2.9962912055026534 2.9265237636421881 2.7360350892546572 2.666267647394192 1.9851904701214824 1.9154230282610174 1.6084481419233752 1.5386807000629101 0.2732169628851801 0.20344952102471497 0.069767441860465115 0;7.013150112056417 6.91637591850803 6.8064784105951643 6.7097042170467773 5.7930152105971482 5.6962410170487612 5.5794004646516955 5.4826262711033085 4.656145865697229 4.559371672148842 4.2951454463854928 4.1983712528371058 3.2536512972652822 3.1568771037168952 2.7310732291195206 2.6342990355711335 0.87897836787299177 0.78220417432460465 0.59677419354838712 0.5;8.2109876240624597 8.1038447669196021 7.9821725260160727 7.875029668873216 6.8601239831611265 6.7529811260182697 6.6236219430072323 6.5164790858643755 5.6014472084505016 5.4943043513076448 5.2017681727839369 5.0946253156410801 4.048685364829419 3.9415425076865622 3.4701167893823262 3.3629739322394689 1.4195831930022409 1.3124403358593837 1.1071428571428572 1;5.7064094473697695 5.6439094473697695 5.572933973509377 5.510433973509377 4.9184056568439916 4.8559056568439916 4.7804461334208863 4.7179461334208863 4.1841775382627935 4.1216775382627935 3.9510314341239638 3.8885314341239638 3.2783997961504947 3.2158997961504947 2.9409014604730235 2.8784014604730235 1.7447568625846406 1.6822568625846406 1.5625 1.5;7.1771193198397158 7.1001962429166392 7.0128418135500024 6.9359187366269257 6.2072685007310664 6.1303454238079897 6.037472164210322 5.9605490872872453 5.303603124015746 5.2266800470926693 5.0166540727679561 4.9397309958448794 4.188799749108302 4.1118766721852253 3.7734171821206455 3.6964941051975684 2.3012392154887888 2.2243161385657118 2.0769230769230771 2;9.0131501120564188 8.9163759185080309 8.8064784105951652 8.7097042170467773 7.7930152105971473 7.6962410170487603 7.5794004646516946 7.4826262711033076 6.6561458656972281 6.5593716721488411 6.2951454463854919 6.1983712528371049 5.2536512972652814 5.1568771037168943 4.7310732291195201 4.6342990355711331 2.8789783678729917 2.7822041743246047 2.596774193548387 2.5;7.0381530694749763 6.9781530694749767 6.9100166145689998 6.8500166145690002 6.2816694305702301 6.2216694305702305 6.1492282880840499 6.0892282880840503 5.5768104367322806 5.516810436732281 5.3529901767590049 5.2929901767590053 4.7072638043044748 4.6472638043044752 4.3832654020541026 4.323265402054103 3.2349665880812548 3.1749665880812548 3.0600000000000001 3;9.4384603962867342 9.3502251021690874 9.2500244331897097 9.1617891390720629 8.3259844567209296 8.2377491626032828 8.1312180707118404 8.0429827765941937 7.2894271128415911 7.2011918187239443 6.96027967170442 6.8720443775867732 6.0106820651536399 5.9224467710359932 5.5342138265501513 5.4459785324325045 3.8455391001194927 3.7573038060018455 3.5882352941176472 3.5;0 0.069767441860465115 0.23833324195494754 0.30810068381541267 1.5735644209931428 1.6433318628536078 1.95030674919125 2.020074191051715 2.7011513683244246 2.7709188101848898 2.9614074845724208 3.031174926432886 3.6270096373070366 3.6967770791675019 3.7810109657793398 3.8507784076398051 4.5116472262430261 4.5814146681034913 4.6606431040406733 4.7304105459011385;0.5 0.59677419354838712 0.83059127109879816 0.92736546464718528 2.682686132345327 2.7794603258937141 3.2052642004910887 3.3020383940394757 4.2467583496112988 4.3435325431596858 4.607758768923035 4.7045329624714221 5.5310133678775015 5.6277875614258885 5.7446281138229542 5.8414023073713413 6.7580913138209704 6.8548655073693574 6.9647630152822231 7.0615372088306101;1 1.1071428571428572 1.3660117644308123 1.4731546215736695 3.4165453608108978 3.523688217953755 3.995113936257991 4.1022567934008478 5.1481967442125089 5.2553396013553657 5.5478757798790737 5.6550186370219304 6.5700505144358043 6.6771933715786611 6.8065525545896985 6.9136954117325553 7.9286010974446448 8.0357439545875025 8.1574161954910327 8.2645590526338903;1.5 1.5625 1.7135068625846406 1.7760068625846406 2.9096514604730235 2.9721514604730235 3.2471497961504947 3.3096497961504947 3.9197814341239638 3.9822814341239638 4.1529275382627935 4.2154275382627935 4.7491961334208863 4.8116961334208863 4.8871556568439916 4.9496556568439916 5.541683973509377 5.604183973509377 5.6751594473697695 5.7376594473697695;2 2.0769230769230771 2.2627776770272501 2.3397007539503272 3.7349556436591067 3.8118787205821838 4.1503382106467637 4.2272612875698403 4.9781925343064177 5.0551156112294944 5.2651415855542076 5.3420646624772843 5.9990106257487836 6.0759337026718603 6.1688069622695281 6.2457300391926047 6.974380275088464 7.0513033520115407 7.1386577813781775 7.2155808583012542;2.5 2.596774193548387 2.8305912710987982 2.9273654646471852 4.682686132345327 4.7794603258937141 5.2052642004910883 5.3020383940394753 6.2467583496112988 6.3435325431596858 6.607758768923035 6.7045329624714221 7.5310133678775015 7.6277875614258885 7.7446281138229542 7.8414023073713413 8.7580913138209713 8.8548655073693592 8.9647630152822249 9.0615372088306128;3 3.0600000000000001 3.204966588081255 3.2649665880812551 4.3532654020541024 4.413265402054102 4.6772638043044745 4.7372638043044741 5.3229901767590047 5.3829901767590043 5.5468104367322804 5.60681043673228 6.1192282880840496 6.1792282880840492 6.2516694305702298 6.3116694305702294 6.8800166145689996 6.9400166145689992 7.0081530694749761 7.0681530694749757;3.5 3.5882352941176472 3.8014214530606689 3.8896567471783161 5.4900961794913279 5.5783314736089746 5.9665644180948165 6.0547997122124633 6.9161620246455957 7.0043973187632425 7.2453094657827668 7.3335447599004135 8.0871004236530162 8.1753357177706629 8.2818668096621053 8.3701021037797521 9.2059067861308854 9.2941420802485322 9.3943427492279099 9.4825780433455567;
