m;7
n;14
P;19
P1;2 4 6 8 10 12 14 16 18
Q;20
M;100
h;1 1 1 1 1 1 1 1 1 1 1 1 1 1 1 1 1 1 1
Vmin;46 46 46 46 46 46 46 46 46 46 46 46 46 46 46 46 46 46 46;39 39 39 39 39 39 39 39 39 39 39 39 39 39 39 39 39 39 39;41 41 41 41 41 41 41 41 41 41 41 41 41 41 41 41 41 41 41;47 47 47 47 47 47 47 47 47 47 47 47 47 47 47 47 47 47 47;28 28 28 28 28 28 28 28 28 28 28 28 28 28 28 28 28 28 28;40 40 40 40 40 40 40 40 40 40 40 40 40 40 40 40 40 40 40;40 40 40 40 40 40 40 40 40 40 40 40 40 40 40 40 40 40 40;34 34 34 34 34 34 34 34 34 34 34 34 34 34 34 34 34 34 34;47 47 47 47 47 47 47 47 47 47 47 47 47 47 47 47 47 47 47;47 47 47 47 47 47 47 47 47 47 47 47 47 47 47 47 47 47 47;42 42 42 42 42 42 42 42 42 42 42 42 42 42 42 42 42 42 42;42 42 42 42 42 42 42 42 42 42 42 42 42 42 42 42 42 42 42;33 33 33 33 33 33 33 33 33 33 33 33 33 33 33 33 33 33 33;52 52 52 52 52 52 52 52 52 52 52 52 52 52 52 52 52 52 52;
Vmax;46 46 46 46 46 46 46 46 46 46 46 46 46 46 46 46 46 46 46;39 39 39 39 39 39 39 39 39 39 39 39 39 39 39 39 39 39 39;41 41 41 41 41 41 41 41 41 41 41 41 41 41 41 41 41 41 41;47 47 47 47 47 47 47 47 47 47 47 47 47 47 47 47 47 47 47;28 28 28 28 28 28 28 28 28 28 28 28 28 28 28 28 28 28 28;40 40 40 40 40 40 40 40 40 40 40 40 40 40 40 40 40 40 40;40 40 40 40 40 40 40 40 40 40 40 40 40 40 40 40 40 40 40;34 34 34 34 34 34 34 34 34 34 34 34 34 34 34 34 34 34 34;47 47 47 47 47 47 47 47 47 47 47 47 47 47 47 47 47 47 47;47 47 47 47 47 47 47 47 47 47 47 47 47 47 47 47 47 47 47;42 42 42 42 42 42 42 42 42 42 42 42 42 42 42 42 42 42 42;42 42 42 42 42 42 42 42 42 42 42 42 42 42 42 42 42 42 42;33 33 33 33 33 33 33 33 33 33 33 33 33 33 33 33 33 33 33;52 52 52 52 52 52 52 52 52 52 52 52 52 52 52 52 52 52 52;
d;3.000 3.358 3.000 25.726 3.000 3.027 3.000 12.944 3.000 4.662 3.000 33.775 3.000 37.484 3.000 13.235 3.000 11.907 3.000
S;3.8286517478042699 3.7634343564999222 3.5045917207286124 3.4393743294242647 3.1516645831914376 3.0864471918870899 2.2715771908795372 2.2063597995751896 1.4721114323151103 1.4068940410107624 1.3055532030272898 1.2403358117229419 0.95893428370122569 0.8937168923968779 0.82791264772574824 0.76269525642140046 0.2034409518206276 0.13822356051627976 0.065217391304347824 0;5.0158456512563188 4.9389225743332421 4.6336210039363124 4.5566979270132357 4.217347969918106 4.1404248929950294 3.1792961738579164 3.1023730969348393 2.2363365611921817 2.1594134842691046 2.0398832651091112 1.9629601881860341 1.6310506935963174 1.5541276166732405 1.4765123537278055 1.3995892768047287 0.73995599445509908 0.6630329175320222 0.57692307692307687 0.5;5.2955604975365 5.2223897658291829 4.9319809549638105 4.8588102232564934 4.5360139226050284 4.4628431908977113 3.5485987995233836 3.4754280678160665 2.6516372167437825 2.5784664850364654 2.4647670082745208 2.3915962765672036 2.0758774890306437 2.0027067573233266 1.9288776047654739 1.8557068730581567 1.228250823993875 1.1550800922865578 1.0731707317073171 1;5.2471910723190733 5.1833612850850308 4.9300259394365149 4.8661961522024724 4.5846078899320455 4.520778102698003 3.7232457612863556 3.6594159740523131 2.9407899124786185 2.876960125244576 2.7777754753033048 2.7139456880692623 2.4385314266011995 2.3747016393671569 2.3102974850081792 2.2464676977741367 1.699112420930827 1.6352826336967845 1.5638297872340425 1.5;8.2899278713927291 8.1827850142498715 7.7575435411970055 7.6504006840541487 7.1777346723859328 7.070591815243076 5.7318768135878111 5.6247339564449543 4.4184687816605379 4.3113259245176812 4.1448374049734049 4.0376945478305482 3.575392037509157 3.4682491803662998 3.3601422069780154 3.2529993498351581 2.3342244208481739 2.2270815637053167 2.1071428571428572 2;6.9029495099749125 6.8279495099749123 6.5302804788379056 6.4552804788379055 6.1244142706701545 6.0494142706701544 5.1123137695114691 5.0373137695114689 4.1929281471623776 4.1179281471623774 4.001386183481384 3.9263861834813838 3.6027744262564099 3.5277744262564097 3.4520995448846108 3.3770995448846106 2.7339570945937219 2.6589570945937218 2.5750000000000002 2.5;7.4029495099749125 7.3279495099749123 7.0302804788379056 6.9552804788379055 6.6244142706701545 6.5494142706701544 5.6123137695114691 5.5373137695114689 4.6929281471623776 4.6179281471623774 4.501386183481384 4.4263861834813838 4.1027744262564099 4.0277744262564097 3.9520995448846108 3.8770995448846106 3.2339570945937219 3.1589570945937218 3.0750000000000002 3;0 0.065217391304347824 0.17083225616845368 0.23604964747280149 0.79530395207357429 0.86052134337792208 0.92632558804905174 0.99154297935339952 1.2729445073751158 1.3381618986794637 1.4395027366629363 1.5047201279672842 2.2389684952273634 2.3041858865317111 3.1190558875392638 3.1842732788436114 3.4719830250764385 3.5372004163807862 3.796043052152096 3.8612604434564437;0.5 0.57692307692307687 0.70149445599356075 0.77841753291663762 1.438050815266267 1.5149738921893439 1.5925891551347788 1.6695122320578557 2.0014217266475725 2.0783448035706495 2.1978750227306429 2.27479809965372 3.1408346353963776 3.2177577123194547 4.1788864314565677 4.2558095083796443 4.5951594654747741 4.6720825423978507 4.9773841127947804 5.0543071897178571;1 1.0731707317073171 1.1916654581402164 1.2648361898475335 1.8922922389118153 1.9654629706191324 2.0392921231769852 2.1124628548843023 2.4281816424208618 2.5013523741281789 2.6150518508901235 2.6882225825974406 3.5120134336697246 3.5851841653770418 4.4994285567513685 4.5725992884586857 4.8953955891101506 4.9685663208174677 5.2589751316828401 5.3321458633901573;1.5 1.5638297872340425 1.6671975273138058 1.7310273145478483 2.278382591391158 2.3422123786252005 2.4066165329841782 2.4704463202182207 2.7458605816862836 2.8096903689203261 2.9088750188615968 2.9727048060956394 3.6913308676693339 3.7551606549033765 4.5526929963150238 4.6165227835490663 4.8981110458194932 4.9619408330535357 5.2152761787020516 5.2791059659360942;2 2.1071428571428572 2.2806529922767456 2.3877958494196028 3.306570778406587 3.4137136355494442 3.5218206089377286 3.6289634660805858 4.091265976401977 4.1984088335448337 4.36489735308911 4.4720402102319667 5.6783053850163832 5.7854482421592399 7.1241632438145048 7.2313061009573616 7.7039721126255776 7.8111149697684343 8.2363564428213003 8.343499299964158;2.5 2.5750000000000002 2.6964570945937218 2.771457094593722 3.4145995448846107 3.4895995448846109 3.5652744262564098 3.64027442625641 3.9638861834813834 4.0388861834813836 4.1554281471623771 4.2304281471623773 5.0748137695114686 5.1498137695114687 6.086914270670154 6.1619142706701542 6.4927804788379051 6.5677804788379053 6.865449509974912 6.9404495099749122;3 3.0750000000000002 3.1964570945937218 3.271457094593722 3.9145995448846107 3.9895995448846109 4.0652744262564102 4.1402744262564104 4.4638861834813843 4.5388861834813845 4.655428147162378 4.7304281471623781 5.5748137695114695 5.6498137695114696 6.5869142706701549 6.6619142706701551 6.992780478837906 7.0677804788379062 7.3654495099749129 7.4404495099749131;
