Vermelho 1 2 0 10 2020-01-01T00:04:36 190 40
Azul 1 2 0 10 2020-01-01T00:13:01 90 47
Verde 1 2 0 10 2020-01-01T00:20:09 20 52
Amarelo 1 2 0 10 2020-01-01T00:25:05 20 52
Laranja 1 2 0 10 2020-01-01T00:38:56 170 42
Preto 1 2 0 10 2020-01-01T00:50:33 40 50
Roxo 1 2 0 10 2020-01-01T00:59:03 210 36
Rosa 1 2 0 10 2020-01-01T01:10:13 80 48
Branco 10 9 0 1 2020-01-01T01:22:43 70 48
Abobora 10 9 0 1 2020-01-01T01:26:20 140 44
Acafrao 10 9 0 1 2020-01-01T01:36:21 100 46
Ambar 10 9 0 1 2020-01-01T01:45:07 230 28
Ameixa 10 9 0 1 2020-01-01T02:06:02 30 51
Amendoa 10 9 0 1 2020-01-01T02:10:06 20 52
Ametista 10 9 0 1 2020-01-01T02:26:41 90 47
Anil 10 9 0 1 2020-01-01T02:29:52 30 51
