Vermelho 1 2 0 10 2020-01-01T00:07:44 160 42
Azul 1 2 0 10 2020-01-01T00:12:22 20 52
Verde 1 2 0 10 2020-01-01T00:19:22 60 49
Amarelo 1 2 0 10 2020-01-01T00:26:17 40 50
Laranja 1 2 0 10 2020-01-01T00:31:29 160 42
Preto 1 2 0 10 2020-01-01T00:41:02 300 32
Roxo 10 9 0 1 2020-01-01T00:44:30 150 43
Rosa 10 9 0 1 2020-01-01T01:05:36 340 28
Branco 10 9 0 1 2020-01-01T01:23:04 200 40
Abobora 10 9 0 1 2020-01-01T01:26:53 50 50
Acafrao 10 9 0 1 2020-01-01T01:37:08 160 42
Ambar 10 9 0 1 2020-01-01T01:45:45 110 46
