Vermelho 1 2 0 10 2020-01-01T00:19:18 220 39
Azul 1 2 0 10 2020-01-01T00:28:32 240 38
Verde 1 2 0 10 2020-01-01T00:32:52 180 41
Amarelo 1 2 0 10 2020-01-01T00:40:17 120 45
Laranja 1 2 0 10 2020-01-01T00:44:19 60 49
Preto 1 2 0 10 2020-01-01T00:50:45 30 52
Roxo 1 2 0 10 2020-01-01T01:01:29 260 37
Rosa 10 9 0 1 2020-01-01T01:09:34 210 40
Branco 10 9 0 1 2020-01-01T01:14:02 390 28
Abobora 10 9 0 1 2020-01-01T01:36:42 60 49
Acafrao 10 9 0 1 2020-01-01T01:43:52 280 35
Ambar 10 9 0 1 2020-01-01T01:58:32 160 42
Ameixa 10 9 0 1 2020-01-01T02:07:04 130 44
Amendoa 10 9 0 1 2020-01-01T02:18:39 370 30
