Vermelho 1 2 0 10 2020-01-01T00:00:00 120 45
Azul 1 2 0 10 2020-01-01T00:10:00 50 50
Verde 1 2 0 10 2020-01-01T00:20:00 240 38
Amarelo 1 2 0 10 2020-01-01T00:30:00 360 29
Laranja 1 2 0 10 2020-01-01T00:40:00 130 44
Preto 1 2 0 10 2020-01-01T00:50:00 370 28
Roxo 1 2 0 10 2020-01-01T01:00:00 130 44
Rosa 10 9 0 1 2020-01-01T00:00:00 130 44
Branco 10 9 0 1 2020-01-01T00:10:00 80 48
Abobora 10 9 0 1 2020-01-01T00:20:00 150 43
Acafrao 10 9 0 1 2020-01-01T00:30:00 110 46
Ambar 10 9 0 1 2020-01-01T00:40:00 130 44
Ameixa 10 9 0 1 2020-01-01T00:50:00 20 52
Amendoa 10 9 0 1 2020-01-01T01:00:00 160 42
