Vermelho 1 2 0 10 2020-01-01T00:00:00 80 49
Azul 1 2 0 10 2020-01-01T00:10:00 160 43
Verde 1 2 0 10 2020-01-01T00:20:00 310 32
Amarelo 1 2 0 10 2020-01-01T00:30:00 170 42
Laranja 1 2 0 10 2020-01-01T00:40:00 50 51
Preto 1 2 0 10 2020-01-01T00:50:00 220 39
Roxo 10 9 0 1 2020-01-01T00:00:00 280 34
Rosa 10 9 0 1 2020-01-01T00:10:00 210 40
Branco 10 9 0 1 2020-01-01T00:20:00 290 33
Abobora 10 9 0 1 2020-01-01T00:30:00 350 28
Acafrao 10 9 0 1 2020-01-01T00:40:00 40 52
Ambar 10 9 0 1 2020-01-01T00:50:00 260 36
