Vermelho 1 2 0 10 2020-01-01T00:00:00 80 48
Azul 1 2 0 10 2020-01-01T00:10:00 120 45
Verde 1 2 0 10 2020-01-01T00:20:00 210 39
Amarelo 1 2 0 10 2020-01-01T00:30:00 70 49
Laranja 1 2 0 10 2020-01-01T00:40:00 190 40
Preto 1 2 0 10 2020-01-01T00:50:00 230 37
Roxo 1 2 0 10 2020-01-01T01:00:00 30 52
Rosa 1 2 0 10 2020-01-01T01:10:00 40 51
Branco 10 9 0 1 2020-01-01T00:00:00 40 51
Abobora 10 9 0 1 2020-01-01T00:10:00 90 47
Acafrao 10 9 0 1 2020-01-01T00:20:00 210 39
Ambar 10 9 0 1 2020-01-01T00:30:00 90 47
Ameixa 10 9 0 1 2020-01-01T00:40:00 130 44
Amendoa 10 9 0 1 2020-01-01T00:50:00 120 45
Ametista 10 9 0 1 2020-01-01T01:00:00 130 44
Anil 10 9 0 1 2020-01-01T01:10:00 310 28
