Vermelho 1 2 0 5 2020-01-01T00:04:43 60 49
Azul 1 2 0 5 2020-01-01T00:19:09 180 41
Verde 1 2 0 5 2020-01-01T00:43:37 60 49
Amarelo 1 2 0 5 2020-01-01T00:55:20 60 49
Laranja 1 2 0 5 2020-01-01T01:00:16 200 40
Preto 1 2 0 5 2020-01-01T01:04:09 170 42
Roxo 1 2 0 5 2020-01-01T01:26:18 110 46
Rosa 5 4 0 1 2020-01-01T01:46:06 260 35
Branco 5 4 0 1 2020-01-01T01:55:19 50 50
Abobora 5 4 0 1 2020-01-01T02:08:36 20 52
Acafrao 5 4 0 1 2020-01-01T02:22:14 330 28
Ambar 5 4 0 1 2020-01-01T02:39:03 80 48
Ameixa 5 4 0 1 2020-01-01T02:44:31 230 38
Amendoa 5 4 0 1 2020-01-01T02:49:30 80 48
