Vermelho 1 2 0 5 2020-01-01T00:14:00 20 52
Azul 1 2 0 5 2020-01-01T00:18:16 350 28
Verde 1 2 0 5 2020-01-01T00:31:03 200 40
Amarelo 1 2 0 5 2020-01-01T00:37:33 120 45
Laranja 1 2 0 5 2020-01-01T00:43:29 40 50
Preto 1 2 0 5 2020-01-01T00:48:45 340 29
Roxo 1 2 0 5 2020-01-01T00:55:33 180 41
Rosa 1 2 0 5 2020-01-01T01:03:26 60 49
Branco 5 4 0 1 2020-01-01T01:22:28 120 45
Abobora 5 4 0 1 2020-01-01T01:29:08 240 37
Acafrao 5 4 0 1 2020-01-01T01:43:07 210 40
Ambar 5 4 0 1 2020-01-01T01:56:54 200 40
Ameixa 5 4 0 1 2020-01-01T02:03:05 210 40
Amendoa 5 4 0 1 2020-01-01T02:07:24 50 50
Ametista 5 4 0 1 2020-01-01T02:15:36 70 48
Anil 5 4 0 1 2020-01-01T02:23:50 30 51
