Vermelho 1 2 0 5 2020-01-01T00:00:00 70 48
Azul 1 2 0 5 2020-01-01T00:10:00 290 37
Verde 1 2 0 5 2020-01-01T00:20:00 50 50
Amarelo 1 2 0 5 2020-01-01T00:30:00 150 43
Laranja 1 2 0 5 2020-01-01T00:40:00 60 49
Preto 1 2 0 5 2020-01-01T00:50:00 90 47
Roxo 1 2 0 5 2020-01-01T01:00:00 260 38
Rosa 5 4 0 1 2020-01-01T00:00:00 20 52
Branco 5 4 0 1 2020-01-01T00:10:00 560 28
Abobora 5 4 0 1 2020-01-01T00:20:00 140 44
Acafrao 5 4 0 1 2020-01-01T00:30:00 130 44
Ambar 5 4 0 1 2020-01-01T00:40:00 80 48
Ameixa 5 4 0 1 2020-01-01T00:50:00 40 50
Amendoa 5 4 0 1 2020-01-01T01:00:00 120 45
