Vermelho 1 2 0 5 2020-01-01T00:00:00 220 40
Azul 1 2 0 5 2020-01-01T00:10:00 130 44
Verde 1 2 0 5 2020-01-01T00:20:00 40 50
Amarelo 1 2 0 5 2020-01-01T00:30:00 140 44
Laranja 1 2 0 5 2020-01-01T00:40:00 370 35
Preto 1 2 0 5 2020-01-01T00:50:00 110 46
Roxo 1 2 0 5 2020-01-01T01:00:00 50 50
Rosa 1 2 0 5 2020-01-01T01:10:00 80 48
Branco 5 4 0 1 2020-01-01T00:00:00 190 40
Abobora 5 4 0 1 2020-01-01T00:10:00 40 50
Acafrao 5 4 0 1 2020-01-01T00:20:00 130 44
Ambar 5 4 0 1 2020-01-01T00:30:00 50 50
Ameixa 5 4 0 1 2020-01-01T00:40:00 20 52
Amendoa 5 4 0 1 2020-01-01T00:50:00 160 42
Ametista 5 4 0 1 2020-01-01T01:00:00 50 50
Anil 5 4 0 1 2020-01-01T01:10:00 560 28
