m;6
n;12
P;9
P1;2 4 6 8
Q;10
M;100
h;1 1 1 1 1 1 1 1 1
Vmin;40 40 40 40 40 40 40 40 40;40 40 40 40 40 40 40 40 40;40 40 40 40 40 40 40 40 40;40 40 40 40 40 40 40 40 40;40 40 40 40 40 40 40 40 40;40 40 40 40 40 40 40 40 40;40 40 40 40 40 40 40 40 40;40 40 40 40 40 40 40 40 40;40 40 40 40 40 40 40 40 40;40 40 40 40 40 40 40 40 40;40 40 40 40 40 40 40 40 40;40 40 40 40 40 40 40 40 40;
Vmax;40 40 40 40 40 40 40 40 40;40 40 40 40 40 40 40 40 40;40 40 40 40 40 40 40 40 40;40 40 40 40 40 40 40 40 40;40 40 40 40 40 40 40 40 40;40 40 40 40 40 40 40 40 40;40 40 40 40 40 40 40 40 40;40 40 40 40 40 40 40 40 40;40 40 40 40 40 40 40 40 40;40 40 40 40 40 40 40 40 40;40 40 40 40 40 40 40 40 40;40 40 40 40 40 40 40 40 40;
d;3 16.25 3 16.25 3 16.25 3 16.25 3
S;2 1.925 1.51875 1.4437500000000001 1.0375000000000001 0.96250000000000002 0.55625000000000002 0.48125000000000001 0.074999999999999997 0;2.3333333333333335 2.2583333333333333 1.8520833333333333 1.7770833333333333 1.3708333333333333 1.2958333333333334 0.88958333333333328 0.81458333333333333 0.40833333333333333 0.33333333333333331;2.666666666666667 2.5916666666666668 2.1854166666666668 2.1104166666666666 1.7041666666666666 1.6291666666666667 1.2229166666666667 1.1479166666666667 0.74166666666666659 0.66666666666666663;3.0000000000000004 2.9250000000000003 2.5187500000000003 2.4437500000000001 2.0375000000000001 1.9624999999999999 1.5562499999999999 1.48125 1.075 1;3.3333333333333339 3.2583333333333337 2.8520833333333337 2.7770833333333336 2.3708333333333336 2.2958333333333334 1.8895833333333332 1.8145833333333332 1.4083333333333332 1.3333333333333333;3.6666666666666674 3.5916666666666672 3.1854166666666672 3.1104166666666671 2.7041666666666671 2.6291666666666669 2.2229166666666669 2.1479166666666667 1.7416666666666667 1.6666666666666667;0 0.074999999999999997 0.48125000000000001 0.55625000000000002 0.96250000000000002 1.0375000000000001 1.4437500000000001 1.51875 1.925 2;0.33333333333333331 0.40833333333333333 0.81458333333333333 0.88958333333333328 1.2958333333333334 1.3708333333333333 1.7770833333333333 1.8520833333333333 2.2583333333333333 2.3333333333333335;0.66666666666666663 0.74166666666666659 1.1479166666666667 1.2229166666666667 1.6291666666666667 1.7041666666666666 2.1104166666666666 2.1854166666666668 2.5916666666666668 2.666666666666667;1 1.075 1.48125 1.5562499999999999 1.9624999999999999 2.0375000000000001 2.4437500000000001 2.5187500000000003 2.9250000000000003 3.0000000000000004;1.3333333333333333 1.4083333333333332 1.8145833333333332 1.8895833333333332 2.2958333333333334 2.3708333333333336 2.7770833333333336 2.8520833333333337 3.2583333333333337 3.3333333333333339;1.6666666666666667 1.7416666666666667 2.1479166666666667 2.2229166666666669 2.6291666666666669 2.7041666666666671 3.1104166666666671 3.1854166666666672 3.5916666666666672 3.6666666666666674;
