m;2
n;4
P;9
P1;2 4 6 8
Q;10
M;100
h;1 1 1 1 1 1 1 1 1
Vmin;40 40 40 40 40 40 40 40 40;40 40 40 40 40 40 40 40 40;40 40 40 40 40 40 40 40 40;40 40 40 40 40 40 40 40 40;
Vmax;40 40 40 40 40 40 40 40 40;40 40 40 40 40 40 40 40 40;40 40 40 40 40 40 40 40 40;40 40 40 40 40 40 40 40 40;
d;3 16.25 3 16.25 3 16.25 3 16.25 3
S;2 1.925 1.51875 1.4437500000000001 1.0375000000000001 0.96250000000000002 0.55625000000000002 0.48125000000000001 0.074999999999999997 0;2.3333333333333335 2.2583333333333333 1.8520833333333333 1.7770833333333333 1.3708333333333333 1.2958333333333334 0.88958333333333328 0.81458333333333333 0.40833333333333333 0.33333333333333331;0 0.074999999999999997 0.48125000000000001 0.55625000000000002 0.96250000000000002 1.0375000000000001 1.4437500000000001 1.51875 1.925 2;0.33333333333333331 0.40833333333333333 0.81458333333333333 0.88958333333333328 1.2958333333333334 1.3708333333333333 1.7770833333333333 1.8520833333333333 2.2583333333333333 2.3333333333333335;
