m;5
n;10
P;9
P1;2 4 6 8
Q;10
M;100
h;1 1 1 1 1 1 1 1 1
Vmin;51 51 51 51 51 51 51 51 51;31 31 31 31 31 31 31 31 31;49 49 49 49 49 49 49 49 49;36 36 36 36 36 36 36 36 36;28 28 28 28 28 28 28 28 28;42 42 42 42 42 42 42 42 42;52 52 52 52 52 52 52 52 52;36 36 36 36 36 36 36 36 36;36 36 36 36 36 36 36 36 36;37 37 37 37 37 37 37 37 37;
Vmax;51 51 51 51 51 51 51 51 51;31 31 31 31 31 31 31 31 31;49 49 49 49 49 49 49 49 49;36 36 36 36 36 36 36 36 36;28 28 28 28 28 28 28 28 28;42 42 42 42 42 42 42 42 42;52 52 52 52 52 52 52 52 52;36 36 36 36 36 36 36 36 36;36 36 36 36 36 36 36 36 36;37 37 37 37 37 37 37 37 37;
d;3.000 3.205 3.000 34.889 3.000 6.958 3.000 10.553 3.000
S;0.19855464093619318 0.19757424877933044 0.19412569508979319 0.19314530293293045 0.19087144751843421 0.18989105536157147 0.17848956110163117 0.17750916894476843 0.1764619451516983 0.17548155299483556;0.86432913147979207 0.86271622825398564 0.8570428012163599 0.85542989799055347 0.85168903908283378 0.85007613585702735 0.83131883884873858 0.82970593562293216 0.82798308357626837 0.82637018035046195;1.0821691893091494 1.0811487811458842 1.0775594701628963 1.0765390619996311 1.0741723961600533 1.0731519879967879 1.0612851266241969 1.0602647184609315 1.059174750839573 1.0581543426763076;1.6866961862061527 1.6853072973172638 1.6804218462570861 1.6790329573681972 1.6758116621976609 1.6744227733087722 1.6582706564405234 1.6568817675516345 1.6553982005114518 1.6540093116225629;1.7520350955607533 1.750249381275039 1.7439680870548104 1.7421823727690962 1.7380407075498352 1.7362549932641209 1.7154879858620866 1.7137022715763723 1.7117948282389945 1.7100091139532803;2.1060689393951386 2.1070493315520014 2.1085867514235033 2.109567143580366 2.1209686378403063 2.1219490299971691 2.1242228854116654 2.1252032775685281 2.1286518312580656 2.1296322234149283;2.471594178196113 2.4732070814219194 2.4757363850814866 2.477349288307293 2.4961065853155815 2.4977194885413878 2.5014603474491079 2.5030732506749143 2.5087466777125398 2.5103595809383465;2.5743921652248392 2.5754125733881046 2.5770127450910958 2.5780331532543608 2.5899000146269517 2.5909204227902172 2.5932870886297947 2.5943074967930597 2.5978968077760474 2.5989172159393124;2.8748845627045272 2.8762734515934159 2.8784514630780431 2.8798403519669322 2.895992468835181 2.8973813577240701 2.9006026528946061 2.9019915417834952 2.9068769928436726 2.9082658817325617;3.1668509820710899 3.1686366963568044 3.1714369968370391 3.1732227111227536 3.1939897185247879 3.1957754328105019 3.1999170980297631 3.2017028123154772 3.2079841065357058 3.2097698208214203;
