m;8
n;16
P;9
P1;2 4 6 8
Q;10
M;100
h;1 1 1 1 1 1 1 1 1
Vmin;52 52 52 52 52 52 52 52 52;33 33 33 33 33 33 33 33 33;44 44 44 44 44 44 44 44 44;50 50 50 50 50 50 50 50 50;44 44 44 44 44 44 44 44 44;40 40 40 40 40 40 40 40 40;28 28 28 28 28 28 28 28 28;40 40 40 40 40 40 40 40 40;40 40 40 40 40 40 40 40 40;50 50 50 50 50 50 50 50 50;40 40 40 40 40 40 40 40 40;49 49 49 49 49 49 49 49 49;46 46 46 46 46 46 46 46 46;47 47 47 47 47 47 47 47 47;52 52 52 52 52 52 52 52 52;46 46 46 46 46 46 46 46 46;
Vmax;52 52 52 52 52 52 52 52 52;33 33 33 33 33 33 33 33 33;44 44 44 44 44 44 44 44 44;50 50 50 50 50 50 50 50 50;44 44 44 44 44 44 44 44 44;40 40 40 40 40 40 40 40 40;28 28 28 28 28 28 28 28 28;40 40 40 40 40 40 40 40 40;40 40 40 40 40 40 40 40 40;50 50 50 50 50 50 50 50 50;40 40 40 40 40 40 40 40 40;49 49 49 49 49 49 49 49 49;46 46 46 46 46 46 46 46 46;47 47 47 47 47 47 47 47 47;52 52 52 52 52 52 52 52 52;46 46 46 46 46 46 46 46 46;
d;3.000 23.936 3.000 31.171 3.000 5.807 3.000 12.267 3.000
S;0.1306991061671833 0.12973756770564485 0.12580576871260343 0.12484423025106499 0.12298312372299484 0.12202158526145639 0.11203091386416432 0.11106937540262586 0.10339773905134381 0.10243620058980535;0.41454804070175377 0.41303288918660225 0.40683732713696125 0.40532217562180972 0.40238952291091135 0.40087437139575982 0.3851314952545723 0.38361634373942083 0.37152770464043094 0.37001255312527948;0.51305642318187816 0.51192005954551456 0.5072733880082837 0.5061370243719201 0.50393753483874637 0.50280117120238266 0.49099401409649207 0.48985765046012847 0.48079117113588604 0.47965480749952244;0.57479847485433377 0.57379847485433377 0.56970940390157077 0.56870940390157065 0.56677385311237782 0.56577385311237771 0.555383554859194 0.55438355485919399 0.54640505305386056 0.54540505305386056;0.85074791954584472 0.84961155590948112 0.84496488437225037 0.84382852073588666 0.84162903120271282 0.84049266756634922 0.82868551046045846 0.82754914682409486 0.81848266749985243 0.81734630386348883;1.42430224214164 1.4230522421416401 1.417940903450686 1.416690903450686 1.4142714649641948 1.4130214649641948 1.4000335921477149 1.398783592147715 1.3888104648910482 1.3875604648910482;1.6684368997942733 1.6666511855085591 1.6593492730929107 1.6575635588071964 1.654107218112209 1.6523215038264947 1.6337673998029523 1.631981685517238 1.6177343608648571 1.6159486465791426;1.8028838961140825 1.8016338961140825 1.7965225574231285 1.7952725574231285 1.7928531189366372 1.7916031189366373 1.7786152461201574 1.7773652461201574 1.7673921188634907 1.7661421188634907;2.3454305974776259 2.3463921359391646 2.3545445415212161 2.3555060799827547 2.3654967513800473 2.366458289841586 2.3683193963696558 2.3692809348311945 2.3732127338242361 2.3741742722857748;2.3994394648000763 2.4009546163152278 2.4138008311717933 2.4153159826869453 2.4310588588281323 2.4325740103432838 2.4355066630541824 2.4370218145693339 2.4432173766189749 2.4447325281341263;2.5582795216733802 2.5594158853097442 2.5690505464521682 2.5701869100885317 2.5819940671944224 2.5831304308307859 2.5853299203639599 2.5864662840003234 2.5911129555375543 2.5922493191739178;2.9845052192471417 2.9855052192471421 2.9939837210524751 2.9949837210524755 3.0053740193056595 3.0063740193056594 3.0083095700948523 3.0093095700948522 3.0133986410476155 3.0143986410476153;3.0357698439806122 3.0369062076169757 3.0465408687594002 3.0476772323957637 3.0594843895016544 3.0606207531380178 3.0628202426711919 3.0639566063075554 3.0686032778447863 3.0697396414811498;3.3577580332113586 3.3590080332113583 3.3696061604680247 3.3708561604680245 3.3838440332845043 3.3850940332845041 3.3875134717709954 3.3887634717709951 3.3938748104619494 3.3951248104619491;3.9218134123094561 3.9235991265951706 3.9387393083904088 3.9405250226761228 3.9590791266996654 3.9608648409853799 3.9643211816803676 3.9661068959660821 3.9734088083817301 3.9751945226674446;4.1431639063680317 4.1444139063680314 4.1550120336246978 4.1562620336246976 4.1692499064411779 4.1704999064411776 4.1729193449276689 4.1741693449276687 4.1792806836186225 4.1805306836186222;
