m;6
n;12
P;9
P1;2 4 6 8
Q;10
M;100
h;1 1 1 1 1 1 1 1 1
Vmin;31 31 31 31 31 31 31 31 31;39 39 39 39 39 39 39 39 39;32 32 32 32 32 32 32 32 32;52 52 52 52 52 52 52 52 52;35 35 35 35 35 35 35 35 35;48 48 48 48 48 48 48 48 48;50 50 50 50 50 50 50 50 50;36 36 36 36 36 36 36 36 36;52 52 52 52 52 52 52 52 52;52 52 52 52 52 52 52 52 52;28 28 28 28 28 28 28 28 28;36 36 36 36 36 36 36 36 36;
Vmax;31 31 31 31 31 31 31 31 31;39 39 39 39 39 39 39 39 39;32 32 32 32 32 32 32 32 32;52 52 52 52 52 52 52 52 52;35 35 35 35 35 35 35 35 35;48 48 48 48 48 48 48 48 48;50 50 50 50 50 50 50 50 50;36 36 36 36 36 36 36 36 36;52 52 52 52 52 52 52 52 52;52 52 52 52 52 52 52 52 52;28 28 28 28 28 28 28 28 28;36 36 36 36 36 36 36 36 36;
d;3.000 12.537 3.000 10.842 3.000 4.477 3.000 26.634 3.000
S;0.25290255363687592 0.25128965041106943 0.23697035430766816 0.23535745108186171 0.23295024414451995 0.2313373409187135 0.22550853664688944 0.22389563342108296 0.21715512680723545 0.21554222358142899;0.39061274005936097 0.3893306887773097 0.37794868418229843 0.37666663290024716 0.37475321200133449 0.37347116071928321 0.36883800860578203 0.36755595732373075 0.3621981187332366 0.36091606745118532;0.58753082090483966 0.58596832090483963 0.57209650280466962 0.57053400280466959 0.56820202108411988 0.56663952108411986 0.56099286694579031 0.55943036694579029 0.55290050116362555 0.55133800116362552;0.91094604403483681 0.90998450557329835 0.9014480021270399 0.90048646366550145 0.89905139799131695 0.89808985952977849 0.89461499544465262 0.89365345698311427 0.88963507804024355 0.88867353957870521;1.409885316963736 1.4084567455351646 1.3957739404150091 1.3943453689864378 1.3922132714133637 1.3907846999847921 1.3856220447726053 1.3841934733440338 1.3782233103431973 1.3767947389146258;2.0717368770377758 2.0706952103711092 2.0614473316376625 2.0604056649709959 2.0588510104906295 2.0578093438239629 2.0540449077317429 2.0530032410650763 2.0486499972102998 2.0476083305436332;2.3399071116708878 2.3415200148966941 2.3490669731234446 2.3506798763492514 2.3565086806210753 2.3581215838468816 2.3605287907842234 2.3621416940100297 2.376460990113431 2.3780738933392374;2.4660002251070328 2.467282276389084 2.4732811406206041 2.4745631919026549 2.4791963440161564 2.4804783952982072 2.4823918161971199 2.4836738674791707 2.495055872074182 2.4963379233562333;2.6499797216832914 2.6515422216832913 2.6588533374654562 2.6604158374654561 2.6660624916037858 2.6676249916037857 2.6699569733243353 2.6715194733243357 2.6853912914245059 2.6869537914245059;2.7069311125428537 2.7078926510043924 2.712391799178032 2.7133533376395707 2.7168282017246965 2.7177897401862352 2.7192248058604198 2.7201863443219585 2.7287228477682168 2.7296843862297555;2.7695396278169819 2.7709681992455533 2.7776526479606756 2.7790812193892469 2.784243874601434 2.7856724460300053 2.7878045436030794 2.7892331150316507 2.801915920151806 2.8033444915803774;2.8974707083907911 2.8985123750574577 2.9033864522455679 2.9044281189122345 2.9081925550044541 2.9092342216711207 2.9107888761514871 2.9118305428181537 2.9210784215516004 2.922120088218267;
