m;2
n;4
P;9
P1;2 4 6 8
Q;10
M;100
h;1 1 1 1 1 1 1 1 1
Vmin;28 28 28 28 28 28 28 28 28;40 40 40 40 40 40 40 40 40;52 52 52 52 52 52 52 52 52;51 51 51 51 51 51 51 51 51;
Vmax;28 28 28 28 28 28 28 28 28;40 40 40 40 40 40 40 40 40;52 52 52 52 52 52 52 52 52;51 51 51 51 51 51 51 51 51;
d;3.000 21.471 3.000 23.038 3.000 10.205 3.000 10.450 3.000
S;0.42528293189731387 0.42349721761159953 0.41727721179917249 0.41549149751345821 0.40941707750831874 0.40763136322260446 0.3939181397192692 0.39213242543355492 0.37935184934302157 0.37756613505730729;0.65927392655164363 0.65802392655164366 0.65366992248294464 0.65241992248294467 0.64816782847934695 0.64691782847934698 0.63731857202701225 0.63606857202701217 0.62712216876363891 0.62587216876363883;1.1057271967416402 1.1075129110273545 1.121186344260745 1.1229720585464593 1.1366852820497946 1.1384709963355091 1.1445454163406483 1.1463311306263626 1.1525511364387897 1.1543368507245042;1.1809080784551687 1.1821580784551686 1.1917294817185422 1.1929794817185422 1.202578738170877 1.203828738170877 1.2080808321744745 1.2093308321744745 1.2136848362431736 1.2149348362431736;
