m;3
n;6
P;9
P1;2 4 6 8
Q;10
M;100
h;1 1 1 1 1 1 1 1 1
Vmin;48 48 48 48 48 48 48 48 48;50 50 50 50 50 50 50 50 50;39 39 39 39 39 39 39 39 39;28 28 28 28 28 28 28 28 28;34 34 34 34 34 34 34 34 34;52 52 52 52 52 52 52 52 52;
Vmax;48 48 48 48 48 48 48 48 48;50 50 50 50 50 50 50 50 50;39 39 39 39 39 39 39 39 39;28 28 28 28 28 28 28 28 28;34 34 34 34 34 34 34 34 34;52 52 52 52 52 52 52 52 52;
d;3.000 29.521 3.000 14.744 3.000 27.481 3.000 17.164 3.000
S;0.53023746583528308 0.52919579916861637 0.52323614750039971 0.5221944808337331 0.5126523852214061 0.5116107185547395 0.50649123017542719 0.50544956350876047 0.49519936766142636 0.4941577009947597;0.78743474516856093 0.78643474516856093 0.78071347956707293 0.77971347956707293 0.77055306777923904 0.76955306777923893 0.76463835893509924 0.76363835893509913 0.75379817092165835 0.75279817092165824;1.3242097500446386 1.3229276987625873 1.3155927428632439 1.3143106915811924 1.3025665739044823 1.301284522622431 1.2949836138478927 1.2937015625658412 1.281085936907584 1.2798038856255327;1.4727492932511639 1.4737909599178307 1.4845619890984982 1.4856036557651648 1.4907231441444773 1.4917648108111439 1.5013069064234708 1.5023485730901376 1.5083082247583541 1.5093498914250207;1.6294043839155004 1.6304043839155005 1.6407445719289413 1.6417445719289414 1.6466592807730813 1.6476592807730812 1.6568196925609151 1.657819692560915 1.6635409581624032 1.6645409581624031;1.9255411855177456 1.9268232367997971 1.9400798880990802 1.9413619393811314 1.9476628481556697 1.948944899437721 1.9606890171144313 1.9619710683964826 1.969306024295826 1.9705880755778773;
