m;1
n;2
P;9
P1;2 4 6 8
Q;10
M;100
h;1 1 1 1 1 1 1 1 1
Vmin;28 28 28 28 28 28 28 28 28;34 34 34 34 34 34 34 34 34;
Vmax;28 28 28 28 28 28 28 28 28;34 34 34 34 34 34 34 34 34;
d;3.000 31.837 3.000 14.770 3.000 12.553 3.000 3.568 3.000
S;0.27834158660966346 0.27655587232394918 0.27443200671234358 0.2726462924266293 0.26517427886858874 0.26338856458287441 0.25459695821120015 0.25281124392548582 0.23386067423397999 0.23207495994826569;0.35320541863301336 0.35499113291872764 0.37483455975309066 0.37662027403880494 0.38541188041047919 0.38719759469619347 0.39466960825423403 0.39645532253994831 0.39857918815155391 0.40036490243726824;
