m;4
n;8
P;9
P1;2 4 6 8
Q;10
M;100
h;1 1 1 1 1 1 1 1 1
Vmin;32 32 32 32 32 32 32 32 32;37 37 37 37 37 37 37 37 37;43 43 43 43 43 43 43 43 43;46 46 46 46 46 46 46 46 46;52 52 52 52 52 52 52 52 52;51 51 51 51 51 51 51 51 51;43 43 43 43 43 43 43 43 43;28 28 28 28 28 28 28 28 28;
Vmax;32 32 32 32 32 32 32 32 32;37 37 37 37 37 37 37 37 37;43 43 43 43 43 43 43 43 43;46 46 46 46 46 46 46 46 46;52 52 52 52 52 52 52 52 52;51 51 51 51 51 51 51 51 51;43 43 43 43 43 43 43 43 43;28 28 28 28 28 28 28 28 28;
d;3.000 8.881 3.000 11.880 3.000 5.367 3.000 13.864 3.000
S;0.35538192569675964 0.35381942569675962 0.34659846824512791 0.34503596824512789 0.34224068045830097 0.34067818045830101 0.33449084830787756 0.33292834830787754 0.32830260245602838 0.32674010245602841;0.41372098405307511 0.41236963270172378 0.40612448031112336 0.40477312895977202 0.40235558276575956 0.40100423141440822 0.39565302523025825 0.39430167387890691 0.39030102881784823 0.38894967746649683;0.48093242035811651 0.47976962966044212 0.47439589388248365 0.47323310318480927 0.47115288901786828 0.46999009832019389 0.465385572068716 0.46422278137104162 0.46078036585338644 0.45961757515571205;1.0935623524038911 1.092475395882152 1.0874521211331909 1.0863651646114518 1.0844206165858332 1.0833336600640942 1.0790294290029299 1.0779424724811908 1.0747245623233828 1.0736376058016437;1.7043161071236037 1.7058786071236038 1.7112856029754531 1.712848102975453 1.7190354351258763 1.7205979351258764 1.7233932229127034 1.7249557229127033 1.732176680364335 1.7337391803643349;1.9701364776887469 1.9714878290400981 1.9761641497768325 1.977515501128184 1.9828667073123338 1.9842180586636853 1.9866356048576976 1.9879869562090491 1.9942321085996495 1.9955834599510007;2.5147325297640513 2.5158953204617256 2.5199191313282179 2.5210819220258927 2.5256864482773707 2.5268492389750454 2.5289294531419864 2.5300922438396611 2.5354659796176198 2.5366287703152945;2.673019244202957 2.6741062007246961 2.6778675891433741 2.6789545456651132 2.683258776726277 2.6843457332480161 2.6862902812736347 2.6873772377953737 2.6924005125443347 2.6934874690660737;
