m;3
n;6
P;9
P1;2 4 6 8
Q;10
M;100
h;1 1 1 1 1 1 1 1 1
Vmin;30 30 30 30 30 30 30 30 30;48 48 48 48 48 48 48 48 48;28 28 28 28 28 28 28 28 28;52 52 52 52 52 52 52 52 52;52 52 52 52 52 52 52 52 52;34 34 34 34 34 34 34 34 34;
Vmax;30 30 30 30 30 30 30 30 30;48 48 48 48 48 48 48 48 48;28 28 28 28 28 28 28 28 28;52 52 52 52 52 52 52 52 52;52 52 52 52 52 52 52 52 52;34 34 34 34 34 34 34 34 34;
d;3.000 2.845 3.000 5.133 3.000 4.287 3.000 10.416 3.000
S;1.2560302474207856 1.1560302474207855 0.80884375074620063 0.70884375074620065 0.56595105599763063 0.46595105599763065 0.29484831255777955 0.19484831255777951 0.10000000000000001 0;1.1183522379713242 1.0558522379713242 0.83886067754970861 0.77636067754970861 0.6870527433318524 0.6245527433318524 0.51761352868194543 0.45511352868194549 0.39583333333333331 0.33333333333333331;2.0124133603317937 1.9052705031889365 1.5332849710375958 1.4261421138947386 1.2730427980926993 1.1658999409498421 0.98257557297857312 0.87543271583571602 0.77380952380952372 0.66666666666666663;0 0.10000000000000001 0.2448483125577795 0.34484831255777948 0.51595105599763058 0.61595105599763056 0.75884375074620047 0.85884375074620045 1.2060302474207854 1.3060302474207854;0.33333333333333331 0.39583333333333331 0.48636352868194549 0.54886352868194543 0.6558027433318524 0.7183027433318524 0.80761067754970861 0.87011067754970861 1.0871022379713242 1.1496022379713242;0.66666666666666663 0.77380952380952372 0.92900414440714463 1.0361470015500018 1.2194713695212709 1.3266142266641281 1.4797135424661674 1.5868563996090246 1.9588419317603654 2.0659847889032226;
