m;1
n;2
P;9
P1;2 4 6 8
Q;10
M;100
h;1 1 1 1 1 1 1 1 1
Vmin;28 28 28 28 28 28 28 28 28;52 52 52 52 52 52 52 52 52;
Vmax;28 28 28 28 28 28 28 28 28;52 52 52 52 52 52 52 52 52;
d;3.000 8.882 3.000 3.334 3.000 16.059 3.000 11.474 3.000
S;1.9552743000656809 1.8481314429228237 1.4383622323798306 1.3312193752369734 0.75770139511308454 0.65055853797022745 0.53149474824261311 0.42435189109975596 0.10714285714285714 0;0 0.10714285714285714 0.47792331967118457 0.58506617681404172 0.70412996654165605 0.81127282368451314 1.3847908038084018 1.491933660951259 1.9017028714942521 2.0088457286371093;
