m;5
n;10
P;9
P1;2 4 6 8
Q;10
M;100
h;1 1 1 1 1 1 1 1 1
Vmin;38 38 38 38 38 38 38 38 38;41 41 41 41 41 41 41 41 41;49 49 49 49 49 49 49 49 49;52 52 52 52 52 52 52 52 52;33 33 33 33 33 33 33 33 33;46 46 46 46 46 46 46 46 46;38 38 38 38 38 38 38 38 38;50 50 50 50 50 50 50 50 50;36 36 36 36 36 36 36 36 36;28 28 28 28 28 28 28 28 28;
Vmax;38 38 38 38 38 38 38 38 38;41 41 41 41 41 41 41 41 41;49 49 49 49 49 49 49 49 49;52 52 52 52 52 52 52 52 52;33 33 33 33 33 33 33 33 33;46 46 46 46 46 46 46 46 46;38 38 38 38 38 38 38 38 38;50 50 50 50 50 50 50 50 50;36 36 36 36 36 36 36 36 36;28 28 28 28 28 28 28 28 28;
d;3.000 1.729 3.000 34.754 3.000 3.159 3.000 33.246 3.000
S;2.3128577670060104 2.2339103985849578 1.3590109707330207 1.280063602311968 1.1969260423133194 1.1179786738922668 0.20340360971633567 0.12445624129528304 0.078947368421052627 0;2.4769576051925628 2.4037868734852457 1.592904476939548 1.5197337452322308 1.4426794213310443 1.3695086896237272 0.52185375209481522 0.44868302038749813 0.4065040650406504 0.33333333333333331;2.460311465569287 2.3990869757733688 1.7205935419290095 1.659369052133091 1.5948950260116901 1.5336705362157717 0.82440824154872283 0.76318375175280451 0.72789115646258495 0.66666666666666663;2.6901652912736234 2.6324729835813159 1.9931234016895154 1.9354310939972077 1.8746767232289645 1.8169844155366568 1.1486410994080916 1.0909487917157838 1.0576923076923077 1;3.9966240953402545 3.9057150044311637 2.898255057207721 2.8073459662986302 2.7116118063001862 2.6207027153910953 1.5675556717945682 1.4766465808854774 1.4242424242424241 1.3333333333333333;0 0.078947368421052627 0.16392992550580937 0.242877293926862 1.1574523581027931 1.2363997265238458 1.3195372865224944 1.398484654943547 2.2733840827954843 2.352331451216537;0.33333333333333331 0.4065040650406504 0.48526838624115665 0.55843911794847367 1.4060940554773855 1.4792647871847027 1.5563191110858892 1.6294898427932063 2.4403722393389042 2.5135429710462214;0.66666666666666663 0.72789115646258495 0.79379599665076361 0.85502048644668194 1.5642827811137305 1.625507270909649 1.6899812970310499 1.7512057868269684 2.4296992206713277 2.4909237104672459;1 1.0576923076923077 1.1197949455619376 1.1774872532542453 1.8458305693828105 1.9035228770751182 1.9642772478433614 2.0219695555356689 2.6613191374274692 2.7190114451197767;1.3333333333333333 1.4242424242424241 1.5221011263400228 1.6130102172491136 2.6661572608456403 2.7570663517547311 2.8528005117531752 2.943709602662266 3.9511695498857087 4.0420786407947995;
