m;8
n;16
P;9
P1;2 4 6 8
Q;10
M;100
h;1 1 1 1 1 1 1 1 1
Vmin;51 51 51 51 51 51 51 51 51;29 29 29 29 29 29 29 29 29;47 47 47 47 47 47 47 47 47;44 44 44 44 44 44 44 44 44;41 41 41 41 41 41 41 41 41;46 46 46 46 46 46 46 46 46;52 52 52 52 52 52 52 52 52;52 52 52 52 52 52 52 52 52;33 33 33 33 33 33 33 33 33;41 41 41 41 41 41 41 41 41;42 42 42 42 42 42 42 42 42;51 51 51 51 51 51 51 51 51;33 33 33 33 33 33 33 33 33;28 28 28 28 28 28 28 28 28;50 50 50 50 50 50 50 50 50;37 37 37 37 37 37 37 37 37;
Vmax;51 51 51 51 51 51 51 51 51;29 29 29 29 29 29 29 29 29;47 47 47 47 47 47 47 47 47;44 44 44 44 44 44 44 44 44;41 41 41 41 41 41 41 41 41;46 46 46 46 46 46 46 46 46;52 52 52 52 52 52 52 52 52;52 52 52 52 52 52 52 52 52;33 33 33 33 33 33 33 33 33;41 41 41 41 41 41 41 41 41;42 42 42 42 42 42 42 42 42;51 51 51 51 51 51 51 51 51;33 33 33 33 33 33 33 33 33;28 28 28 28 28 28 28 28 28;50 50 50 50 50 50 50 50 50;37 37 37 37 37 37 37 37 37;
d;3.000 28.733 3.000 36.390 3.000 12.721 3.000 35.044 3.000
S;2.5076210556775838 2.4487975262658193 1.7616510039097717 1.702827474498007 1.4533863681129364 1.3945628387011717 0.68104068451141697 0.62221715509965225 0.058823529411764705 0;4.7432876036628775 4.6398393278008081 3.4314092367608624 3.3279609608987935 2.8892886703595315 2.7858403944974626 1.531025571612032 1.4275772957499631 0.43678160919540227 0.33333333333333331;3.3877022802742571 3.3238724930402146 2.5782454155900356 2.5144156283559931 2.2437454916402784 2.1799157044062358 1.4056682604982043 1.3418384732641617 0.73049645390070916 0.66666666666666663;3.9065607690808362 3.8383789508990178 3.0419136636226898 2.9737318454408714 2.6846069266763579 2.6164251084945396 1.7893880661382331 1.721206247956415 1.0681818181818181 1;4.4525692806395964 4.3793985489322793 3.524655313806464 3.4514845820991469 3.1412041814738152 3.0680334497664981 2.1804815018719252 2.1073107701646081 1.4065040650406504 1.3333333333333333;4.4468552283961609 4.3816378370918132 3.6198014753492389 3.5545840840448912 3.2780298139223132 3.2128124226179655 2.4217335125380202 2.3565161212336725 1.7318840579710146 1.6666666666666667;4.459397573837629 4.4017052661453215 3.7277730999884291 3.6700807922961216 3.4254366302646102 3.3677443225723027 2.6679437482708126 2.6102514405785051 2.0576923076923075 2;4.7927309071709621 4.7350385994786546 4.0611064333217621 4.0034141256294546 3.7587699635979432 3.7010776559056358 3.0012770816041456 2.9435847739118381 2.391025641025641 2.3333333333333335;0 0.058823529411764705 0.65162891980553461 0.71045244921729933 1.423974603407054 1.4827981328188187 1.7322392392038892 1.7910627686156539 2.4782092909717015 2.537032820383466;0.33333333333333331 0.43678160919540227 1.4793014336809975 1.5827497095430665 2.8375645324284973 2.9410128082905662 3.3796850988298281 3.4831333746918971 4.6915634657318428 4.7950117415939122;0.66666666666666663 0.73049645390070916 1.373753366881183 1.4375831541152255 2.2118305980232571 2.2756603852572996 2.5463305219730143 2.6101603092070569 3.3557873866572363 3.4196171738912788;1 1.0681818181818181 1.7552971570473241 1.8234789752291423 2.6505160175854487 2.7186978357672671 3.0078227545317806 3.076004572713599 3.872469859989927 3.9406516781717453;1.3333333333333333 1.4065040650406504 2.1438961360182667 2.2170668677255838 3.1046188156201566 3.1777895473274738 3.4880699479528054 3.5612406796601226 4.4159839147859383 4.4891546464932555;1.6666666666666667 1.7318840579710146 2.3891248168858468 2.4543422081901944 3.2454211182701398 3.3106385095744875 3.5871927796970655 3.6524101710014132 4.4142465327439879 4.4794639240483356;2 2.0576923076923075 2.6390975944246589 2.6967899021169663 3.3965904764184565 3.4542827841107639 3.6989269461422754 3.7566192538345828 4.4305514199914757 4.4882437276837832;2.3333333333333335 2.391025641025641 2.9724309277579923 3.0301232354502998 3.7299238097517899 3.7876161174440974 4.0322602794756088 4.0899525871679163 4.7638847533248088 4.8215770610171163;
