m;4
n;8
P;9
P1;2 4 6 8
Q;10
M;100
h;1 1 1 1 1 1 1 1 1
Vmin;47 47 47 47 47 47 47 47 47;32 32 32 32 32 32 32 32 32;52 52 52 52 52 52 52 52 52;28 28 28 28 28 28 28 28 28;30 30 30 30 30 30 30 30 30;42 42 42 42 42 42 42 42 42;51 51 51 51 51 51 51 51 51;44 44 44 44 44 44 44 44 44;
Vmax;47 47 47 47 47 47 47 47 47;32 32 32 32 32 32 32 32 32;52 52 52 52 52 52 52 52 52;28 28 28 28 28 28 28 28 28;30 30 30 30 30 30 30 30 30;42 42 42 42 42 42 42 42 42;51 51 51 51 51 51 51 51 51;44 44 44 44 44 44 44 44 44;
d;3.000 1.687 3.000 24.393 3.000 7.176 3.000 8.808 3.000
S;1.2141237447685727 1.1502939575345301 0.96288469394928333 0.8990549067152408 0.74638418532752837 0.68255439809348584 0.16355688600717089 0.099727098773128353 0.063829787234042548 0;2.1165775834621749 2.0228275834621749 1.7475702275713434 1.6538202275713434 1.4295851055331408 1.3358351055331408 0.57355750965636565 0.47980750965636559 0.42708333333333331 0.33333333333333331;1.7640477436690307 1.706355435976723 1.5369662938900577 1.47927398619775 1.3412831418665483 1.2835908341742406 0.81449692901930193 0.75680462132699422 0.72435897435897434 0.66666666666666663;3.0379934287186763 2.9308505715758191 2.6162707362720119 2.5091278791291547 2.2528591682283516 2.1457163110854944 1.2745419157977513 1.1673990586548941 1.1071428571428572 1;0 0.063829787234042548 0.13164199239014962 0.19547177962419215 0.7144692917105071 0.77829907894454964 0.93096980033226207 0.9947995875663046 1.1822088511515514 1.2460386383855939;0.33333333333333331 0.42708333333333331 0.52668250965636565 0.62043250965636565 1.3827101055331408 1.4764601055331408 1.7006952275713434 1.7944452275713434 2.0697025834621749 2.1634525834621749;0.66666666666666663 0.72435897435897434 0.78565077517314807 0.84334308286545578 1.3124369880203943 1.370129295712702 1.5081201400439037 1.5658124477362114 1.7352015898228768 1.7928938975151845;1 1.1071428571428572 1.2209704872263227 1.3281133443691799 2.1992877396569228 2.30643059679978 2.5626993077005831 2.6698421648434403 2.9844220001472475 3.0915648572901047;
