m;6
n;12
P;9
P1;2 4 6 8
Q;10
M;100
h;1 1 1 1 1 1 1 1 1
Vmin;42 42 42 42 42 42 42 42 42;52 52 52 52 52 52 52 52 52;42 42 42 42 42 42 42 42 42;50 50 50 50 50 50 50 50 50;46 46 46 46 46 46 46 46 46;43 43 43 43 43 43 43 43 43;40 40 40 40 40 40 40 40 40;48 48 48 48 48 48 48 48 48;28 28 28 28 28 28 28 28 28;41 41 41 41 41 41 41 41 41;33 33 33 33 33 33 33 33 33;30 30 30 30 30 30 30 30 30;
Vmax;42 42 42 42 42 42 42 42 42;52 52 52 52 52 52 52 52 52;42 42 42 42 42 42 42 42 42;50 50 50 50 50 50 50 50 50;46 46 46 46 46 46 46 46 46;43 43 43 43 43 43 43 43 43;40 40 40 40 40 40 40 40 40;48 48 48 48 48 48 48 48 48;28 28 28 28 28 28 28 28 28;41 41 41 41 41 41 41 41 41;33 33 33 33 33 33 33 33 33;30 30 30 30 30 30 30 30 30;
d;3.000 27.057 3.000 4.301 3.000 13.950 3.000 11.846 3.000
S;1.7179353429293325 1.6465067715007611 1.3644698370617834 1.293041265633212 0.96090729018233878 0.88947871875376738 0.78706207690098562 0.71563350547241422 0.071428571428571425 0;1.7208964949301018 1.6632041872377941 1.4354051248063122 1.3777128171140045 1.1094507600190686 1.0517584523267609 0.9690373185225909 0.91134501083028319 0.39102564102564102 0.33333333333333331;2.3846020095959992 2.3131734381674276 2.0311365037284501 1.9597079322998785 1.6275739568490055 1.5561453854204341 1.4537287435676522 1.3823001721390809 0.73809523809523803 0.66666666666666663;2.4430656880606398 2.3830656880606398 2.1461546631318984 2.0861546631318983 1.807162123753165 1.7471621237531649 1.6611321445968281 1.6011321445968281 1.0600000000000001 1;2.9018829942688109 2.8366656029644632 2.5791536193462661 2.5139362280419184 2.2106834678476428 2.1454660765432951 2.0519552296342334 1.9867378383298855 1.3985507246376812 1.3333333333333333;3.3446500248767128 3.2748825830162476 2.9994046470525948 2.9296372051921296 2.6052272756819743 2.5354598338215091 2.4354249743373968 2.3656575324769316 1.7364341085271318 1.6666666666666667;0 0.071428571428571425 0.75134779118669992 0.82277636261527132 0.92519300446805308 0.99662157589662448 1.3287555513474976 1.400184122776069 1.6822210572150467 1.7536496286436181;0.33333333333333331 0.39102564102564102 0.94019116467643715 0.99788347236874486 1.0806046061729149 1.1382969138652226 1.4065589709601585 1.4642512786524662 1.6920503410839483 1.749742648776256;0.66666666666666663 0.73809523809523803 1.4180144578533667 1.4894430292819381 1.5918596711347199 1.6632882425632913 1.9954222180141645 2.0668507894427361 2.3488877238817136 2.4203162953102852;1 1.0600000000000001 1.6311321445968279 1.6911321445968279 1.7771621237531647 1.8371621237531648 2.1161546631318982 2.1761546631318982 2.4130656880606396 2.4730656880606396;1.3333333333333333 1.3985507246376812 2.0193465339820591 2.0845639252864068 2.1780747721954685 2.2432921634998162 2.5465449236940918 2.6117623149984395 2.8692742986166366 2.9344916899209843;1.6666666666666667 1.7364341085271318 2.4005412534071642 2.4703086952676294 2.5703435547517417 2.6401109966122069 2.9645209261223622 3.0342883679828274 3.3097663039464802 3.3795337458069454;
