m;6
n;12
P;9
P1;2 4 6 8
Q;10
M;100
h;1 1 1 1 1 1 1 1 1
Vmin;40 40 40 40 40 40 40 40 40;40 40 40 40 40 40 40 40 40;40 40 40 40 40 40 40 40 40;40 40 40 40 40 40 40 40 40;40 40 40 40 40 40 40 40 40;40 40 40 40 40 40 40 40 40;40 40 40 40 40 40 40 40 40;40 40 40 40 40 40 40 40 40;40 40 40 40 40 40 40 40 40;40 40 40 40 40 40 40 40 40;40 40 40 40 40 40 40 40 40;40 40 40 40 40 40 40 40 40;
Vmax;40 40 40 40 40 40 40 40 40;40 40 40 40 40 40 40 40 40;40 40 40 40 40 40 40 40 40;40 40 40 40 40 40 40 40 40;40 40 40 40 40 40 40 40 40;40 40 40 40 40 40 40 40 40;40 40 40 40 40 40 40 40 40;40 40 40 40 40 40 40 40 40;40 40 40 40 40 40 40 40 40;40 40 40 40 40 40 40 40 40;40 40 40 40 40 40 40 40 40;40 40 40 40 40 40 40 40 40;
d;3 56.25 3 56.25 3 56.25 3 56.25 3
S;6 5.9249999999999998 4.5187499999999998 4.4437499999999996 3.0375000000000001 2.9624999999999999 1.5562499999999999 1.48125 0.074999999999999997 0;6.5 6.4249999999999998 5.0187499999999998 4.9437499999999996 3.5375000000000001 3.4624999999999999 2.0562499999999999 1.98125 0.57499999999999996 0.5;7.0000000000000009 6.9250000000000007 5.5187500000000007 5.4437500000000005 4.0375000000000005 3.9625000000000004 2.5562500000000004 2.4812500000000002 1.075 1;7.5000000000000009 7.4250000000000007 6.0187500000000007 5.9437500000000005 4.5375000000000005 4.4625000000000004 3.0562500000000004 2.9812500000000002 1.575 1.5;8 7.9250000000000007 6.5187500000000007 6.4437500000000005 5.0375000000000005 4.9625000000000004 3.5562500000000004 3.4812500000000002 2.0750000000000002 2;8.5 8.4250000000000007 7.0187500000000007 6.9437500000000005 5.5375000000000005 5.4625000000000004 4.0562500000000004 3.9812500000000002 2.5750000000000002 2.5;0 0.074999999999999997 1.48125 1.5562499999999999 2.9624999999999999 3.0375000000000001 4.4437499999999996 4.5187499999999998 5.9249999999999998 6;0.5 0.57499999999999996 1.98125 2.0562499999999999 3.4624999999999999 3.5375000000000001 4.9437499999999996 5.0187499999999998 6.4249999999999998 6.5;1 1.075 2.4812500000000002 2.5562500000000004 3.9625000000000004 4.0375000000000005 5.4437500000000005 5.5187500000000007 6.9250000000000007 7.0000000000000009;1.5 1.575 2.9812500000000002 3.0562500000000004 4.4625000000000004 4.5375000000000005 5.9437500000000005 6.0187500000000007 7.4250000000000007 7.5000000000000009;2 2.0750000000000002 3.4812500000000002 3.5562500000000004 4.9625000000000004 5.0375000000000005 6.4437500000000005 6.5187500000000007 7.9250000000000007 8;2.5 2.5750000000000002 3.9812500000000002 4.0562500000000004 5.4625000000000004 5.5375000000000005 6.9437500000000005 7.0187500000000007 8.4250000000000007 8.5;
