m;6
n;12
P;9
P1;2 4 6 8
Q;10
M;100
h;1 1 1 1 1 1 1 1 1
Vmin;34 34 34 34 34 34 34 34 34;49 49 49 49 49 49 49 49 49;48 48 48 48 48 48 48 48 48;35 35 35 35 35 35 35 35 35;35 35 35 35 35 35 35 35 35;35 35 35 35 35 35 35 35 35;28 28 28 28 28 28 28 28 28;35 35 35 35 35 35 35 35 35;40 40 40 40 40 40 40 40 40;50 50 50 50 50 50 50 50 50;50 50 50 50 50 50 50 50 50;52 52 52 52 52 52 52 52 52;
Vmax;34 34 34 34 34 34 34 34 34;49 49 49 49 49 49 49 49 49;48 48 48 48 48 48 48 48 48;35 35 35 35 35 35 35 35 35;35 35 35 35 35 35 35 35 35;35 35 35 35 35 35 35 35 35;28 28 28 28 28 28 28 28 28;35 35 35 35 35 35 35 35 35;40 40 40 40 40 40 40 40 40;50 50 50 50 50 50 50 50 50;50 50 50 50 50 50 50 50 50;52 52 52 52 52 52 52 52 52;
d;3.000 10.602 3.000 25.637 3.000 72.103 3.000 65.272 3.000
S;0.27962163998653794 0.27815105175124377 0.24615518979188117 0.24468460155658706 0.20934011709985265 0.20786952886455853 0.19530236118239469 0.19383177294710058 0.18863476158383463 0.18716417334854052;0.35696012561952634 0.35593971745626102 0.33373850711711145 0.33271809895384613 0.30819335463692837 0.30717294647366311 0.29845287093910045 0.29743246277583513 0.29382637325846689 0.29280596509520157;0.77643279122236497 0.77539112455569825 0.75272738900114977 0.75168572233448316 0.72665004584429627 0.72560837917762955 0.71670663540276347 0.71566496873609675 0.71198375235378342 0.71094208568711681;1.0221252233352969 1.0206966519067255 0.98961495743191608 0.98818638600334452 0.95385174395965977 0.95242317253108821 0.9402150667827005 0.93878649535412906 0.93373797002981351 0.93230939860124207;1.3139147891887513 1.3124862177601799 1.2814045232853706 1.279975951856799 1.2456413098131141 1.2442127383845427 1.2320046326361549 1.2305760612075833 1.2255275358832678 1.2240989644546965;2.0534937064825836 2.0520651350540122 2.0209834405792027 2.0195548691506313 1.9852202271069463 1.9837916556783748 1.9715835499299872 1.9701549785014156 1.9651064531771001 1.9636778817485285;2.1146058171790991 2.1160764054143937 2.1220087108953063 2.1234792991306004 2.1360464668127643 2.1375170550480584 2.172861539504793 2.1743321277400871 2.2063279896994499 2.207798577934744;2.7942817305262784 2.7953021386895434 2.7994184322885443 2.8004388404518092 2.8091589159863717 2.8101793241496367 2.8347040684665545 2.8357244766298195 2.8579256869689691 2.8589460951322341;3.4334834110714287 3.4345250777380953 3.4387271274537423 3.4397687941204089 3.4486705378952749 3.4497122045619415 3.4747478810521288 3.4757895477187954 3.4984532832733439 3.4994949499400105;3.9526398083607379 3.9540683797893097 3.9598311908279107 3.961259762256482 3.9734678680048696 3.9748964394334414 4.0092310814771261 4.0106596529056979 4.0417413473805066 4.0431699188090784;4.0199495059155499 4.0213780773441208 4.0271408883827222 4.0285694598112931 4.0407775655596812 4.0422061369882529 4.0765407790319381 4.077969350460509 4.1090510449353186 4.1104796163638904;4.4289033369162478 4.4303319083448196 4.4360947193834201 4.4375232908119919 4.4497313965603791 4.4511599679889509 4.4854946100326352 4.4869231814612069 4.5180048759360165 4.5194334473645883;
