m;3
n;6
P;9
P1;2 4 6 8
Q;10
M;100
h;1 1 1 1 1 1 1 1 1
Vmin;44 44 44 44 44 44 44 44 44;44 44 44 44 44 44 44 44 44;51 51 51 51 51 51 51 51 51;50 50 50 50 50 50 50 50 50;28 28 28 28 28 28 28 28 28;52 52 52 52 52 52 52 52 52;
Vmax;44 44 44 44 44 44 44 44 44;44 44 44 44 44 44 44 44 44;51 51 51 51 51 51 51 51 51;50 50 50 50 50 50 50 50 50;28 28 28 28 28 28 28 28 28;52 52 52 52 52 52 52 52 52;
d;3.000 59.925 3.000 6.143 3.000 49.235 3.000 58.889 3.000
S;1.5226758791963022 1.5215395155599387 1.4992329000402269 1.4980965364038634 1.4794467416785262 1.4783103780421627 1.4759833917866281 1.4748470281502646 1.4521481139586676 1.4510117503223041;1.8749378305322884 1.8738014668959246 1.8514948513762128 1.8503584877398493 1.8317086930145121 1.8305723293781486 1.828245343122614 1.8271089794862505 1.8044100652946535 1.80327370165829;2.6565051002555164 2.6555247080986537 2.6362797849051769 2.6352993927483142 2.6192093737695918 2.6182289816127291 2.6162213856275618 2.615240993470699 2.5956576165210863 2.5946772243642235;3.1877925703745169 3.1889289340108804 3.2121960300206589 3.2133323936570224 3.2156593799125575 3.2167957435489209 3.235445538274258 3.2365819019106215 3.2588885174303335 3.260024881066697;3.2975398563824365 3.2986762200188 3.321943316028579 3.3230796796649424 3.3254066659204771 3.3265430295568406 3.345192824282178 3.3463291879185415 3.3686358034382531 3.3697721670746166;4.0386094089531435 4.0395898011100062 4.0596633741380499 4.0606437662949126 4.0626513622800804 4.0636317544369431 4.079721773415665 4.0807021655725277 4.0999470887660046 4.1009274809228673;
