m;4
n;8
P;9
P1;2 4 6 8
Q;10
M;100
h;1 1 1 1 1 1 1 1 1
Vmin;40 40 40 40 40 40 40 40 40;52 52 52 52 52 52 52 52 52;48 48 48 48 48 48 48 48 48;46 46 46 46 46 46 46 46 46;49 49 49 49 49 49 49 49 49;30 30 30 30 30 30 30 30 30;28 28 28 28 28 28 28 28 28;37 37 37 37 37 37 37 37 37;
Vmax;40 40 40 40 40 40 40 40 40;52 52 52 52 52 52 52 52 52;48 48 48 48 48 48 48 48 48;46 46 46 46 46 46 46 46 46;49 49 49 49 49 49 49 49 49;30 30 30 30 30 30 30 30 30;28 28 28 28 28 28 28 28 28;37 37 37 37 37 37 37 37 37;
d;3.000 37.133 3.000 20.397 3.000 37.184 3.000 40.900 3.000
S;0.55264583792083011 0.55139583792083013 0.53435429145687496 0.53310429145687499 0.51761090429139944 0.51636090429139947 0.50786223299651179 0.50661223299651181 0.49113996985117764 0.48988996985117766;1.1367523074227306 1.1357907689611921 1.1226818870658419 1.1217203486043035 1.1098023584770147 1.1088408200154762 1.1023033805578704 1.1013418420963319 1.0894401012153057 1.0884785627537672;1.489547577253012 1.4885059105863452 1.4743046218663827 1.4732629551997158 1.4603517992284865 1.4593101325618199 1.4522279064827468 1.4511862398160802 1.4382926871949684 1.4372510205283016;2.162612757220586 2.1615258006988469 2.1467070646432336 2.1456201081214945 2.1321475975428203 2.1310606410210813 2.1236704920690048 2.1225835355472658 2.1091293936817577 2.1080424371600186;3.1482843916431138 3.1495343916431136 3.1656316547884478 3.1668816547884475 3.1753803260833351 3.1766303260833348 3.1921237132488103 3.19337371324881 3.2104152597127653 3.2116652597127651;3.2791373264475285 3.2800988649090672 3.2924813750208628 3.2934429134824015 3.2999803529400071 3.3009418914015458 3.3128598815288348 3.3138214199903735 3.3269303018857235 3.3278918403472622;3.9956642234842565 3.9967058901509231 4.0101202761053685 4.0111619427720351 4.0182441688511084 4.019285835517775 4.0321969914890046 4.0332386581556712 4.0474399468756337 4.0484816135423003;4.684669471577382 4.685756428099122 4.6997540482254996 4.7008410047472386 4.7082311536993151 4.7093181102210542 4.7227906207997288 4.7238775773214687 4.7386963133770816 4.7397832698988216;
