m;7
n;14
P;9
P1;2 4 6 8
Q;10
M;100
h;1 1 1 1 1 1 1 1 1
Vmin;46 46 46 46 46 46 46 46 46;46 46 46 46 46 46 46 46 46;43 43 43 43 43 43 43 43 43;47 47 47 47 47 47 47 47 47;50 50 50 50 50 50 50 50 50;44 44 44 44 44 44 44 44 44;44 44 44 44 44 44 44 44 44;28 28 28 28 28 28 28 28 28;52 52 52 52 52 52 52 52 52;42 42 42 42 42 42 42 42 42;45 45 45 45 45 45 45 45 45;44 44 44 44 44 44 44 44 44;47 47 47 47 47 47 47 47 47;39 39 39 39 39 39 39 39 39;
Vmax;46 46 46 46 46 46 46 46 46;46 46 46 46 46 46 46 46 46;43 43 43 43 43 43 43 43 43;47 47 47 47 47 47 47 47 47;50 50 50 50 50 50 50 50 50;44 44 44 44 44 44 44 44 44;44 44 44 44 44 44 44 44 44;28 28 28 28 28 28 28 28 28;52 52 52 52 52 52 52 52 52;42 42 42 42 42 42 42 42 42;45 45 45 45 45 45 45 45 45;44 44 44 44 44 44 44 44 44;47 47 47 47 47 47 47 47 47;39 39 39 39 39 39 39 39 39;
d;3.000 16.502 3.000 102.306 3.000 3.722 3.000 37.233 3.000
S;0.73899451632650881 0.73790755980476963 0.72441724940532681 0.72333029288358763 0.72198170626877745 0.72089474974703827 0.68382725116161336 0.68274029463987418 0.6767612448822482 0.67567428836050902;1.1366062368055503 1.1355192802838112 1.1220289698843682 1.1209420133626291 1.1195934267478189 1.1185064702260799 1.0814389716406549 1.0803520151189159 1.0743729653612901 1.0732860088395511;1.3063357948829846 1.3051730041853102 1.2907415093393946 1.2895787186417202 1.2881360445886676 1.286973253890993 1.2473196507530966 1.2461568600554223 1.2397606672914503 1.238597876593776;1.4255155615103692 1.4244517317231351 1.4112484492045314 1.4101846194172973 1.4088647261347171 1.4078008963474831 1.3715220679447269 1.3704582381574928 1.364606402224497 1.3635425724372632;1.8425392537662781 1.841539253766278 1.8291281681987905 1.8281281681987906 1.8268874685131651 1.8258874685131652 1.7917853698145743 1.7907853698145744 1.7852846440375585 1.7842846440375584;2.19431449860142 2.1931781349650565 2.1790746286383662 2.1779382650020027 2.1765283789956102 2.1753920153592463 2.1366396304744844 2.1355032668381209 2.129252442091512 2.1281160784551485;2.3309856706139174 2.3298493069775534 2.3157458006508636 2.3146094370144996 2.3131995510081071 2.3120631873717437 2.2733108024869817 2.2721744388506182 2.2659236141040093 2.2647872504676458;2.735705556809084 2.7367925133308231 2.7433150413493186 2.7444019978710577 2.7814694964564826 2.7825564529782216 2.7839050395930318 2.7849919961147709 2.7984823065142139 2.799569263035953;2.8153493754508214 2.8164363319725605 2.822958859991056 2.8240458165127951 2.8611133150982204 2.8622002716199595 2.8635488582347697 2.8646358147565087 2.8781261251559513 2.8792130816776904;3.0327148212696566 3.0338776119673314 3.0408552000801401 3.0420179907778149 3.0816715939157109 3.0828343846133857 3.0842770586664385 3.0854398493641133 3.0998713442100292 3.101034134907704;4.50626266292383 4.5073264927110639 4.5137102435376768 4.5147740733249115 4.551052901727668 4.5521167315149018 4.5534366247974818 4.5545004545847156 4.5677037371033196 4.5687675668905543;5.2057372477455512 5.2067372477455516 5.2127379735225672 5.2137379735225675 5.247840072221158 5.2488400722211583 5.2500807719067835 5.2510807719067838 5.2634918574742704 5.2644918574742707;5.6226185246996279 5.6237548883359914 5.630573894900782 5.6317102585371455 5.6704626434219083 5.6715990070582718 5.6730088930646634 5.6741452567010269 5.6882487630277172 5.6893851266640807;6.515932676005459 6.5170690396418225 6.5238880462066131 6.5250244098429766 6.5637767947277394 6.5649131583641029 6.5663230443704945 6.567459408006858 6.5815629143335483 6.5826992779699118;
