m;1
n;2
P;9
P1;2 4 6 8
Q;10
M;100
h;1 1 1 1 1 1 1 1 1
Vmin;44 44 44 44 44 44 44 44 44;52 52 52 52 52 52 52 52 52;
Vmax;44 44 44 44 44 44 44 44 44;52 52 52 52 52 52 52 52 52;
d;3.000 18.918 3.000 141.704 3.000 30.695 3.000 137.967 3.000
S;0.60987140308988652 0.60873503945352281 0.55647495736152686 0.55533859372516325 0.54371162455602318 0.54257526091965957 0.48889953463850894 0.48776317100214533 0.48059710951629092 0.47946074587992732;0.91675403072668571 0.91789039436304931 0.92562463766708558 0.92676100130344918 0.98043672758459977 0.98157309122096348 0.99320006039010345 0.99433642402646716 1.046596506118463 1.0477328697548267;
