m;5
n;10
P;9
P1;2 4 6 8
Q;10
M;100
h;1 1 1 1 1 1 1 1 1
Vmin;48 48 48 48 48 48 48 48 48;28 28 28 28 28 28 28 28 28;30 30 30 30 30 30 30 30 30;43 43 43 43 43 43 43 43 43;43 43 43 43 43 43 43 43 43;52 52 52 52 52 52 52 52 52;44 44 44 44 44 44 44 44 44;49 49 49 49 49 49 49 49 49;44 44 44 44 44 44 44 44 44;46 46 46 46 46 46 46 46 46;
Vmax;48 48 48 48 48 48 48 48 48;28 28 28 28 28 28 28 28 28;30 30 30 30 30 30 30 30 30;43 43 43 43 43 43 43 43 43;43 43 43 43 43 43 43 43 43;52 52 52 52 52 52 52 52 52;44 44 44 44 44 44 44 44 44;49 49 49 49 49 49 49 49 49;44 44 44 44 44 44 44 44 44;46 46 46 46 46 46 46 46 46;
d;3.000 36.747 3.000 77.491 3.000 34.462 3.000 65.147 3.000
S;0.24171196109388107 0.24067029442721441 0.21804966849200624 0.21700800182533958 0.20504217942588754 0.20400051275922088 0.1770940235581068 0.17605235689144014 0.16329309079748852 0.16225142413082186;1.1584213983509344 1.1566356840652199 1.1178574681762918 1.1160717538905773 1.0955589154915166 1.0937732012058023 1.0476477911467497 1.0458620768610354 1.0239890492714041 1.0222033349856898;1.5083247472439942 1.5066580805773278 1.4704650790809948 1.4687984124143283 1.4496530965752048 1.4479864299085383 1.4049360471867558 1.4032693805200893 1.3828545547697668 1.3811878881031001;1.8107032821951041 1.8095404914974298 1.7842895602209183 1.7831267695232438 1.769769572426181 1.7686067817285067 1.7385716309923793 1.737408840294705 1.7231659386084333 1.7220031479107589;1.9927668281177811 1.9916040374201067 1.9663531061435953 1.9651903154459207 1.951833118348858 1.9506703276511836 1.9206351769150563 1.9194723862173819 1.9052294845311102 1.9040666938334359;2.3292522031008605 2.3302938697675275 2.3435739691948125 2.3446156358614791 2.3715221250625929 2.3725637917292599 2.3845296141287116 2.3855712807953782 2.4081919067305866 2.4092335733972532;2.4582502611837591 2.4600359754694736 2.4828018602019619 2.4845875744876764 2.5307129845467293 2.5324986988324434 2.5530115372315043 2.5547972515172188 2.5935754674061471 2.5953611816918616;2.5675831003590024 2.5692497670256689 2.5904979261093248 2.5921645927759918 2.6352149754977741 2.6368816421644405 2.6560269580035638 2.6576936246702303 2.6938866261665635 2.69555329283323;3.5562556730346508 3.5574184637323256 3.5722427607674345 3.5734055514651089 3.6034407022012362 3.604603492898911 3.6179606899959738 3.6191234806936481 3.6443744119701598 3.6455372026678341;4.9787318597122532 4.9798946504099275 4.994718947445036 4.9958817381427103 5.0259168888788377 5.027079679576512 5.0404368766735752 5.0415996673712486 5.0668505986477603 5.0680133893454347;
