m;1
n;2
P;9
P1;2 4 6 8
Q;10
M;100
h;1 1 1 1 1 1 1 1 1
Vmin;52 52 52 52 52 52 52 52 52;41 41 41 41 41 41 41 41 41;
Vmax;52 52 52 52 52 52 52 52 52;41 41 41 41 41 41 41 41 41;
d;3.000 100.778 3.000 4.233 3.000 28.404 3.000 10.969 3.000
S;3.0650672428167747 3.0073749351244672 2.7964373927653234 2.738745085073016 2.1925197035919304 2.1348273958996229 2.0534293126336483 1.9957370049413408 0.057692307692307696 0;0 0.057692307692307696 2.0245831587874945 2.082275466479802 2.1636735497457766 2.2213658574380841 2.7675912389191697 2.8252835466114772 3.0362210889706209 3.0939133966629284;
