m;8
n;16
P;9
P1;2 4 6 8
Q;10
M;100
h;1 1 1 1 1 1 1 1 1
Vmin;50 50 50 50 50 50 50 50 50;36 36 36 36 36 36 36 36 36;37 37 37 37 37 37 37 37 37;51 51 51 51 51 51 51 51 51;47 47 47 47 47 47 47 47 47;47 47 47 47 47 47 47 47 47;34 34 34 34 34 34 34 34 34;46 46 46 46 46 46 46 46 46;33 33 33 33 33 33 33 33 33;51 51 51 51 51 51 51 51 51;52 52 52 52 52 52 52 52 52;52 52 52 52 52 52 52 52 52;46 46 46 46 46 46 46 46 46;36 36 36 36 36 36 36 36 36;44 44 44 44 44 44 44 44 44;28 28 28 28 28 28 28 28 28;
Vmax;50 50 50 50 50 50 50 50 50;36 36 36 36 36 36 36 36 36;37 37 37 37 37 37 37 37 37;51 51 51 51 51 51 51 51 51;47 47 47 47 47 47 47 47 47;47 47 47 47 47 47 47 47 47;34 34 34 34 34 34 34 34 34;46 46 46 46 46 46 46 46 46;33 33 33 33 33 33 33 33 33;51 51 51 51 51 51 51 51 51;52 52 52 52 52 52 52 52 52;52 52 52 52 52 52 52 52 52;46 46 46 46 46 46 46 46 46;36 36 36 36 36 36 36 36 36;44 44 44 44 44 44 44 44 44;28 28 28 28 28 28 28 28 28;
d;3.000 43.329 3.000 25.954 3.000 124.940 3.000 46.805 3.000
S;5.120574819983676 5.0605748199836764 4.1244677130634129 4.0644677130634133 1.5656650433783792 1.5056650433783791 0.98658180558240272 0.92658180558240266 0.059999999999999998 0;7.6119094721995513 7.5285761388662182 6.2284273792547404 6.1450940459214074 2.6745347824699715 2.591201449136638 1.8702525077533372 1.7869191744200039 0.58333333333333337 0.5;7.9196957026806443 7.8386146215995636 6.5736050176532608 6.4925239365721801 3.1157635721329453 3.0346824910518642 2.3332186561924364 2.2521375751113553 1.0810810810810811 1;6.5201713921408588 6.4613478627290943 5.5435957971209922 5.4847722677092277 3.034965728802332 2.9761421993905675 2.4672370642964729 2.4084135348847084 1.5588235294117647 1.5;7.447420021259231 7.3835902340251884 6.3877316096419285 6.323901822407886 3.6656011099769992 3.6017713227429566 3.0495551123217051 2.9857253250876625 2.0638297872340425 2;7.947420021259231 7.8835902340251884 6.8877316096419294 6.8239018224078869 4.1656011099769996 4.1017713227429571 3.5495551123217051 3.4857253250876625 2.5638297872340425 2.5;10.530257088211288 10.442021794093641 9.0653936956814878 8.977158401563841 5.3024485932034979 5.2142132990858512 4.4508555964447094 4.3626203023270627 3.0882352941176472 3;9.0658421956344295 9.0006248043300818 7.9831170794167523 7.9178996881124046 5.2018098297591076 5.1365924384547599 4.5723715278069594 4.5071541365026118 3.5652173913043477 3.5;0 0.059999999999999998 0.95658180558240269 1.0165818055824027 1.5356650433783792 1.5956650433783792 4.0944677130634126 4.1544677130634122 5.0905748199836758 5.1505748199836754;0.5 0.58333333333333337 1.8285858410866704 1.9119191744200037 2.632868115803304 2.7162014491366375 6.1867607125880735 6.2700940459214065 7.5702428055328843 7.6535761388662173;1 1.0810810810810811 2.2926781156518956 2.3737591967329768 3.0752230315924045 3.1563041126734857 6.5330644771127204 6.6141455581938011 7.8791551621401039 7.9602362432211846;1.5 1.5588235294117647 2.4378252995905907 2.4966488290023552 3.0055539640964497 3.0643774935082142 5.5141840324151099 5.5730075618268744 6.4907596274349766 6.5495831568467411;2 2.0638297872340425 3.0176402187046838 3.0814700059387263 3.6336862163599779 3.6975160035940204 6.3558167160249077 6.4196465032589503 7.4155051276422093 7.4793349148762518;2.5 2.5638297872340425 3.5176402187046838 3.5814700059387263 4.1336862163599779 4.1975160035940204 6.8558167160249077 6.9196465032589503 7.9155051276422093 7.9793349148762518;3 3.0882352941176472 4.4067379493858869 4.4949732435035337 5.2583309461446754 5.3465662402623222 9.0212760486226671 9.1095113427403138 10.486139441152467 10.574374735270114;3.5 3.5652173913043477 4.5397628321547856 4.6049802234591333 5.1692011341069337 5.2344185254112814 7.9505083837645785 8.0157257750689261 9.0332334999822557 9.0984508912866033;
