m;3
n;6
P;9
P1;2 4 6 8
Q;10
M;100
h;1 1 1 1 1 1 1 1 1
Vmin;52 52 52 52 52 52 52 52 52;28 28 28 28 28 28 28 28 28;52 52 52 52 52 52 52 52 52;52 52 52 52 52 52 52 52 52;48 48 48 48 48 48 48 48 48;50 50 50 50 50 50 50 50 50;
Vmax;52 52 52 52 52 52 52 52 52;28 28 28 28 28 28 28 28 28;52 52 52 52 52 52 52 52 52;52 52 52 52 52 52 52 52 52;48 48 48 48 48 48 48 48 48;50 50 50 50 50 50 50 50 50;
d;3.000 31.276 3.000 78.856 3.000 44.883 3.000 53.078 3.000
S;4.2902365950349273 4.2325442873426198 3.2118123710311131 3.1541200633388056 2.2909858307239177 2.2332935230316102 0.71683910755108216 0.65914679985877445 0.057692307692307696 0;8.4675822479220084 8.3604393907791508 6.4647944033434959 6.3576515462006391 4.7546879713444188 4.647545114201562 1.8312726283091525 1.7241297711662953 0.6071428571428571 0.5;5.2902365950349273 5.2325442873426198 4.2118123710311135 4.154120063338806 3.2909858307239181 3.2332935230316107 1.7168391075510823 1.6591467998587746 1.0576923076923077 1;0 0.057692307692307696 0.6879929537049283 0.74568526139723601 2.262139676877764 2.3198319845700714 3.1829662171849593 3.2406585248772668 4.2613904411887731 4.3190827488810806;0.5 0.6071428571428571 1.7777011997377237 1.8848440568805809 4.70111654277299 4.8082593999158467 6.411222974772067 6.5183658319149238 8.4140108193505796 8.5211536764934372;1 1.0576923076923077 1.6879929537049283 1.745685261397236 3.262139676877764 3.3198319845700714 4.1829662171849593 4.2406585248772668 5.2613904411887731 5.3190827488810806;
