m;6
n;12
P;9
P1;2 4 6 8
Q;10
M;100
h;1 1 1 1 1 1 1 1 1
Vmin;34 34 34 34 34 34 34 34 34;47 47 47 47 47 47 47 47 47;47 47 47 47 47 47 47 47 47;47 47 47 47 47 47 47 47 47;49 49 49 49 49 49 49 49 49;40 40 40 40 40 40 40 40 40;28 28 28 28 28 28 28 28 28;46 46 46 46 46 46 46 46 46;42 42 42 42 42 42 42 42 42;52 52 52 52 52 52 52 52 52;40 40 40 40 40 40 40 40 40;39 39 39 39 39 39 39 39 39;
Vmax;34 34 34 34 34 34 34 34 34;47 47 47 47 47 47 47 47 47;47 47 47 47 47 47 47 47 47;47 47 47 47 47 47 47 47 47;49 49 49 49 49 49 49 49 49;40 40 40 40 40 40 40 40 40;28 28 28 28 28 28 28 28 28;46 46 46 46 46 46 46 46 46;42 42 42 42 42 42 42 42 42;52 52 52 52 52 52 52 52 52;40 40 40 40 40 40 40 40 40;39 39 39 39 39 39 39 39 39;
d;3.000 30.234 3.000 3.309 3.000 38.557 3.000 53.954 3.000
S;4.1486590082338601 4.0604237141162134 2.4735541466423316 2.3853188525246845 1.251291271442357 1.16305597732471 1.0657186004647961 0.97748330634714897 0.088235294117647065 0;3.5011575804244943 3.4373277931904518 2.2893795954433886 2.2255498082093461 1.4051894304051091 1.3413596431710666 1.2709453705490013 1.2071155833149587 0.56382978723404253 0.5;4.0011575804244943 3.9373277931904518 2.7893795954433886 2.7255498082093461 1.9051894304051091 1.8413596431710666 1.7709453705490013 1.7071155833149587 1.0638297872340425 1;4.5011575804244952 4.4373277931904527 3.2893795954433891 3.2255498082093466 2.4051894304051094 2.3413596431710668 2.2709453705490015 2.2071155833149589 1.5638297872340425 1.5;4.8786613526520659 4.8174368628561473 3.7163436935885561 3.6551192037926379 2.8682429230416351 2.8070184332457169 2.7394782125674091 2.6782537227714909 2.0612244897959182 2;6.0263601569987815 5.9513601569987813 4.6025210246459825 4.5275210246459823 3.5635975807260039 3.4885975807260037 3.4058608103950769 3.3308608103950768 2.5750000000000002 2.5;0 0.088235294117647065 1.0216009534059725 1.1098362475236194 1.2071736243835334 1.2954089185011803 2.4294364995835078 2.517671793701155 4.1045413611750368 4.1927766552926835;0.5 0.56382978723404253 1.2390304769319802 1.3028602641660227 1.3732745367880881 1.4371043240221306 2.2574647018263678 2.3212944890604104 3.4692426868074735 3.533072474041516;1 1.0638297872340425 1.7390304769319802 1.8028602641660227 1.8732745367880881 1.9371043240221306 2.7574647018263678 2.8212944890604104 3.9692426868074735 4.033072474041516;1.5 1.5638297872340425 2.2390304769319802 2.3028602641660227 2.3732745367880881 2.4371043240221306 3.2574647018263678 3.3212944890604104 4.4692426868074735 4.533072474041516;2 2.0612244897959182 2.7088659676694502 2.7700904574653684 2.8376306781436762 2.8988551679395944 3.6857314486905972 3.7469559384865154 4.8480491077541066 4.9092735975500252;2.5 2.5750000000000002 3.3683608103950768 3.443360810395077 3.5260975807260038 3.6010975807260039 4.5650210246459828 4.640021024645983 5.9888601569987827 6.0638601569987829;
