Vermelho 1 2 0 10 2020-01-01T00:18:46 380 31
Azul 1 2 0 10 2020-01-01T00:27:50 110 46
Verde 1 2 0 10 2020-01-01T01:07:28 20 52
Amarelo 1 2 0 10 2020-01-01T01:21:29 150 43
Laranja 1 2 0 10 2020-01-01T01:40:05 360 32
Preto 1 2 0 10 2020-01-01T01:54:47 70 48
Roxo 1 2 0 10 2020-01-01T02:12:17 90 47
Rosa 1 2 0 10 2020-01-01T02:39:33 350 32
Branco 10 9 0 1 2020-01-01T02:49:52 140 44
Abobora 10 9 0 1 2020-01-01T03:00:20 40 50
Acafrao 10 9 0 1 2020-01-01T03:08:17 420 28
Ambar 10 9 0 1 2020-01-01T03:42:54 260 37
Ameixa 10 9 0 1 2020-01-01T04:08:03 20 52
Amendoa 10 9 0 1 2020-01-01T04:48:35 180 41
Ametista 10 9 0 1 2020-01-01T05:11:56 340 33
Anil 10 9 0 1 2020-01-01T05:15:59 180 41
