Vermelho 1 2 0 10 2020-01-01T00:14:14 170 42
Azul 1 2 0 10 2020-01-01T00:20:09 240 38
Verde 1 2 0 10 2020-01-01T01:23:52 170 42
Amarelo 1 2 0 10 2020-01-01T01:33:07 100 46
Laranja 1 2 0 10 2020-01-01T01:37:09 20 52
Preto 1 2 0 10 2020-01-01T01:40:35 20 52
Roxo 1 2 0 10 2020-01-01T01:54:43 260 36
Rosa 10 9 0 1 2020-01-01T02:20:31 50 50
Branco 10 9 0 1 2020-01-01T02:35:48 160 42
Abobora 10 9 0 1 2020-01-01T02:43:12 130 44
Acafrao 10 9 0 1 2020-01-01T03:02:11 130 44
Ambar 10 9 0 1 2020-01-01T03:44:00 370 28
Ameixa 10 9 0 1 2020-01-01T04:05:20 260 36
Amendoa 10 9 0 1 2020-01-01T04:15:37 180 41
