Vermelho 1 2 0 10 2020-01-01T00:00:00 140 44
Azul 1 2 0 10 2020-01-01T00:20:00 140 44
Verde 1 2 0 10 2020-01-01T00:40:00 300 36
Amarelo 1 2 0 10 2020-01-01T01:00:00 20 52
Laranja 1 2 0 10 2020-01-01T01:20:00 20 52
Preto 1 2 0 10 2020-01-01T01:40:00 100 46
Roxo 10 9 0 1 2020-01-01T00:00:00 430 30
Rosa 10 9 0 1 2020-01-01T00:20:00 470 28
Branco 10 9 0 1 2020-01-01T00:40:00 250 38
Abobora 10 9 0 1 2020-01-01T01:00:00 120 45
Acafrao 10 9 0 1 2020-01-01T01:20:00 290 36
Ambar 10 9 0 1 2020-01-01T01:40:00 290 36
