Vermelho 1 2 0 10 2020-01-01T00:00:00 100 46
Azul 1 2 0 10 2020-01-01T00:20:00 90 47
Verde 1 2 0 10 2020-01-01T00:40:00 250 34
Amarelo 1 2 0 10 2020-01-01T01:00:00 150 43
Laranja 1 2 0 10 2020-01-01T01:20:00 40 50
Preto 1 2 0 10 2020-01-01T01:40:00 190 40
Roxo 1 2 0 10 2020-01-01T02:00:00 50 50
Rosa 1 2 0 10 2020-01-01T02:20:00 140 44
Branco 10 9 0 1 2020-01-01T00:00:00 190 40
Abobora 10 9 0 1 2020-01-01T00:20:00 90 47
Acafrao 10 9 0 1 2020-01-01T00:40:00 20 52
Ambar 10 9 0 1 2020-01-01T01:00:00 150 43
Ameixa 10 9 0 1 2020-01-01T01:20:00 170 42
Amendoa 10 9 0 1 2020-01-01T01:40:00 80 48
Ametista 10 9 0 1 2020-01-01T02:00:00 300 28
Anil 10 9 0 1 2020-01-01T02:20:00 80 48
