Vermelho 1 2 0 10 2020-01-01T00:00:00 220 38
Azul 1 2 0 10 2020-01-01T00:20:00 210 39
Verde 1 2 0 10 2020-01-01T00:40:00 70 49
Amarelo 1 2 0 10 2020-01-01T01:00:00 40 52
Laranja 1 2 0 10 2020-01-01T01:20:00 310 28
Preto 1 2 0 10 2020-01-01T01:40:00 180 41
Roxo 1 2 0 10 2020-01-01T02:00:00 40 52
Rosa 10 9 0 1 2020-01-01T00:00:00 60 50
Branco 10 9 0 1 2020-01-01T00:20:00 100 47
Abobora 10 9 0 1 2020-01-01T00:40:00 140 44
Acafrao 10 9 0 1 2020-01-01T01:00:00 110 46
Ambar 10 9 0 1 2020-01-01T01:20:00 120 46
Ameixa 10 9 0 1 2020-01-01T01:40:00 220 38
Amendoa 10 9 0 1 2020-01-01T02:00:00 40 52
