Vermelho 1 2 0 20 2020-01-01T00:33:20 30 52
Azul 1 2 0 20 2020-01-01T00:40:02 200 40
Verde 1 2 0 20 2020-01-01T01:38:25 120 45
Amarelo 1 2 0 20 2020-01-01T03:04:45 60 49
Laranja 1 2 0 20 2020-01-01T03:30:40 250 35
Preto 1 2 0 20 2020-01-01T05:12:47 310 28
Roxo 20 19 0 1 2020-01-01T06:58:40 50 50
Rosa 20 19 0 1 2020-01-01T08:30:03 310 28
Branco 20 19 0 1 2020-01-01T10:33:53 150 43
Abobora 20 19 0 1 2020-01-01T11:02:04 90 47
Acafrao 20 19 0 1 2020-01-01T12:46:33 90 47
Ambar 20 19 0 1 2020-01-01T12:49:43 130 44
