Vermelho 1 2 0 20 2020-01-01T00:25:49 130 44
Azul 1 2 0 20 2020-01-01T00:42:04 120 45
Verde 1 2 0 20 2020-01-01T01:11:21 410 28
Amarelo 1 2 0 20 2020-01-01T03:06:22 310 34
Laranja 1 2 0 20 2020-01-01T04:05:21 210 40
Preto 1 2 0 20 2020-01-01T04:38:13 340 32
Roxo 1 2 0 20 2020-01-01T05:02:18 120 45
Rosa 1 2 0 20 2020-01-01T05:49:13 360 31
Branco 20 19 0 1 2020-01-01T05:56:54 30 52
Abobora 20 19 0 1 2020-01-01T07:11:10 210 40
Acafrao 20 19 0 1 2020-01-01T08:03:40 170 42
Ambar 20 19 0 1 2020-01-01T10:02:12 90 47
Ameixa 20 19 0 1 2020-01-01T11:02:24 210 40
Amendoa 20 19 0 1 2020-01-01T12:05:43 240 38
Ametista 20 19 0 1 2020-01-01T12:59:13 110 46
Anil 20 19 0 1 2020-01-01T13:28:55 50 50
