Vermelho 1 2 0 20 2020-01-01T01:08:55 140 44
Azul 1 2 0 20 2020-01-01T01:36:59 150 43
Verde 1 2 0 20 2020-01-01T01:55:51 210 40
Amarelo 1 2 0 20 2020-01-01T03:24:45 180 41
Laranja 1 2 0 20 2020-01-01T04:24:28 40 50
Preto 1 2 0 20 2020-01-01T04:37:15 170 42
Roxo 1 2 0 20 2020-01-01T05:12:33 20 52
Rosa 20 19 0 1 2020-01-01T05:28:07 60 49
Branco 20 19 0 1 2020-01-01T05:58:28 130 44
Abobora 20 19 0 1 2020-01-01T08:41:51 40 50
Acafrao 20 19 0 1 2020-01-01T09:39:35 30 51
Ambar 20 19 0 1 2020-01-01T09:43:22 60 49
Ameixa 20 19 0 1 2020-01-01T09:51:25 60 49
Amendoa 20 19 0 1 2020-01-01T10:52:04 590 28
