Vermelho 1 2 0 20 2020-01-01T00:00:00 320 34
Azul 1 2 0 20 2020-01-01T01:00:00 20 52
Verde 1 2 0 20 2020-01-01T02:00:00 90 47
Amarelo 1 2 0 20 2020-01-01T03:00:00 20 52
Laranja 1 2 0 20 2020-01-01T04:00:00 440 28
Preto 1 2 0 20 2020-01-01T05:00:00 80 48
Roxo 20 19 0 1 2020-01-01T00:00:00 230 39
Rosa 20 19 0 1 2020-01-01T01:00:00 210 40
Branco 20 19 0 1 2020-01-01T02:00:00 70 48
Abobora 20 19 0 1 2020-01-01T03:00:00 160 42
Acafrao 20 19 0 1 2020-01-01T04:00:00 290 36
Ambar 20 19 0 1 2020-01-01T05:00:00 160 42
