Vermelho 1 2 0 20 2020-01-01T00:00:00 190 40
Azul 1 2 0 20 2020-01-01T01:00:00 30 51
Verde 1 2 0 20 2020-01-01T02:00:00 60 49
Amarelo 1 2 0 20 2020-01-01T03:00:00 90 47
Laranja 1 2 0 20 2020-01-01T04:00:00 350 30
Preto 1 2 0 20 2020-01-01T05:00:00 70 48
Roxo 1 2 0 20 2020-01-01T06:00:00 40 50
Rosa 20 19 0 1 2020-01-01T00:00:00 180 41
Branco 20 19 0 1 2020-01-01T01:00:00 120 45
Abobora 20 19 0 1 2020-01-01T02:00:00 300 34
Acafrao 20 19 0 1 2020-01-01T03:00:00 380 28
Ambar 20 19 0 1 2020-01-01T04:00:00 110 46
Ameixa 20 19 0 1 2020-01-01T05:00:00 210 40
Amendoa 20 19 0 1 2020-01-01T06:00:00 20 52
