m;1
n;2
P;19
P1;2 4 6 8 10 12 14 16 18
Q;20
M;100
h;1 1 1 1 1 1 1 1 1 1 1 1 1 1 1 1 1 1 1
Vmin;28 28 28 28 28 28 28 28 28 28 28 28 28 28 28 28 28 28 28;37 37 37 37 37 37 37 37 37 37 37 37 37 37 37 37 37 37 37;
Vmax;28 28 28 28 28 28 28 28 28 28 28 28 28 28 28 28 28 28 28;37 37 37 37 37 37 37 37 37 37 37 37 37 37 37 37 37 37 37;
d;3.000 65.506 3.000 5.737 3.000 3.185 3.000 5.647 3.000 46.040 3.000 63.842 3.000 20.626 3.000 9.111 3.000 40.853 3.000
S;0.48089996366943538 0.47911424938372105 0.45479719601739088 0.4530114817316766 0.44758819429128016 0.44580248000556583 0.433525321164764 0.43173960687904972 0.39373845110927608 0.3919527368235618 0.36454813700822492 0.36276242272251058 0.35940134689820719 0.35761563261249291 0.35571953533389217 0.35393382104817783 0.35051873924312016 0.34873302495740588 0.30974138045504312 0.30795566616932885;0.64907234177119832 0.6508580560569126 0.69074255770213244 0.69252827198784672 0.6959433537929044 0.69772906807861867 0.6996251653572193 0.70141087964293358 0.70477195546723703 0.70655766975295131 0.73396226956828814 0.73574798385400242 0.77374913962377601 0.77553485390949028 0.787812012750292 0.78959772703600628 0.79502101447640272 0.796806728762117 0.82112378212844717 0.82290949641416133;
