m;5
n;10
P;19
P1;2 4 6 8 10 12 14 16 18
Q;20
M;100
h;1 1 1 1 1 1 1 1 1 1 1 1 1 1 1 1 1 1 1
Vmin;44 44 44 44 44 44 44 44 44 44 44 44 44 44 44 44 44 44 44;32 32 32 32 32 32 32 32 32 32 32 32 32 32 32 32 32 32 32;39 39 39 39 39 39 39 39 39 39 39 39 39 39 39 39 39 39 39;51 51 51 51 51 51 51 51 51 51 51 51 51 51 51 51 51 51 51;52 52 52 52 52 52 52 52 52 52 52 52 52 52 52 52 52 52 52;42 42 42 42 42 42 42 42 42 42 42 42 42 42 42 42 42 42 42;28 28 28 28 28 28 28 28 28 28 28 28 28 28 28 28 28 28 28;51 51 51 51 51 51 51 51 51 51 51 51 51 51 51 51 51 51 51;50 50 50 50 50 50 50 50 50 50 50 50 50 50 50 50 50 50 50;40 40 40 40 40 40 40 40 40 40 40 40 40 40 40 40 40 40 40;
Vmax;44 44 44 44 44 44 44 44 44 44 44 44 44 44 44 44 44 44 44;32 32 32 32 32 32 32 32 32 32 32 32 32 32 32 32 32 32 32;39 39 39 39 39 39 39 39 39 39 39 39 39 39 39 39 39 39 39;51 51 51 51 51 51 51 51 51 51 51 51 51 51 51 51 51 51 51;52 52 52 52 52 52 52 52 52 52 52 52 52 52 52 52 52 52 52;42 42 42 42 42 42 42 42 42 42 42 42 42 42 42 42 42 42 42;28 28 28 28 28 28 28 28 28 28 28 28 28 28 28 28 28 28 28;51 51 51 51 51 51 51 51 51 51 51 51 51 51 51 51 51 51 51;50 50 50 50 50 50 50 50 50 50 50 50 50 50 50 50 50 50 50;40 40 40 40 40 40 40 40 40 40 40 40 40 40 40 40 40 40 40;
d;3.000 78.749 3.000 39.848 3.000 127.501 3.000 9.018 3.000 19.312 3.000 20.803 3.000 32.484 3.000 50.624 3.000 15.349 3.000
S;0.57419977985547943 0.57306341621911572 0.56724930376983085 0.56611294013346714 0.54693729850129869 0.54580093486493508 0.53349639742843635 0.53236003379207264 0.52447996634183647 0.52334360270547287 0.51602832594851944 0.51489196231215584 0.5114761161972835 0.5103397525609199 0.46204408442882522 0.46090772079246162 0.44581387164977426 0.44467750801341066 0.41484849099093374 0.41371212735457014;1.194977562691669 1.1934150626916691 1.1854206580739022 1.1838581580739023 1.1574916508296704 1.1559291508296705 1.1390104118544848 1.1374479118544847 1.1266128191104099 1.12505031911041 1.1149918135695989 1.113429313569599 1.1087325251616493 1.1071700251616494 1.0407634814800191 1.0392009814800192 1.0184469389088242 1.0168844389088241 0.97586954050291841 0.97430704050291839;1.3908597103717493 1.389577659089698 1.3830181476084533 1.381736096326402 1.3601020391003658 1.3588199878183145 1.3449379455822645 1.3436558943002133 1.3347655617922547 1.3334835105102032 1.3252303777587686 1.3239483264767173 1.3200945513727587 1.3188125000907074 1.2643250796339851 1.2630430283519338 1.2460140703447995 1.2447320190627482 1.2110787690886717 1.2097967178066205;1.659821623015987 1.6588412308591243 1.6538251338440551 1.6528447416871923 1.6363010508672822 1.6353206587104194 1.62470497935344 1.6237245871965773 1.6169260976316677 1.6159457054748048 1.6096344863119432 1.6086540941550804 1.6057070896638179 1.6047266975069552 1.5630598465694618 1.5620794544125991 1.5490573100542022 1.5480769178973395 1.5223420796818692 1.5213616875250062;2.2673069336263447 2.266345395164806 2.2614257615538729 2.2604642230923342 2.2442386801728071 2.2432771417112685 2.232865610034231 2.2319040715726923 2.2252363221917233 2.2242747837301846 2.2180849341666087 2.21712339570507 2.2142330643771007 2.213271525915562 2.1724059605730206 2.1714444221114819 2.1586727036061308 2.1577111651445922 2.132471227664035 2.1315096892024963;2.2028731845064864 2.2040095481428499 2.2344067469835087 2.2355431106198722 2.2506369597625593 2.2517733233989228 2.3000689915310177 2.3012053551673812 2.3046212012822536 2.3057575649186171 2.3130728416755706 2.3142092053119341 2.3220892727621703 2.3232256363985337 2.3355301738350325 2.336666537471396 2.3558421791035644 2.3569785427399284 2.3627926551892129 2.3639290188255768;2.6616886099839623 2.6632511099839622 2.7050472583898681 2.7066097583898681 2.7273638009610632 2.7289263009610631 2.7953328446426933 2.7968953446426932 2.8015921330506428 2.8031546330506432 2.8132131385914536 2.814775638591454 2.8256107313355288 2.8271732313355287 2.8440919703107141 2.8456544703107141 2.8720209775549459 2.8735834775549458 2.8815778821727127 2.8831403821727126;2.8191097665651852 2.8203918178472365 2.8546860934623388 2.8559681447443896 2.8729971027515244 2.8742791540335753 2.9287665744902975 2.9300486257723488 2.933902400876307 2.9351844521583583 2.9434375849097929 2.9447196361918437 2.9536099686998027 2.954892019981854 2.9687740622179035 2.9700561134999548 2.9916901707259909 2.9929722220080421 2.9995317334892864 3.0008137847713376;3.063585762213914 3.0645661543707772 3.0907911886646788 3.0917715808215416 3.1047937251799382 3.105774117336801 3.1474409682742945 3.1484213604311573 3.1513683649224196 3.1523487570792823 3.1586599762421441 3.1596403683990073 3.1664388579639167 3.1674192501207794 3.1780349294777586 3.1790153216346213 3.1955590124545314 3.1965394046113942 3.2015555016264639 3.2025358937833266;3.2063885462777817 3.2073500847393204 3.2330707914506474 3.234032329912186 3.2468040484175367 3.2477655868790754 3.2886311522216172 3.2895926906831559 3.2924830220111247 3.2934445604726634 3.2996344100362394 3.300595948497778 3.3072636978787471 3.3082252363402858 3.3186367680173232 3.3195983064788619 3.3358238493983889 3.3367853878599276 3.3417050214708608 3.3426665599323995;
