m;3
n;6
P;19
P1;2 4 6 8 10 12 14 16 18
Q;20
M;100
h;1 1 1 1 1 1 1 1 1 1 1 1 1 1 1 1 1 1 1
Vmin;47 47 47 47 47 47 47 47 47 47 47 47 47 47 47 47 47 47 47;42 42 42 42 42 42 42 42 42 42 42 42 42 42 42 42 42 42 42;34 34 34 34 34 34 34 34 34 34 34 34 34 34 34 34 34 34 34;52 52 52 52 52 52 52 52 52 52 52 52 52 52 52 52 52 52 52;34 34 34 34 34 34 34 34 34 34 34 34 34 34 34 34 34 34 34;28 28 28 28 28 28 28 28 28 28 28 28 28 28 28 28 28 28 28;
Vmax;47 47 47 47 47 47 47 47 47 47 47 47 47 47 47 47 47 47 47;42 42 42 42 42 42 42 42 42 42 42 42 42 42 42 42 42 42 42;34 34 34 34 34 34 34 34 34 34 34 34 34 34 34 34 34 34 34;52 52 52 52 52 52 52 52 52 52 52 52 52 52 52 52 52 52 52;34 34 34 34 34 34 34 34 34 34 34 34 34 34 34 34 34 34 34;28 28 28 28 28 28 28 28 28 28 28 28 28 28 28 28 28 28 28;
d;3.000 45.944 3.000 13.855 3.000 34.380 3.000 19.825 3.000 10.172 3.000 23.010 3.000 41.144 3.000 12.119 3.000 91.880 3.000
S;0.44558390876432674 0.44452007897709273 0.41193855156428799 0.41087472177705398 0.4065773438913351 0.40551351410410102 0.39092339504038415 0.38985956525315013 0.38170012590912722 0.3806362961218932 0.3770293176934304 0.37596548790619638 0.36893537732336062 0.36787154753612661 0.35567999090383118 0.35461616111659716 0.34970311486056588 0.34863928507333181 0.3323472430093099 0.33128341322207588;0.63652307181097212 0.63533259562049593 0.59887231494426219 0.597681838753786 0.59287286826262442 0.59168239207214823 0.57535535407227456 0.57416487788179849 0.56503407671110617 0.56384360052063009 0.55980721989830273 0.55861674370782655 0.55074971519846261 0.54955923900798653 0.5359163065861321 0.53472583039565591 0.52922789768057332 0.52803742149009703 0.50980585060892969 0.5086153744184535;0.93753697456389395 0.93606638632859984 0.89102721608148749 0.88955662784619338 0.88361613488652313 0.88214554665122902 0.86197685265138502 0.86050626441609102 0.84922703944052991 0.84775645120523579 0.84277033396589018 0.84129974573059618 0.83158165168961728 0.83011106345432317 0.8132580292861501 0.81178744105085598 0.80499587710869513 0.80352528887340102 0.78100393660842959 0.77953334837313548;0.97722346831710005 0.97828729810433412 0.99511125506197307 0.99617508484920714 1.0010881311052384 1.0021519608924725 1.0143435175247679 1.015407347312002 1.0224374578948376 1.0235012876820717 1.0271082661105344 1.0281720958977685 1.0363315352417914 1.0373953650290255 1.0519854840927423 1.0530493138799764 1.0573466917656953 1.0584105215529294 1.0909920489657339 1.0920558787529679;1.1612037425951316 1.1623942187856078 1.1812210277620134 1.1824115039524896 1.1879094366675722 1.1890999128580484 1.2027428452799029 1.2039333214703791 1.211800349979743 1.2129908261702191 1.2170272067925465 1.2182176829830227 1.227348484153715 1.2285389603441912 1.2448659983440649 1.246056474534541 1.2508654450257026 1.2520559212161788 1.2885162018924126 1.2897066780828887;1.5524979905970675 1.5539685788323616 1.5772252252149803 1.5786958134502744 1.5854873773924354 1.5869579656277295 1.6038109997959027 1.6052815880311968 1.6149996820721755 1.6164702703074698 1.6214563875468153 1.6229269757821096 1.6342062007576705 1.6356767889929646 1.6558454829928086 1.6573160712281028 1.663256564187773 1.6647271524230673 1.7097663226701796 1.7112369109054737;
