m;8
n;16
P;19
P1;2 4 6 8 10 12 14 16 18
Q;20
M;100
h;1 1 1 1 1 1 1 1 1 1 1 1 1 1 1 1 1 1 1
Vmin;31 31 31 31 31 31 31 31 31 31 31 31 31 31 31 31 31 31 31;46 46 46 46 46 46 46 46 46 46 46 46 46 46 46 46 46 46 46;52 52 52 52 52 52 52 52 52 52 52 52 52 52 52 52 52 52 52;43 43 43 43 43 43 43 43 43 43 43 43 43 43 43 43 43 43 43;32 32 32 32 32 32 32 32 32 32 32 32 32 32 32 32 32 32 32;48 48 48 48 48 48 48 48 48 48 48 48 48 48 48 48 48 48 48;47 47 47 47 47 47 47 47 47 47 47 47 47 47 47 47 47 47 47;32 32 32 32 32 32 32 32 32 32 32 32 32 32 32 32 32 32 32;44 44 44 44 44 44 44 44 44 44 44 44 44 44 44 44 44 44 44;50 50 50 50 50 50 50 50 50 50 50 50 50 50 50 50 50 50 50;28 28 28 28 28 28 28 28 28 28 28 28 28 28 28 28 28 28 28;37 37 37 37 37 37 37 37 37 37 37 37 37 37 37 37 37 37 37;52 52 52 52 52 52 52 52 52 52 52 52 52 52 52 52 52 52 52;41 41 41 41 41 41 41 41 41 41 41 41 41 41 41 41 41 41 41;33 33 33 33 33 33 33 33 33 33 33 33 33 33 33 33 33 33 33;41 41 41 41 41 41 41 41 41 41 41 41 41 41 41 41 41 41 41;
Vmax;31 31 31 31 31 31 31 31 31 31 31 31 31 31 31 31 31 31 31;46 46 46 46 46 46 46 46 46 46 46 46 46 46 46 46 46 46 46;52 52 52 52 52 52 52 52 52 52 52 52 52 52 52 52 52 52 52;43 43 43 43 43 43 43 43 43 43 43 43 43 43 43 43 43 43 43;32 32 32 32 32 32 32 32 32 32 32 32 32 32 32 32 32 32 32;48 48 48 48 48 48 48 48 48 48 48 48 48 48 48 48 48 48 48;47 47 47 47 47 47 47 47 47 47 47 47 47 47 47 47 47 47 47;32 32 32 32 32 32 32 32 32 32 32 32 32 32 32 32 32 32 32;44 44 44 44 44 44 44 44 44 44 44 44 44 44 44 44 44 44 44;50 50 50 50 50 50 50 50 50 50 50 50 50 50 50 50 50 50 50;28 28 28 28 28 28 28 28 28 28 28 28 28 28 28 28 28 28 28;37 37 37 37 37 37 37 37 37 37 37 37 37 37 37 37 37 37 37;52 52 52 52 52 52 52 52 52 52 52 52 52 52 52 52 52 52 52;41 41 41 41 41 41 41 41 41 41 41 41 41 41 41 41 41 41 41;33 33 33 33 33 33 33 33 33 33 33 33 33 33 33 33 33 33 33;41 41 41 41 41 41 41 41 41 41 41 41 41 41 41 41 41 41 41;
d;3.000 9.504 3.000 65.857 3.000 21.186 3.000 28.470 3.000 25.598 3.000 17.042 3.000 32.106 3.000 25.278 3.000 15.593 3.000
S;0.45836882028685572 0.45675591706104929 0.44837239894648101 0.44675949572067453 0.43316909224816441 0.43155618902235798 0.41429499724761437 0.41268209402180794 0.40351958415107841 0.40190668092527193 0.38814431583897691 0.38653141261317042 0.37122487164355888 0.3696119684177524 0.35822149328578645 0.35660859005997997 0.32120134018496549 0.31958843695915901 0.31447865886810927 0.31286575564230279;0.56220460511692694 0.56111764859518776 0.55546788638754385 0.55438092986580467 0.54522217969954789 0.54413522317780871 0.53250268089482933 0.53141572437309015 0.52524098946020725 0.52415403293846807 0.51487939559770413 0.51379243907596495 0.5034771614660094 0.50239020494427022 0.49471401518142361 0.49362705865968448 0.46976565113521818 0.46867869461347905 0.46523514850864117 0.46414819198690205;1.2115132353027109 1.2105516968411725 1.2055538302728723 1.2045922918113339 1.1964903205104143 1.1955287820488758 1.1852384561831635 1.184276917721625 1.1788146522217671 1.1778531137602286 1.1696486268818604 1.1686870884203222 1.1595620351499769 1.1586004966884385 1.1518100211289972 1.1508484826674588 1.1297403144727385 1.1287787760112 1.125732562149228 1.1247710236876896;1.463378334913171 1.4622155442154967 1.4561716125515056 1.4550088218538313 1.4452110891178358 1.4440482984201612 1.4316041834197648 1.4304413927220905 1.4238358623501692 1.4226730716524947 1.412751366590282 1.4115885758926077 1.400553627751725 1.3993908370540504 1.3911790991682147 1.3900163084705401 1.3644901515839019 1.3633273608862275 1.3596435673787264 1.358480776681052;1.8094431969939437 1.8078806969939438 1.799759163820456 1.7981966638204558 1.7850309604564616 1.7834684604564617 1.766746680924679 1.7651841809246789 1.7563079994874096 1.7547454994874097 1.7414132083100613 1.7398507083100614 1.7250224967457501 1.72345999674575 1.712425473961658 1.7108629739616579 1.6765622006452376 1.6749997006452377 1.6700496031195333 1.6684871031195334;2.0075419446585117 2.006500277991845 2.001085922542853 2.0000442558761864 1.9912671203001902 1.9902254536335235 1.979077600612335 1.9780359339456683 1.9721184796541555 1.9710768129874887 1.9621886188692566 1.9611469522025899 1.9512614778263824 1.9502198111597158 1.9428634626369878 1.941821795970321 1.9189546137593743 1.9179129470927074 1.9146128820755712 1.9135712154089046;2.3013884358845047 2.3003246060972704 2.2947950515961724 2.2937312218089381 2.2847673386674949 2.2837035088802606 2.2723184674969192 2.2712546377096854 2.2652112801353743 2.26414745034814 2.2550701457167537 2.2540063159295198 2.2439105123112655 2.2428466825240312 2.2353338159476279 2.2342699861603936 2.2109162681577246 2.2098524383704903 2.2064821592040529 2.2054183294168186;2.8010649563943568 2.7995024563943569 2.7913809232208688 2.7898184232208689 2.7766527198568745 2.7750902198568741 2.7583684403250914 2.7568059403250915 2.747929758887822 2.7463672588878221 2.7330349677104739 2.731472467710474 2.7166442561461626 2.7150817561461627 2.7040472333620706 2.7024847333620707 2.6681839600456505 2.6666214600456501 2.6616713625199462 2.6601088625199463;2.8322015220680141 2.8338144252938209 2.8397306549977737 2.84134355822358 2.8767508080985946 2.8783637113244014 2.8897541864563672 2.8913670896821739 2.9066736306517855 2.9082865338775918 2.9220488989638866 2.923661802189693 2.9328243120604229 2.9344372152862293 2.9516984070609729 2.9533113102867792 2.9669017137592895 2.9685146169850958 2.9768981350996642 2.9785110383254705;3.0069203620953933 3.0080073186171323 3.0119943429828395 3.0130812995045786 3.0369427070290453 3.0380296635507844 3.0457058533136308 3.0467928098353698 3.057108087445326 3.0581950439670651 3.0674696813078288 3.0685566378295679 3.074731372742451 3.0758183292641901 3.0874508715471696 3.0885378280689086 3.0976965782351655 3.0987835347569046 3.1044332969645487 3.1055202534862878;3.1396218309181276 3.1405833693796663 3.1441103524724077 3.1450718909339463 3.1661800591286662 3.1671415975902049 3.1739320731496461 3.1748936116111848 3.1840186648815303 3.184980203343069 3.1931846902214374 3.194146228682976 3.1996084941828342 3.2005700326443729 3.2108603585100854 3.2118218969716241 3.2199238682725437 3.2208854067340824 3.2258832733023826 3.2268448117639212;3.716684246661266 3.7178470373589407 3.722112226215279 3.7232750169129534 3.7488011737995919 3.7499639644972667 3.7581757023831028 3.7593384930807772 3.7703734412216598 3.7715362319193346 3.7814579369815471 3.7826207276792219 3.7892262580511433 3.7903890487488181 3.8028331637492143 3.8039959544468891 3.8137936871828848 3.8149564778805591 3.8210004095445504 3.8221632002422248;4.1358726366582905 4.1374351366582909 4.143166484183995 4.1447289841839945 4.1790297575004152 4.1805922575004155 4.1916267802845066 4.193189280284507 4.2080174918488185 4.2095799918488179 4.2229122830261661 4.2244747830261664 4.233350964463436 4.2349134644634354 4.251635243995219 4.2531977439952184 4.2663634473592129 4.2679259473592133 4.2760474805327009 4.2776099805327013;4.8116020659620808 4.8126437326287475 4.8164646309792172 4.8175062976458838 4.8403734798568312 4.8414151465234978 4.8487714950462255 4.8498131617128921 4.8596986360891004 4.860740302755767 4.8696284968739985 4.8706701635406651 4.8765876178321772 4.8776292844988438 4.8887771375200328 4.8898188041866995 4.8985959397626955 4.8996376064293621 4.9050519618783541 4.9060936285450207;5.2010120014783157 5.2020758312655495 5.2059780253256038 5.2070418551128377 5.2303955731155067 5.2314594029027415 5.2389722694791452 5.240036099266379 5.2501319028846334 5.2511957326718681 5.2602730373032536 5.2613368670904883 5.2673802246647998 5.2684440544520337 5.2798290958353755 5.2808929256226094 5.2898568087640525 5.2909206385512864 5.296450193052384 5.2975140228396187;5.2686346694691775 5.2701971694691769 5.275928516994882 5.2774910169948823 5.3117917903113021 5.3133542903113016 5.3243888130953945 5.3259513130953939 5.3407795246597054 5.3423420246597049 5.355674315837053 5.3572368158370534 5.3661129972743229 5.3676754972743224 5.3843972768061059 5.3859597768061054 5.3991254801700999 5.4006879801701002 5.4088095133435878 5.4103720133435882;
