m;2
n;4
P;19
P1;2 4 6 8 10 12 14 16 18
Q;20
M;100
h;1 1 1 1 1 1 1 1 1 1 1 1 1 1 1 1 1 1 1
Vmin;52 52 52 52 52 52 52 52 52 52 52 52 52 52 52 52 52 52 52;46 46 46 46 46 46 46 46 46 46 46 46 46 46 46 46 46 46 46;50 50 50 50 50 50 50 50 50 50 50 50 50 50 50 50 50 50 50;47 47 47 47 47 47 47 47 47 47 47 47 47 47 47 47 47 47 47;
Vmax;52 52 52 52 52 52 52 52 52 52 52 52 52 52 52 52 52 52 52;46 46 46 46 46 46 46 46 46 46 46 46 46 46 46 46 46 46 46;50 50 50 50 50 50 50 50 50 50 50 50 50 50 50 50 50 50 50;47 47 47 47 47 47 47 47 47 47 47 47 47 47 47 47 47 47 47;
d;3.000 7.636 3.000 35.904 3.000 59.789 3.000 3.619 3.000 48.079 3.000 5.650 3.000 5.650 3.000 13.157 3.000 72.050 3.000
S;0.60743646566726051 0.60647492720572205 0.58338207758538096 0.58242053912384262 0.57820351802989667 0.57724197956835821 0.5754311986263223 0.57446966016478385 0.57265881028708632 0.57169727182554786 0.55628746974454424 0.55532593128300578 0.55416608176249949 0.55320454330096103 0.53404133585833091 0.53307979739679245 0.52157198670833038 0.52061044824679192 0.51816301175574897 0.51720147329421051;0.93713691512083896 0.93604995859909979 0.90994499815871432 0.90885804163697514 0.90409097431338414 0.90300401779164496 0.90095704803108256 0.89987009150934338 0.89782304382151135 0.89673608729977217 0.87931631103428975 0.87822935451255058 0.8769182202719783 0.87583126375023912 0.85416850751074413 0.85308155098900496 0.84007272151509127 0.83898576499335209 0.83621909765565128 0.8351321411339121;1.0613887534457851 1.0623502919073233 1.0652784976291358 1.0662400360906743 1.0777478467791362 1.0787093852406746 1.0978725926833048 1.0988341311448433 1.0999939806653496 1.100955519126888 1.1163653212078917 1.1173268596694301 1.1191377095471278 1.1200992480086662 1.121910028950702 1.1228715674122405 1.1270885885061865 1.128050126967725 1.1511429765880661 1.1521045150496045;1.1471477010634765 1.1482346575852156 1.1515448031837858 1.1526317597055249 1.1656405891794386 1.1667275457011776 1.1883903019406725 1.1894772584624116 1.1907883927029841 1.1918753492247232 1.2092951254902056 1.2103820820119446 1.2124291296997769 1.213516086221516 1.2155630559820783 1.2166500125038173 1.2214170798274084 1.2225040363491475 1.2486089967895331 1.2496959533112721;
