m;4
n;8
P;19
P1;2 4 6 8 10 12 14 16 18
Q;20
M;100
h;1 1 1 1 1 1 1 1 1 1 1 1 1 1 1 1 1 1 1
Vmin;43 43 43 43 43 43 43 43 43 43 43 43 43 43 43 43 43 43 43;47 47 47 47 47 47 47 47 47 47 47 47 47 47 47 47 47 47 47;51 51 51 51 51 51 51 51 51 51 51 51 51 51 51 51 51 51 51;45 45 45 45 45 45 45 45 45 45 45 45 45 45 45 45 45 45 45;52 52 52 52 52 52 52 52 52 52 52 52 52 52 52 52 52 52 52;41 41 41 41 41 41 41 41 41 41 41 41 41 41 41 41 41 41 41;45 45 45 45 45 45 45 45 45 45 45 45 45 45 45 45 45 45 45;49 49 49 49 49 49 49 49 49 49 49 49 49 49 49 49 49 49 49;
Vmax;43 43 43 43 43 43 43 43 43 43 43 43 43 43 43 43 43 43 43;47 47 47 47 47 47 47 47 47 47 47 47 47 47 47 47 47 47 47;51 51 51 51 51 51 51 51 51 51 51 51 51 51 51 51 51 51 51;45 45 45 45 45 45 45 45 45 45 45 45 45 45 45 45 45 45 45;52 52 52 52 52 52 52 52 52 52 52 52 52 52 52 52 52 52 52;41 41 41 41 41 41 41 41 41 41 41 41 41 41 41 41 41 41 41;45 45 45 45 45 45 45 45 45 45 45 45 45 45 45 45 45 45 45;49 49 49 49 49 49 49 49 49 49 49 49 49 49 49 49 49 49 49;
d;3.000 23.271 3.000 5.443 3.000 3.426 3.000 50.852 3.000 71.539 3.000 20.541 3.000 31.518 3.000 16.281 3.000 57.210 3.000
S;0.20709035019312008 0.20592755949544564 0.18375320075642168 0.18259041005874727 0.17627985425433162 0.17511706355665718 0.16290062455840698 0.16173783386073257 0.15377605560431046 0.15261326490663601 0.12488487700517753 0.1237220863075031 0.10401199854471045 0.10284920784703602 0.10152115739074545 0.10035836669307102 0.098248696715294431 0.097085906017620002 0.088066221352915933 0.086903430655241504;0.45494654465829998 0.45388271487106591 0.43359553559919295 0.43253170581195893 0.42675821858664248 0.42569438879940846 0.41451764673717956 0.41345381694994554 0.40616963684300617 0.40510580705577215 0.37973728195443779 0.37867345216720377 0.36064081868209558 0.35957698889486156 0.35836196400931908 0.35729813422208506 0.35536801062539586 0.35430418083816184 0.34605212891087939 0.34498829912364537;0.72006828876098405 0.7190878966041212 0.70039186864768921 0.69941147649082647 0.69409081179298582 0.69311041963612297 0.68281028479446115 0.6818298926375983 0.67511702077434044 0.67413662861747758 0.6507577917593852 0.64977739960252234 0.63315909031232454 0.63217869815546179 0.63105896933937367 0.63007857718251081 0.62829983582869919 0.62731944367183645 0.61971461150355656 0.6187342193466937;1.2942289985022137 1.2931178873911027 1.2719290557071465 1.2708179445960355 1.2647878579384828 1.2636767468273717 1.2520032606734881 1.2508921495623773 1.2432842281173515 1.2421731170062407 1.2156771019004025 1.2145659907892914 1.1957319069270673 1.1946207958159563 1.1933517698243896 1.1922406587132786 1.1902247518456255 1.1891136407345144 1.180494830943797 1.179383719832686;1.7397239694893789 1.7408867601870532 1.7504878402005946 1.7516506308982689 1.7537603008760456 1.75492309157372 1.7562511420300104 1.7574139327276848 1.7771240204904777 1.778286811188152 1.8060151990896105 1.8071779897872848 1.8151397680437069 1.8163025587413812 1.8285189977396314 1.8296817884373058 1.8359923442417214 1.837155134939396 1.8593294936784199 1.8604922843760943;2.0161246171726357 2.01718844695987 2.0259724137807695 2.0270362435680034 2.0289663671646929 2.0300301969519268 2.031245221837469 2.0323090516247033 2.0503416851098115 2.0514055148970454 2.0767740399983796 2.0778378697856139 2.0851220498925533 2.0861858796797872 2.097362621742016 2.0984264515292503 2.1041999387545665 2.1052637685418008 2.1255509478136734 2.1266147776009077;2.5567630918998203 2.5577434840566835 2.5658385123033947 2.5668189044602574 2.5685976458140689 2.5695780379709321 2.5706977667870201 2.5716781589438829 2.588296468234081 2.5892768603909437 2.6126556972490365 2.6136360894058992 2.6203489612691571 2.6213293534260198 2.6316294882676821 2.6326098804245448 2.6379305451223853 2.6389109372792481 2.6576069652356797 2.6585873573925425;2.8803900852878881 2.8815011963989994 2.890675561745272 2.8917866728563832 2.8938025797240368 2.8949136908351476 2.8961827168267145 2.8972938279378253 2.9161279118000496 2.9172390229111609 2.9437350380169987 2.9448461491281099 2.9524540705731352 2.9535651816842465 2.9652386678381299 2.9663497789492412 2.9723798656067939 2.9734909767179047 2.9946798084018611 2.9957909195129719;
