m;2
n;4
P;19
P1;2 4 6 8 10 12 14 16 18
Q;20
M;100
h;1 1 1 1 1 1 1 1 1 1 1 1 1 1 1 1 1 1 1
Vmin;40 40 40 40 40 40 40 40 40 40 40 40 40 40 40 40 40 40 40;40 40 40 40 40 40 40 40 40 40 40 40 40 40 40 40 40 40 40;52 52 52 52 52 52 52 52 52 52 52 52 52 52 52 52 52 52 52;28 28 28 28 28 28 28 28 28 28 28 28 28 28 28 28 28 28 28;
Vmax;40 40 40 40 40 40 40 40 40 40 40 40 40 40 40 40 40 40 40;40 40 40 40 40 40 40 40 40 40 40 40 40 40 40 40 40 40 40;52 52 52 52 52 52 52 52 52 52 52 52 52 52 52 52 52 52 52;28 28 28 28 28 28 28 28 28 28 28 28 28 28 28 28 28 28 28;
d;3.000 40.155 3.000 15.919 3.000 10.032 3.000 24.105 3.000 35.405 3.000 4.949 3.000 20.258 3.000 12.372 3.000 32.640 3.000
S;5.6458746664052413 5.5708746664052411 4.7548625139200755 4.6798625139200754 4.370560622537111 4.2955606225371108 3.7891179794746113 3.7141179794746111 3.5904040180791483 3.5154040180791482 2.6302679144363075 2.5552679144363073 1.9526463022323095 1.8776463022323095 1.6268500372561827 1.5518500372561828 1.1538769211146929 1.0788769211146929 0.074999999999999997 0;5.9792079997385743 5.9042079997385741 5.0881958472534086 5.0131958472534084 4.703893955870444 4.6288939558704438 4.1224513128079439 4.0474513128079437 3.9237373514124814 3.8487373514124812 2.963601247769641 2.8886012477696408 2.285979635565643 2.2109796355656428 1.960183370589516 1.885183370589516 1.4872102544480261 1.4122102544480262 0.40833333333333333 0.33333333333333331;0 0.074999999999999997 1.116376921114693 1.191376921114693 1.5893500372561828 1.6643500372561828 1.9151463022323096 1.9901463022323096 2.5927679144363074 2.6677679144363076 3.5529040180791478 3.627904018079148 3.7516179794746107 3.8266179794746109 4.3330606225371104 4.4080606225371106 4.717362513920075 4.7923625139200752 5.6083746664052407 5.6833746664052409;0.33333333333333331 0.40833333333333333 1.4497102544480263 1.5247102544480262 1.9226833705895161 1.9976833705895161 2.2484796355656429 2.3234796355656431 2.9261012477696409 3.001101247769641 3.8862373514124817 3.9612373514124819 4.0849513128079451 4.1599513128079453 4.6663939558704453 4.7413939558704454 5.0506958472534098 5.12569584725341 5.9417079997385756 6.0167079997385757;
