m;7
n;14
P;19
P1;2 4 6 8 10 12 14 16 18
Q;20
M;100
h;1 1 1 1 1 1 1 1 1 1 1 1 1 1 1 1 1 1 1
Vmin;38 38 38 38 38 38 38 38 38 38 38 38 38 38 38 38 38 38 38;39 39 39 39 39 39 39 39 39 39 39 39 39 39 39 39 39 39 39;49 49 49 49 49 49 49 49 49 49 49 49 49 49 49 49 49 49 49;52 52 52 52 52 52 52 52 52 52 52 52 52 52 52 52 52 52 52;28 28 28 28 28 28 28 28 28 28 28 28 28 28 28 28 28 28 28;41 41 41 41 41 41 41 41 41 41 41 41 41 41 41 41 41 41 41;52 52 52 52 52 52 52 52 52 52 52 52 52 52 52 52 52 52 52;50 50 50 50 50 50 50 50 50 50 50 50 50 50 50 50 50 50 50;47 47 47 47 47 47 47 47 47 47 47 47 47 47 47 47 47 47 47;44 44 44 44 44 44 44 44 44 44 44 44 44 44 44 44 44 44 44;46 46 46 46 46 46 46 46 46 46 46 46 46 46 46 46 46 46 46;46 46 46 46 46 46 46 46 46 46 46 46 46 46 46 46 46 46 46;38 38 38 38 38 38 38 38 38 38 38 38 38 38 38 38 38 38 38;52 52 52 52 52 52 52 52 52 52 52 52 52 52 52 52 52 52 52;
Vmax;38 38 38 38 38 38 38 38 38 38 38 38 38 38 38 38 38 38 38;39 39 39 39 39 39 39 39 39 39 39 39 39 39 39 39 39 39 39;49 49 49 49 49 49 49 49 49 49 49 49 49 49 49 49 49 49 49;52 52 52 52 52 52 52 52 52 52 52 52 52 52 52 52 52 52 52;28 28 28 28 28 28 28 28 28 28 28 28 28 28 28 28 28 28 28;41 41 41 41 41 41 41 41 41 41 41 41 41 41 41 41 41 41 41;52 52 52 52 52 52 52 52 52 52 52 52 52 52 52 52 52 52 52;50 50 50 50 50 50 50 50 50 50 50 50 50 50 50 50 50 50 50;47 47 47 47 47 47 47 47 47 47 47 47 47 47 47 47 47 47 47;44 44 44 44 44 44 44 44 44 44 44 44 44 44 44 44 44 44 44;46 46 46 46 46 46 46 46 46 46 46 46 46 46 46 46 46 46 46;46 46 46 46 46 46 46 46 46 46 46 46 46 46 46 46 46 46 46;38 38 38 38 38 38 38 38 38 38 38 38 38 38 38 38 38 38 38;52 52 52 52 52 52 52 52 52 52 52 52 52 52 52 52 52 52 52;
d;3.000 39.877 3.000 29.245 3.000 46.185 3.000 9.246 3.000 4.161 3.000 52.643 3.000 51.828 3.000 74.477 3.000 74.549 3.000
S;10.847640780293577 10.768693411872524 8.8068671803429677 8.7279198119219146 6.7680115600779969 6.6890641916569447 5.3251603529584015 5.2462129845373493 3.8608742863231118 3.7819269179020591 3.6724263318490937 3.5934789634280411 3.3501705437084301 3.2712231752873775 2.055840291203765 1.9768929227827123 1.2072769015087637 1.128329533087711 0.078947368421052627 0;10.902829478234768 10.825906401311691 8.914383406488021 8.8374603295649443 6.9278061354606137 6.8508830585375371 5.5219511131389556 5.4450280362158789 4.0952108430840575 4.0182877661609808 3.9115948874427073 3.8346718105196302 3.5976020682287273 3.5206789913056502 2.3364597709164889 2.2595366939934118 1.5096544168546926 1.4327313399316157 0.41025641025641024 0.33333333333333331;9.0791227819963805 9.0178982922004618 7.4964820310142759 7.4352575412183572 5.9153286928496041 5.8541042030536854 4.7963828587568553 4.7351583689609367 3.6608140723866298 3.5995895825907116 3.514670760753718 3.4534462709577998 3.2647581087262649 3.2035336189303467 2.2609917904573411 2.1997673006614229 1.602922222938769 1.5416977331428505 0.72789115646258495 0.66666666666666663;8.927122108676075 8.8694298009837667 7.4357875548660148 7.3780952471737073 5.9458546015954594 5.8881622939031519 4.8914633348542162 4.8337710271619088 3.8214081323130427 3.7637158246207352 3.6836961655820297 3.6260038578897222 3.4482015511715449 3.3905092434792374 2.5023448281873666 2.4446525204950591 1.8822408126410195 1.8245485049487118 1.0576923076923077 1;16.055131535160331 15.947988678017476 13.285510220941649 13.178367363798792 10.518491879153474 10.411349022010617 8.5603366694911642 8.4531938123483066 6.5730912933432704 6.4659484362004136 6.3173404979856747 6.2101976408428179 5.8799933569376313 5.7728504997947745 4.1234022999670144 4.0162594428241576 2.9717805568095126 2.8646376996666554 1.4404761904761905 1.3333333333333333;11.720577633768031 11.647406902060714 9.8291289313747843 9.755958199667468 7.9394578686901776 7.8662871369828604 6.6021811401403072 6.5290104084329901 5.2450379564295506 5.1718672247222335 5.0703788766731437 4.9972081449658265 4.7717027803476508 4.6985320486403337 3.5720796194896685 3.4989088877823513 2.7856062339186916 2.7124355022113744 1.7398373983739839 1.6666666666666667;9.927122108676075 9.8694298009837667 8.4357875548660139 8.3780952471737056 6.9458546015954576 6.8881622939031502 5.8914633348542145 5.833771027161907 4.8214081323130413 4.7637158246207338 4.6836961655820284 4.6260038578897209 4.448201551171544 4.3905092434792365 3.5023448281873657 3.4446525204950582 2.8822408126410188 2.8245485049487113 2.0576923076923075 2;0 0.078947368421052627 1.1678032172982373 1.24675058571929 2.0163666069932384 2.0953139754142911 3.310696859497904 3.3896442279189567 3.6329526476385676 3.7119000160596203 3.8214006021125857 3.9003479705336384 5.2856866687478758 5.3646340371689281 6.7285378758674721 6.8074852442885243 8.767393496132442 8.8463408645534951 10.808167096083052 10.887114464504105;0.33333333333333331 0.41025641025641024 1.471192878393154 1.5481159553162309 2.2979982324549502 2.3749213093780273 3.5591405297671885 3.6360636066902656 3.8731333489811686 3.9500564259042457 4.0567493046225191 4.1336723815455958 5.4834895746774173 5.5604126516004939 6.8893445969990754 6.9662676739221521 8.8759218680264826 8.9528449449495593 10.86436793977323 10.941291016696306;0.66666666666666663 0.72789115646258495 1.5723099780408099 1.6335344678367283 2.2303795455593822 2.2916040353553004 3.234145863828306 3.2953703536242243 3.4840585158557591 3.5452830056516773 3.6302018274886709 3.6914263172845891 4.765770613858896 4.8269951036548147 5.8847164479516447 5.9459409377475634 7.4658697861163166 7.5270942759122352 9.0485105370984211 9.1097350268943398;1 1.0576923076923077 1.8533946587948655 1.9110869664871732 2.4734986743412124 2.5311909820335199 3.4193553973253907 3.4770477050176982 3.6548500117358755 3.712542319428183 3.7925619784668885 3.850254286159196 4.8626171810080621 4.9203094887003695 5.9170084477493052 5.9747007554416127 7.4069414010198606 7.4646337087121681 8.89827595482992 8.9559682625222283;1.3333333333333333 1.4404761904761905 2.9182091282380838 3.025351985380941 4.0698308713955855 4.1769737285384423 5.8264219283662024 5.9335647855090592 6.2637690694142449 6.3709119265571017 6.5195198647718406 6.6266627219146974 8.5067652409197336 8.6139080980625913 10.464920450582044 10.572063307724902 13.231938792370219 13.339081649513076 16.001560106588901 16.108702963731758;1.6666666666666667 1.7398373983739839 2.749020868065033 2.8221915997723501 3.5354942536360099 3.608664985343327 4.7351174144939927 4.8082881462013098 5.0337935108194856 5.1069642425268027 5.2084525905758925 5.2816233222832096 6.5655957742866491 6.6387665059939662 7.9028725028365194 7.9760432345438366 9.792543565521127 9.8657142972284433 11.683992267914373 11.75716299962169;2 2.0576923076923075 2.8533946587948655 2.911086966487173 3.4734986743412124 3.5311909820335199 4.4193553973253907 4.4770477050176982 4.6548500117358751 4.7125423194281826 4.792561978466888 4.8502542861591955 5.8626171810080621 5.9203094887003695 6.9170084477493052 6.9747007554416127 8.4069414010198606 8.464633708712169 9.8982759548299217 9.9559682625222301;
