m;3
n;6
P;19
P1;2 4 6 8 10 12 14 16 18
Q;20
M;100
h;1 1 1 1 1 1 1 1 1 1 1 1 1 1 1 1 1 1 1
Vmin;28 28 28 28 28 28 28 28 28 28 28 28 28 28 28 28 28 28 28;51 51 51 51 51 51 51 51 51 51 51 51 51 51 51 51 51 51 51;49 49 49 49 49 49 49 49 49 49 49 49 49 49 49 49 49 49 49;51 51 51 51 51 51 51 51 51 51 51 51 51 51 51 51 51 51 51;52 52 52 52 52 52 52 52 52 52 52 52 52 52 52 52 52 52 52;48 48 48 48 48 48 48 48 48 48 48 48 48 48 48 48 48 48 48;
Vmax;28 28 28 28 28 28 28 28 28 28 28 28 28 28 28 28 28 28 28;51 51 51 51 51 51 51 51 51 51 51 51 51 51 51 51 51 51 51;49 49 49 49 49 49 49 49 49 49 49 49 49 49 49 49 49 49 49;51 51 51 51 51 51 51 51 51 51 51 51 51 51 51 51 51 51 51;52 52 52 52 52 52 52 52 52 52 52 52 52 52 52 52 52 52 52;48 48 48 48 48 48 48 48 48 48 48 48 48 48 48 48 48 48 48;
d;3.000 5.097 3.000 24.411 3.000 7.483 3.000 5.316 3.000 41.342 3.000 24.340 3.000 44.459 3.000 36.322 3.000 43.876 3.000
S;9.3802111819647909 9.2730683248219332 7.7060544391611971 7.5989115820183404 6.3016934464019689 6.1945505892591122 4.6067147458503221 4.4995718887074654 3.6303000558336733 3.5231571986908161 2.046658296063133 1.939515438920276 1.7496569384065312 1.642514081263674 1.3752809055086885 1.2681380483658313 0.3963183807336646 0.28917552359080745 0.10714285714285714 0;5.4832531979414529 5.4244296685296884 4.5641083195394803 4.5052847901277158 3.79308659802461 3.7342630686128455 2.8625100565452746 2.8036865271335101 2.3264392463400556 2.2676157169282911 1.4569888684268182 1.3981653390150535 1.2939292995173113 1.2351057701055466 1.0883895167498683 1.0295659873381036 0.55091989530475705 0.49209636589299233 0.39215686274509803 0.33333333333333331;6.026787342075119 5.9655628522792004 5.0701263461873509 5.0089018563914323 4.2676343503249345 4.2064098605290159 3.2990750928668504 3.2378506030709322 2.7411238414287653 2.6798993516328471 1.836185692988457 1.7749612031925386 1.6664706314703988 1.6052461416744803 1.4525414698144885 1.3913169800185701 0.89313431280018918 0.83190982300427085 0.72789115646258495 0.66666666666666663;0 0.10714285714285714 0.34274695216223605 0.4498898093050932 1.3217094769372599 1.4288523340801171 1.6960855098351026 1.8032283669779599 1.9930868674917046 2.1002297246345618 3.5767286272622449 3.6838714844051021 4.5531433172788942 4.660286174421751 6.248122017830541 6.3552648749733978 7.6524830105897692 7.759625867732626 9.326639753393362 9.4337826105362197;0.33333333333333331 0.39215686274509803 0.52150813059887469 0.58033166001063941 1.0589777520439858 1.1178012814557505 1.2645175348114288 1.3233410642231935 1.4275771037209357 1.4864006331327004 2.2970274816341734 2.3558510110459379 2.8330982918393923 2.8919218212511568 3.7636748333187278 3.8224983627304923 4.534696554833598 4.5935200842453625 5.4538414332355707 5.5126649626473352;0.66666666666666663 0.72789115646258495 0.86252206790223007 0.9237465576981484 1.4219292249165294 1.4831537147124478 1.6358583865724396 1.6970828763683581 1.8055734480904979 1.8667979378864163 2.7105115965308064 2.7717360863267246 3.2684628479688915 3.3296873377648097 4.2370221054269752 4.2982465952228939 5.0395141012893916 5.1007385910853102 5.9961750971771597 6.0573995869730783;
