m;8
n;16
P;19
P1;2 4 6 8 10 12 14 16 18
Q;20
M;100
h;1 1 1 1 1 1 1 1 1 1 1 1 1 1 1 1 1 1 1
Vmin;46 46 46 46 46 46 46 46 46 46 46 46 46 46 46 46 46 46 46;47 47 47 47 47 47 47 47 47 47 47 47 47 47 47 47 47 47 47;34 34 34 34 34 34 34 34 34 34 34 34 34 34 34 34 34 34 34;43 43 43 43 43 43 43 43 43 43 43 43 43 43 43 43 43 43 43;50 50 50 50 50 50 50 50 50 50 50 50 50 50 50 50 50 50 50;40 40 40 40 40 40 40 40 40 40 40 40 40 40 40 40 40 40 40;50 50 50 50 50 50 50 50 50 50 50 50 50 50 50 50 50 50 50;44 44 44 44 44 44 44 44 44 44 44 44 44 44 44 44 44 44 44;40 40 40 40 40 40 40 40 40 40 40 40 40 40 40 40 40 40 40;47 47 47 47 47 47 47 47 47 47 47 47 47 47 47 47 47 47 47;52 52 52 52 52 52 52 52 52 52 52 52 52 52 52 52 52 52 52;43 43 43 43 43 43 43 43 43 43 43 43 43 43 43 43 43 43 43;42 42 42 42 42 42 42 42 42 42 42 42 42 42 42 42 42 42 42;48 48 48 48 48 48 48 48 48 48 48 48 48 48 48 48 48 48 48;28 28 28 28 28 28 28 28 28 28 28 28 28 28 28 28 28 28 28;48 48 48 48 48 48 48 48 48 48 48 48 48 48 48 48 48 48 48;
Vmax;46 46 46 46 46 46 46 46 46 46 46 46 46 46 46 46 46 46 46;47 47 47 47 47 47 47 47 47 47 47 47 47 47 47 47 47 47 47;34 34 34 34 34 34 34 34 34 34 34 34 34 34 34 34 34 34 34;43 43 43 43 43 43 43 43 43 43 43 43 43 43 43 43 43 43 43;50 50 50 50 50 50 50 50 50 50 50 50 50 50 50 50 50 50 50;40 40 40 40 40 40 40 40 40 40 40 40 40 40 40 40 40 40 40;50 50 50 50 50 50 50 50 50 50 50 50 50 50 50 50 50 50 50;44 44 44 44 44 44 44 44 44 44 44 44 44 44 44 44 44 44 44;40 40 40 40 40 40 40 40 40 40 40 40 40 40 40 40 40 40 40;47 47 47 47 47 47 47 47 47 47 47 47 47 47 47 47 47 47 47;52 52 52 52 52 52 52 52 52 52 52 52 52 52 52 52 52 52 52;43 43 43 43 43 43 43 43 43 43 43 43 43 43 43 43 43 43 43;42 42 42 42 42 42 42 42 42 42 42 42 42 42 42 42 42 42 42;48 48 48 48 48 48 48 48 48 48 48 48 48 48 48 48 48 48 48;28 28 28 28 28 28 28 28 28 28 28 28 28 28 28 28 28 28 28;48 48 48 48 48 48 48 48 48 48 48 48 48 48 48 48 48 48 48;
d;3.000 19.782 3.000 53.222 3.000 77.037 3.000 21.065 3.000 18.117 3.000 37.538 3.000 23.906 3.000 14.952 3.000 72.310 3.000
S;7.9984654816558667 7.933248090351519 6.3612874481037265 6.2960700567993788 5.9710217629029003 5.9058043715985526 5.386101355386776 5.3208839640824284 4.5048461721484543 4.4396287808441066 4.0457721950399792 3.9805548037356311 3.522625539790011 3.4574081484856634 1.7826983786349559 1.7174809873306081 0.56048473530178167 0.49526734399743383 0.065217391304347824 0;8.1616186983582253 8.0977889111241819 6.5592742399880448 6.4954444527540023 6.1773120800042571 6.1134822927702146 5.6048367875416671 5.5410070003076246 4.7423317145850117 4.6785019273509691 4.2930252689043762 4.2291954816703337 3.7810093935533438 3.7171796063193012 2.078101959231375 2.0142721719973324 0.88189286150103441 0.81806307426699187 0.39716312056737585 0.33333333333333331;11.488119965377544 11.399884671259898 9.2731143905717079 9.1848790964540612 8.7451078753000022 8.6568725811823555 7.9537449710134807 7.8655096768958339 6.7614585466322215 6.6732232525145747 6.1403584599560492 6.0521231658384025 5.4325718087355046 5.3443365146178579 3.0785527083492537 2.9903174142316065 1.4249695438396652 1.3367342497220183 0.75490196078431371 0.66666666666666663;9.5564979571202322 9.486730515259767 7.805098200297012 7.7353307584365467 7.3876046765938019 7.3178372347333367 6.7618758685532967 6.6921084266928315 5.819137765554161 5.7493703236936957 5.3280353714381175 5.2582679295776522 4.7683901123335009 4.6986226704730356 2.9070726841211156 2.8373052422606504 1.5995883214856266 1.5298208796251616 1.069767441860465 1;8.6919215764567301 8.6319215764567296 7.1857177855887606 7.125717785588761 6.8266733552040009 6.7666733552040013 6.2885465802891671 6.2285465802891675 5.4777918117099107 5.4177918117099111 5.0554437527701133 4.9954437527701137 4.5741488299401434 4.5141488299401438 2.9734158416774927 2.9134158416774927 1.8489792898109725 1.7889792898109724 1.3933333333333333 1.3333333333333333;10.864901970570916 10.789901970570916 8.9821472319859552 8.9071472319859559 8.5333416940050046 8.4583416940050054 7.8606832253614618 7.7856832253614616 6.8472397646373908 6.7722397646373906 6.3193046909626434 6.2443046909626432 5.7176860374251799 5.6426860374251797 3.7167698020968665 3.6417698020968663 2.3112241122637158 2.2362241122637156 1.7416666666666667 1.6666666666666667;9.3585882431233962 9.2985882431233957 7.8523844522554267 7.7923844522554271 7.4933400218706669 7.4333400218706673 6.9552132469558332 6.8952132469558336 6.1444584783765768 6.0844584783765772 5.7221104194367793 5.6621104194367797 5.2408154966068095 5.1808154966068098 3.6400825083441593 3.5800825083441592 2.515645956477639 2.4556459564776389 2.0600000000000001 2;10.695365427791742 10.627183609609924 8.9837702108963224 8.9155883927145041 8.5757651763681864 8.507583358186368 7.9642574776013282 7.8960756594195098 7.0429452405794457 6.9747634223976274 6.5630042645114939 6.4948224463296755 6.0160782158410733 5.9478963976592549 4.1970634564516969 4.1288816382698785 2.9192946475124693 2.8511128293306509 2.4015151515151518 2.3333333333333335;0 0.065217391304347824 0.52787603964960772 0.5930934309539555 1.7500896829827819 1.8153070742871298 3.4900168441378372 3.5552342354421849 4.0131634993878045 4.0783808906921521 4.4722374764962805 4.5374548678006281 5.3534926597346022 5.4187100510389499 5.9384130672507265 6.0036304585550742 6.3286787524515526 6.3938961437559003 7.9658567860036928 8.0310741773080405;0.33333333333333331 0.39716312056737585 0.84997796788401314 0.91380775511805568 2.0461870656143537 2.1100168528483962 3.7490944999363225 3.812924287170365 4.2611103752873545 4.324940162521397 4.71041682096799 4.7742466082020325 5.5729218939246454 5.636751681158688 6.1453971863872354 6.209226973621278 6.5273593463710231 6.5911891336050656 8.1297038047412027 8.1935335919752461;0.66666666666666663 0.75490196078431371 1.3808518967808419 1.4690871908984888 3.0344350612904303 3.1226703554080775 5.3884541616766821 5.4766894557943289 6.0962408128972267 6.1844761070148735 6.717340899573399 6.8055761936910457 7.9096273239546582 7.9978626180723049 8.7009902282411797 8.7892255223588265 9.2289967435128855 9.3172320376305322 11.444002318318722 11.532237612436369;1 1.069767441860465 1.5647046005553942 1.6344720424158592 2.872188963190883 2.9419564050513483 4.7335063914032673 4.8032738332637326 5.2931516505078839 5.3629190923683492 5.7842540446239274 5.8540214864843927 6.7269921476230632 6.7967595894835284 7.3527209556635684 7.4224883975240337 7.7702144793667784 7.8399819212272437 9.5216142361899987 9.5913816780504639;1.3333333333333333 1.3933333333333333 1.8189792898109725 1.8789792898109725 2.9434158416774929 3.003415841677493 4.544148829940144 4.6041488299401436 5.0254437527701139 5.0854437527701135 5.4477918117099113 5.5077918117099109 6.2585465802891678 6.3185465802891674 6.7966733552040015 6.8566733552040011 7.1557177855887613 7.2157177855887609 8.661921576456729 8.7219215764567295;1.6666666666666667 1.7416666666666667 2.2737241122637153 2.3487241122637155 3.6792698020968659 3.7542698020968661 5.6801860374251794 5.7551860374251795 6.2818046909626428 6.356804690962643 6.8097397646373903 6.8847397646373905 7.8231832253614613 7.8981832253614614 8.495841694005005 8.5708416940050043 8.9446472319859556 9.0196472319859549 10.827401970570916 10.902401970570915;2 2.0600000000000001 2.4856459564776392 2.5456459564776392 3.6100825083441594 3.6700825083441595 5.2108154966068101 5.2708154966068097 5.69211041943678 5.7521104194367796 6.1144584783765774 6.174458478376577 6.9252132469558338 6.9852132469558335 7.4633400218706676 7.5233400218706672 7.8223844522554273 7.8823844522554269 9.3285882431233951 9.3885882431233956;2.3333333333333335 2.4015151515151518 2.8852037384215601 2.9533855566033784 4.1629725473607877 4.231154365542606 5.9819873067501632 6.0501691249319816 6.5289133554205838 6.5970951736024022 7.0088543314885356 7.077036149670354 7.9301665685104181 7.9983483866922365 8.5416742672772763 8.6098560854590946 8.9496793018054142 9.0178611199872325 10.661274518700834 10.729456336882652;
