m;4
n;8
P;19
P1;2 4 6 8 10 12 14 16 18
Q;20
M;100
h;1 1 1 1 1 1 1 1 1 1 1 1 1 1 1 1 1 1 1
Vmin;40 40 40 40 40 40 40 40 40 40 40 40 40 40 40 40 40 40 40;28 28 28 28 28 28 28 28 28 28 28 28 28 28 28 28 28 28 28;52 52 52 52 52 52 52 52 52 52 52 52 52 52 52 52 52 52 52;46 46 46 46 46 46 46 46 46 46 46 46 46 46 46 46 46 46 46;47 47 47 47 47 47 47 47 47 47 47 47 47 47 47 47 47 47 47;42 42 42 42 42 42 42 42 42 42 42 42 42 42 42 42 42 42 42;46 46 46 46 46 46 46 46 46 46 46 46 46 46 46 46 46 46 46;50 50 50 50 50 50 50 50 50 50 50 50 50 50 50 50 50 50 50;
Vmax;40 40 40 40 40 40 40 40 40 40 40 40 40 40 40 40 40 40 40;28 28 28 28 28 28 28 28 28 28 28 28 28 28 28 28 28 28 28;52 52 52 52 52 52 52 52 52 52 52 52 52 52 52 52 52 52 52;46 46 46 46 46 46 46 46 46 46 46 46 46 46 46 46 46 46 46;47 47 47 47 47 47 47 47 47 47 47 47 47 47 47 47 47 47 47;42 42 42 42 42 42 42 42 42 42 42 42 42 42 42 42 42 42 42;46 46 46 46 46 46 46 46 46 46 46 46 46 46 46 46 46 46 46;50 50 50 50 50 50 50 50 50 50 50 50 50 50 50 50 50 50 50;
d;3.000 63.279 3.000 76.013 3.000 18.267 3.000 86.072 3.000 10.722 3.000 57.152 3.000 51.887 3.000 25.536 3.000 25.395 3.000
S;11.108077683773201 11.033077683773202 10.398191486779146 10.323191486779146 9.6847950432285295 9.6097950432285302 8.3126116237090475 8.2376116237090482 6.8088189689091809 6.7338189689091807 6.4657708394399904 6.3907708394399902 4.2389601449057341 4.163960144905734 3.7072966335657114 3.6322966335657112 1.731967652323821 1.656967652323821 0.074999999999999997 0;16.202015738723624 16.094872881580766 15.187892600160685 15.080749743017828 14.168754823659803 14.061611966516946 12.208492795774829 12.101349938631971 10.060217574632162 9.9530747174893044 9.5701488182476044 9.4630059611047468 6.3889906831986663 6.2818478260558095 5.6294713812843487 5.5223285241414919 2.8075728366530774 2.7004299795102202 0.44047619047619047 0.33333333333333331;9.2113418080306708 9.1536495003383624 8.6652755026506263 8.6075831949583179 8.1165090076116897 8.0588166999193813 7.0609833002890099 7.0032909925967024 5.9042197196737281 5.8465274119814206 5.6403365431589663 5.5826442354666588 3.927405239671077 3.8697129319787695 3.5184333078710601 3.4607410001787526 1.9989494761465292 1.9412571684542215 0.72435897435897434 0.66666666666666663;10.659197985889739 10.593980594585391 10.041905640677516 9.9766882493731686 9.4215609071552411 9.3563435158508934 8.228357933660039 8.1631405423556913 6.9207121468775474 6.8554947555731998 6.622409425599991 6.5571920342956433 4.6860522999180292 4.6208349086136815 4.2237362031006187 4.158518811796271 2.5060588281076708 2.4408414368033231 1.0652173913043479 1;0 0.074999999999999997 1.6944676523238211 1.7694676523238211 3.6697966335657113 3.7447966335657115 4.2014601449057336 4.2764601449057338 6.4282708394399899 6.5032708394399901 6.7713189689091804 6.8463189689091806 8.2751116237090478 8.3501116237090471 9.6472950432285298 9.7222950432285291 10.360691486779146 10.435691486779145 11.070577683773202 11.145577683773201;0.33333333333333331 0.44047619047619047 2.7540014080816491 2.8611442652245063 5.5758999527129207 5.6830428098557775 6.3354192546272383 6.4425621117700951 9.5165773896761756 9.6237202468190333 10.006646146060733 10.113789003203591 12.1549213672034 12.262064224346258 14.115183395088374 14.222326252231232 15.134321171589256 15.241464028732114 16.148444310152193 16.255587167295051;0.66666666666666663 0.72435897435897434 1.9701033223003752 2.0277956299926827 3.4895871540249059 3.5472794617172134 3.8985590858249228 3.9562513935172303 5.6114903893128121 5.6691826970051196 5.8753735658275739 5.9330658735198814 7.0321371464428557 7.0898294541351632 8.0876628537655346 8.145355161457843 8.6364293488044712 8.6941216564967796 9.1824956541845157 9.2401879618768241;1 1.0652173913043479 2.4734501324554969 2.5386675237598446 4.1911275074484449 4.2563448987527925 4.6534436042658553 4.718660995570203 6.5898007299478172 6.6550181212521649 6.8881034512253736 6.9533208425297213 8.1957492380078669 8.2609666293122146 9.388952211503069 9.4541696028074167 10.009296945025344 10.074514336329692 10.626589290237566 10.691806681541914;
