m;5
n;10
P;19
P1;2 4 6 8 10 12 14 16 18
Q;20
M;100
h;1 1 1 1 1 1 1 1 1 1 1 1 1 1 1 1 1 1 1
Vmin;40 40 40 40 40 40 40 40 40 40 40 40 40 40 40 40 40 40 40;28 28 28 28 28 28 28 28 28 28 28 28 28 28 28 28 28 28 28;39 39 39 39 39 39 39 39 39 39 39 39 39 39 39 39 39 39 39;52 52 52 52 52 52 52 52 52 52 52 52 52 52 52 52 52 52 52;30 30 30 30 30 30 30 30 30 30 30 30 30 30 30 30 30 30 30;40 40 40 40 40 40 40 40 40 40 40 40 40 40 40 40 40 40 40;38 38 38 38 38 38 38 38 38 38 38 38 38 38 38 38 38 38 38;43 43 43 43 43 43 43 43 43 43 43 43 43 43 43 43 43 43 43;50 50 50 50 50 50 50 50 50 50 50 50 50 50 50 50 50 50 50;42 42 42 42 42 42 42 42 42 42 42 42 42 42 42 42 42 42 42;
Vmax;40 40 40 40 40 40 40 40 40 40 40 40 40 40 40 40 40 40 40;28 28 28 28 28 28 28 28 28 28 28 28 28 28 28 28 28 28 28;39 39 39 39 39 39 39 39 39 39 39 39 39 39 39 39 39 39 39;52 52 52 52 52 52 52 52 52 52 52 52 52 52 52 52 52 52 52;30 30 30 30 30 30 30 30 30 30 30 30 30 30 30 30 30 30 30;40 40 40 40 40 40 40 40 40 40 40 40 40 40 40 40 40 40 40;38 38 38 38 38 38 38 38 38 38 38 38 38 38 38 38 38 38 38;43 43 43 43 43 43 43 43 43 43 43 43 43 43 43 43 43 43 43;50 50 50 50 50 50 50 50 50 50 50 50 50 50 50 50 50 50 50;42 42 42 42 42 42 42 42 42 42 42 42 42 42 42 42 42 42 42;
d;3.000 65.878 3.000 30.692 3.000 28.242 3.000 22.015 3.000 69.142 3.000 14.414 3.000 10.655 3.000 9.533 3.000 48.859 3.000
S;8.235762024998726 8.1607620249987267 6.9392921074292184 6.8642921074292182 6.6259630635795492 6.5509630635795491 6.2845828523818623 6.2095828523818621 5.8492380420885439 5.7742380420885437 4.0456867634190701 3.9706867634190699 3.4203150281501893 3.3453150281501891 2.6392565643211521 2.5642565643211519 1.7969517135972914 1.7219517135972915 0.074999999999999997 0;12.098707654760085 11.991564797617228 10.24660777251793 10.139464915375072 9.7989948527326867 9.691851995589829 9.3113088367359911 9.2041659795931334 8.6893876791741071 8.5822448220312495 6.1128858525034309 6.0057429953605741 5.2194976592621734 5.1123548021193166 4.1036998537921212 3.996556996649264 2.9004072099008922 2.793264352758035 0.44047619047619047 0.33333333333333331;9.1136020769217687 9.0366789999986921 7.7838893409530421 7.7069662640299654 7.4625262190559454 7.3856031421328687 7.1123926691096004 7.0354695921865238 6.6658851713728637 6.5889620944497871 4.8160889881221225 4.7391659111990458 4.1746820801540396 4.097759003230963 3.3735964762268225 3.2966733993037454 2.5096940652279911 2.432770988304914 0.74358974358974361 0.66666666666666663;7.3352015576913265 7.277509249999019 6.3379170057147816 6.2802246980224741 6.096894664291959 6.0392023565996515 5.8342945018322006 5.7766021941398931 5.4994138785296478 5.4417215708373403 4.1120667410915912 4.0543744333992837 3.6310115601155291 3.5733192524232216 3.0301973571701164 2.9725050494778089 2.3822705489209932 2.3245782412286857 1.0576923076923077 1;12.314349366664961 12.214349366664962 10.585722809905619 10.485722809905619 10.167950751439394 10.067950751439394 9.7127771365091462 9.6127771365091466 9.1323173894513889 9.0323173894513893 6.7275823512254256 6.6275823512254259 5.8937533708669179 5.7937533708669182 4.8523420857615358 4.7523420857615362 3.7292689514630557 3.6292689514630556 1.4333333333333333 1.3333333333333333;0 0.074999999999999997 1.7594517135972914 1.8344517135972913 2.6017565643211515 2.6767565643211517 3.3828150281501888 3.4578150281501889 4.0081867634190695 4.0831867634190697 5.8117380420885434 5.8867380420885436 6.2470828523818618 6.322082852381862 6.5884630635795487 6.6634630635795489 6.9017921074292179 6.9767921074292181 8.1982620249987264 8.2732620249987256;0.33333333333333331 0.44047619047619047 2.8468357813294638 2.953978638472321 4.0501284252206933 4.15727128236355 5.1659262306907454 5.2730690878336022 6.0593144239320029 6.1664572810748597 8.6358162506026783 8.742959107745536 9.2577374081645623 9.3648802653074199 9.7454234241612578 9.8525662813041155 10.193036343946501 10.300179201089358 12.045136226188657 12.152279083331514;0.66666666666666663 0.74358974358974361 2.4712325267664528 2.5481556036895299 3.3351349377652841 3.4120580146883612 4.1362205416925013 4.213143618615578 4.7776274496605842 4.8545505265836608 6.6274236329113254 6.7043467098344021 7.0739311306480621 7.1508542075711388 7.4240646805944071 7.5009877575174837 7.7454278024915038 7.8223508794145804 9.0751405384602304 9.152063615383307;1 1.0576923076923077 2.3534243950748399 2.4111167027671474 3.0013512033239631 3.0590435110162706 3.6021654062693758 3.6598577139616832 4.0832205872454379 4.1409128949377454 5.4705677246834945 5.528260032375802 5.8054483479860473 5.8631406556783547 6.0680485104458057 6.1257408181381132 6.3090708518686283 6.3667631595609357 7.3063554038451723 7.3640477115374798;1.3333333333333333 1.4333333333333333 3.6792689514630554 3.7792689514630555 4.802342085761536 4.9023420857615356 5.843753370866918 5.9437533708669177 6.6775823512254258 6.7775823512254254 9.08231738945139 9.1823173894513896 9.6627771365091473 9.7627771365091469 10.117950751439395 10.217950751439394 10.53572280990562 10.635722809905619 12.264349366664963 12.364349366664962;
