m;6
n;12
P;19
P1;2 4 6 8 10 12 14 16 18
Q;20
M;100
h;1 1 1 1 1 1 1 1 1 1 1 1 1 1 1 1 1 1 1
Vmin;44 44 44 44 44 44 44 44 44 44 44 44 44 44 44 44 44 44 44;44 44 44 44 44 44 44 44 44 44 44 44 44 44 44 44 44 44 44;36 36 36 36 36 36 36 36 36 36 36 36 36 36 36 36 36 36 36;52 52 52 52 52 52 52 52 52 52 52 52 52 52 52 52 52 52 52;52 52 52 52 52 52 52 52 52 52 52 52 52 52 52 52 52 52 52;46 46 46 46 46 46 46 46 46 46 46 46 46 46 46 46 46 46 46;30 30 30 30 30 30 30 30 30 30 30 30 30 30 30 30 30 30 30;28 28 28 28 28 28 28 28 28 28 28 28 28 28 28 28 28 28 28;38 38 38 38 38 38 38 38 38 38 38 38 38 38 38 38 38 38 38;45 45 45 45 45 45 45 45 45 45 45 45 45 45 45 45 45 45 45;36 36 36 36 36 36 36 36 36 36 36 36 36 36 36 36 36 36 36;36 36 36 36 36 36 36 36 36 36 36 36 36 36 36 36 36 36 36;
Vmax;44 44 44 44 44 44 44 44 44 44 44 44 44 44 44 44 44 44 44;44 44 44 44 44 44 44 44 44 44 44 44 44 44 44 44 44 44 44;36 36 36 36 36 36 36 36 36 36 36 36 36 36 36 36 36 36 36;52 52 52 52 52 52 52 52 52 52 52 52 52 52 52 52 52 52 52;52 52 52 52 52 52 52 52 52 52 52 52 52 52 52 52 52 52 52;46 46 46 46 46 46 46 46 46 46 46 46 46 46 46 46 46 46 46;30 30 30 30 30 30 30 30 30 30 30 30 30 30 30 30 30 30 30;28 28 28 28 28 28 28 28 28 28 28 28 28 28 28 28 28 28 28;38 38 38 38 38 38 38 38 38 38 38 38 38 38 38 38 38 38 38;45 45 45 45 45 45 45 45 45 45 45 45 45 45 45 45 45 45 45;36 36 36 36 36 36 36 36 36 36 36 36 36 36 36 36 36 36 36;36 36 36 36 36 36 36 36 36 36 36 36 36 36 36 36 36 36 36;
d;3.000 13.951 3.000 89.704 3.000 28.006 3.000 3.530 3.000 54.590 3.000 4.071 3.000 12.043 3.000 15.660 3.000 4.542 3.000
S;5.8204158945417239 5.7522340763599056 5.649005308607757 5.5808234904259386 5.2249206133106831 5.1567387951288648 4.883029518545178 4.8148477003633596 4.7223247350084483 4.6541429168266299 3.4134517723323645 3.3452699541505462 3.2650427646067213 3.1968609464249029 2.5603499631689632 2.4921681449871449 0.45343463760850061 0.38525281942668244 0.068181818181818177 0;6.153749227875057 6.0855674096932386 5.98233864194109 5.9141568237592717 5.5582539466440162 5.4900721284621978 5.216362851878511 5.1481810336966927 5.0556580683417813 4.987476250159963 3.7467851056656976 3.6786032874838792 3.5983760979400543 3.530194279758236 2.8936832965022963 2.8255014783204779 0.78676797094183382 0.7185861527600157 0.40151515151515149 0.33333333333333331;7.7805083155509918 7.6971749822176587 7.5710064882983668 7.4876731549650337 7.0526807496019437 6.9693474162686107 6.6348138559996599 6.5514805226663269 6.4383968983436572 6.3550635650103242 4.8386632772951108 4.7553299439617778 4.6572744900748804 4.5739411567415473 3.795983288317621 3.7126499549842875 1.2208645570770562 1.137531223743723 0.75 0.66666666666666663;5.9249672953814549 5.8672749876891475 5.7799275688219449 5.7222352611296374 5.4210866728013443 5.3633943651090368 5.1317942079997634 5.0741019003074559 4.995813237314839 4.9381209296225315 3.8883053458196919 3.8306130381273844 3.7627284931287632 3.7050361854364557 3.1664499688352761 3.1087576611429686 1.3836754625918082 1.3259831548995005 1.0576923076923077 1;6.2583006287147889 6.2006083210224814 6.1132609021552788 6.0555685944629714 5.7544200061346782 5.6967276984423707 5.4651275413330973 5.4074352336407898 5.3291465706481729 5.2714542629558654 4.2216386791530258 4.1639463714607183 4.0960618264620967 4.0383695187697892 3.4997833021686091 3.4420909944763016 1.7170087959251414 1.6593164882328337 1.391025641025641 1.3333333333333333;7.2340210005761403 7.1688036092717926 7.0700630488132159 7.0048456575088682 6.664416818529058 6.5991994272247103 6.3373905539707485 6.2721731626664008 6.1836729349356157 6.118455543631268 4.9317074923758835 4.8664901010715358 4.7897510502035292 4.7245336588991815 4.1156970662195871 4.0504796749152394 2.1003867548139281 2.0351693635095804 1.7318840579710146 1.6666666666666667;0 0.068181818181818177 0.4193437285175915 0.48752554669940967 2.5262590540780536 2.594440872259872 3.2309518555158117 3.29913367369763 3.3793608632414553 3.4475426814232737 4.6882338259175391 4.7564156440993575 4.8489386094542688 4.9171204276360871 5.190829704219774 5.2590115224015923 5.6149143995168478 5.6830962176986661 5.7863249854508148 5.8545068036326331;0.33333333333333331 0.40151515151515149 0.75267706185092487 0.82085888003274299 2.8595923874113871 2.9277742055932054 3.5642851888491451 3.6324670070309635 3.7126941965747884 3.7808760147566067 5.0215671592508722 5.0897489774326905 5.1822719427876018 5.2504537609694202 5.524163037553107 5.5923448557349253 5.9482477328501808 6.0164295510319992 6.1196583187841478 6.1878401369659661;0.66666666666666663 0.75 1.1791978904103897 1.262531223743723 3.754316621650954 3.8376499549842875 4.6156078234082134 4.6989411567415464 4.7969966106284438 4.8803299439617769 6.3967302316769903 6.4800635650103233 6.5931471893329929 6.676480522666326 7.0110140829352767 7.0943474162686098 7.5293398216316998 7.6126731549650328 7.7388416488843248 7.8221749822176578;1 1.0576923076923077 1.3548293087456544 1.4125216164379621 3.1376038149891223 3.1952961226814298 3.7338823392826095 3.791574646974917 3.8594591919735382 3.9171514996658456 4.9669670834686857 5.0246593911609931 5.1029480541536101 5.1606403618459176 5.392240518955191 5.4499328266474985 5.7510814149757916 5.8087737226680991 5.8961211415353016 5.9538134492276091;1.3333333333333333 1.391025641025641 1.6881626420789877 1.7458549497712954 3.4709371483224558 3.5286294560147633 4.0672156726159425 4.12490798030825 4.1927925253068716 4.2504848329991791 5.3003004168020187 5.3579927244943262 5.4362813874869431 5.4939736951792506 5.725573852288524 5.7832661599808315 6.0844147483091247 6.1421070560014321 6.2294544748686347 6.2871467825609422;1.6666666666666667 1.7318840579710146 2.0677780591617543 2.1329954504661019 4.0830883705674133 4.1483057618717609 4.7571423545513554 4.822359745855703 4.8990987967237096 4.9643161880280573 6.1510642392834418 6.2162816305877895 6.3047818583185746 6.3699992496229223 6.6318081228768841 6.6970255141812318 7.0374543531610421 7.1026717444653897 7.2014123049239664 7.2666296962283141;
