Vermelho 1 2 0 5 2020-01-01T00:32:08 130 56
Azul 1 2 0 5 2020-01-01T00:50:56 160 53
Verde 1 2 0 5 2020-01-01T01:13:05 120 57
Amarelo 1 2 0 5 2020-01-01T01:49:21 30 65
Laranja 1 2 0 5 2020-01-01T02:04:00 140 55
Preto 1 2 0 5 2020-01-01T02:07:59 610 35
Roxo 1 2 0 5 2020-01-01T02:22:18 180 51
Rosa 5 4 0 1 2020-01-01T02:56:05 150 54
Branco 5 4 0 1 2020-01-01T03:00:14 320 46
Abobora 5 4 0 1 2020-01-01T03:27:52 110 57
Acafrao 5 4 0 1 2020-01-01T03:35:07 100 58
Ambar 5 4 0 1 2020-01-01T04:36:54 30 65
Ameixa 5 4 0 1 2020-01-01T04:40:05 30 65
Amendoa 5 4 0 1 2020-01-01T05:21:21 50 63
