Vermelho 1 2 0 5 2020-01-01T00:04:08 50 50
Azul 1 2 0 5 2020-01-01T00:14:19 370 28
Verde 1 2 0 5 2020-01-01T00:31:08 30 51
Amarelo 1 2 0 5 2020-01-01T00:56:39 50 50
Laranja 1 2 0 5 2020-01-01T00:59:58 160 42
Preto 1 2 0 5 2020-01-01T01:10:04 50 50
Roxo 1 2 0 5 2020-01-01T01:14:47 20 52
Rosa 1 2 0 5 2020-01-01T01:22:37 270 36
Branco 5 4 0 1 2020-01-01T01:47:19 370 28
Abobora 5 4 0 1 2020-01-01T01:57:20 80 48
Acafrao 5 4 0 1 2020-01-01T02:33:00 70 48
Ambar 5 4 0 1 2020-01-01T02:55:55 80 48
Ameixa 5 4 0 1 2020-01-01T03:21:18 150 43
Amendoa 5 4 0 1 2020-01-01T03:38:46 100 46
Ametista 5 4 0 1 2020-01-01T03:50:40 230 38
Anil 5 4 0 1 2020-01-01T03:59:46 140 44
