Vermelho 1 2 0 5 2020-01-01T00:06:46 320 36
Azul 1 2 0 5 2020-01-01T00:48:47 180 41
Verde 1 2 0 5 2020-01-01T01:08:47 40 52
Amarelo 1 2 0 5 2020-01-01T01:22:02 130 45
Laranja 1 2 0 5 2020-01-01T01:31:38 550 28
Preto 1 2 0 5 2020-01-01T02:24:38 100 47
Roxo 1 2 0 5 2020-01-01T02:47:24 50 51
Rosa 5 4 0 1 2020-01-01T02:53:26 240 39
Branco 5 4 0 1 2020-01-01T03:01:12 180 41
Abobora 5 4 0 1 2020-01-01T03:23:01 190 40
Acafrao 5 4 0 1 2020-01-01T03:45:36 70 49
Ambar 5 4 0 1 2020-01-01T04:24:02 190 40
Ameixa 5 4 0 1 2020-01-01T04:33:26 80 49
Amendoa 5 4 0 1 2020-01-01T05:00:48 60 50
