Vermelho 1 2 0 5 2020-01-01T00:00:00 30 52
Azul 1 2 0 5 2020-01-01T00:20:00 160 42
Verde 1 2 0 5 2020-01-01T00:40:00 180 41
Amarelo 1 2 0 5 2020-01-01T01:00:00 90 47
Laranja 1 2 0 5 2020-01-01T01:20:00 200 40
Preto 1 2 0 5 2020-01-01T01:40:00 130 44
Roxo 1 2 0 5 2020-01-01T02:00:00 50 50
Rosa 1 2 0 5 2020-01-01T02:20:00 130 44
Branco 5 4 0 1 2020-01-01T00:00:00 70 49
Abobora 5 4 0 1 2020-01-01T00:20:00 110 46
Acafrao 5 4 0 1 2020-01-01T00:40:00 70 49
Ambar 5 4 0 1 2020-01-01T01:00:00 180 41
Ameixa 5 4 0 1 2020-01-01T01:20:00 200 40
Amendoa 5 4 0 1 2020-01-01T01:40:00 360 33
Ametista 5 4 0 1 2020-01-01T02:00:00 470 28
Anil 5 4 0 1 2020-01-01T02:20:00 280 37
