Vermelho 1 2 0 5 2020-01-01T00:00:00 190 40
Azul 1 2 0 5 2020-01-01T00:20:00 170 42
Verde 1 2 0 5 2020-01-01T00:40:00 180 41
Amarelo 1 2 0 5 2020-01-01T01:00:00 400 28
Laranja 1 2 0 5 2020-01-01T01:20:00 150 44
Preto 1 2 0 5 2020-01-01T01:40:00 160 43
Roxo 1 2 0 5 2020-01-01T02:00:00 120 46
Rosa 5 4 0 1 2020-01-01T00:00:00 140 45
Branco 5 4 0 1 2020-01-01T00:20:00 150 44
Abobora 5 4 0 1 2020-01-01T00:40:00 90 49
Acafrao 5 4 0 1 2020-01-01T01:00:00 60 52
Ambar 5 4 0 1 2020-01-01T01:20:00 100 48
Ameixa 5 4 0 1 2020-01-01T01:40:00 220 39
Amendoa 5 4 0 1 2020-01-01T02:00:00 130 46
