Vermelho 1 2 0 5 2020-01-01T00:11:14 70 49
Azul 1 2 0 5 2020-01-01T00:48:56 110 46
Verde 1 2 0 5 2020-01-01T01:07:55 230 37
Amarelo 1 2 0 5 2020-01-01T01:26:25 200 40
Laranja 1 2 0 5 2020-01-01T01:57:42 130 45
Preto 1 2 0 5 2020-01-01T02:11:49 140 44
Roxo 1 2 0 5 2020-01-01T02:33:20 40 52
Rosa 1 2 0 5 2020-01-01T02:48:46 140 44
Branco 5 4 0 1 2020-01-01T03:06:46 240 36
Abobora 5 4 0 1 2020-01-01T03:30:49 160 43
Acafrao 5 4 0 1 2020-01-01T04:01:37 100 47
Ambar 5 4 0 1 2020-01-01T04:04:41 310 28
Ameixa 5 4 0 1 2020-01-01T04:07:59 60 50
Amendoa 5 4 0 1 2020-01-01T04:21:59 280 32
Ametista 5 4 0 1 2020-01-01T05:05:13 260 34
Anil 5 4 0 1 2020-01-01T05:28:59 150 43
