Vermelho 1 2 0 5 2020-01-01T00:27:47 130 45
Azul 1 2 0 5 2020-01-01T00:36:01 120 46
Verde 1 2 0 5 2020-01-01T00:51:10 340 28
Amarelo 1 2 0 5 2020-01-01T01:02:06 130 45
Laranja 1 2 0 5 2020-01-01T01:35:37 90 48
Preto 1 2 0 5 2020-01-01T01:48:48 150 43
Roxo 1 2 0 5 2020-01-01T02:01:27 140 44
Rosa 5 4 0 1 2020-01-01T02:11:07 40 52
Branco 5 4 0 1 2020-01-01T02:25:59 150 43
Abobora 5 4 0 1 2020-01-01T02:53:27 250 36
Acafrao 5 4 0 1 2020-01-01T03:02:32 150 43
Ambar 5 4 0 1 2020-01-01T03:25:56 320 30
Ameixa 5 4 0 1 2020-01-01T03:46:37 200 40
Amendoa 5 4 0 1 2020-01-01T03:56:31 110 46
