Vermelho 1 2 0 5 2020-01-01T00:00:00 270 36
Azul 1 2 0 5 2020-01-01T00:20:00 100 47
Verde 1 2 0 5 2020-01-01T00:40:00 40 52
Amarelo 1 2 0 5 2020-01-01T01:00:00 140 44
Laranja 1 2 0 5 2020-01-01T01:20:00 60 50
Preto 1 2 0 5 2020-01-01T01:40:00 410 28
Roxo 1 2 0 5 2020-01-01T02:00:00 220 39
Rosa 5 4 0 1 2020-01-01T00:00:00 130 45
Branco 5 4 0 1 2020-01-01T00:20:00 100 47
Abobora 5 4 0 1 2020-01-01T00:40:00 340 32
Acafrao 5 4 0 1 2020-01-01T01:00:00 240 38
Ambar 5 4 0 1 2020-01-01T01:20:00 90 48
Ameixa 5 4 0 1 2020-01-01T01:40:00 60 50
Amendoa 5 4 0 1 2020-01-01T02:00:00 170 42
