Vermelho 1 2 0 10 2020-01-01T00:20:03 450 28
Azul 1 2 0 10 2020-01-01T00:51:24 300 36
Verde 1 2 0 10 2020-01-01T01:29:13 30 52
Amarelo 1 2 0 10 2020-01-01T01:35:26 100 47
Laranja 1 2 0 10 2020-01-01T02:17:08 280 37
Preto 1 2 0 10 2020-01-01T02:26:56 70 49
Roxo 1 2 0 10 2020-01-01T02:59:52 170 42
Rosa 10 9 0 1 2020-01-01T03:24:08 270 37
Branco 10 9 0 1 2020-01-01T03:46:40 120 45
Abobora 10 9 0 1 2020-01-01T03:57:42 90 47
Acafrao 10 9 0 1 2020-01-01T04:16:54 70 49
Ambar 10 9 0 1 2020-01-01T04:24:55 120 45
Ameixa 10 9 0 1 2020-01-01T05:19:58 40 51
Amendoa 10 9 0 1 2020-01-01T05:57:35 160 42
