Vermelho 1 2 0 10 2020-01-01T00:06:58 100 46
Azul 1 2 0 10 2020-01-01T00:32:27 250 35
Verde 1 2 0 10 2020-01-01T01:51:37 310 28
Amarelo 1 2 0 10 2020-01-01T01:56:59 20 52
Laranja 1 2 0 10 2020-01-01T02:00:25 140 44
Preto 1 2 0 10 2020-01-01T02:55:02 90 47
Roxo 10 9 0 1 2020-01-01T03:04:04 270 33
Rosa 10 9 0 1 2020-01-01T03:17:48 200 40
Branco 10 9 0 1 2020-01-01T03:36:42 80 48
Abobora 10 9 0 1 2020-01-01T04:20:08 100 46
Acafrao 10 9 0 1 2020-01-01T05:10:45 210 39
Ambar 10 9 0 1 2020-01-01T05:34:21 70 48
