Vermelho 1 2 0 10 2020-01-01T00:00:00 110 46
Azul 1 2 0 10 2020-01-01T00:30:00 220 39
Verde 1 2 0 10 2020-01-01T01:00:00 180 41
Amarelo 1 2 0 10 2020-01-01T01:30:00 90 47
Laranja 1 2 0 10 2020-01-01T02:00:00 360 28
Preto 1 2 0 10 2020-01-01T02:30:00 190 40
Roxo 1 2 0 10 2020-01-01T03:00:00 210 40
Rosa 10 9 0 1 2020-01-01T00:00:00 290 34
Branco 10 9 0 1 2020-01-01T00:30:00 90 47
Abobora 10 9 0 1 2020-01-01T01:00:00 90 47
Acafrao 10 9 0 1 2020-01-01T01:30:00 160 42
Ambar 10 9 0 1 2020-01-01T02:00:00 170 42
Ameixa 10 9 0 1 2020-01-01T02:30:00 300 33
Amendoa 10 9 0 1 2020-01-01T03:00:00 20 52
