Vermelho 1 2 0 10 2020-01-01T00:00:00 170 43
Azul 1 2 0 10 2020-01-01T00:30:00 380 31
Verde 1 2 0 10 2020-01-01T01:00:00 430 28
Amarelo 1 2 0 10 2020-01-01T01:30:00 120 48
Laranja 1 2 0 10 2020-01-01T02:00:00 230 39
Preto 1 2 0 10 2020-01-01T02:30:00 390 31
Roxo 1 2 0 10 2020-01-01T03:00:00 100 50
Rosa 1 2 0 10 2020-01-01T03:30:00 330 34
Branco 10 9 0 1 2020-01-01T00:00:00 80 52
Abobora 10 9 0 1 2020-01-01T00:30:00 220 39
Acafrao 10 9 0 1 2020-01-01T01:00:00 410 30
Ambar 10 9 0 1 2020-01-01T01:30:00 160 44
Ameixa 10 9 0 1 2020-01-01T02:00:00 80 52
Amendoa 10 9 0 1 2020-01-01T02:30:00 170 43
Ametista 10 9 0 1 2020-01-01T03:00:00 240 38
Anil 10 9 0 1 2020-01-01T03:30:00 130 47
