Vermelho 1 2 0 10 2020-01-01T00:00:00 60 50
Azul 1 2 0 10 2020-01-01T00:30:00 70 49
Verde 1 2 0 10 2020-01-01T01:00:00 170 42
Amarelo 1 2 0 10 2020-01-01T01:30:00 290 28
Laranja 1 2 0 10 2020-01-01T02:00:00 100 47
Preto 1 2 0 10 2020-01-01T02:30:00 40 52
Roxo 10 9 0 1 2020-01-01T00:00:00 100 47
Rosa 10 9 0 1 2020-01-01T00:30:00 250 34
Branco 10 9 0 1 2020-01-01T01:00:00 100 47
Abobora 10 9 0 1 2020-01-01T01:30:00 140 44
Acafrao 10 9 0 1 2020-01-01T02:00:00 140 44
Ambar 10 9 0 1 2020-01-01T02:30:00 140 44
