m;5
n;10
P;19
P1;2 4 6 8 10 12 14 16 18
Q;20
M;100
h;1 1 1 1 1 1 1 1 1 1 1 1 1 1 1 1 1 1 1
Vmin;40 40 40 40 40 40 40 40 40 40 40 40 40 40 40 40 40 40 40;40 40 40 40 40 40 40 40 40 40 40 40 40 40 40 40 40 40 40;40 40 40 40 40 40 40 40 40 40 40 40 40 40 40 40 40 40 40;40 40 40 40 40 40 40 40 40 40 40 40 40 40 40 40 40 40 40;40 40 40 40 40 40 40 40 40 40 40 40 40 40 40 40 40 40 40;40 40 40 40 40 40 40 40 40 40 40 40 40 40 40 40 40 40 40;40 40 40 40 40 40 40 40 40 40 40 40 40 40 40 40 40 40 40;40 40 40 40 40 40 40 40 40 40 40 40 40 40 40 40 40 40 40;40 40 40 40 40 40 40 40 40 40 40 40 40 40 40 40 40 40 40;40 40 40 40 40 40 40 40 40 40 40 40 40 40 40 40 40 40 40;
Vmax;40 40 40 40 40 40 40 40 40 40 40 40 40 40 40 40 40 40 40;40 40 40 40 40 40 40 40 40 40 40 40 40 40 40 40 40 40 40;40 40 40 40 40 40 40 40 40 40 40 40 40 40 40 40 40 40 40;40 40 40 40 40 40 40 40 40 40 40 40 40 40 40 40 40 40 40;40 40 40 40 40 40 40 40 40 40 40 40 40 40 40 40 40 40 40;40 40 40 40 40 40 40 40 40 40 40 40 40 40 40 40 40 40 40;40 40 40 40 40 40 40 40 40 40 40 40 40 40 40 40 40 40 40;40 40 40 40 40 40 40 40 40 40 40 40 40 40 40 40 40 40 40;40 40 40 40 40 40 40 40 40 40 40 40 40 40 40 40 40 40 40;40 40 40 40 40 40 40 40 40 40 40 40 40 40 40 40 40 40 40;
d;3 16.6666666666667 3 16.6666666666667 3 16.6666666666667 3 16.6666666666667 3 16.6666666666667 3 16.6666666666667 3 16.6666666666667 3 16.6666666666667 3 16.6666666666667 3
S;4.5000000000000009 4.4250000000000007 4.0083333333333337 3.9333333333333336 3.5166666666666671 3.4416666666666669 3.0250000000000004 2.9500000000000002 2.5333333333333337 2.4583333333333335 2.041666666666667 1.9666666666666668 1.55 1.4750000000000001 1.0583333333333333 0.98333333333333339 0.56666666666666665 0.4916666666666667 0.074999999999999997 0;4.8333333333333339 4.7583333333333337 4.3416666666666668 4.2666666666666666 3.8500000000000001 3.7749999999999999 3.3583333333333334 3.2833333333333332 2.8666666666666667 2.7916666666666665 2.375 2.2999999999999998 1.8833333333333333 1.8083333333333333 1.3916666666666666 1.3166666666666667 0.89999999999999991 0.82499999999999996 0.40833333333333333 0.33333333333333331;5.1666666666666679 5.0916666666666677 4.6750000000000007 4.6000000000000005 4.1833333333333336 4.1083333333333334 3.6916666666666669 3.6166666666666667 3.2000000000000002 3.125 2.7083333333333335 2.6333333333333333 2.2166666666666668 2.1416666666666666 1.7249999999999999 1.6499999999999999 1.2333333333333332 1.1583333333333332 0.74166666666666659 0.66666666666666663;5.5000000000000018 5.4250000000000016 5.0083333333333346 4.9333333333333345 4.5166666666666675 4.4416666666666673 4.0250000000000004 3.9500000000000002 3.5333333333333337 3.4583333333333335 3.041666666666667 2.9666666666666668 2.5500000000000003 2.4750000000000001 2.0583333333333336 1.9833333333333334 1.5666666666666667 1.4916666666666667 1.075 1;5.8333333333333348 5.7583333333333346 5.3416666666666677 5.2666666666666675 4.8500000000000005 4.7750000000000004 4.3583333333333334 4.2833333333333332 3.8666666666666667 3.7916666666666665 3.375 3.2999999999999998 2.8833333333333333 2.8083333333333331 2.3916666666666666 2.3166666666666664 1.8999999999999999 1.825 1.4083333333333332 1.3333333333333333;0 0.074999999999999997 0.4916666666666667 0.56666666666666665 0.98333333333333339 1.0583333333333333 1.4750000000000001 1.55 1.9666666666666668 2.041666666666667 2.4583333333333335 2.5333333333333337 2.9500000000000002 3.0250000000000004 3.4416666666666669 3.5166666666666671 3.9333333333333336 4.0083333333333337 4.4250000000000007 4.5000000000000009;0.33333333333333331 0.40833333333333333 0.82499999999999996 0.89999999999999991 1.3166666666666667 1.3916666666666666 1.8083333333333333 1.8833333333333333 2.2999999999999998 2.375 2.7916666666666665 2.8666666666666667 3.2833333333333332 3.3583333333333334 3.7749999999999999 3.8500000000000001 4.2666666666666666 4.3416666666666668 4.7583333333333337 4.8333333333333339;0.66666666666666663 0.74166666666666659 1.1583333333333332 1.2333333333333332 1.6499999999999999 1.7249999999999999 2.1416666666666666 2.2166666666666668 2.6333333333333333 2.7083333333333335 3.125 3.2000000000000002 3.6166666666666667 3.6916666666666669 4.1083333333333334 4.1833333333333336 4.6000000000000005 4.6750000000000007 5.0916666666666677 5.1666666666666679;1 1.075 1.4916666666666667 1.5666666666666667 1.9833333333333334 2.0583333333333336 2.4750000000000001 2.5500000000000003 2.9666666666666668 3.041666666666667 3.4583333333333335 3.5333333333333337 3.9500000000000002 4.0250000000000004 4.4416666666666673 4.5166666666666675 4.9333333333333345 5.0083333333333346 5.4250000000000016 5.5000000000000018;1.3333333333333333 1.4083333333333332 1.825 1.8999999999999999 2.3166666666666664 2.3916666666666666 2.8083333333333331 2.8833333333333333 3.2999999999999998 3.375 3.7916666666666665 3.8666666666666667 4.2833333333333332 4.3583333333333334 4.7750000000000004 4.8500000000000005 5.2666666666666675 5.3416666666666677 5.7583333333333346 5.8333333333333348;
