m;1
n;2
P;19
P1;2 4 6 8 10 12 14 16 18
Q;20
M;100
h;1 1 1 1 1 1 1 1 1 1 1 1 1 1 1 1 1 1 1
Vmin;28 28 28 28 28 28 28 28 28 28 28 28 28 28 28 28 28 28 28;35 35 35 35 35 35 35 35 35 35 35 35 35 35 35 35 35 35 35;
Vmax;28 28 28 28 28 28 28 28 28 28 28 28 28 28 28 28 28 28 28;35 35 35 35 35 35 35 35 35 35 35 35 35 35 35 35 35 35 35;
d;3.000 10.152 3.000 28.952 3.000 6.570 3.000 9.482 3.000 20.165 3.000 5.912 3.000 25.136 3.000 18.704 3.000 44.551 3.000
S;0.48160921024911246 0.47982349596339818 0.45330523618026086 0.45151952189454658 0.44038616118391727 0.43860044689820299 0.42363839005463777 0.42185267576892349 0.41833333969524966 0.41654762540953538 0.4045444758021971 0.40275876151648282 0.39711500949778877 0.39532929521207449 0.3914184539080533 0.38963273962233902 0.37239959120544303 0.37061387691972869 0.36457111498414957 0.36278540069843523;0.88729734068203159 0.88908305496774576 0.89601867404618207 0.89780438833189635 0.9150375367487924 0.91682325103450657 0.92073409233852777 0.92251980662424204 0.92816355864293609 0.92994927292865037 0.94195242253598865 0.94373813682170282 0.94725747289537665 0.94904318718109093 0.96400524402465615 0.96579095831037032 0.97692431902099963 0.9787100333067138 1.0052282930898511 1.0070140073755653;
