m;2
n;4
P;19
P1;2 4 6 8 10 12 14 16 18
Q;20
M;100
h;1 1 1 1 1 1 1 1 1 1 1 1 1 1 1 1 1 1 1
Vmin;52 52 52 52 52 52 52 52 52 52 52 52 52 52 52 52 52 52 52;30 30 30 30 30 30 30 30 30 30 30 30 30 30 30 30 30 30 30;33 33 33 33 33 33 33 33 33 33 33 33 33 33 33 33 33 33 33;28 28 28 28 28 28 28 28 28 28 28 28 28 28 28 28 28 28 28;
Vmax;52 52 52 52 52 52 52 52 52 52 52 52 52 52 52 52 52 52 52;30 30 30 30 30 30 30 30 30 30 30 30 30 30 30 30 30 30 30;33 33 33 33 33 33 33 33 33 33 33 33 33 33 33 33 33 33 33;28 28 28 28 28 28 28 28 28 28 28 28 28 28 28 28 28 28 28;
d;3.000 20.433 3.000 40.137 3.000 15.002 3.000 22.689 3.000 37.530 3.000 27.433 3.000 3.524 3.000 23.711 3.000 22.401 3.000
S;0.39338385796331193 0.39242231950177348 0.38524240663440595 0.3842808681728675 0.37668116438690813 0.37571962592536967 0.37459005379008536 0.37362851532854691 0.36483599275926953 0.36387445429773108 0.35184559634041263 0.35088405787887417 0.3436120922115446 0.34265055375000614 0.3378422285390284 0.33688069007748994 0.32401614540531271 0.32305460694377425 0.31650561557058016 0.3155440771090417;0.85525509705043457 0.85358843038376786 0.84114324808033081 0.8394765814136641 0.82630376151800133 0.82463709485133463 0.82267916981684186 0.82101250315017515 0.80577213069676101 0.80410546403009431 0.78325544357074228 0.78158877690407569 0.76898403641403767 0.76731736974737097 0.75898293938167616 0.75731627271500945 0.73501772861656889 0.73335106194990218 0.72199947690303246 0.72033281023636575;1.1482341070532935 1.149195645514832 1.1562254061187953 1.1571869445803338 1.1700514892525109 1.1710130277140494 1.175821352925027 1.1767828913865654 1.1840548570538949 1.1850163955154334 1.1970452534727518 1.1980067919342903 1.2067993145035676 1.207760852965106 1.2088904251003902 1.2098519635619287 1.2174516673478881 1.2184132058094266 1.2255931186767941 1.2265546571383326;1.4855981188243301 1.4872647854909966 1.4994497038711998 1.5011163705378663 1.5234149146363067 1.5250815813029734 1.5334160116686681 1.5350826783353348 1.5476874188253726 1.5493540854920391 1.5702041059513911 1.5718707726180579 1.5871111450714719 1.5887778117381386 1.5907357367726314 1.5924024034392978 1.6055752233349607 1.6072418900016274 1.6196870723050645 1.621353738971731;
