m;8
n;16
P;19
P1;2 4 6 8 10 12 14 16 18
Q;20
M;100
h;1 1 1 1 1 1 1 1 1 1 1 1 1 1 1 1 1 1 1
Vmin;51 51 51 51 51 51 51 51 51 51 51 51 51 51 51 51 51 51 51;28 28 28 28 28 28 28 28 28 28 28 28 28 28 28 28 28 28 28;31 31 31 31 31 31 31 31 31 31 31 31 31 31 31 31 31 31 31;51 51 51 51 51 51 51 51 51 51 51 51 51 51 51 51 51 51 51;50 50 50 50 50 50 50 50 50 50 50 50 50 50 50 50 50 50 50;48 48 48 48 48 48 48 48 48 48 48 48 48 48 48 48 48 48 48;52 52 52 52 52 52 52 52 52 52 52 52 52 52 52 52 52 52 52;42 42 42 42 42 42 42 42 42 42 42 42 42 42 42 42 42 42 42;51 51 51 51 51 51 51 51 51 51 51 51 51 51 51 51 51 51 51;44 44 44 44 44 44 44 44 44 44 44 44 44 44 44 44 44 44 44;49 49 49 49 49 49 49 49 49 49 49 49 49 49 49 49 49 49 49;40 40 40 40 40 40 40 40 40 40 40 40 40 40 40 40 40 40 40;49 49 49 49 49 49 49 49 49 49 49 49 49 49 49 49 49 49 49;32 32 32 32 32 32 32 32 32 32 32 32 32 32 32 32 32 32 32;31 31 31 31 31 31 31 31 31 31 31 31 31 31 31 31 31 31 31;42 42 42 42 42 42 42 42 42 42 42 42 42 42 42 42 42 42 42;
Vmax;51 51 51 51 51 51 51 51 51 51 51 51 51 51 51 51 51 51 51;28 28 28 28 28 28 28 28 28 28 28 28 28 28 28 28 28 28 28;31 31 31 31 31 31 31 31 31 31 31 31 31 31 31 31 31 31 31;51 51 51 51 51 51 51 51 51 51 51 51 51 51 51 51 51 51 51;50 50 50 50 50 50 50 50 50 50 50 50 50 50 50 50 50 50 50;48 48 48 48 48 48 48 48 48 48 48 48 48 48 48 48 48 48 48;52 52 52 52 52 52 52 52 52 52 52 52 52 52 52 52 52 52 52;42 42 42 42 42 42 42 42 42 42 42 42 42 42 42 42 42 42 42;51 51 51 51 51 51 51 51 51 51 51 51 51 51 51 51 51 51 51;44 44 44 44 44 44 44 44 44 44 44 44 44 44 44 44 44 44 44;49 49 49 49 49 49 49 49 49 49 49 49 49 49 49 49 49 49 49;40 40 40 40 40 40 40 40 40 40 40 40 40 40 40 40 40 40 40;49 49 49 49 49 49 49 49 49 49 49 49 49 49 49 49 49 49 49;32 32 32 32 32 32 32 32 32 32 32 32 32 32 32 32 32 32 32;31 31 31 31 31 31 31 31 31 31 31 31 31 31 31 31 31 31 31;42 42 42 42 42 42 42 42 42 42 42 42 42 42 42 42 42 42 42;
d;3.000 6.006 3.000 4.732 3.000 12.728 3.000 11.226 3.000 5.769 3.000 6.083 3.000 7.957 3.000 10.176 3.000 50.751 3.000
S;0.41142117560883007 0.41044078345196733 0.39385563482553465 0.39287524266867191 0.38954985996610592 0.38856946780924317 0.38596928239962908 0.38498889024276634 0.38300093480909231 0.38202054265222957 0.38013524305749424 0.3791548509006315 0.37548638466022222 0.37450599250335947 0.3703465260251998 0.36936613386833705 0.36781962321316414 0.3668392310563014 0.36487639806126976 0.36389600590440702;0.54251021017766576 0.5407244958919516 0.51051583232237774 0.50873011803666346 0.5026731709712754 0.50088745668556112 0.49615140468947827 0.49436569040376394 0.49074477157814334 0.48895905729242906 0.48552511874487542 0.48373940445916114 0.47705755523555848 0.4752718409498442 0.46769566986462485 0.46590995557891052 0.46309309688555977 0.46130738259984549 0.45773222250175222 0.45594650821603794;0.89557334635004116 0.89396044312423473 0.86667519860978104 0.86506229538397461 0.85959150448620458 0.85797860126039827 0.8537008768768396 0.85208797365103317 0.84881746632466626 0.84720456309885983 0.84410294118494045 0.84249003795913402 0.83645481930555732 0.834841916079751 0.82799892284148824 0.82638601961568192 0.82384176015071986 0.82222885692491354 0.81899968006211965 0.81738677683631322;1.5039047674667763 1.5029243753099135 1.4863392266834807 1.485358834526618 1.4820334518240519 1.4810530596671891 1.4784528742575749 1.4774724821007121 1.4754845266670382 1.4745041345101755 1.4726188349154401 1.4716384427585774 1.4679699765181682 1.4669895843613052 1.4628301178831458 1.4618497257262828 1.4603032150711099 1.459322822914247 1.4573599899192156 1.4563795977623528;1.6734888958096146 1.6724888958096145 1.6555720442106532 1.6545720442106531 1.6511801538540356 1.6501801538540355 1.6475279647362293 1.6465279647362292 1.6445002501938817 1.6435002501938816 1.6415772446072516 1.6405772446072515 1.6368354090420343 1.6358354090420342 1.6315927532343113 1.6305927532343112 1.6290153123660349 1.6280153123660348 1.6260132227111026 1.6250132227111027;1.8424788432274082 1.8414371765607416 1.8238154561451567 1.8227737894784901 1.8192405703570138 1.8181989036903472 1.8154362066926322 1.8143945400259656 1.8122823373776871 1.8112406707110202 1.8092375398916141 1.8081958732249472 1.8042981278445123 1.8032564611778457 1.7988370280448009 1.7977953613781343 1.7961521938070131 1.7951105271403462 1.7930250170831252 1.7919833504164586;1.975541662142585 1.9745801236810465 1.9583139202205069 1.9573523817589684 1.9540909487237594 1.953129410262221 1.9505792284181764 1.949617689956638 1.94766796443515 1.9467064259736115 1.9448573821403135 1.943895843678775 1.9402979248660659 1.9393363864045274 1.9352569096663323 1.9342953712047939 1.9327786011391437 1.9318170626776052 1.9298919764709397 1.9289304380094012;2.2302783229536161 2.2290878467631399 2.2089487377167574 2.2077582615262807 2.2037202968160221 2.2025298206255455 2.1993724526281571 2.1981819764376809 2.1957680305539338 2.1945775543634571 2.1922882619984216 2.1910977858079455 2.186643219658877 2.1854527434684008 2.1804019627449214 2.1792114865544447 2.1773335807588774 2.1761431045684012 2.1737596645030055 2.1725691883125293;2.6665750769512839 2.6675554691081467 2.6700084981816099 2.6709888903384726 2.6725354009936457 2.6735157931505085 2.6776752596286686 2.6786556517855313 2.6823241180259405 2.6833045101828032 2.6851898097775386 2.6861702019344014 2.6881581573680751 2.6891385495249382 2.6917387349345523 2.692719127091415 2.6960445097939809 2.6970249019508441 2.7136100505772762 2.7145904427341394;2.9799065643880325 2.981692278673747 2.9861602959146976 2.9879460102004116 2.9907628688937624 2.9925485831794769 3.0001247542646965 3.001910468550411 3.0085923177740139 3.010378032059728 3.0138119706072817 3.0155976848929962 3.0192186037186164 3.0210043180043309 3.0257403700004137 3.0275260842861282 3.0335830313515162 3.0353687456372302 3.0655774092068042 3.0673631234925187;3.773261671948529 3.7748745751743353 3.7789102036500326 3.7805231068758389 3.7830673663408008 3.7846802695666071 3.7915232628048701 3.7931361660306764 3.7991713846842528 3.8007842879100595 3.8038859098239786 3.8054988130497853 3.8087693203761521 3.8103822236019584 3.8146599479855174 3.8162728512113238 3.8217436421090936 3.8233565453349003 3.8506417898493539 3.8522546930751602;4.6365500725275206 4.6375304646843833 4.6399834937578452 4.6409638859147089 4.6425103965698806 4.6434907887267434 4.6476502552049039 4.6486306473617667 4.652299113602175 4.6532795057590386 4.655164805353774 4.6561451975106367 4.6581331529443109 4.6591135451011736 4.6617137305107867 4.6626941226676495 4.6660195053702154 4.6669998975270781 4.6835850461535111 4.6845654383103739;5.01365075904656 5.0146507590465603 5.0171528487014934 5.0181528487014928 5.0197302895697691 5.0207302895697694 5.0249729453774927 5.0259729453774922 5.0297147809427099 5.0307147809427102 5.0326377865293397 5.03363778652934 5.035665501071688 5.0366655010716874 5.0393176901894945 5.0403176901894948 5.0437095805461114 5.0447095805461117 5.061626432145073 5.0626264321450725;5.4207772450584777 5.4218189117251443 5.4244252551156986 5.4254669217823652 5.4271100893534872 5.4281517560201538 5.4325711891531983 5.4336128558198649 5.4375106012002998 5.4385522678669664 5.4405553986863726 5.4415970653530392 5.4437092680013182 5.4447509346679848 5.4475136316657 5.4485552983323666 5.4520885174538432 5.4531301841205098 5.4707519045360948 5.4717935712027614;5.860882057380203 5.8618435958417416 5.8642494512791759 5.8652109897407145 5.8667277598063645 5.8676892982679032 5.8717687750060987 5.8727303134676374 5.8763282322803461 5.8772897707418847 5.8791388145751835 5.8801003530367222 5.8820500785582102 5.8830116170197488 5.8855617988637929 5.8865233373253316 5.8897847703605404 5.8907463088220791 5.9070125122826189 5.9079740507441576;6.2333295094916839 6.2345199856821596 6.2374986638427936 6.2386891400332694 6.2405670458288363 6.241757522019312 6.2468083027427914 6.2479987789332672 6.2524533450823352 6.2536438212728118 6.2559331136378473 6.2571235898283231 6.2595375357120702 6.2607280119025459 6.2638853798999348 6.2650758560904105 6.2691138208006691 6.2703042969911449 6.2904434060375278 6.2916338822280036;
