m;7
n;14
P;19
P1;2 4 6 8 10 12 14 16 18
Q;20
M;100
h;1 1 1 1 1 1 1 1 1 1 1 1 1 1 1 1 1 1 1
Vmin;45 45 45 45 45 45 45 45 45 45 45 45 45 45 45 45 45 45 45;37 37 37 37 37 37 37 37 37 37 37 37 37 37 37 37 37 37 37;46 46 46 46 46 46 46 46 46 46 46 46 46 46 46 46 46 46 46;51 51 51 51 51 51 51 51 51 51 51 51 51 51 51 51 51 51 51;38 38 38 38 38 38 38 38 38 38 38 38 38 38 38 38 38 38 38;44 44 44 44 44 44 44 44 44 44 44 44 44 44 44 44 44 44 44;36 36 36 36 36 36 36 36 36 36 36 36 36 36 36 36 36 36 36;43 43 43 43 43 43 43 43 43 43 43 43 43 43 43 43 43 43 43;40 40 40 40 40 40 40 40 40 40 40 40 40 40 40 40 40 40 40;44 44 44 44 44 44 44 44 44 44 44 44 44 44 44 44 44 44 44;40 40 40 40 40 40 40 40 40 40 40 40 40 40 40 40 40 40 40;28 28 28 28 28 28 28 28 28 28 28 28 28 28 28 28 28 28 28;52 52 52 52 52 52 52 52 52 52 52 52 52 52 52 52 52 52 52;52 52 52 52 52 52 52 52 52 52 52 52 52 52 52 52 52 52 52;
Vmax;45 45 45 45 45 45 45 45 45 45 45 45 45 45 45 45 45 45 45;37 37 37 37 37 37 37 37 37 37 37 37 37 37 37 37 37 37 37;46 46 46 46 46 46 46 46 46 46 46 46 46 46 46 46 46 46 46;51 51 51 51 51 51 51 51 51 51 51 51 51 51 51 51 51 51 51;38 38 38 38 38 38 38 38 38 38 38 38 38 38 38 38 38 38 38;44 44 44 44 44 44 44 44 44 44 44 44 44 44 44 44 44 44 44;36 36 36 36 36 36 36 36 36 36 36 36 36 36 36 36 36 36 36;43 43 43 43 43 43 43 43 43 43 43 43 43 43 43 43 43 43 43;40 40 40 40 40 40 40 40 40 40 40 40 40 40 40 40 40 40 40;44 44 44 44 44 44 44 44 44 44 44 44 44 44 44 44 44 44 44;40 40 40 40 40 40 40 40 40 40 40 40 40 40 40 40 40 40 40;28 28 28 28 28 28 28 28 28 28 28 28 28 28 28 28 28 28 28;52 52 52 52 52 52 52 52 52 52 52 52 52 52 52 52 52 52 52;52 52 52 52 52 52 52 52 52 52 52 52 52 52 52 52 52 52 52;
d;3.000 23.620 3.000 14.795 3.000 3.517 3.000 9.115 3.000 29.816 3.000 15.932 3.000 13.733 3.000 6.623 3.000 27.722 3.000
S;0.80072755483042068 0.79961644371930951 0.78934912791885981 0.78823801680774863 0.78578514207506145 0.78467403096395028 0.77958780099224767 0.7784766898811365 0.77257610025135459 0.77146498914024342 0.76042213088106803 0.75931101976995685 0.75593505930406435 0.75482394819295318 0.75352119271778606 0.75241008160667489 0.74693036185968942 0.74581925074857824 0.73707101230620886 0.73595990119509769;1.3876248591332796 1.3862735077819284 1.3737862318084084 1.372434880457057 1.3694516544308157 1.3681003030794645 1.3619143477084747 1.3605629963571235 1.3533866035641455 1.3520352522127941 1.338604748924608 1.3372533975732566 1.3331474997093331 1.3317961483579817 1.3302117160233189 1.3288603646719677 1.3221958406553638 1.3208444893040123 1.3102047398470766 1.3088533884957252;1.9861654784628753 1.9850785219411362 1.9750344086580873 1.9739474521363483 1.9715479007674153 1.9704609442456762 1.9654852844907498 1.9643983279690107 1.9586260120268328 1.9575390555050938 1.9467362593819872 1.9456493028602482 1.9423467328392663 1.9412597763175272 1.9399853416135595 1.9388983850918204 1.9335377896871606 1.9324508331654215 1.9238927738196252 1.9228058172978861;2.2824889774611736 2.2815085853043109 2.2724491890097966 2.2714687968529339 2.2693044956182096 2.2683241034613468 2.2638362534863155 2.2628558613294527 2.2576494587149392 2.2566690665580764 2.2469253680940979 2.2459449759372352 2.2429661872908593 2.2419857951339965 2.2408363050088491 2.2398559128519864 2.235020866016411 2.2340404738595483 2.2263214399398104 2.2253410477829476;2.644435472347006 2.6431196828733219 2.6309610194254209 2.6296452299517368 2.6267405098735548 2.6254247203998706 2.6194015533281174 2.6180857638544333 2.6110982235033759 2.6097824340296918 2.5967053650385634 2.5953895755648793 2.5913917276447429 2.5900759381710592 2.5885332014241507 2.5872174119504669 2.5807282701448262 2.5794124806711425 2.5690527246209678 2.5677369351472836;2.7552311319238529 2.7540947682874894 2.7435941044006658 2.7424577407643023 2.7399491188785992 2.7388127552422357 2.7336109291348123 2.7324745654984488 2.7264398715588993 2.7253035079225354 2.7140096756120156 2.7128733119756516 2.7094206251355346 2.7082842614991711 2.7069518979450229 2.7058155343086594 2.7002112754765148 2.6990749118401514 2.6901278497968191 2.6889914861604556;3.0932674107516167 3.0918785218627276 3.0790443771121656 3.0776554882232765 3.0745893948074174 3.0732005059185283 3.0668427184538998 3.0654538295650107 3.0580780925277837 3.0566892036388946 3.0428856308149252 3.0414967419260366 3.0372767913436709 3.0358879024547818 3.0342594581108231 3.032870569221934 3.0260209195382024 3.0246320306493133 3.0136967325963515 3.0123078437074624;3.9510513040128048 3.9521624151239156 3.9614662091218404 3.9625773202329517 3.9680570399799371 3.9691681510910479 3.9704709065662147 3.971582017677326 3.9749579781432183 3.9760690892543296 3.9871119475135046 3.9882230586246155 3.9941236482543974 3.9952347593655086 4.0003209893372107 4.001432100448322 4.0038849751810099 4.0049960862921203 4.0152634020925699 4.0163745132036812;4.1131344349185479 4.1144857862699 4.1258012114025115 4.1271525627538628 4.1338170867704669 4.1351684381218181 4.1367528704564807 4.1381042218078328 4.1422101196717556 4.1435614710231077 4.1569919743112935 4.1583433256626456 4.1655197184556236 4.1668710698069749 4.1730570251779646 4.1744083765293167 4.1773916025555575 4.1787429539069096 4.1912302298804294 4.1925815812317806;4.5140265842627176 4.5151135407844567 4.5242150783911228 4.5253020349128628 4.5306626303175221 4.5317495868392621 4.5330240215432296 4.5341109780649695 4.5374135480859508 4.5385005046076907 4.5493033007307968 4.5503902572525359 4.5561625731947144 4.5572495297164544 4.5622251894713806 4.5633121459931205 4.5657116973620528 4.5667986538837928 4.5768427671668412 4.5779297236885812;5.1218081484164202 5.1227885405732829 5.1309977705714518 5.1319781627283145 5.136813209563889 5.1377936017207526 5.1389430918459 5.1399234840027628 5.1429022726491382 5.143882664806001 5.1536263632699795 5.1546067554268422 5.1598131580413558 5.1607935501982185 5.1652814001732503 5.1662617923301131 5.168426093564837 5.1694064857216997 5.1784658820162139 5.1794462741730767;5.5456177979609063 5.5469335874345909 5.557951238221607 5.5592670276952907 5.5657561695009319 5.5670719589746165 5.5686146957215241 5.5699304851952087 5.5739283331153446 5.5752441225890284 5.5883211915801576 5.5896369810538413 5.5966245214048991 5.5979403108785828 5.6039634779503356 5.6052792674240202 5.6081839875022022 5.6094997769758859 5.6216584404237873 5.622974229897471;5.6429734276642813 5.6441097913006448 5.6536250351621593 5.6547613987985228 5.6603656576306669 5.6615020212670304 5.6628343848211786 5.6639707484575421 5.6674234352976596 5.6685597989340231 5.6798536312445433 5.6809899948809068 5.6870246888204568 5.6881610524568202 5.6933628785642432 5.6944992422006067 5.6970078640863102 5.6981442277226737 5.708644891609497 5.7097812552458604;6.0208864197743122 6.0222753086632004 6.0339050511606063 6.0352939400494954 6.042143589733227 6.0435324786221152 6.0451609229660743 6.0465498118549625 6.0507697624373282 6.0521586513262173 6.0659622241501863 6.0673511130390754 6.0747268500763028 6.076115738965191 6.08247352642982 6.0838624153187082 6.0869285087345677 6.0883173976234559 6.1011515423740175 6.1025404312629066;
