m;5
n;10
P;19
P1;2 4 6 8 10 12 14 16 18
Q;20
M;100
h;1 1 1 1 1 1 1 1 1 1 1 1 1 1 1 1 1 1 1
Vmin;46 46 46 46 46 46 46 46 46 46 46 46 46 46 46 46 46 46 46;37 37 37 37 37 37 37 37 37 37 37 37 37 37 37 37 37 37 37;46 46 46 46 46 46 46 46 46 46 46 46 46 46 46 46 46 46 46;41 41 41 41 41 41 41 41 41 41 41 41 41 41 41 41 41 41 41;33 33 33 33 33 33 33 33 33 33 33 33 33 33 33 33 33 33 33;52 52 52 52 52 52 52 52 52 52 52 52 52 52 52 52 52 52 52;46 46 46 46 46 46 46 46 46 46 46 46 46 46 46 46 46 46 46;44 44 44 44 44 44 44 44 44 44 44 44 44 44 44 44 44 44 44;28 28 28 28 28 28 28 28 28 28 28 28 28 28 28 28 28 28 28;49 49 49 49 49 49 49 49 49 49 49 49 49 49 49 49 49 49 49;
Vmax;46 46 46 46 46 46 46 46 46 46 46 46 46 46 46 46 46 46 46;37 37 37 37 37 37 37 37 37 37 37 37 37 37 37 37 37 37 37;46 46 46 46 46 46 46 46 46 46 46 46 46 46 46 46 46 46 46;41 41 41 41 41 41 41 41 41 41 41 41 41 41 41 41 41 41 41;33 33 33 33 33 33 33 33 33 33 33 33 33 33 33 33 33 33 33;52 52 52 52 52 52 52 52 52 52 52 52 52 52 52 52 52 52 52;46 46 46 46 46 46 46 46 46 46 46 46 46 46 46 46 46 46 46;44 44 44 44 44 44 44 44 44 44 44 44 44 44 44 44 44 44 44;28 28 28 28 28 28 28 28 28 28 28 28 28 28 28 28 28 28 28;49 49 49 49 49 49 49 49 49 49 49 49 49 49 49 49 49 49 49;
d;3.000 15.865 3.000 5.774 3.000 10.174 3.000 3.292 3.000 3.589 3.000 3.344 3.000 8.672 3.000 13.618 3.000 42.822 3.000
S;0.20283603169193473 0.20174907517019561 0.18623375237025214 0.18514679584851301 0.18021262274323541 0.17912566622149628 0.17598359314435166 0.17489663662261251 0.1736850953806785 0.17259813885893938 0.17129780513365597 0.17021084861191685 0.16901814189477421 0.16793118537303509 0.16424496576008041 0.16315800923834128 0.16106613516236398 0.15997917864062486 0.15423083645149541 0.15314387992975628;0.33191290976669763 0.33056155841534629 0.31127223817757876 0.30992088682622743 0.30378650945209851 0.30243515810074711 0.2985287969778106 0.2971774456264592 0.29567120516351425 0.29431985381216291 0.29270322269424298 0.29135187134289164 0.28986904677563324 0.28851769542428191 0.28393482779736523 0.28258347644601389 0.27998276813533945 0.27863141678398812 0.27148482919750283 0.27013347784615149;0.440563890247962 0.43947693372622287 0.42396161092627949 0.42287465440454036 0.41794048129926276 0.41685352477752363 0.41371145170037898 0.41262449517863986 0.41141295393670591 0.41032599741496678 0.40902566368968341 0.40793870716794428 0.40674600045080161 0.40565904392906249 0.40197282431610781 0.40088586779436869 0.39879399371839142 0.39770703719665229 0.39195869500752284 0.39087173848578372;0.67151630465581635 0.67029679246069451 0.65288935712417251 0.65166984492905067 0.64613394339630015 0.6449144312011782 0.64138917848047927 0.64016966628535743 0.63881037611148028 0.63759086391635833 0.63613195290750368 0.63491244071238184 0.63357428195656318 0.63235476976144134 0.62821901117129697 0.62699949897617513 0.62465251830556645 0.6234330061104445 0.61698364658117733 0.61576413438605537;1.1633050768463842 1.1617899253312325 1.1401625056707054 1.138647354155554 1.1317694158875911 1.1302542643724396 1.1258744049315714 1.1243592534164197 1.1226704383519057 1.121155286836754 1.1193427004318137 1.117827548916662 1.116164988038221 1.1146498365230693 1.1095114697898596 1.1079963182747081 1.1050803725930429 1.1035652210778912 1.09555238045062 1.0940372289354685;1.2718459693443398 1.2729329258660789 1.2792247463160777 1.2803117028378168 1.282403576913794 1.2834905334355331 1.2871767530484879 1.288263709570227 1.2894564162873696 1.2905433728091087 1.2918437065343922 1.2929306630561312 1.2941422042980653 1.2952291608198043 1.2983712338969489 1.2994581904186879 1.3043923635239656 1.3054793200457047 1.320994642845648 1.3220815993673871;1.7462060610867074 1.7475574124380588 1.7553796757002198 1.7567310270515712 1.7593317353622457 1.7606830867135972 1.7652659543405138 1.7666173056918653 1.7681001302591237 1.7694514816104749 1.7710681127283947 1.7724194640797462 1.7739257045426911 1.7752770558940425 1.7791834170169791 1.7805347683683304 1.7866691457424593 1.7880204970938107 1.8073098173315782 1.8086611686829295;1.8039243902402584 1.8050113467619975 1.8113031672119964 1.8123901237337354 1.8144819978097126 1.8155689543314517 1.8192551739444065 1.8203421304661456 1.8215348371832885 1.8226217937050275 1.8239221274303108 1.8250090839520499 1.8262206251939839 1.8273075817157229 1.8304496547928677 1.8315366113146068 1.8364707844198842 1.8375577409416233 1.8530730637415667 1.8541600202633057;1.9622936826605835 1.9635131948557054 1.9705723104825337 1.9717918226776556 1.9741388033482643 1.9753583155433863 1.9794940741335305 1.9807135863286525 1.9820517450844712 1.9832712572795932 1.9847301682884477 1.9859496804835699 1.9873089706574472 1.9885284828525691 1.9920537355732679 1.9932732477683899 1.9988091493011404 2.0000286614962621 2.017436096832784 2.0186556090279062;2.0272986207323092 2.0288137722474606 2.0375841886323078 2.0390993401474593 2.0420152858291245 2.043530437344276 2.0486688040774856 2.0501839555926376 2.0518465164710786 2.0533616679862301 2.0551742543911704 2.0566894059063219 2.0583782209708361 2.059893372485988 2.064273231926856 2.0657883834420074 2.0726663217099701 2.074181473225122 2.0958088928856489 2.0973240444008008;
