m;4
n;8
P;19
P1;2 4 6 8 10 12 14 16 18
Q;20
M;100
h;1 1 1 1 1 1 1 1 1 1 1 1 1 1 1 1 1 1 1
Vmin;41 41 41 41 41 41 41 41 41 41 41 41 41 41 41 41 41 41 41;44 44 44 44 44 44 44 44 44 44 44 44 44 44 44 44 44 44 44;52 52 52 52 52 52 52 52 52 52 52 52 52 52 52 52 52 52 52;50 50 50 50 50 50 50 50 50 50 50 50 50 50 50 50 50 50 50;31 31 31 31 31 31 31 31 31 31 31 31 31 31 31 31 31 31 31;50 50 50 50 50 50 50 50 50 50 50 50 50 50 50 50 50 50 50;51 51 51 51 51 51 51 51 51 51 51 51 51 51 51 51 51 51 51;28 28 28 28 28 28 28 28 28 28 28 28 28 28 28 28 28 28 28;
Vmax;41 41 41 41 41 41 41 41 41 41 41 41 41 41 41 41 41 41 41;44 44 44 44 44 44 44 44 44 44 44 44 44 44 44 44 44 44 44;52 52 52 52 52 52 52 52 52 52 52 52 52 52 52 52 52 52 52;50 50 50 50 50 50 50 50 50 50 50 50 50 50 50 50 50 50 50;31 31 31 31 31 31 31 31 31 31 31 31 31 31 31 31 31 31 31;50 50 50 50 50 50 50 50 50 50 50 50 50 50 50 50 50 50 50;51 51 51 51 51 51 51 51 51 51 51 51 51 51 51 51 51 51 51;28 28 28 28 28 28 28 28 28 28 28 28 28 28 28 28 28 28 28;
d;3.000 5.023 3.000 3.054 3.000 5.991 3.000 10.944 3.000 21.236 3.000 13.507 3.000 15.125 3.000 14.807 3.000 21.931 3.000
S;0.33850265649363159 0.33728314429850959 0.32836817749283165 0.3271486652977097 0.32112965614248901 0.31991014394736705 0.31376190538396781 0.3125423931888458 0.30705169614432215 0.3058321839492002 0.29719984188526377 0.29598032969014182 0.29153140725596172 0.29031189506083976 0.28787654824307141 0.28665703604794945 0.28541556195303736 0.2841960497579154 0.28215408968414696 0.28093457748902501;0.92098452341892256 0.91984815978255885 0.91154103162272249 0.91040466798635888 0.90479604581899409 0.90365968218263037 0.89793064170309933 0.89679427806673562 0.89167794672979306 0.89054158309342946 0.88249780980657955 0.88136144617021583 0.87721585935654811 0.8760794957201844 0.87381019527635473 0.87267383163999113 0.87151700350609573 0.87038063986973202 0.86847790434644778 0.86734154071008418;1.2430215911317979 1.2420600526702594 1.2350309442273213 1.2340694057657828 1.2293236485472434 1.228362110085705 1.2235144604491786 1.2225529219876401 1.2182237185486888 1.2172621800871504 1.2104559103828929 1.2094943719213544 1.2059865676944048 1.2050250292328664 1.2031048519342413 1.2021433134727029 1.2011644588978683 1.2002029204363298 1.1985929134550894 1.197631374993551;1.3051899158915039 1.3041899158915038 1.296879643110848 1.2958796431108479 1.290944055603567 1.2899440556035668 1.2849024999815795 1.2839024999815793 1.2794001284050698 1.2784001284050699 1.2713216079126419 1.2703216079126418 1.266673491516614 1.2656734915166141 1.2636765071260438 1.262676507126044 1.261658498368216 1.2606584983682159 1.2589840911077259 1.2579840911077258;2.0485264792106452 2.0497459914057674 2.0523977075770969 2.0536172197722187 2.0548586938671307 2.0560782060622529 2.0585135528800214 2.0597330650751435 2.0641819875093232 2.0654014997044454 2.0740338417683817 2.0752533539635039 2.0807440510080277 2.0819635632031495 2.0881118017665488 2.0893313139616709 2.0953503231168913 2.0965698353120135 2.1054848021176915 2.1067043143128132;2.1453289836948195 2.146465347331183 2.1489362646726491 2.1500726283090126 2.1512294564429078 2.1523658200792712 2.1546351205231011 2.1557714841594646 2.1599170709731323 2.1610534346094963 2.1690972078963457 2.1702335715327097 2.1753499028696521 2.1764862665060156 2.1822153069855466 2.18335167062191 2.1889602927892748 2.1900966564256383 2.1984037845854747 2.1995401482218382;2.4068992490858974 2.407860787547436 2.4099515637594462 2.4109131022209849 2.4118919567958192 2.4128534952573579 2.4147736725559827 2.4157352110175214 2.4192430152444713 2.42020455370601 2.4270108234102681 2.4279723618718068 2.432301565310758 2.4332631037722967 2.4381107534088229 2.4390722918703616 2.4438180490889012 2.4447795875504399 2.4518086959933783 2.4527702344549169;2.5399553161141406 2.5409553161141409 2.5431297233746308 2.5441297233746307 2.5451477321324583 2.5461477321324586 2.5481447165230282 2.5491447165230285 2.5527928329190557 2.553792832919056 2.5608713534114838 2.5618713534114836 2.5663737249879928 2.5673737249879931 2.5724152806099805 2.5734152806099804 2.5783508681172616 2.5793508681172614 2.5866611408979177 2.5876611408979175;
