m;6
n;12
P;19
P1;2 4 6 8 10 12 14 16 18
Q;20
M;100
h;1 1 1 1 1 1 1 1 1 1 1 1 1 1 1 1 1 1 1
Vmin;47 47 47 47 47 47 47 47 47 47 47 47 47 47 47 47 47 47 47;40 40 40 40 40 40 40 40 40 40 40 40 40 40 40 40 40 40 40;44 44 44 44 44 44 44 44 44 44 44 44 44 44 44 44 44 44 44;28 28 28 28 28 28 28 28 28 28 28 28 28 28 28 28 28 28 28;45 45 45 45 45 45 45 45 45 45 45 45 45 45 45 45 45 45 45;43 43 43 43 43 43 43 43 43 43 43 43 43 43 43 43 43 43 43;49 49 49 49 49 49 49 49 49 49 49 49 49 49 49 49 49 49 49;52 52 52 52 52 52 52 52 52 52 52 52 52 52 52 52 52 52 52;40 40 40 40 40 40 40 40 40 40 40 40 40 40 40 40 40 40 40;44 44 44 44 44 44 44 44 44 44 44 44 44 44 44 44 44 44 44;46 46 46 46 46 46 46 46 46 46 46 46 46 46 46 46 46 46 46;40 40 40 40 40 40 40 40 40 40 40 40 40 40 40 40 40 40 40;
Vmax;47 47 47 47 47 47 47 47 47 47 47 47 47 47 47 47 47 47 47;40 40 40 40 40 40 40 40 40 40 40 40 40 40 40 40 40 40 40;44 44 44 44 44 44 44 44 44 44 44 44 44 44 44 44 44 44 44;28 28 28 28 28 28 28 28 28 28 28 28 28 28 28 28 28 28 28;45 45 45 45 45 45 45 45 45 45 45 45 45 45 45 45 45 45 45;43 43 43 43 43 43 43 43 43 43 43 43 43 43 43 43 43 43 43;49 49 49 49 49 49 49 49 49 49 49 49 49 49 49 49 49 49 49;52 52 52 52 52 52 52 52 52 52 52 52 52 52 52 52 52 52 52;40 40 40 40 40 40 40 40 40 40 40 40 40 40 40 40 40 40 40;44 44 44 44 44 44 44 44 44 44 44 44 44 44 44 44 44 44 44;46 46 46 46 46 46 46 46 46 46 46 46 46 46 46 46 46 46 46;40 40 40 40 40 40 40 40 40 40 40 40 40 40 40 40 40 40 40;
d;3.000 12.791 3.000 38.046 3.000 7.982 3.000 19.546 3.000 35.628 3.000 5.445 3.000 6.340 3.000 18.383 3.000 5.639 3.000
S;0.63173229853899027 0.63066846875175619 0.62866879707739565 0.62760496729016169 0.62108625386371297 0.62002242407647901 0.61777427886049596 0.61671044907326189 0.61477965164713522 0.61371582185990126 0.60108164285133414 0.60001781306410018 0.59308651277991742 0.59202268299268335 0.58919212470990678 0.58812829492267271 0.57463696670877595 0.57357313692154199 0.56903726288502665 0.56797343309779258;0.87111356110755944 0.86986356110755936 0.86751394689018579 0.86626394689018571 0.8586044586141085 0.85735445861410853 0.85471288798532841 0.85346288798532832 0.8511942010096295 0.84994420100962942 0.8350990406745632 0.83384904067456311 0.82570476284064831 0.82445476284064834 0.82112885685838577 0.8198788568583858 0.80402654620705716 0.80277654620705718 0.7974468942141516 0.79619689421415152;0.94189658078905625 0.94076021715269265 0.93862420422780746 0.93748784059144386 0.93052466943137369 0.92938830579500997 0.92698687795066448 0.92585051431430077 0.92378807160912013 0.92265170797275642 0.9091561076681508 0.90801974403178709 0.90061585509186459 0.89947949145550099 0.89645594056253508 0.89531957692617137 0.88090838542496352 0.87977202178859992 0.87492688361323123 0.87379051997686763;1.2160281953399654 1.2142424810542509 1.210885889315146 1.2091001750294315 1.1981580489207497 1.1963723346350355 1.1925986623082068 1.1908129480224925 1.1875719666286371 1.1857862523429226 1.1645788804356851 1.1627931661499709 1.1511584835300928 1.1493727692443785 1.1446214749840034 1.1428357606982891 1.1201896026249623 1.118403888339248 1.1107900997779543 1.10900438549224;1.4193209264936466 1.4182098153825355 1.4161212694115368 1.4150101583004258 1.408201724277246 1.4070906131661352 1.4047425503849973 1.4036314392738862 1.4016148286288206 1.4005037175177095 1.3873080194420953 1.3861969083309842 1.3789575502563933 1.3778464391452823 1.3748900782721598 1.3737789671610487 1.3596880243598679 1.3585769132487568 1.3538394448106186 1.3527283336995075;1.6422956117058947 1.6411328210082203 1.6389471333641519 1.6377843426664775 1.6306592372933824 1.629496446595708 1.6270391715921915 1.6258763808945171 1.6237659744054949 1.6226031837078205 1.6087937322333403 1.607630941535666 1.6000548691320242 1.5988920784343499 1.5957982124043384 1.5946354217066638 1.5798890862170558 1.5787262955193815 1.5737684797120275 1.5726056890143532;1.9095985272344473 1.9106623570216814 1.9157301459518137 1.9167939757390478 1.9302853039529446 1.9313491337401785 1.9341796920229553 1.9352435218101893 1.9421748220943722 1.9432386518816063 1.9558728308901732 1.9569366606774072 1.9588674581035339 1.959931287890768 1.962179433106751 1.9632432628939851 1.9697619763204337 1.9708258061076678 1.9728254777820282 1.9738893075692623;2.1094640623382874 2.1107140623382876 2.1166687143311931 2.1179187143311933 2.1337710249825217 2.1350210249825214 2.1383469309647842 2.139596930964784 2.1477412087986987 2.1489912087986984 2.1638363691337643 2.1650863691337645 2.167355056109463 2.1686050561094627 2.1712466267382431 2.1724966267382428 2.1801561150143201 2.1814061150143198 2.1837557292316934 2.1850057292316931;2.9359014765049758 2.9370378401413393 2.9424511601348899 2.9435875237712539 2.9579987152724616 2.9591350789088251 2.9621586298017912 2.9632949934381547 2.9706988823780773 2.9718352460144408 2.9853308463190462 2.9864672099554097 2.9885296526605907 2.9896660162969542 2.9920674441412998 2.9932038077776633 3.0001669789377337 3.0013033425740971 3.0034393554989824 3.0045757191353459;3.0743374110011321 3.0761231252868466 3.0846297709909973 3.0864154852767114 3.1090616433500382 3.1108473576357527 3.1155986518961276 3.1173843661818421 3.1290190488017204 3.1308047630874345 3.1520121349946719 3.1537978492803864 3.1570388306742414 3.1588245449599559 3.1625982172867846 3.1643839315724991 3.1753260576811808 3.1771117719668949 3.1804683637060003 3.1822540779917148;3.1402420555316106 3.1413531666427219 3.1466461906364156 3.1477573017475264 3.1618482445487075 3.1629593556598183 3.165915716532941 3.1670268276440519 3.1742661857186429 3.1753772968297538 3.1885729949053685 3.1896841060164793 3.1917007166615448 3.192811827772656 3.1951598905537941 3.196271001664905 3.2030794356880845 3.2041905467991958 3.2062790927701945 3.2073902038813054;3.5159018505447861 3.5170646412424609 3.5226038523986518 3.5237666430963261 3.5385129785859344 3.5396757692836092 3.5427696353136207 3.5439324260112954 3.5515084984149374 3.5526712891126118 3.566480740587092 3.5676435312847667 3.5697539377737888 3.5709167284714636 3.5733740034749797 3.574536794172654 3.5816618995457494 3.5828246902434242 3.5850103778874924 3.5861731685851672;
