m;3
n;6
P;19
P1;2 4 6 8 10 12 14 16 18
Q;20
M;100
h;1 1 1 1 1 1 1 1 1 1 1 1 1 1 1 1 1 1 1
Vmin;35 35 35 35 35 35 35 35 35 35 35 35 35 35 35 35 35 35 35;48 48 48 48 48 48 48 48 48 48 48 48 48 48 48 48 48 48 48;52 52 52 52 52 52 52 52 52 52 52 52 52 52 52 52 52 52 52;40 40 40 40 40 40 40 40 40 40 40 40 40 40 40 40 40 40 40;28 28 28 28 28 28 28 28 28 28 28 28 28 28 28 28 28 28 28;48 48 48 48 48 48 48 48 48 48 48 48 48 48 48 48 48 48 48;
Vmax;35 35 35 35 35 35 35 35 35 35 35 35 35 35 35 35 35 35 35;48 48 48 48 48 48 48 48 48 48 48 48 48 48 48 48 48 48 48;52 52 52 52 52 52 52 52 52 52 52 52 52 52 52 52 52 52 52;40 40 40 40 40 40 40 40 40 40 40 40 40 40 40 40 40 40 40;28 28 28 28 28 28 28 28 28 28 28 28 28 28 28 28 28 28 28;48 48 48 48 48 48 48 48 48 48 48 48 48 48 48 48 48 48 48;
d;3.000 9.868 3.000 5.351 3.000 32.525 3.000 35.802 3.000 8.940 3.000 10.250 3.000 18.147 3.000 12.976 3.000 3.601 3.000
S;0.33102710326651297 0.32959853183794152 0.32788367935846013 0.32645510792988869 0.32027584567785888 0.31884727424928744 0.31020586632654557 0.30877729489797417 0.30389615572944073 0.30246758430086929 0.29821037504926851 0.29678180362069712 0.2797333648794042 0.27830479345083275 0.2628169206280494 0.26138834919947801 0.25884049135610426 0.25741191992753287 0.25271266860380204 0.25128409717523065;0.9007051233955562 0.89966345672888959 0.89841304346260098 0.89737137679593437 0.89286566473716256 0.89182399807049595 0.88552297146016334 0.88448130479349663 0.88092214081644105 0.87988047414977433 0.87677625907048207 0.87573459240381546 0.863303439154956 0.86226177248828928 0.85096853188834309 0.84992686522167638 0.84806905221088313 0.84702738554421642 0.84360084812066272 0.84255918145399611;1.2346072945539717 1.2336457560924332 1.232491528462013 1.2315299900004746 1.2273708711769931 1.2264093327154546 1.2205930004597627 1.2196314619982245 1.2163460798655577 1.2153845414040192 1.2125191121000571 1.2115575736385187 1.2000826629472638 1.1991211244857254 1.1886965947011596 1.1877350562396212 1.1860201519219657 1.1850586134604273 1.1818956558386853 1.180934117377147;1.3933498949897809 1.3947784664183522 1.4001920034563688 1.4016205748849404 1.4041684327283142 1.4055970041568855 1.4210848769796689 1.4225134484082402 1.4395618871495333 1.4409904585781048 1.4452476678297055 1.446676239258277 1.4515573784268103 1.4529859498553819 1.4616273577781238 1.4630559292066954 1.4692351914587252 1.4706637628872967 1.4723786153667782 1.4738071867953495;1.5734003079395971 1.5744419746062637 1.5783893453631508 1.5794310120298176 1.581288825040611 1.5823304917072776 1.5936237323072235 1.5946653989738904 1.6070965522227498 1.6081382188894164 1.6112424339687088 1.6122841006353754 1.615843264612431 1.6168849312790978 1.6231859578894303 1.6242276245560971 1.6287333366148686 1.6297750032815352 1.631025416547824 1.6320670832144906;1.8680362691009482 1.8689978075624867 1.8726415344149978 1.8736030728765363 1.8753179771941917 1.8762795156557301 1.8867040454402959 1.8876655839018344 1.899140494593089 1.9001020330546274 1.9029674623585895 1.9039290008201279 1.9072143829527948 1.9081759214143332 1.9139922536700249 1.9149537921315634 1.9191129109550451 1.9200744494165833 1.9212286770470037 1.9221902155085422;
