m;3
n;6
P;19
P1;2 4 6 8 10 12 14 16 18
Q;20
M;100
h;1 1 1 1 1 1 1 1 1 1 1 1 1 1 1 1 1 1 1
Vmin;37 37 37 37 37 37 37 37 37 37 37 37 37 37 37 37 37 37 37;39 39 39 39 39 39 39 39 39 39 39 39 39 39 39 39 39 39 39;40 40 40 40 40 40 40 40 40 40 40 40 40 40 40 40 40 40 40;52 52 52 52 52 52 52 52 52 52 52 52 52 52 52 52 52 52 52;50 50 50 50 50 50 50 50 50 50 50 50 50 50 50 50 50 50 50;28 28 28 28 28 28 28 28 28 28 28 28 28 28 28 28 28 28 28;
Vmax;37 37 37 37 37 37 37 37 37 37 37 37 37 37 37 37 37 37 37;39 39 39 39 39 39 39 39 39 39 39 39 39 39 39 39 39 39 39;40 40 40 40 40 40 40 40 40 40 40 40 40 40 40 40 40 40 40;52 52 52 52 52 52 52 52 52 52 52 52 52 52 52 52 52 52 52;50 50 50 50 50 50 50 50 50 50 50 50 50 50 50 50 50 50 50;28 28 28 28 28 28 28 28 28 28 28 28 28 28 28 28 28 28 28;
d;3.000 15.030 3.000 20.243 3.000 16.017 3.000 8.315 3.000 3.947 3.000 4.721 3.000 5.782 3.000 4.946 3.000 5.608 3.000
S;3.0975500242923868 3.0164689432113057 2.8648888465900408 2.7838077655089597 2.6501195244062075 2.5690384433251263 2.4127740451014446 2.3316929640203634 2.204105252011487 2.1230241709304059 2.0163372538354278 1.9352561727543467 1.7105213783516562 1.629440297270575 1.1965503758927161 1.1154692948116349 0.56837219645461756 0.48729111537353653 0.081081081081081086 0;3.2720346384312387 3.1951115615081616 3.0513048031751668 2.9743817262520897 2.8475492923853762 2.7706262154622991 2.6223753761218833 2.5454522991988062 2.4244075467801287 2.3474844698570516 2.2462686767156623 2.1693455997925852 1.9561356666413146 1.8792125897182377 1.4685221514879612 1.3915990745648843 0.87255823766207308 0.79563516073899621 0.41025641025641024 0.33333333333333331;3.531900439137126 3.4569004391371259 3.316688849762456 3.2416888497624559 3.1180272267424098 3.0430272267424097 2.8984826583855039 2.8234826583855037 2.7054640247772928 2.6304640247772926 2.5317786264644377 2.4567786264644376 2.2488989416419489 2.1738989416419487 1.773475764367429 1.6984757643674291 1.1924109483871879 1.1174109483871879 0.74166666666666659 0.66666666666666663;0 0.081081081081081086 0.5278316559140771 0.60891273699515813 1.1560098353521755 1.2370909164332566 1.6699808378111158 1.751061918892197 1.9757967132948875 2.0568777943759686 2.1635647114709466 2.2446457925520278 2.3722335045609042 2.4533145856419853 2.6095789838656671 2.6906600649467483 2.8243483060495005 2.9054293871305816 3.0570094837518464 3.1380905648329276;0.33333333333333331 0.41025641025641024 0.83409669920053464 0.91101977612361162 1.4300606130264231 1.5069836899494999 1.9176741281797764 1.9945972051028533 2.207807138254124 2.2847302151772011 2.3859460083185904 2.4628690852416675 2.583913837660345 2.6608369145834221 2.8090877539238379 2.886010830846915 3.0128432647136285 3.0897663416367056 3.2335730999697003 3.3104961768927774;0.66666666666666663 0.74166666666666659 1.154910948387188 1.229910948387188 1.7359757643674292 1.8109757643674291 2.2113989416419488 2.286398941641949 2.4942786264644377 2.5692786264644378 2.6679640247772927 2.7429640247772928 2.8609826583855038 2.935982658385504 3.0805272267424098 3.1555272267424099 3.2791888497624559 3.3541888497624561 3.4944004391371259 3.5694004391371261;
