m;8
n;16
P;19
P1;2 4 6 8 10 12 14 16 18
Q;20
M;100
h;1 1 1 1 1 1 1 1 1 1 1 1 1 1 1 1 1 1 1
Vmin;44 44 44 44 44 44 44 44 44 44 44 44 44 44 44 44 44 44 44;37 37 37 37 37 37 37 37 37 37 37 37 37 37 37 37 37 37 37;52 52 52 52 52 52 52 52 52 52 52 52 52 52 52 52 52 52 52;28 28 28 28 28 28 28 28 28 28 28 28 28 28 28 28 28 28 28;52 52 52 52 52 52 52 52 52 52 52 52 52 52 52 52 52 52 52;48 48 48 48 48 48 48 48 48 48 48 48 48 48 48 48 48 48 48;51 51 51 51 51 51 51 51 51 51 51 51 51 51 51 51 51 51 51;48 48 48 48 48 48 48 48 48 48 48 48 48 48 48 48 48 48 48;50 50 50 50 50 50 50 50 50 50 50 50 50 50 50 50 50 50 50;37 37 37 37 37 37 37 37 37 37 37 37 37 37 37 37 37 37 37;32 32 32 32 32 32 32 32 32 32 32 32 32 32 32 32 32 32 32;52 52 52 52 52 52 52 52 52 52 52 52 52 52 52 52 52 52 52;31 31 31 31 31 31 31 31 31 31 31 31 31 31 31 31 31 31 31;33 33 33 33 33 33 33 33 33 33 33 33 33 33 33 33 33 33 33;33 33 33 33 33 33 33 33 33 33 33 33 33 33 33 33 33 33 33;46 46 46 46 46 46 46 46 46 46 46 46 46 46 46 46 46 46 46;
Vmax;44 44 44 44 44 44 44 44 44 44 44 44 44 44 44 44 44 44 44;37 37 37 37 37 37 37 37 37 37 37 37 37 37 37 37 37 37 37;52 52 52 52 52 52 52 52 52 52 52 52 52 52 52 52 52 52 52;28 28 28 28 28 28 28 28 28 28 28 28 28 28 28 28 28 28 28;52 52 52 52 52 52 52 52 52 52 52 52 52 52 52 52 52 52 52;48 48 48 48 48 48 48 48 48 48 48 48 48 48 48 48 48 48 48;51 51 51 51 51 51 51 51 51 51 51 51 51 51 51 51 51 51 51;48 48 48 48 48 48 48 48 48 48 48 48 48 48 48 48 48 48 48;50 50 50 50 50 50 50 50 50 50 50 50 50 50 50 50 50 50 50;37 37 37 37 37 37 37 37 37 37 37 37 37 37 37 37 37 37 37;32 32 32 32 32 32 32 32 32 32 32 32 32 32 32 32 32 32 32;52 52 52 52 52 52 52 52 52 52 52 52 52 52 52 52 52 52 52;31 31 31 31 31 31 31 31 31 31 31 31 31 31 31 31 31 31 31;33 33 33 33 33 33 33 33 33 33 33 33 33 33 33 33 33 33 33;33 33 33 33 33 33 33 33 33 33 33 33 33 33 33 33 33 33 33;46 46 46 46 46 46 46 46 46 46 46 46 46 46 46 46 46 46 46;
d;3.000 11.243 3.000 19.626 3.000 6.619 3.000 19.090 3.000 20.556 3.000 8.543 3.000 13.972 3.000 6.741 3.000 22.098 3.000
S;3.6019904124486901 3.5338085942668718 3.0315877200338153 2.9634059018519969 2.8101990337138112 2.7420172155319928 2.4244708743288816 2.3562890561470633 2.1621219060107113 2.093940087828893 1.626769146349387 1.5585873281675688 1.1247229260352478 1.0565411078534297 0.90611828381519022 0.8379364656333721 0.39189187954522497 0.3237100613634068 0.068181818181818177 0;4.6167813913804236 4.535700310299343 3.9384646760762489 3.8573835949951678 3.6751916436957037 3.5941105626146226 3.216487886589301 3.1354068055082198 2.9045053296703958 2.8234242485893146 2.2678696154785505 2.1867885343974693 1.6708416778076824 1.5897605967266013 1.4108794005730192 1.3297983194919381 0.79936691981954677 0.71828583873846574 0.4144144144144144 0.33333333333333331;3.7145047079694025 3.656812400277095 3.2318562759260474 3.1741639682337399 3.0445273875014291 2.9868350798091217 2.7181420218680277 2.6604497141757202 2.4961544332911147 2.4384621255988073 2.0431636366546098 1.9854713289623021 1.6183552963887997 1.560662988696492 1.4333821375872124 1.3756898298949047 0.9982674878203186 0.94057518012801089 0.72435897435897434 0.66666666666666663;6.6602706481336531 6.5531277909907963 5.7639235600531364 5.6567807029102797 5.416027052978845 5.3088841958359883 4.8098828025168139 4.7027399453739571 4.3976201380168325 4.2904772808739757 3.5563515156918943 3.4492086585490371 2.7674217409125328 2.6602788837696756 2.4239001602810135 2.3167573031381563 1.6158300964282108 1.5086872392853536 1.1071428571428572 1;4.381171374636069 4.3234790669437615 3.8985229425927135 3.840830634900406 3.7111940541680952 3.6535017464757877 3.3848086885346937 3.3271163808423863 3.1628210999577808 3.1051287922654733 2.7098303033212758 2.6521379956289683 2.285021963055466 2.2273296553631585 2.1000488042538787 2.0423564965615713 1.6649341544869851 1.6072418467946774 1.391025641025641 1.3333333333333333;4.9684912114112985 4.9059912114112985 4.4456220766976635 4.3831220766976635 4.242682447570993 4.180182447570993 3.8890983014681413 3.8265983014681413 3.6486117471764854 3.5861117471764854 3.157871717486938 3.095371717486938 2.6976626821989771 2.6351626821989771 2.4972750934972576 2.4347750934972576 2.0259008895831228 1.963400889583123 1.7291666666666667 1.6666666666666667;5.1075995715243572 5.0487760421125927 4.615487444735054 4.5566639153232895 4.4244854408511296 4.3656619114393651 4.091700362166093 4.0328768327543285 3.8653600757739461 3.8065365463621816 3.4034871066543726 3.3446635772426081 2.970349191089233 2.9115256616774685 2.7817491076052616 2.7229255781934971 2.3381027980390172 2.2792792686272527 2.0588235294117645 2;5.6351578780779654 5.5726578780779654 5.1122887433643305 5.0497887433643305 4.90934911423766 4.84684911423766 4.5557649681348078 4.4932649681348078 4.3152784138431519 4.2527784138431519 3.8245383841536049 3.7620383841536049 3.3643293488656441 3.3018293488656441 3.1639417601639246 3.1014417601639246 2.6925675562497897 2.6300675562497897 2.3958333333333335 2.3333333333333335;0 0.068181818181818177 0.35780097045431591 0.42598278863613409 0.87202737472428127 0.94020919290609939 1.0906320169443389 1.158813835126157 1.592678237258478 1.6608600554402961 2.1280309969198021 2.1962128151016205 2.3903799652379725 2.4585617834197908 2.776108124622902 2.8442899428047204 2.9974968109429061 3.0656786291247244 3.5678995033577809 3.6360813215395993;0.33333333333333331 0.4144144144144144 0.7588263792790062 0.83990746036008734 1.3703388600324784 1.4514199411135595 1.6303011372671417 1.7113822183482228 2.2273290749380097 2.3084101560190908 2.863964789129855 2.9450458702109361 3.1759473460487602 3.2570284271298413 3.6346511031551629 3.7157321842362441 3.8979241355357082 3.9790052166167893 4.5762408508398833 4.657321931920964;0.66666666666666663 0.72435897435897434 0.96942133397416475 1.0271136416664723 1.4045359837410585 1.4622282914333662 1.5895091425426457 1.6472014502349535 2.0143174828084556 2.0720097905007631 2.4673082794449606 2.525000587137268 2.6892958680218735 2.746988175714181 3.015681233655275 3.0733735413475824 3.2030101220798932 3.2607024297722007 3.6856585541232483 3.7433508618155558;1 1.1071428571428572 1.5622586678567822 1.6694015249996395 2.3703287317095851 2.4774715888524423 2.7138503123411044 2.8209931694839616 3.502780087120466 3.6099229442633232 4.3440487094454046 4.4511915665882613 4.7563113739453859 4.8634542310882427 5.3624556244074171 5.4695984815502738 5.7103521314817085 5.8174949886245653 6.6066992195622252 6.7138420767050819;1.3333333333333333 1.391025641025641 1.6360880006408314 1.6937803083331391 2.071202650407725 2.1288949581000325 2.2561758092093123 2.3138681169016198 2.6809841494751221 2.7386764571674296 3.1339749461116271 3.1916672538039346 3.35596253468854 3.4136548423808475 3.6823479003219415 3.740040208014249 3.8696767887465597 3.9273690964388672 4.3523252207899148 4.4100175284822223;1.6666666666666667 1.7291666666666667 1.994650889583123 2.0571508895831228 2.4660250934972576 2.5285250934972576 2.6664126821989771 2.7289126821989771 3.126621717486938 3.189121717486938 3.6173617471764854 3.6798617471764854 3.8578483014681413 3.9203483014681413 4.211432447570993 4.273932447570993 4.4143720766976635 4.4768720766976635 4.9372412114112985 4.9997412114112985;2 2.0588235294117645 2.308691033333135 2.3675145627448995 2.7523373428993794 2.8111608723111439 2.9409374263833508 2.9997609557951153 3.3740753419484903 3.4328988713602548 3.8359483110680639 3.8947718404798284 4.0622885974602108 4.1211121268719753 4.3950736761452474 4.4538972055570119 4.5860756800291718 4.6448992094409363 5.0781878068184749 5.1370113362302394;2.3333333333333335 2.3958333333333335 2.6613175562497897 2.7238175562497897 3.1326917601639246 3.1951917601639246 3.3330793488656441 3.3955793488656441 3.7932883841536049 3.8557883841536049 4.2840284138431519 4.3465284138431519 4.5245149681348078 4.5870149681348078 4.87809911423766 4.94059911423766 5.0810387433643305 5.1435387433643305 5.6039078780779654 5.6664078780779654;
