m;4
n;8
P;19
P1;2 4 6 8 10 12 14 16 18
Q;20
M;100
h;1 1 1 1 1 1 1 1 1 1 1 1 1 1 1 1 1 1 1
Vmin;40 40 40 40 40 40 40 40 40 40 40 40 40 40 40 40 40 40 40;39 39 39 39 39 39 39 39 39 39 39 39 39 39 39 39 39 39 39;43 43 43 43 43 43 43 43 43 43 43 43 43 43 43 43 43 43 43;28 28 28 28 28 28 28 28 28 28 28 28 28 28 28 28 28 28 28;52 52 52 52 52 52 52 52 52 52 52 52 52 52 52 52 52 52 52;37 37 37 37 37 37 37 37 37 37 37 37 37 37 37 37 37 37 37;42 42 42 42 42 42 42 42 42 42 42 42 42 42 42 42 42 42 42;35 35 35 35 35 35 35 35 35 35 35 35 35 35 35 35 35 35 35;
Vmax;40 40 40 40 40 40 40 40 40 40 40 40 40 40 40 40 40 40 40;39 39 39 39 39 39 39 39 39 39 39 39 39 39 39 39 39 39 39;43 43 43 43 43 43 43 43 43 43 43 43 43 43 43 43 43 43 43;28 28 28 28 28 28 28 28 28 28 28 28 28 28 28 28 28 28 28;52 52 52 52 52 52 52 52 52 52 52 52 52 52 52 52 52 52 52;37 37 37 37 37 37 37 37 37 37 37 37 37 37 37 37 37 37 37;42 42 42 42 42 42 42 42 42 42 42 42 42 42 42 42 42 42 42;35 35 35 35 35 35 35 35 35 35 35 35 35 35 35 35 35 35 35;
d;3.000 11.968 3.000 4.807 3.000 8.479 3.000 3.076 3.000 5.259 3.000 28.459 3.000 14.791 3.000 32.883 3.000 17.390 3.000
S;3.9277746900313688 3.8527746900313686 3.4180317201927268 3.3430317201927267 2.5209595399210301 2.4459595399210299 2.0761840244246974 2.0011840244246972 1.2897210176123486 1.2147210176123486 1.0832566107578847 1.0082566107578848 0.93134454366931851 0.85634454366931856 0.64437049341227837 0.56937049341227841 0.44919945482580853 0.37419945482580852 0.074999999999999997 0;4.3618201949039674 4.2848971179808908 3.8390068925053606 3.7620838155822836 2.9189328614574666 2.8420097845343895 2.4627528455637919 2.3858297686407148 1.6561241206280499 1.5792010437049731 1.4443657546234716 1.3674426777003947 1.2885585063275062 1.2116354294044294 0.9942261470895164 0.91730307016643942 0.79405072289826517 0.71712764597518819 0.41025641025641024 0.33333333333333331;4.3204105643702642 4.2506431225097989 3.8462310575436209 3.7764636156831557 3.0117453084536705 2.9419778665932053 2.5980006428756868 2.5282332010152215 1.8664071481665254 1.7966397063060604 1.6743472348135358 1.6045797929530707 1.5330336840334742 1.4632662421730092 1.2660810791432044 1.1963136372827394 1.0845266246441627 1.0147591827836977 0.73643410852713176 0.66666666666666663;6.61110670004481 6.5039638429019533 5.8829024574181794 5.7757596002753226 4.6013707713157563 4.4942279141728996 3.965977177749568 3.8588343206067108 2.8424585965890699 2.7353157394462126 2.5475094439398358 2.4403665867969786 2.3304922052418839 2.2233493480990267 1.9205292763032551 1.8133864191603979 1.6417135068940123 1.5345706497511551 1.1071428571428572 1;0 0.074999999999999997 0.41169945482580855 0.48669945482580856 0.60687049341227839 0.68187049341227834 0.89384454366931854 0.96884454366931849 1.0457566107578848 1.1207566107578848 1.2522210176123487 1.3272210176123487 2.0386840244246969 2.113684024424697 2.4834595399210295 2.5584595399210297 3.3805317201927263 3.4555317201927265 3.8902746900313683 3.9652746900313685;0.33333333333333331 0.41025641025641024 0.75558918443672662 0.8325122613598035 0.95576460862797774 1.0326876855510547 1.2500969678659677 1.3270200447890446 1.4059042161619331 1.4828272930850099 1.6176625821665114 1.6945856590895882 2.4242913071022532 2.5012143840253303 2.8804713229959278 2.9573943999190049 3.8005453540438219 3.877468430966899 4.3233586564424291 4.4002817333655058;0.66666666666666663 0.73643410852713176 1.0496429037139303 1.1194103455743953 1.231197358212972 1.3009648000734371 1.4981499631032418 1.5679174049637068 1.6394635138833034 1.7092309557437684 1.8315234272362928 1.9012908690967578 2.5631169219454542 2.6328843638059194 2.9768615875234379 3.0466290293839031 3.8113473366133883 3.8811147784738536 4.2855268434400315 4.3552942853004968;1 1.1071428571428572 1.5881420783225837 1.6952849354654409 1.8669578477318265 1.9741007048746837 2.2769207766704556 2.3840636338133128 2.4939380153684074 2.6010808725112646 2.7888871680176415 2.8960300251604987 3.9124057491781397 4.0195486063209964 4.5477993427443284 4.6549421998871852 5.8293310288467515 5.9364738859896082 6.5575352714733821 6.6646781286162389;
