m;2
n;4
P;19
P1;2 4 6 8 10 12 14 16 18
Q;20
M;100
h;1 1 1 1 1 1 1 1 1 1 1 1 1 1 1 1 1 1 1
Vmin;40 40 40 40 40 40 40 40 40 40 40 40 40 40 40 40 40 40 40;48 48 48 48 48 48 48 48 48 48 48 48 48 48 48 48 48 48 48;52 52 52 52 52 52 52 52 52 52 52 52 52 52 52 52 52 52 52;42 42 42 42 42 42 42 42 42 42 42 42 42 42 42 42 42 42 42;
Vmax;40 40 40 40 40 40 40 40 40 40 40 40 40 40 40 40 40 40 40;48 48 48 48 48 48 48 48 48 48 48 48 48 48 48 48 48 48 48;52 52 52 52 52 52 52 52 52 52 52 52 52 52 52 52 52 52 52;42 42 42 42 42 42 42 42 42 42 42 42 42 42 42 42 42 42 42;
d;3.000 1.951 3.000 22.666 3.000 5.333 3.000 18.456 3.000 28.556 3.000 25.419 3.000 25.472 3.000 22.282 3.000 3.444 3.000
S;4.589507429966643 4.5145074299666428 4.428411515481165 4.3534115154811648 3.7963508565622828 3.7213508565622826 3.0845479016842186 3.0095479016842184 2.3740682779759208 2.2990682779759206 1.5851586902409662 1.5101586902409663 1.0487573906183598 0.97375739061835986 0.8404352544528193 0.76543525445281935 0.19878146506246391 0.12378146506246393 0.074999999999999997 0;4.1579228583055343 4.0954228583055343 4.0236762629009695 3.9611762629009695 3.4969590471352348 3.4344590471352348 2.9037899180701818 2.8412899180701818 2.3117235649799337 2.2492235649799337 1.6542989085341386 1.5917989085341386 1.2072978255153 1.1447978255153 1.0336960453773494 0.97119604537734938 0.4989845542187199 0.4364845542187199 0.39583333333333331 0.33333333333333331;0 0.074999999999999997 0.16128146506246394 0.23628146506246395 0.80293525445281944 0.87793525445281939 1.01125739061836 1.0862573906183599 1.5476586902409664 1.6226586902409663 2.3365682779759207 2.4115682779759209 3.0470479016842185 3.1220479016842186 3.7588508565622822 3.8338508565622824 4.3909115154811644 4.4659115154811646 4.5520074299666424 4.6270074299666426;0.33333333333333331 0.39583333333333331 0.4677345542187199 0.5302345542187199 1.0024460453773494 1.0649460453773494 1.1760478255153 1.2385478255153 1.6230489085341386 1.6855489085341386 2.2804735649799337 2.3429735649799337 2.8725399180701818 2.9350399180701818 3.4657090471352348 3.5282090471352348 3.9924262629009695 4.0549262629009695 4.1266728583055343 4.1891728583055343;
