m;7
n;14
P;19
P1;2 4 6 8 10 12 14 16 18
Q;20
M;100
h;1 1 1 1 1 1 1 1 1 1 1 1 1 1 1 1 1 1 1
Vmin;52 52 52 52 52 52 52 52 52 52 52 52 52 52 52 52 52 52 52;50 50 50 50 50 50 50 50 50 50 50 50 50 50 50 50 50 50 50;48 48 48 48 48 48 48 48 48 48 48 48 48 48 48 48 48 48 48;41 41 41 41 41 41 41 41 41 41 41 41 41 41 41 41 41 41 41;44 44 44 44 44 44 44 44 44 44 44 44 44 44 44 44 44 44 44;44 44 44 44 44 44 44 44 44 44 44 44 44 44 44 44 44 44 44;28 28 28 28 28 28 28 28 28 28 28 28 28 28 28 28 28 28 28;45 45 45 45 45 45 45 45 45 45 45 45 45 45 45 45 45 45 45;39 39 39 39 39 39 39 39 39 39 39 39 39 39 39 39 39 39 39;50 50 50 50 50 50 50 50 50 50 50 50 50 50 50 50 50 50 50;46 46 46 46 46 46 46 46 46 46 46 46 46 46 46 46 46 46 46;44 44 44 44 44 44 44 44 44 44 44 44 44 44 44 44 44 44 44;40 40 40 40 40 40 40 40 40 40 40 40 40 40 40 40 40 40 40;43 43 43 43 43 43 43 43 43 43 43 43 43 43 43 43 43 43 43;
Vmax;52 52 52 52 52 52 52 52 52 52 52 52 52 52 52 52 52 52 52;50 50 50 50 50 50 50 50 50 50 50 50 50 50 50 50 50 50 50;48 48 48 48 48 48 48 48 48 48 48 48 48 48 48 48 48 48 48;41 41 41 41 41 41 41 41 41 41 41 41 41 41 41 41 41 41 41;44 44 44 44 44 44 44 44 44 44 44 44 44 44 44 44 44 44 44;44 44 44 44 44 44 44 44 44 44 44 44 44 44 44 44 44 44 44;28 28 28 28 28 28 28 28 28 28 28 28 28 28 28 28 28 28 28;45 45 45 45 45 45 45 45 45 45 45 45 45 45 45 45 45 45 45;39 39 39 39 39 39 39 39 39 39 39 39 39 39 39 39 39 39 39;50 50 50 50 50 50 50 50 50 50 50 50 50 50 50 50 50 50 50;46 46 46 46 46 46 46 46 46 46 46 46 46 46 46 46 46 46 46;44 44 44 44 44 44 44 44 44 44 44 44 44 44 44 44 44 44 44;40 40 40 40 40 40 40 40 40 40 40 40 40 40 40 40 40 40 40;43 43 43 43 43 43 43 43 43 43 43 43 43 43 43 43 43 43 43;
d;3.000 22.434 3.000 3.988 3.000 25.400 3.000 4.976 3.000 5.829 3.000 4.794 3.000 12.227 3.000 4.519 3.000 29.500 3.000
S;2.7628184544466028 2.7051261467542953 2.1378260502232282 2.0801337425309208 1.9932267091996265 1.9355344015073188 1.7003965867791471 1.6427042790868394 1.5505213795056298 1.4928290718133221 1.3807279180530954 1.3230356103607877 1.2273462321033284 1.1696539244110207 0.68118601196607353 0.62349370427376583 0.54680258028895345 0.4891102725966458 0.057692307692307696 0;3.2066645259578008 3.1466645259578008 2.5566724255654911 2.4966724255654911 2.406289110900945 2.3462891109009449 2.1017457835836462 2.0417457835836461 1.9458755680191882 1.8858755680191881 1.7692903681085523 1.7092903681085523 1.6097734147207947 1.5497734147207947 1.0417667857780497 0.98176678577804966 0.90200801683384491 0.84200801683384485 0.39333333333333331 0.33333333333333331;3.6597199923171537 3.5972199923171537 2.9826448877418312 2.9201448877418312 2.8259956016329291 2.7634956016329291 2.5087629690107427 2.4462629690107427 2.3463981611310989 2.2838981611310989 2.16245524455752 2.09995524455752 1.9962917514452725 1.9337917514452725 1.4046181796299129 1.3421181796299129 1.2590361286463663 1.1965361286463663 0.72916666666666663 0.66666666666666663;4.5040624300298395 4.4308916983225224 3.7113891368684859 3.6382184051611688 3.5279948506922101 3.4548241189848929 3.1566005490857481 3.0834298173784309 2.9665149203486041 2.893344188641287 2.7511671155795359 2.6779963838722187 2.5566342455944655 2.4834635138871484 1.8639432346886788 1.7907725029813617 1.6935057115859899 1.6203349798786728 1.0731707317073171 1;4.5984824158611382 4.5303005976793198 3.8598550290516953 3.791673210869877 3.6889648987510748 3.6207830805692565 3.3428929358905077 3.2747111177086894 3.1657676909308963 3.0975858727490779 2.9651026910324463 2.8969208728506279 2.7838334258190853 2.715651607637267 2.1383713474750565 2.0701895292932382 1.9795545645839145 1.9113727464020964 1.4015151515151514 1.3333333333333333;4.9318157491944721 4.8636339310126537 4.1931883623850288 4.1250065442032104 4.0222982320844078 3.9541164139025895 3.6762262692238412 3.6080444510420229 3.4991010242642298 3.4309192060824114 3.2984360243657798 3.2302542061839614 3.1171667591524188 3.0489849409706005 2.47170468080839 2.4035228626265717 2.312887897917248 2.2447060797354297 1.7348484848484849 1.6666666666666667;7.1309485582579741 7.0238057011151174 5.9702483789859935 5.8631055218431367 5.7017067456564474 5.5945638885135907 5.1578793754469858 5.0507365183041291 4.8795397047961684 4.7723968476533116 4.5642089906700338 4.4570661335271771 4.2793572881918953 4.1722144310490386 3.2650597365084226 3.1579168793655654 3.0154905062509139 2.9083476491080567 2.1071428571428572 2;0 0.057692307692307696 0.5179564264427996 0.57564873413510731 0.65233985811991957 0.71003216581222728 1.1985000782571744 1.2561923859494821 1.3518817642069414 1.4095740718992491 1.5216752256594759 1.5793675333517836 1.6715504329329931 1.7292427406253008 1.9643805553534726 2.0220728630457803 2.1089798963770745 2.166672204069382 2.733972300600449 2.7916646082927565;0.33333333333333331 0.39333333333333331 0.87200801683384488 0.93200801683384493 1.0117667857780497 1.0717667857780497 1.5797734147207949 1.639773414720795 1.7392903681085525 1.7992903681085526 1.9158755680191883 1.9758755680191884 2.0717457835836464 2.1317457835836464 2.3762891109009452 2.4362891109009452 2.5266724255654913 2.5866724255654914 3.176664525957801 3.2366645259578011;0.66666666666666663 0.72916666666666663 1.2277861286463663 1.2902861286463663 1.3733681796299129 1.4358681796299129 1.9650417514452725 2.0275417514452725 2.13120524455752 2.19370524455752 2.3151481611310989 2.3776481611310989 2.4775129690107427 2.5400129690107427 2.7947456016329291 2.8572456016329291 2.9513948877418312 3.0138948877418312 3.6284699923171537 3.6909699923171537;1 1.0731707317073171 1.6569203457323312 1.7300910774396483 1.82735786883502 1.9005286005423372 2.5200488797408069 2.5932196114481241 2.7145817497258773 2.7877524814331944 2.9299295544949455 3.0031002862022627 3.1200151832320895 3.1931859149394066 3.4914094848385515 3.5645802165458687 3.6748037710148274 3.7479745027221445 4.4674770641761805 4.5406477958834977;1.3333333333333333 1.4015151515151514 1.9454636554930054 2.0136454736748237 2.1042804383841474 2.1724622565659657 2.7497425167281762 2.8179243349099945 2.9310117819415371 2.9991936001233555 3.1316767818399871 3.1998586000218054 3.3088020267995986 3.3769838449814169 3.6548739896601656 3.723055807841984 3.8257641199607861 3.8939459381426045 4.564391506770229 4.6325733249520473;1.6666666666666667 1.7348484848484849 2.2787969888263389 2.3469788070081572 2.4376137717174808 2.5057955898992992 3.0830758500615096 3.151257668243328 3.2643451152748706 3.3325269334566889 3.4650101151733206 3.5331919333551389 3.642135360132932 3.7103171783147504 3.9882073229934987 4.056389141175317 4.1590974532941196 4.227279271475938 4.897724840103562 4.9659066582853804;2 2.1071428571428572 2.961919077679485 3.0690619348223422 3.2114883079369938 3.318631165079851 4.2257858596204674 4.3329287167633241 4.5106375620986059 4.6177804192414627 4.8259682762247404 4.9331111333675972 5.1043079468755579 5.2114508040184147 5.6481353170850195 5.7552781742278762 5.9166769504145655 6.0238198075574223 7.0773771296865462 7.184519986829403;
