m;6
n;12
P;19
P1;2 4 6 8 10 12 14 16 18
Q;20
M;100
h;1 1 1 1 1 1 1 1 1 1 1 1 1 1 1 1 1 1 1
Vmin;52 52 52 52 52 52 52 52 52 52 52 52 52 52 52 52 52 52 52;52 52 52 52 52 52 52 52 52 52 52 52 52 52 52 52 52 52 52;42 42 42 42 42 42 42 42 42 42 42 42 42 42 42 42 42 42 42;48 48 48 48 48 48 48 48 48 48 48 48 48 48 48 48 48 48 48;28 28 28 28 28 28 28 28 28 28 28 28 28 28 28 28 28 28 28;31 31 31 31 31 31 31 31 31 31 31 31 31 31 31 31 31 31 31;51 51 51 51 51 51 51 51 51 51 51 51 51 51 51 51 51 51 51;40 40 40 40 40 40 40 40 40 40 40 40 40 40 40 40 40 40 40;50 50 50 50 50 50 50 50 50 50 50 50 50 50 50 50 50 50 50;51 51 51 51 51 51 51 51 51 51 51 51 51 51 51 51 51 51 51;51 51 51 51 51 51 51 51 51 51 51 51 51 51 51 51 51 51 51;41 41 41 41 41 41 41 41 41 41 41 41 41 41 41 41 41 41 41;
Vmax;52 52 52 52 52 52 52 52 52 52 52 52 52 52 52 52 52 52 52;52 52 52 52 52 52 52 52 52 52 52 52 52 52 52 52 52 52 52;42 42 42 42 42 42 42 42 42 42 42 42 42 42 42 42 42 42 42;48 48 48 48 48 48 48 48 48 48 48 48 48 48 48 48 48 48 48;28 28 28 28 28 28 28 28 28 28 28 28 28 28 28 28 28 28 28;31 31 31 31 31 31 31 31 31 31 31 31 31 31 31 31 31 31 31;51 51 51 51 51 51 51 51 51 51 51 51 51 51 51 51 51 51 51;40 40 40 40 40 40 40 40 40 40 40 40 40 40 40 40 40 40 40;50 50 50 50 50 50 50 50 50 50 50 50 50 50 50 50 50 50 50;51 51 51 51 51 51 51 51 51 51 51 51 51 51 51 51 51 51 51;51 51 51 51 51 51 51 51 51 51 51 51 51 51 51 51 51 51 51;41 41 41 41 41 41 41 41 41 41 41 41 41 41 41 41 41 41 41;
d;3.000 8.149 3.000 23.458 3.000 5.335 3.000 33.557 3.000 3.017 3.000 12.925 3.000 16.895 3.000 28.295 3.000 4.310 3.000
S;3.1911618354811799 3.1334695277888724 3.0505916837894604 2.992899376097153 2.448756029867682 2.3910637221753746 2.0661622588675224 2.0084699511752149 1.7599159481718929 1.7022236404795852 1.6442110348133652 1.5865187271210575 0.94118313405541576 0.88349082636310805 0.78088969423657151 0.7231973865442638 0.2720900042900134 0.21439769659770569 0.057692307692307696 0;3.5244951688145121 3.4668028611222046 3.3839250171227926 3.3262327094304851 2.7820893632010146 2.7243970555087071 2.399495592200855 2.3418032845085475 2.0932492815052255 2.035556973812918 1.9775443681466982 1.9198520604543905 1.274516467388749 1.2168241596964413 1.1142230275699048 1.0565307198775971 0.60542333762334677 0.54773102993103906 0.39102564102564102 0.33333333333333331;4.6176289391671759 4.5462003677386047 4.4435897037393328 4.3721611323107616 3.6984598465028458 3.6270312750742741 3.2247723205026477 3.1533437490740761 2.8456102215461536 2.774181650117582 2.7023565192927381 2.6309279478641665 1.8319410231162292 1.7605124516876578 1.6334824785786124 1.562053907150041 1.0035400053114452 0.93211143388287365 0.73809523809523803 0.66666666666666663;4.457091988437945 4.394591988437945 4.3048076574385821 4.2423076574385821 3.6528190323566556 3.5903190323566556 3.2383424471064823 3.1758424471064823 2.9065756105195502 2.8440756105195502 2.7812286210478119 2.7187286210478119 2.0196150618933668 1.957115061893367 1.8459638354229524 1.7834638354229524 1.2947641713141811 1.2322641713141811 1.0625 1;7.2597767420840942 7.1526338849412374 6.9987178889423287 6.891575031799472 5.8810231030875979 5.7738802459447411 5.1704918140873017 5.063348956944445 4.6017486656525612 4.4946058085097045 4.3868681122724391 4.2797252551295824 3.0812448680076767 2.9741020108648195 2.7835570512012517 2.6764141940583945 1.838643341300501 1.7315004841576438 1.4404761904761905 1.3333333333333333;7.0195832939254199 6.9228091003770329 6.783788200765116 6.687014007216729 5.7742574264447137 5.6774832328963267 5.1324872299283166 5.0357130363799296 4.6187837410195183 4.5220095474711313 4.4246980799019884 4.3279238863536014 3.2454254721789768 3.1486512786305898 2.9765461537731737 2.8797719602247867 2.1230757061208827 2.0263015125724957 1.7634408602150538 1.6666666666666667;0 0.057692307692307696 0.24324385044385954 0.30093615813616725 0.75204354039041754 0.80973584808272525 0.91233698020926179 0.9700292879015695 1.6153648809672112 1.6730571886595189 1.7310697943257389 1.7887621020180466 2.0373161050213686 2.0950084127136761 2.4199098760215283 2.4776021837138358 3.0217455299433063 3.0794378376356137 3.1623156816350257 3.2200079893273332;0.33333333333333331 0.39102564102564102 0.57657718377719291 0.63426949146950062 1.085376873723751 1.1430691814160587 1.2456703135425953 1.303362621234903 1.9486982143005447 2.0063905219928522 2.0644031276590722 2.1220954353513797 2.3706494383547017 2.4283417460470091 2.7532432093548613 2.8109355170471688 3.3550788632766393 3.4127711709689468 3.4956490149683588 3.5533413226606663;0.66666666666666663 0.73809523809523803 0.96782571959715935 1.0392542910257307 1.5977681928643266 1.669196764292898 1.7962267374019434 1.8676553088305148 2.6666422335784521 2.7380708050070237 2.8098959358318676 2.8813245072604392 3.1890580347883617 3.2604866062169333 3.6627455607885597 3.7341741322171313 4.4078754180250472 4.4793039894536184 4.5819146534528903 4.6533432248814615;1 1.0625 1.2635141713141811 1.3260141713141811 1.8147138354229524 1.8772138354229524 1.988365061893367 2.0508650618933668 2.7499786210478119 2.8124786210478119 2.8753256105195502 2.9378256105195502 3.2070924471064823 3.2695924471064823 3.6215690323566556 3.6840690323566556 4.2735576574385821 4.3360576574385821 4.425841988437945 4.488341988437945;1.3333333333333333 1.4404761904761905 1.7850719127290724 1.8922147698719296 2.7299856226298234 2.8371284797726806 3.0276734394362483 3.1348162965791055 4.3332966837010112 4.4404395408438679 4.5481772370811333 4.6553200942239901 5.1169203855158738 5.2240632426587306 5.82745167451617 5.9345945316590267 6.9451464603709008 7.0522893175137575 7.2062053135126662 7.313348170655523;1.6666666666666667 1.7634408602150538 2.0746886093466892 2.1714628028950762 2.9281590569989802 3.0249332505473672 3.1970383754047833 3.2938125689531703 4.3763109831277944 4.4730851766761814 4.5703966442453243 4.6671708377937113 5.0841001331541218 5.1808743267025088 5.7258703296705189 5.8226445232189059 6.7354011039909212 6.8321752975393082 6.9711961971512251 7.0679703906996121;
