m;1
n;2
P;19
P1;2 4 6 8 10 12 14 16 18
Q;20
M;100
h;1 1 1 1 1 1 1 1 1 1 1 1 1 1 1 1 1 1 1
Vmin;50 50 50 50 50 50 50 50 50 50 50 50 50 50 50 50 50 50 50;52 52 52 52 52 52 52 52 52 52 52 52 52 52 52 52 52 52 52;
Vmax;50 50 50 50 50 50 50 50 50 50 50 50 50 50 50 50 50 50 50;52 52 52 52 52 52 52 52 52 52 52 52 52 52 52 52 52 52 52;
d;3.000 12.812 3.000 19.774 3.000 11.494 3.000 19.132 3.000 21.010 3.000 15.148 3.000 3.356 3.000 4.839 3.000 38.448 3.000
S;3.5202441641598079 3.4602441641598078 2.6912844461256165 2.6312844461256164 2.5345123244075536 2.4745123244075535 2.4073958382976262 2.3473958382976261 2.0444272433350945 1.9844272433350945 1.5642324764543076 1.5042324764543076 1.1215983977623138 1.0615983977623138 0.83172167059588809 0.77172167059588803 0.37623840758125238 0.31623840758125238 0.059999999999999998 0;0 0.059999999999999998 0.34623840758125241 0.4062384075812524 0.80172167059588806 0.86172167059588811 1.091598397762314 1.1515983977623141 1.5342324764543078 1.5942324764543079 2.0144272433350947 2.0744272433350948 2.3773958382976264 2.4373958382976264 2.5045123244075538 2.5645123244075538 2.6612844461256167 2.7212844461256167 3.4902441641598081 3.5502441641598081;
