m;5
n;10
P;19
P1;2 4 6 8 10 12 14 16 18
Q;20
M;100
h;1 1 1 1 1 1 1 1 1 1 1 1 1 1 1 1 1 1 1
Vmin;52 52 52 52 52 52 52 52 52 52 52 52 52 52 52 52 52 52 52;48 48 48 48 48 48 48 48 48 48 48 48 48 48 48 48 48 48 48;49 49 49 49 49 49 49 49 49 49 49 49 49 49 49 49 49 49 49;50 50 50 50 50 50 50 50 50 50 50 50 50 50 50 50 50 50 50;46 46 46 46 46 46 46 46 46 46 46 46 46 46 46 46 46 46 46;40 40 40 40 40 40 40 40 40 40 40 40 40 40 40 40 40 40 40;40 40 40 40 40 40 40 40 40 40 40 40 40 40 40 40 40 40 40;28 28 28 28 28 28 28 28 28 28 28 28 28 28 28 28 28 28 28;40 40 40 40 40 40 40 40 40 40 40 40 40 40 40 40 40 40 40;40 40 40 40 40 40 40 40 40 40 40 40 40 40 40 40 40 40 40;
Vmax;52 52 52 52 52 52 52 52 52 52 52 52 52 52 52 52 52 52 52;48 48 48 48 48 48 48 48 48 48 48 48 48 48 48 48 48 48 48;49 49 49 49 49 49 49 49 49 49 49 49 49 49 49 49 49 49 49;50 50 50 50 50 50 50 50 50 50 50 50 50 50 50 50 50 50 50;46 46 46 46 46 46 46 46 46 46 46 46 46 46 46 46 46 46 46;40 40 40 40 40 40 40 40 40 40 40 40 40 40 40 40 40 40 40;40 40 40 40 40 40 40 40 40 40 40 40 40 40 40 40 40 40 40;28 28 28 28 28 28 28 28 28 28 28 28 28 28 28 28 28 28 28;40 40 40 40 40 40 40 40 40 40 40 40 40 40 40 40 40 40 40;40 40 40 40 40 40 40 40 40 40 40 40 40 40 40 40 40 40 40;
d;3.000 35.902 3.000 48.861 3.000 7.564 3.000 4.421 3.000 5.330 3.000 20.499 3.000 5.822 3.000 10.366 3.000 25.898 3.000
S;3.7435079054626117 3.6858155977703042 3.1877753241388427 3.1300830164465352 2.9307401935808408 2.8730478858885333 2.761081048817978 2.7033887411256705 2.3091813154386602 2.2514890077463527 2.1489939958227851 2.0913016881304776 2.0062901245436091 1.9485978168513016 1.8031381496268237 1.745445841934516 0.80581139148581882 0.74811908379351111 0.057692307692307696 0;4.3888002309178313 4.3263002309178313 3.7867566011504148 3.7242566011504148 3.508301876379246 3.445801876379246 3.324504469552811 3.262004469552811 2.8349464250585497 2.7724464250585497 2.6614101621413511 2.5989101621413511 2.5068143015889102 2.4443143015889102 2.2867329954290589 2.2242329954290589 1.2062956741096371 1.1437956741096371 0.39583333333333331 0.33333333333333331;4.6393689336882158 4.5781444438922971 4.04961190860993 3.9883874188140114 3.7768399333238865 3.7156154435279682 3.5967934939837054 3.5355690041877872 3.1172264299893273 3.0560019401934091 2.9472317234581942 2.886007233662276 2.795790880468048 2.7345663906721298 2.580201029535949 2.5189765397400308 1.5218134494679438 1.4605889596720254 0.72789115646258495 0.66666666666666663;4.8932482216811168 4.8332482216811172 4.3152863371043972 4.2552863371043976 4.0479698013240757 3.9879698013240761 3.8715242907706986 3.8115242907706985 3.4015485680562079 3.3415485680562078 3.2349537556556975 3.1749537556556975 3.0865417295253543 3.0265417295253543 2.875263675611897 2.8152636756118969 1.8380438471452516 1.7780438471452515 1.0600000000000001 1;5.565124878638894 5.4999074873345464 4.9369054388815901 4.8716880475772424 4.6463439869464578 4.5811265956421101 4.454555388518874 4.3893379972145263 3.9437122116552974 3.8784948203509497 3.7626308938286557 3.697413502524308 3.6013134741217607 3.5360960828174131 3.3716634155201772 3.3064460242158296 2.2442505584912151 2.1790331671868675 1.3985507246376812 1.3333333333333333;0 0.057692307692307696 0.77696523763966496 0.83465754533197267 1.77429199578067 1.8319843034729777 1.9774439706974556 2.0351362783897633 2.1201478419766318 2.1778401496689392 2.2803351615925069 2.3380274692848144 2.7322348949718247 2.7899272026641322 2.9018940397346875 2.959586347426995 3.1589291702926894 3.2166214779849969 3.7146617516164584 3.7723540593087659;0.33333333333333331 0.39583333333333331 1.1750456741096371 1.2375456741096371 2.2554829954290589 2.3179829954290589 2.4755643015889102 2.5380643015889102 2.6301601621413511 2.6926601621413511 2.8036964250585497 2.8661964250585497 3.293254469552811 3.355754469552811 3.477051876379246 3.539551876379246 3.7555066011504148 3.8180066011504148 4.3575502309178313 4.4200502309178313;0.66666666666666663 0.72789115646258495 1.4912012045699845 1.5524256943659029 2.5495887846379901 2.6108132744339083 2.7651786355700891 2.8264031253660074 2.9166194785602353 2.9778439683561535 3.0866141850913684 3.1478386748872866 3.5661812490857465 3.6274057388816647 3.7462276884259276 3.8074521782218458 4.0189996637119707 4.0802241535078894 4.6087566887902565 4.6699811785861751;1 1.0600000000000001 1.8080438471452516 1.8680438471452516 2.8452636756118967 2.9052636756118968 3.0565417295253541 3.1165417295253541 3.2049537556556973 3.2649537556556973 3.3715485680562076 3.4315485680562077 3.8415242907706983 3.9015242907706984 4.0179698013240754 4.077969801324075 4.285286337104397 4.3452863371043966 4.8632482216811166 4.9232482216811162;1.3333333333333333 1.3985507246376812 2.2116418628390413 2.276859254143389 3.3390547198680034 3.4042721111723511 3.5687047784695869 3.6339221697739346 3.7300221981764818 3.7952395894808295 3.9111035160031236 3.9763209073074712 4.4219466928667002 4.4871640841710478 4.6137352912942839 4.6789526825986316 4.9042967432294162 4.9695141345337639 5.5325161829867202 5.5977335742910679;
