m;4
n;8
P;9
P1;2 4 6 8
Q;10
M;100
h;1 1 1 1 1 1 1 1 1
Vmin;40 40 40 40 40 40 40 40 40;40 40 40 40 40 40 40 40 40;40 40 40 40 40 40 40 40 40;40 40 40 40 40 40 40 40 40;40 40 40 40 40 40 40 40 40;40 40 40 40 40 40 40 40 40;40 40 40 40 40 40 40 40 40;40 40 40 40 40 40 40 40 40;
Vmax;40 40 40 40 40 40 40 40 40;40 40 40 40 40 40 40 40 40;40 40 40 40 40 40 40 40 40;40 40 40 40 40 40 40 40 40;40 40 40 40 40 40 40 40 40;40 40 40 40 40 40 40 40 40;40 40 40 40 40 40 40 40 40;40 40 40 40 40 40 40 40 40;
d;3 36.25 3 36.25 3 36.25 3 36.25 3
S;4 3.9250000000000003 3.0187500000000003 2.9437500000000001 2.0375000000000001 1.9624999999999999 1.0562499999999999 0.98124999999999996 0.074999999999999997 0;5 4.9249999999999998 4.0187499999999998 3.9437500000000001 3.0375000000000001 2.9624999999999999 2.0562499999999999 1.98125 1.075 1;6.0000000000000009 5.9250000000000007 5.0187500000000007 4.9437500000000005 4.0375000000000005 3.9625000000000004 3.0562500000000004 2.9812500000000002 2.0750000000000002 2;7.0000000000000009 6.9250000000000007 6.0187500000000007 5.9437500000000005 5.0375000000000005 4.9625000000000004 4.0562500000000004 3.9812500000000002 3.0750000000000002 3;0 0.074999999999999997 0.98124999999999996 1.0562499999999999 1.9624999999999999 2.0375000000000001 2.9437500000000001 3.0187500000000003 3.9250000000000003 4;1 1.075 1.98125 2.0562499999999999 2.9624999999999999 3.0375000000000001 3.9437500000000001 4.0187499999999998 4.9249999999999998 5;2 2.0750000000000002 2.9812500000000002 3.0562500000000004 3.9625000000000004 4.0375000000000005 4.9437500000000005 5.0187500000000007 5.9250000000000007 6.0000000000000009;3 3.0750000000000002 3.9812500000000002 4.0562500000000004 4.9625000000000004 5.0375000000000005 5.9437500000000005 6.0187500000000007 6.9250000000000007 7.0000000000000009;
