m;8
n;16
P;9
P1;2 4 6 8
Q;10
M;100
h;1 1 1 1 1 1 1 1 1
Vmin;52 52 52 52 52 52 52 52 52;52 52 52 52 52 52 52 52 52;28 28 28 28 28 28 28 28 28;42 42 42 42 42 42 42 42 42;28 28 28 28 28 28 28 28 28;50 50 50 50 50 50 50 50 50;47 47 47 47 47 47 47 47 47;31 31 31 31 31 31 31 31 31;42 42 42 42 42 42 42 42 42;49 49 49 49 49 49 49 49 49;51 51 51 51 51 51 51 51 51;45 45 45 45 45 45 45 45 45;50 50 50 50 50 50 50 50 50;47 47 47 47 47 47 47 47 47;49 49 49 49 49 49 49 49 49;41 41 41 41 41 41 41 41 41;
Vmax;52 52 52 52 52 52 52 52 52;52 52 52 52 52 52 52 52 52;28 28 28 28 28 28 28 28 28;42 42 42 42 42 42 42 42 42;28 28 28 28 28 28 28 28 28;50 50 50 50 50 50 50 50 50;47 47 47 47 47 47 47 47 47;31 31 31 31 31 31 31 31 31;42 42 42 42 42 42 42 42 42;49 49 49 49 49 49 49 49 49;51 51 51 51 51 51 51 51 51;45 45 45 45 45 45 45 45 45;50 50 50 50 50 50 50 50 50;47 47 47 47 47 47 47 47 47;49 49 49 49 49 49 49 49 49;41 41 41 41 41 41 41 41 41;
d;3.000 5.602 3.000 25.761 3.000 18.527 3.000 36.426 3.000
S;0.99781756276647304 0.99685602430493458 0.98518117027344698 0.98421963181190852 0.97828158374040031 0.97732004527886185 0.96906341215607661 0.96810187369453815 0.96630638154104043 0.96534484307950197;1.2569416503923418 1.2559801119308034 1.2443052578993159 1.2433437194377774 1.2374056713662691 1.2364441329047307 1.2281874997819455 1.2272259613204071 1.2254304691669093 1.2244689307053709;1.5838019358490427 1.5820162215633284 1.5603343497905657 1.5585486355048515 1.547520831943479 1.5457351176577645 1.530401370429735 1.5286156561440205 1.5252811707160963 1.523495456430382;1.6910509739255912 1.689860497735115 1.6754059165532733 1.6742154403627971 1.6668635713218822 1.665673095131406 1.655450596979386 1.6542601207889098 1.652037130503627 1.650846654313151;2.167482827192643 2.1656971129069285 2.1440152411341655 2.1422295268484515 2.131201723287079 2.1294160090013645 2.1140822617733348 2.1122965474876207 2.1089620620596965 2.107176347773982;3.6547258570332071 3.6537258570332072 3.6415840088404599 3.64058400884046 3.6344084388460915 3.6334084388460912 3.6248215403983948 3.6238215403983949 3.6219542285587574 3.6209542285587575;3.728298376515927 3.7272345467286927 3.7143176869491743 3.71325385716194 3.7066841018487819 3.7056202720615476 3.6964852737129346 3.6954214439257003 3.693434941968639 3.6923711121814047;4.3375731229583367 4.33596021973253 4.3163765936151952 4.3147636903893885 4.3048030936242778 4.3031901903984711 4.2893403541925084 4.2877274509667016 4.2847156576769638 4.2831027544511562;5.4153895844783717 5.4163511229399104 5.4186273843241777 5.4195889227857164 5.4278455559085019 5.4288070943700406 5.4347451424415478 5.4357066809030865 5.4473815349345749 5.4483430733961136;5.9316525928463575 5.9326141313078962 5.9348903926921635 5.9358519311537021 5.9441085642764877 5.9450701027380264 5.9510081508095336 5.9519696892710723 5.9636445433025607 5.9646060817640993;6.1202726480760106 6.1220583623617246 6.1262857049325055 6.1280714192182195 6.1434051664462492 6.1451908807319633 6.1562186842933357 6.1580043985790498 6.1796862703518123 6.1814719846375263;6.4286626724999092 6.4298531486903849 6.4326713770709061 6.4338618532613818 6.4440843514134025 6.4452748276038783 6.4526266966447929 6.4538171728352687 6.4682717540171106 6.4694622302075864;6.5627037118288625 6.5644894261145765 6.5687167686853583 6.5705024829710714 6.585836230199102 6.5876219444848152 6.5986497480461876 6.6004354623319017 6.6221173341046642 6.6239030483903782;7.406511072788911 7.4075110727889104 7.4098783846285476 7.410878384628548 7.4194652830762449 7.4204652830762443 7.4266408530706132 7.4276408530706135 7.4397827012633604 7.4407827012633607;8.1919003061193614 8.1929641359065961 8.1954825527572748 8.1965463825445077 8.2056813808931217 8.2067452106803565 8.2133149659935132 8.2143787957807479 8.2272956555602654 8.2283594853475002;9.1155301456213067 9.1171430488471135 9.1209612937497546 9.1225741969755614 9.1364240331815232 9.1380369364073299 9.1479975331724397 9.1496104363982464 9.1691940625155812 9.170806965741388;
