m;4
n;8
P;9
P1;2 4 6 8
Q;10
M;100
h;1 1 1 1 1 1 1 1 1
Vmin;47 47 47 47 47 47 47 47 47;28 28 28 28 28 28 28 28 28;50 50 50 50 50 50 50 50 50;52 52 52 52 52 52 52 52 52;35 35 35 35 35 35 35 35 35;37 37 37 37 37 37 37 37 37;52 52 52 52 52 52 52 52 52;40 40 40 40 40 40 40 40 40;
Vmax;47 47 47 47 47 47 47 47 47;28 28 28 28 28 28 28 28 28;50 50 50 50 50 50 50 50 50;52 52 52 52 52 52 52 52 52;35 35 35 35 35 35 35 35 35;37 37 37 37 37 37 37 37 37;52 52 52 52 52 52 52 52 52;40 40 40 40 40 40 40 40 40;
d;3.000 4.823 3.000 3.136 3.000 3.513 3.000 20.217 3.000
S;2.4349483919698383 2.433884562182604 2.4267153670834269 2.4256515372961927 2.424405626535711 2.4233417967484767 2.4222297223363132 2.4211658925490789 2.4194554741672669 2.4183916443800326;3.2649019194342475 3.2631162051485334 3.2510821990892009 3.2492964848034864 3.2472051345983926 3.245419420312678 3.2435527239779751 3.2417670096922606 3.2388959502656482 3.2371102359799337;4.8007541167497818 4.7997541167497815 4.7930150733565551 4.7920150733565547 4.7908439172417019 4.7898439172417016 4.7887985672942683 4.7877985672942689 4.786190774015366 4.7851907740153656;5.097839274822042 5.0968777363605033 5.0903978869439408 5.0894363484824021 5.0883102368335047 5.087348698371966 5.0863435541917417 5.085382015730203 5.0838360606543347 5.082874522192796;5.6533142667824867 5.6543780965697206 5.6566204298451499 5.6576842596323846 5.6587963340445482 5.659860163831782 5.6611060745922641 5.662169904379498 5.669339099478675 5.6704029292659088;6.4716000502070772 6.4733857644927912 6.4771496810622606 6.4789353953479747 6.4808020916826772 6.4825878059683912 6.4846791561734847 6.4864648704591987 6.4984988765185303 6.5002845908042444;7.3946542301526925 7.395654230152692 7.3977620234315955 7.3987620234315958 7.3998073733790291 7.4008073733790285 7.4019785294938822 7.4029785294938817 7.4097175728871081 7.4107175728871084;8.1736784625379553 8.1746400009994939 8.1766667253061307 8.1776282637676694 8.1786334079478937 8.1795949464094324 8.1807210580583298 8.1816825965198685 8.1881624459364311 8.1891239843979697;
