m;1
n;2
P;9
P1;2 4 6 8
Q;10
M;100
h;1 1 1 1 1 1 1 1 1
Vmin;38 38 38 38 38 38 38 38 38;28 28 28 28 28 28 28 28 28;
Vmax;38 38 38 38 38 38 38 38 38;28 28 28 28 28 28 28 28 28;
d;3.000 3.834 3.000 7.619 3.000 45.894 3.000 21.355 3.000
S;0.57010167720718075 0.56878588773349648 0.55941973327852235 0.55810394380483808 0.53797498351052131 0.53665919403683704 0.5333176751689146 0.53200188569523044 0.53032027193170939 0.52900448245802523;0.75674925144289618 0.75806504091658045 0.76040454941694346 0.76172033889062774 0.76506185775855018 0.76637764723223445 0.78650660752655122 0.78782239700023549 0.79718855145520962 0.79850434092889389;
