m;5
n;10
P;9
P1;2 4 6 8
Q;10
M;100
h;1 1 1 1 1 1 1 1 1
Vmin;38 38 38 38 38 38 38 38 38;28 28 28 28 28 28 28 28 28;52 52 52 52 52 52 52 52 52;37 37 37 37 37 37 37 37 37;40 40 40 40 40 40 40 40 40;46 46 46 46 46 46 46 46 46;39 39 39 39 39 39 39 39 39;34 34 34 34 34 34 34 34 34;28 28 28 28 28 28 28 28 28;46 46 46 46 46 46 46 46 46;
Vmax;38 38 38 38 38 38 38 38 38;28 28 28 28 28 28 28 28 28;52 52 52 52 52 52 52 52 52;37 37 37 37 37 37 37 37 37;40 40 40 40 40 40 40 40 40;46 46 46 46 46 46 46 46 46;39 39 39 39 39 39 39 39 39;34 34 34 34 34 34 34 34 34;28 28 28 28 28 28 28 28 28;46 46 46 46 46 46 46 46 46;
d;3.000 65.181 3.000 32.583 3.000 3.395 3.000 43.849 3.000
S;1.5252998056746518 1.5239840162009675 1.5047522032132596 1.5034364137395753 1.5019471699058955 1.5006313804322111 1.4863404510694294 1.485024661595745 1.4564363667377651 1.4551205772640807;3.7278193823359098 3.7260336680501953 3.6999333504240202 3.6981476361383061 3.6961265195068833 3.6943408052211688 3.6749459725145361 3.6731602582288216 3.6343618580644206 3.6325761437787061;4.2986392635660051 4.2976777251044664 4.2836237079211417 4.282662169459603 4.2815738758888378 4.2806123374272991 4.2701689659698818 4.2692074275083431 4.2483159812659732 4.2473544428044345;5.2030080954397118 5.2016567440883597 5.1819051523712547 5.1805538010199026 5.1790243073528801 5.1776729560015289 5.1629957853046173 5.1616444339532661 5.1322834824775025 5.1309321311261504;6.7166778876991353 6.7154278876991356 6.6971576653608134 6.6959076653608127 6.6944928837188176 6.6932428837188178 6.6796665008241742 6.6784165008241745 6.6512576207090932 6.6500076207090935;8.2415945100716144 8.2429102995452972 8.2721564891401194 8.273472278613804 8.2877632079765853 8.2890789974502699 8.2905682412839496 8.2918840307576342 8.311115843745343 8.3124316332190258;8.8572222218770271 8.8590079361627421 8.8986991934699997 8.9004849077557147 8.9198797404623456 8.9216654547480605 8.9236865713794824 8.9254722856651973 8.9515726032913729 8.9533583175770879;9.0990457626843906 9.1000073011459275 9.1213795166190668 9.1223410550806037 9.1327844265380218 9.1337459649995587 9.1348342585703257 9.1357957970318644 9.1498498142151892 9.1508113526767261;9.1842100230886423 9.1855613744399935 9.2155980015914327 9.2169493529427822 9.2316265236396937 9.2329778749910432 9.2345073686580648 9.235858720009416 9.2556103117265209 9.2569616630778722;9.3553950417780989 9.3566450417780995 9.3844289218931802 9.3856789218931809 9.3992553047878236 9.4005053047878242 9.4019200864298185 9.4031700864298191 9.421440308768144 9.4226903087681446;
