m;2
n;4
P;9
P1;2 4 6 8
Q;10
M;100
h;1 1 1 1 1 1 1 1 1
Vmin;52 52 52 52 52 52 52 52 52;28 28 28 28 28 28 28 28 28;35 35 35 35 35 35 35 35 35;47 47 47 47 47 47 47 47 47;
Vmax;52 52 52 52 52 52 52 52 52;28 28 28 28 28 28 28 28 28;35 35 35 35 35 35 35 35 35;47 47 47 47 47 47 47 47 47;
d;3.000 5.705 3.000 4.759 3.000 10.325 3.000 8.882 3.000
S;0.50072070007041847 0.49975916160888001 0.49691250150975053 0.49595096304821212 0.49264160701078313 0.49168006854924473 0.49015483317048775 0.48919329470894929 0.4873647577733769 0.48640321931183844;1.0102033957489887 1.0084176814632744 1.0031310269934626 1.0013453127077485 0.99519936578109458 0.99341365149538041 0.99058107150626029 0.98879535722054601 0.98539950291162592 0.98361378862591164;2.0065840509082404 2.0075455893697791 2.0098548955361206 2.0108164339976593 2.0123416693764162 2.0133032078379545 2.0166125638753836 2.0175741023369218 2.0204207624360513 2.02138230089759;2.5331061811850413 2.5348918954707558 2.5391806069225331 2.5409663212082472 2.5437989011973676 2.5455846154830817 2.5517305624097357 2.5535162766954498 2.5588029311652618 2.5605886454509763;
