m;7
n;14
P;9
P1;2 4 6 8
Q;10
M;100
h;1 1 1 1 1 1 1 1 1
Vmin;52 52 52 52 52 52 52 52 52;50 50 50 50 50 50 50 50 50;49 49 49 49 49 49 49 49 49;50 50 50 50 50 50 50 50 50;47 47 47 47 47 47 47 47 47;48 48 48 48 48 48 48 48 48;45 45 45 45 45 45 45 45 45;40 40 40 40 40 40 40 40 40;41 41 41 41 41 41 41 41 41;28 28 28 28 28 28 28 28 28;52 52 52 52 52 52 52 52 52;33 33 33 33 33 33 33 33 33;47 47 47 47 47 47 47 47 47;44 44 44 44 44 44 44 44 44;
Vmax;52 52 52 52 52 52 52 52 52;50 50 50 50 50 50 50 50 50;49 49 49 49 49 49 49 49 49;50 50 50 50 50 50 50 50 50;47 47 47 47 47 47 47 47 47;48 48 48 48 48 48 48 48 48;45 45 45 45 45 45 45 45 45;40 40 40 40 40 40 40 40 40;41 41 41 41 41 41 41 41 41;28 28 28 28 28 28 28 28 28;52 52 52 52 52 52 52 52 52;33 33 33 33 33 33 33 33 33;47 47 47 47 47 47 47 47 47;44 44 44 44 44 44 44 44 44;
d;3.000 4.601 3.000 17.458 3.000 14.245 3.000 21.335 3.000
S;0.44475058695081121 0.44378904848927275 0.43695091416061488 0.43598937569907642 0.43142383021114772 0.43046229174960932 0.42486689263966432 0.42390535417812586 0.42243072068113313 0.42146918221959473;0.83792874244811144 0.83692874244811144 0.82981708274630717 0.82881708274630705 0.82406891543886118 0.82306891543886118 0.81724970036451838 0.81624970036451827 0.81471608152764585 0.81371608152764585;1.0980441469963214 1.0970237388330559 1.0897669432189701 1.0887465350557048 1.0839014663746376 1.0828810582113724 1.0769430836457163 1.0759226754824511 1.0743577583019688 1.0733373501387036;2.0825485180607006 2.0815485180607007 2.0744368583588964 2.0734368583588965 2.0686886910514506 2.0676886910514503 2.0618694759771077 2.0608694759771078 2.0593358571402351 2.0583358571402353;3.6756634370884442 3.6745996073012099 3.6670340118737585 3.6659701820865243 3.6609189402700926 3.6598551104828583 3.653664456148451 3.6526006263612172 3.6509691169602889 3.6499052871730546;3.8640376878375187 3.8629960211708521 3.8555880423148063 3.8545463756481397 3.8496003680362167 3.8485587013695501 3.8424970190004433 3.8414553523337767 3.8398578327120347 3.8388161660453681;4.0294628493118205 4.0283517382007092 4.0204498940875935 4.0193387829764822 4.0140630415237641 4.0129519304126529 4.0064861358856056 4.0053750247744953 4.0036710038446364 4.002559892733526;4.8595676899381761 4.8605292283997148 4.8624846311274768 4.8634461695890154 4.869041568698961 4.8700031071604997 4.8745686526484286 4.8755301911099673 4.8823683254386241 4.8833298639001628;6.4031651406167587 6.4041651406167581 6.4061987594536305 6.4071987594536308 6.413017974527973 6.4140179745279733 6.4187661418354187 6.419766141835419 6.4268778015372225 6.4278778015372229;6.5997446716198436 6.6007650797831081 6.6028402010452236 6.6038606092084882 6.6097985837741451 6.6108189919374096 6.6156640606184762 6.6166844687817417 6.6239412643958273 6.6249616725590927;6.8752663082554237 6.8762663082554241 6.8782999270922964 6.8792999270922959 6.8851191421666389 6.8861191421666383 6.8908673094740847 6.8918673094740841 6.8989789691758885 6.8999789691758888;6.9427906249406295 6.9438544547278642 6.946017879022409 6.9470817088096437 6.9532723631440509 6.9543361929312848 6.9593874347477165 6.9604512645349512 6.9680168599624022 6.969080689749636;8.3131373829645376 8.3141790496312051 8.3162974025862813 8.317339069252947 8.3234007516220547 8.3244424182887204 8.3293884259006443 8.33043009256731 8.3378380714233575 8.3388797380900233;9.2746702453170613 9.2757813564281744 9.2780409329135889 9.2791520440247002 9.2856178385517492 9.2867289496628604 9.2920046911155776 9.2931158022266889 9.3010176463398047 9.3021287574509177;
