m;6
n;12
P;9
P1;2 4 6 8
Q;10
M;100
h;1 1 1 1 1 1 1 1 1
Vmin;39 39 39 39 39 39 39 39 39;46 46 46 46 46 46 46 46 46;28 28 28 28 28 28 28 28 28;46 46 46 46 46 46 46 46 46;52 52 52 52 52 52 52 52 52;47 47 47 47 47 47 47 47 47;44 44 44 44 44 44 44 44 44;41 41 41 41 41 41 41 41 41;47 47 47 47 47 47 47 47 47;40 40 40 40 40 40 40 40 40;42 42 42 42 42 42 42 42 42;47 47 47 47 47 47 47 47 47;
Vmax;39 39 39 39 39 39 39 39 39;46 46 46 46 46 46 46 46 46;28 28 28 28 28 28 28 28 28;46 46 46 46 46 46 46 46 46;52 52 52 52 52 52 52 52 52;47 47 47 47 47 47 47 47 47;44 44 44 44 44 44 44 44 44;41 41 41 41 41 41 41 41 41;47 47 47 47 47 47 47 47 47;40 40 40 40 40 40 40 40 40;42 42 42 42 42 42 42 42 42;47 47 47 47 47 47 47 47 47;
d;3.000 7.741 3.000 37.591 3.000 20.898 3.000 6.352 3.000
S;1.1766669465549802 1.1753848952729287 1.1726703112864099 1.1713882600043586 1.1624575979404075 1.1611755466583562 1.1451111599494301 1.1438291086673789 1.1405210545477571 1.1392390032657056;1.62629437912747 1.6252074226057309 1.6229059274867259 1.6218189709649868 1.6142473226933762 1.6131603661716372 1.5995405600488519 1.5984536035271129 1.5956489489474337 1.5945619924256946;2.5251285449531382 2.5233428306674237 2.5195618029719151 2.5177760886862006 2.5053369522399835 2.503551237954269 2.4811758421811221 2.4793901278954076 2.4747824810859345 2.4729967668002204;2.5911894178871457 2.5901024613654067 2.5878009662464012 2.5867140097246621 2.5791423614530515 2.5780554049313125 2.5644355988085272 2.5633486422867882 2.5605439877071086 2.5594570311853695;3.0855379428115048 3.0845764043499662 3.0825404663600771 3.0815789278985384 3.0748809313505752 3.0739193928890365 3.0618711028573418 3.0609095643958031 3.0584285238060871 3.0574669853445484;3.304101604942407 3.3030377751551727 3.3007852480174225 3.2997214182301886 3.2923108688579736 3.2912470390707393 3.2779170160569495 3.2768531862697157 3.2741082051917312 3.2730443754044969;3.7962097343913195 3.7974917856733708 3.8014408654340182 3.8027229167160694 3.8187873034249957 3.8200693547070466 3.8290000167709977 3.8302820680530489 3.8329966520395677 3.8342787033216186;4.4961821184674902 4.4972690749892301 4.5006172078297784 4.5017041643515183 4.5153239704743031 4.5164109269960431 4.5239825752676532 4.5250695317893932 4.5273710269083978 4.5284579834301377;4.8085679499155942 4.8103536642013074 4.8158541681536375 4.8176398824393516 4.8400152782124994 4.8418009924982126 4.8542401289444301 4.8560258432301442 4.8598068709256532 4.8615925852113673;6.0405292058217217 6.0416161623434608 6.0449642951840099 6.046051251705749 6.0596710578285347 6.0607580143502737 6.0683296626218839 6.0694166191436238 6.0717181142626284 6.0728050707843684;6.4085441634111202 6.4095057018726589 6.4124675116931451 6.4134290501546838 6.4254773401863776 6.4264388786479163 6.4331368751958804 6.4340984136574191 6.4361343516473086 6.4370958901088473;7.2643007369816868 7.2653645667689215 7.268641462740522 7.2697052925277568 7.2830353155415457 7.2840991453287804 7.291509694700995 7.2925735244882297 7.2948260516259786 7.2958898814132134;
