m;3
n;6
P;9
P1;2 4 6 8
Q;10
M;100
h;1 1 1 1 1 1 1 1 1
Vmin;52 52 52 52 52 52 52 52 52;49 49 49 49 49 49 49 49 49;40 40 40 40 40 40 40 40 40;28 28 28 28 28 28 28 28 28;28 28 28 28 28 28 28 28 28;50 50 50 50 50 50 50 50 50;
Vmax;52 52 52 52 52 52 52 52 52;49 49 49 49 49 49 49 49 49;40 40 40 40 40 40 40 40 40;28 28 28 28 28 28 28 28 28;28 28 28 28 28 28 28 28 28;50 50 50 50 50 50 50 50 50;
d;3.000 14.814 3.000 40.030 3.000 25.896 3.000 20.645 3.000
S;0.16240529628650432 0.16144375782496584 0.15482667456376389 0.15386513610222544 0.14556505161490788 0.14460351315336942 0.13177352015349014 0.13081198169195168 0.12606376489418808 0.12510222643264962;3.6026229286550406 3.6016025204917756 3.5945803096839697 3.5935599015207047 3.5847516485953879 3.5837312404321229 3.570115737656741 3.569095329493476 3.5640564055448283 3.5630359973815633;4.66345587607392 4.6622058760739202 4.6536036678343571 4.6523536678343573 4.6415635580008443 4.6403135580008446 4.6236345671010017 4.622384567101002 4.6162118852639091 4.6149618852639094;5.3149610085823493 5.315922547043888 5.3211515330724213 5.32211307153396 5.3349430645338396 5.3359046029953783 5.3442046874826961 5.3451662259442347 5.3517833092054357 5.3527448476669743;6.5468502810696805 6.5478706892329459 6.553419817263225 6.5544402254264904 6.5680557282018723 6.5690761363651378 6.5778843892904542 6.5789047974537187 6.5859270082615247 6.5869474164247901;8.2587463192775203 8.259996319277521 8.2667940011146133 8.2680440011146121 8.2847229920144567 8.2859729920144556 8.2967631018479686 8.2980131018479675 8.3066153100875315 8.3078653100875304;
