m;5
n;10
P;9
P1;2 4 6 8
Q;10
M;100
h;1 1 1 1 1 1 1 1 1
Vmin;42 42 42 42 42 42 42 42 42;43 43 43 43 43 43 43 43 43;38 38 38 38 38 38 38 38 38;49 49 49 49 49 49 49 49 49;28 28 28 28 28 28 28 28 28;46 46 46 46 46 46 46 46 46;52 52 52 52 52 52 52 52 52;46 46 46 46 46 46 46 46 46;40 40 40 40 40 40 40 40 40;46 46 46 46 46 46 46 46 46;
Vmax;42 42 42 42 42 42 42 42 42;43 43 43 43 43 43 43 43 43;38 38 38 38 38 38 38 38 38;49 49 49 49 49 49 49 49 49;28 28 28 28 28 28 28 28 28;46 46 46 46 46 46 46 46 46;52 52 52 52 52 52 52 52 52;46 46 46 46 46 46 46 46 46;40 40 40 40 40 40 40 40 40;46 46 46 46 46 46 46 46 46;
d;3.000 4.421 3.000 25.907 3.000 4.967 3.000 36.516 3.000
S;2.0669248023979656 1.995496230969394 1.1260579449548191 1.0546293735262477 0.93637833434705975 0.86494976291848835 0.24811630348055791 0.17668773205198648 0.071428571428571425 0;3.0188567837375473 2.949089341877082 2.0998705508861022 2.030103109025637 1.914602094013407 1.844834652152942 1.2423461568879866 1.1725787150275215 1.069767441860465 1;4.2844958342293298 4.2055484658082776 3.2445903602132211 3.1656429917921685 3.0349444748046448 2.9559971063835921 2.2742338091100902 2.1952864406890376 2.0789473684210527 2;4.7716498306268278 4.7104253408309091 3.9651925242469876 3.9039680344510694 3.8026100008689081 3.7413855110729899 3.2126711172690494 3.1514466274731312 3.0612244897959182 3;7.100387203596946 6.9932443464540892 5.6890869174322276 5.5819440602893708 5.4045675015205887 5.297424644377732 4.3721744552208364 4.2650315980779796 4.1071428571428568 4;0 0.071428571428571425 0.21240201776627218 0.28383058919484361 0.90066404863277405 0.97209262006134545 1.0903436592405336 1.161772230669105 2.0312105166836796 2.1026390881122512;1 1.069767441860465 1.2074624359577542 1.2772298778182192 1.8797183730831746 1.9494858149436396 2.0649868299558696 2.1347542718163348 2.9839730628073147 3.0537405046677799;2 2.0789473684210527 2.2347601248995641 2.3137074933206168 2.9954707905941187 3.0744181590151713 3.205116676002695 3.2840640444237477 4.2450221500188041 4.3239695184398563;3 3.0612244897959182 3.1820588723710905 3.2432833621670087 3.7719977559709492 3.8332222457668674 3.9345802793490288 3.995804769144947 4.7410375857288685 4.8022620755247871;4 4.1071428571428568 4.3186030266494075 4.4257458837922643 5.3509960729491599 5.4581389300920167 5.6355154888607988 5.7426583460036555 7.046815775025518 7.1539586321683748;
