m;3
n;6
P;9
P1;2 4 6 8
Q;10
M;100
h;1 1 1 1 1 1 1 1 1
Vmin;48 48 48 48 48 48 48 48 48;28 28 28 28 28 28 28 28 28;52 52 52 52 52 52 52 52 52;44 44 44 44 44 44 44 44 44;48 48 48 48 48 48 48 48 48;46 46 46 46 46 46 46 46 46;
Vmax;48 48 48 48 48 48 48 48 48;28 28 28 28 28 28 28 28 28;52 52 52 52 52 52 52 52 52;44 44 44 44 44 44 44 44 44;48 48 48 48 48 48 48 48 48;46 46 46 46 46 46 46 46 46;
d;3.000 25.616 3.000 16.753 3.000 3.214 3.000 72.644 3.000
S;2.775573453168672 2.713073453168672 1.1996621112419652 1.1371621112419652 1.0701951818323747 1.0076951818323747 0.65867087108786326 0.59617087108786326 0.0625 0;5.758125919717723 5.6509830625748663 3.0565636192719405 2.9494207621290833 2.8346203117126425 2.7274774545697853 2.1291500647220514 2.0220072075791942 1.1071428571428572 1;4.5620678029249273 4.5043754952326198 3.107380410377198 3.0496881026848905 2.9878724755375763 2.9301801678452688 2.6080038810041812 2.5503115733118737 2.0576923076923075 2;0 0.0625 0.62742087108786326 0.68992087108786326 1.0389451818323747 1.1014451818323747 1.1684121112419652 1.2309121112419652 2.744323453168672 2.806823453168672;1 1.1071428571428572 2.075578636150623 2.1827214932934802 2.7810488831412141 2.8881917402840713 3.0029921907005122 3.1101350478433694 5.7045544911462951 5.8116973482891519;2 2.0576923076923075 2.5791577271580275 2.636850034850335 2.9590263216914225 3.01671862938373 3.0785342565310443 3.1362265642233518 4.5332216490787731 4.5909139567710806;
