m;6
n;12
P;9
P1;2 4 6 8
Q;10
M;100
h;1 1 1 1 1 1 1 1 1
Vmin;45 45 45 45 45 45 45 45 45;48 48 48 48 48 48 48 48 48;46 46 46 46 46 46 46 46 46;47 47 47 47 47 47 47 47 47;50 50 50 50 50 50 50 50 50;52 52 52 52 52 52 52 52 52;46 46 46 46 46 46 46 46 46;42 42 42 42 42 42 42 42 42;28 28 28 28 28 28 28 28 28;39 39 39 39 39 39 39 39 39;49 49 49 49 49 49 49 49 49;44 44 44 44 44 44 44 44 44;
Vmax;45 45 45 45 45 45 45 45 45;48 48 48 48 48 48 48 48 48;46 46 46 46 46 46 46 46 46;47 47 47 47 47 47 47 47 47;50 50 50 50 50 50 50 50 50;52 52 52 52 52 52 52 52 52;46 46 46 46 46 46 46 46 46;42 42 42 42 42 42 42 42 42;28 28 28 28 28 28 28 28 28;39 39 39 39 39 39 39 39 39;49 49 49 49 49 49 49 49 49;44 44 44 44 44 44 44 44 44;
d;3.000 3.872 3.000 5.613 3.000 44.604 3.000 40.482 3.000
S;2.4349016768751484 2.3682350102084815 1.4686386765635555 1.4019720098968889 0.4107783446368003 0.34411167797013364 0.21937725768492983 0.15271059101826318 0.066666666666666666 0;3.2827203220704515 3.2202203220704515 2.3768487592783334 2.3143487592783334 1.3851046980970003 1.3226046980970003 1.2056661790796217 1.1431661790796217 1.0625 1;4.3819690317256876 4.31675164042134 3.436711748812173 3.3714943575078253 2.4018483806229565 2.3366309893186088 2.2146081868656919 2.1493907955613443 2.0652173913043477 2;5.3312888395613118 5.2674590523272693 4.4061434137310638 4.3423136264970212 3.3932984150777874 3.3294686278437449 3.210042055230252 3.1462122679962095 3.0638297872340425 3;6.1914115091876321 6.1314115091876324 5.3217748089071986 5.261774808907199 4.3697005101731197 4.3097005101731201 4.1974395319164364 4.1374395319164368 4.0599999999999996 4;7.1071264511419532 7.0494341434496457 6.2709373162569211 6.2132450085646136 5.3554812597818451 5.2977889520895376 5.1898457037658039 5.1321533960734964 5.0576923076923075 5;0 0.066666666666666666 0.1860439243515965 0.25271059101826315 0.37744501130346697 0.44411167797013362 1.4353053432302221 1.5019720098968887 2.4015683435418147 2.4682350102084816;1 1.0625 1.1744161790796217 1.2369161790796217 1.3538546980970003 1.4163546980970003 2.3455987592783334 2.4080987592783334 3.2514703220704515 3.3139703220704515;2 2.0652173913043477 2.1819994912135181 2.2472168825178658 2.3692396849707826 2.4344570762751303 3.4041030531599992 3.4693204444643468 4.3493603360735138 4.4145777273778615;3 3.0638297872340425 3.1781271616132307 3.2419569488472733 3.3613835214607661 3.4252133086948087 4.3742285201140421 4.4380583073480846 5.2993739459442901 5.3632037331783327;4 4.0599999999999996 4.1674395319164361 4.2274395319164357 4.3397005101731194 4.399700510173119 5.2917748089071983 5.3517748089071979 6.1614115091876318 6.2214115091876314;5 5.0576923076923075 5.1609995499196506 5.2186918576119581 5.3266351059356918 5.3843274136279993 6.2420911624107678 6.2997834701030753 7.0782802972957999 7.1359726049881074;
