m;7
n;14
P;9
P1;2 4 6 8
Q;10
M;100
h;1 1 1 1 1 1 1 1 1
Vmin;34 34 34 34 34 34 34 34 34;52 52 52 52 52 52 52 52 52;50 50 50 50 50 50 50 50 50;33 33 33 33 33 33 33 33 33;43 43 43 43 43 43 43 43 43;44 44 44 44 44 44 44 44 44;28 28 28 28 28 28 28 28 28;52 52 52 52 52 52 52 52 52;49 49 49 49 49 49 49 49 49;46 46 46 46 46 46 46 46 46;44 44 44 44 44 44 44 44 44;42 42 42 42 42 42 42 42 42;43 43 43 43 43 43 43 43 43;35 35 35 35 35 35 35 35 35;
Vmax;34 34 34 34 34 34 34 34 34;52 52 52 52 52 52 52 52 52;50 50 50 50 50 50 50 50 50;33 33 33 33 33 33 33 33 33;43 43 43 43 43 43 43 43 43;44 44 44 44 44 44 44 44 44;28 28 28 28 28 28 28 28 28;52 52 52 52 52 52 52 52 52;49 49 49 49 49 49 49 49 49;46 46 46 46 46 46 46 46 46;44 44 44 44 44 44 44 44 44;42 42 42 42 42 42 42 42 42;43 43 43 43 43 43 43 43 43;35 35 35 35 35 35 35 35 35;
d;3.000 42.639 3.000 29.368 3.000 9.833 3.000 73.995 3.000
S;5.0245324432573835 4.9362971491397367 2.7599841165517764 2.6717488224341293 2.3825425625628665 2.2943072684452193 1.4305457092602396 1.3423104151425926 0.088235294117647065 0;4.2852712128990573 4.2275789052067498 2.8046049992838533 2.7469126915915458 2.5578162909064894 2.5001239832141819 1.9353568099009262 1.8776645022086185 1.0576923076923077 1;5.4166820614150213 5.3566820614150217 3.8767891992552084 3.8167891992552083 3.6201289425427494 3.5601289425427494 2.9727710822969633 2.9127710822969632 2.0600000000000001 2;8.1767910021439718 8.0858819112348801 5.8436199988715272 5.7527109079624363 5.4547408220344682 5.3638317311253774 4.4738955792378228 4.3829864883287319 3.0909090909090908 3;7.9728861179244426 7.9031186760639773 6.1823130223897769 6.1125455805293116 5.8838708634218015 5.8141034215613363 5.1311291654615854 5.0613617236011201 4.0697674418604652 4;8.8825932516079806 8.8144114334261623 7.1327149991536469 7.0645331809718286 6.8410556165258525 6.7728737983440341 6.105421684428368 6.0372398662465496 5.0681818181818183 5;12.101217966812538 11.99407510966968 9.3514092843842995 9.2442664272414419 8.8930873973977658 8.7859445402549081 7.737091218387433 7.6299483612445762 6.1071428571428568 6;0 0.088235294117647065 1.3864280622014162 1.4746633563190632 2.3384249155040431 2.4266602096216903 2.7158664694929531 2.8041017636106003 4.9804147961985601 5.0686500903162068;1 1.0576923076923077 1.9065106560547722 1.9642029637470799 2.5289701370603357 2.5866624447526432 2.7757588454376996 2.8334511531300071 4.256425059052904 4.3141173667452115;2 2.0600000000000001 2.942771082296963 3.0027710822969631 3.5901289425427492 3.6501289425427492 3.8467891992552081 3.9067891992552082 5.386682061415021 5.4466820614150206;3 3.0909090909090908 4.4284410337832778 4.5193501246923686 5.4092862765799232 5.5001953674890141 5.7981654534169822 5.889074544326073 8.1313364566894251 8.2222455475985168;4 4.0697674418604652 5.0962454445313528 5.166012886391818 5.8489871424915698 5.9187545843520351 6.1474293014595451 6.2171967433200104 7.9380023969942108 8.0077698388546761;5 5.0681818181818183 6.0713307753374579 6.1395125935192763 6.8069647074349424 6.8751465256167608 7.0986240900627369 7.1668059082445552 8.8485023425170688 8.9166841606988871;6 6.1071428571428568 7.683519789816005 7.7906626469588618 8.8395159688263369 8.9466588259691946 9.2978378558128707 9.4049807129557284 12.047646538241109 12.154789395383967;
