m;8
n;16
P;9
P1;2 4 6 8
Q;10
M;100
h;1 1 1 1 1 1 1 1 1
Vmin;49 49 49 49 49 49 49 49 49;40 40 40 40 40 40 40 40 40;50 50 50 50 50 50 50 50 50;34 34 34 34 34 34 34 34 34;39 39 39 39 39 39 39 39 39;50 50 50 50 50 50 50 50 50;38 38 38 38 38 38 38 38 38;29 29 29 29 29 29 29 29 29;50 50 50 50 50 50 50 50 50;49 49 49 49 49 49 49 49 49;28 28 28 28 28 28 28 28 28;29 29 29 29 29 29 29 29 29;52 52 52 52 52 52 52 52 52;45 45 45 45 45 45 45 45 45;41 41 41 41 41 41 41 41 41;31 31 31 31 31 31 31 31 31;
Vmax;49 49 49 49 49 49 49 49 49;40 40 40 40 40 40 40 40 40;50 50 50 50 50 50 50 50 50;34 34 34 34 34 34 34 34 34;39 39 39 39 39 39 39 39 39;50 50 50 50 50 50 50 50 50;38 38 38 38 38 38 38 38 38;29 29 29 29 29 29 29 29 29;50 50 50 50 50 50 50 50 50;49 49 49 49 49 49 49 49 49;28 28 28 28 28 28 28 28 28;29 29 29 29 29 29 29 29 29;52 52 52 52 52 52 52 52 52;45 45 45 45 45 45 45 45 45;41 41 41 41 41 41 41 41 41;31 31 31 31 31 31 31 31 31;
d;3.000 46.920 3.000 16.426 3.000 50.104 3.000 3.512 3.000
S;2.6930866638858664 2.6318621740899482 2.5601862804920117 2.4989617906960935 1.4764413003503214 1.415216810554403 1.0799993159114429 1.0187748261155245 0.061224489795918366 0;4.299031163260187 4.2240311632601868 4.1362281936027143 4.0612281936027141 2.8086405929291436 2.7336405929291434 2.3229991619915173 2.2479991619915172 1.075 1;4.6392249306081483 4.5792249306081487 4.5089825548821709 4.4489825548821713 3.446912474343315 3.386912474343315 3.0583993295932141 2.9983993295932141 2.0600000000000001 2;6.881213133247277 6.7929778391296303 6.6896802277678979 6.6014449336502512 5.1278124622695795 5.0395771681519328 4.5564696023429612 4.4682343082253144 3.0882352941176472 3;7.3836217059078839 7.3066986289848073 7.2166443011309891 7.1397212242079124 5.8550159927478393 5.7780929158247627 5.3569222174271971 5.2799991405041204 4.0769230769230766 4;7.6392249306081483 7.5792249306081487 7.5089825548821709 7.4489825548821713 6.4469124743433142 6.3869124743433145 6.0583993295932137 5.9983993295932141 5.0599999999999996 5;9.4726643823791434 9.3937170139580903 9.301292835371278 9.2223454669502249 7.9038322030833079 7.8248848346622557 7.3926306968331756 7.3136833284121234 6.0789473684210522 6;11.550387811393362 11.446939535531293 11.325831991176159 11.22238371531409 9.4946766799022679 9.3912284040401985 8.824826430333129 8.7213781544710596 7.1034482758620694 7;0 0.061224489795918366 1.0493870710134836 1.110611560809402 1.4458290554523621 1.5070535452482805 2.5295740355940524 2.5907985253899706 2.662474418987907 2.7236989087838253;1 1.075 2.2854991619915177 2.3604991619915179 2.7711405929291439 2.8461405929291441 4.0987281936027156 4.1737281936027157 4.2615311632601882 4.3365311632601884;2 2.0600000000000001 3.0283993295932143 3.0883993295932144 3.4169124743433152 3.4769124743433153 4.4789825548821725 4.5389825548821721 4.6092249306081499 4.6692249306081495;3 3.0882352941176472 4.5123519552841387 4.6005872494017854 5.0836948152107571 5.1719301093284038 6.6455625807090755 6.7337978748267222 6.8370954861884545 6.9253307803061013;4 4.0769230769230766 5.3184606789656588 5.3953837558887354 5.816554454286301 5.8934775312093777 7.1781827626694508 7.2551058395925274 7.3451601674463456 7.4220832443694222;5 5.0599999999999996 6.0283993295932135 6.0883993295932131 6.4169124743433139 6.4769124743433135 7.4789825548821707 7.5389825548821703 7.6092249306081481 7.6692249306081477;6 6.0789473684210522 7.3531570126226491 7.4321043810437013 7.8643585188727814 7.9433058872938336 9.2618191511607506 9.3407665195818037 9.433190698168616 9.5121380665896691;7 7.1034482758620694 8.7731022924020934 8.8765505682641628 9.4429525419712341 9.5464008178333035 11.274107853245125 11.377556129107194 11.498663673462328 11.602111949324398;
