m;4
n;8
P;9
P1;2 4 6 8
Q;10
M;100
h;1 1 1 1 1 1 1 1 1
Vmin;52 52 52 52 52 52 52 52 52;35 35 35 35 35 35 35 35 35;52 52 52 52 52 52 52 52 52;40 40 40 40 40 40 40 40 40;28 28 28 28 28 28 28 28 28;34 34 34 34 34 34 34 34 34;41 41 41 41 41 41 41 41 41;51 51 51 51 51 51 51 51 51;
Vmax;52 52 52 52 52 52 52 52 52;35 35 35 35 35 35 35 35 35;52 52 52 52 52 52 52 52 52;40 40 40 40 40 40 40 40 40;28 28 28 28 28 28 28 28 28;34 34 34 34 34 34 34 34 34;41 41 41 41 41 41 41 41 41;51 51 51 51 51 51 51 51 51;
d;3.000 3.572 3.000 4.462 3.000 51.051 3.000 15.739 3.000
S;1.7273765076543819 1.6696841999620742 1.3670041036143119 1.3093117959220042 0.32756774312039516 0.26987543542808745 0.18407212142838003 0.12637981373607232 0.057692307692307696 0;3.5663879542293677 3.4806736685150819 3.0309775253698348 2.9452632396555489 1.4866720754931584 1.4009577897788728 1.2734785804078788 1.1877642946935931 1.0857142857142856 1;3.7273765076543812 3.6696841999620737 3.3670041036143115 3.309311795922004 2.3275677431203947 2.2698754354280872 2.1840721214283798 2.1263798137360723 2.0576923076923075 2;5.2455894599506978 5.1705894599506976 4.7771053346986063 4.7021053346986061 3.4258380660565142 3.350838066056514 3.2392937578568946 3.1642937578568944 3.0750000000000002 3;0 0.057692307692307696 0.15522596758222618 0.21291827527453389 0.29872158927424131 0.35641389696654902 1.3381579497681582 1.3958502574604659 1.6985303538082284 1.7562226615005361;1 1.0857142857142856 1.2306214375507358 1.3163357232650215 1.4438149326360155 1.5295292183503011 2.9881203825126916 3.0738346682269775 3.5235308113722246 3.6092450970865104;2 2.0576923076923075 2.1552259675822261 2.2129182752745336 2.298721589274241 2.3564138969665485 3.3381579497681573 3.3958502574604648 3.698530353808227 3.7562226615005345;3 3.0750000000000002 3.201793757856894 3.2767937578568942 3.3883380660565137 3.4633380660565138 4.7396053346986058 4.814605334698606 5.2080894599506973 5.2830894599506975;
