m;2
n;4
P;9
P1;2 4 6 8
Q;10
M;100
h;1 1 1 1 1 1 1 1 1
Vmin;28 28 28 28 28 28 28 28 28;52 52 52 52 52 52 52 52 52;44 44 44 44 44 44 44 44 44;28 28 28 28 28 28 28 28 28;
Vmax;28 28 28 28 28 28 28 28 28;52 52 52 52 52 52 52 52 52;44 44 44 44 44 44 44 44 44;28 28 28 28 28 28 28 28 28;
d;3.000 41.557 3.000 4.679 3.000 64.495 3.000 33.108 3.000
S;5.6728521826822416 5.5657093255393848 4.3832834086399766 4.2761405514971198 1.9727298740987353 1.8655870169558781 1.6984740443612372 1.59133118721838 0.10714285714285714 0;4.0546127137519763 3.9969204060596688 3.360229527729218 3.3025372200369105 2.0622391629762418 2.0045468552839343 1.9145629469637431 1.8568706392714354 1.0576923076923077 1;0 0.10714285714285714 1.6449026157898086 1.7520454729326658 1.9191584455273067 2.0263013026701637 4.3297119800685486 4.4368548372114054 5.6192807541108136 5.7264236112536704;1 1.0576923076923077 1.8857167931175893 1.943409100809897 2.0333930091300885 2.091085316822396 3.3313833738830647 3.3890756815753722 4.025766559905823 4.0834588675981305;
