m;1
n;2
P;9
P1;2 4 6 8
Q;10
M;100
h;1 1 1 1 1 1 1 1 1
Vmin;30 30 30 30 30 30 30 30 30;28 28 28 28 28 28 28 28 28;
Vmax;30 30 30 30 30 30 30 30 30;28 28 28 28 28 28 28 28 28;
d;3.000 2.253 3.000 35.309 3.000 7.083 3.000 56.928 3.000
S;3.8857810242117883 3.7857810242117882 1.8881812346525724 1.7881812346525723 1.552069103354405 1.4520691033544049 0.27510132114767727 0.17510132114767729 0.10000000000000001 0;0 0.10000000000000001 0.22510132114767731 0.32510132114767731 1.5020691033544047 1.6020691033544048 1.8381812346525721 1.9381812346525722 3.835781024211788 3.9357810242117881;
