Vermelho 1 2 0 10 2020-01-01T00:44:09 130 45
Azul 1 2 0 10 2020-01-01T01:18:31 250 37
Verde 1 2 0 10 2020-01-01T01:55:21 110 46
Amarelo 1 2 0 10 2020-01-01T02:13:30 50 51
Laranja 1 2 0 10 2020-01-01T02:34:02 230 38
Preto 1 2 0 10 2020-01-01T02:41:18 140 44
Roxo 1 2 0 10 2020-01-01T03:00:41 260 36
Rosa 10 9 0 1 2020-01-01T03:57:00 160 43
Branco 10 9 0 1 2020-01-01T04:06:43 210 40
Abobora 10 9 0 1 2020-01-01T04:30:46 140 44
Acafrao 10 9 0 1 2020-01-01T05:07:14 200 40
Ambar 10 9 0 1 2020-01-01T05:32:39 380 28
Ameixa 10 9 0 1 2020-01-01T05:38:29 40 52
Amendoa 10 9 0 1 2020-01-01T06:01:09 40 52
