Vermelho 1 2 0 10 2020-01-01T00:21:50 30 51
Azul 1 2 0 10 2020-01-01T00:27:21 370 28
Verde 1 2 0 10 2020-01-01T00:49:02 340 31
Amarelo 1 2 0 10 2020-01-01T01:27:22 30 51
Laranja 1 2 0 10 2020-01-01T01:37:29 50 50
Preto 1 2 0 10 2020-01-01T01:47:30 70 48
Roxo 1 2 0 10 2020-01-01T01:55:43 20 52
Rosa 1 2 0 10 2020-01-01T02:10:20 170 42
Branco 10 9 0 1 2020-01-01T02:39:58 30 51
Abobora 10 9 0 1 2020-01-01T02:58:45 130 44
Acafrao 10 9 0 1 2020-01-01T03:46:21 60 49
Ambar 10 9 0 1 2020-01-01T04:38:08 200 40
Ameixa 10 9 0 1 2020-01-01T05:00:45 60 49
Amendoa 10 9 0 1 2020-01-01T05:25:10 320 32
Ametista 10 9 0 1 2020-01-01T05:51:34 340 31
Anil 10 9 0 1 2020-01-01T06:13:54 170 42
