Vermelho 1 2 0 10 2020-01-01T00:00:00 140 44
Azul 1 2 0 10 2020-01-01T00:20:00 280 37
Verde 1 2 0 10 2020-01-01T00:40:00 20 52
Amarelo 1 2 0 10 2020-01-01T01:00:00 470 28
Laranja 1 2 0 10 2020-01-01T01:20:00 20 52
Preto 1 2 0 10 2020-01-01T01:40:00 80 48
Roxo 1 2 0 10 2020-01-01T02:00:00 30 51
Rosa 1 2 0 10 2020-01-01T02:20:00 70 48
Branco 10 9 0 1 2020-01-01T00:00:00 40 50
Abobora 10 9 0 1 2020-01-01T00:20:00 280 37
Acafrao 10 9 0 1 2020-01-01T00:40:00 390 32
Ambar 10 9 0 1 2020-01-01T01:00:00 20 52
Ameixa 10 9 0 1 2020-01-01T01:20:00 410 31
Amendoa 10 9 0 1 2020-01-01T01:40:00 370 33
Ametista 10 9 0 1 2020-01-01T02:00:00 360 33
Anil 10 9 0 1 2020-01-01T02:20:00 110 46
