Vermelho 1 2 0 10 2020-01-01T00:00:00 20 52
Azul 1 2 0 10 2020-01-01T00:20:00 50 50
Verde 1 2 0 10 2020-01-01T00:40:00 80 48
Amarelo 1 2 0 10 2020-01-01T01:00:00 180 41
Laranja 1 2 0 10 2020-01-01T01:20:00 140 44
Preto 1 2 0 10 2020-01-01T01:40:00 140 44
Roxo 1 2 0 10 2020-01-01T02:00:00 270 28
Rosa 10 9 0 1 2020-01-01T00:00:00 120 45
Branco 10 9 0 1 2020-01-01T00:20:00 210 39
Abobora 10 9 0 1 2020-01-01T00:40:00 40 50
Acafrao 10 9 0 1 2020-01-01T01:00:00 100 46
Ambar 10 9 0 1 2020-01-01T01:20:00 140 44
Ameixa 10 9 0 1 2020-01-01T01:40:00 190 40
Amendoa 10 9 0 1 2020-01-01T02:00:00 150 43
