Vermelho 1 2 0 10 2020-01-01T00:00:00 60 52
Azul 1 2 0 10 2020-01-01T00:20:00 60 52
Verde 1 2 0 10 2020-01-01T00:40:00 170 42
Amarelo 1 2 0 10 2020-01-01T01:00:00 100 48
Laranja 1 2 0 10 2020-01-01T01:20:00 480 28
Preto 1 2 0 10 2020-01-01T01:40:00 420 31
Roxo 10 9 0 1 2020-01-01T00:00:00 70 51
Rosa 10 9 0 1 2020-01-01T00:20:00 200 40
Branco 10 9 0 1 2020-01-01T00:40:00 80 50
Abobora 10 9 0 1 2020-01-01T01:00:00 70 51
Acafrao 10 9 0 1 2020-01-01T01:20:00 70 51
Ambar 10 9 0 1 2020-01-01T01:40:00 180 41
