Vermelho 1 2 0 20 2020-01-01T00:51:59 50 52
Azul 1 2 0 20 2020-01-01T01:29:08 180 41
Verde 1 2 0 20 2020-01-01T01:32:47 50 52
Amarelo 1 2 0 20 2020-01-01T01:50:47 230 28
Laranja 1 2 0 20 2020-01-01T02:05:08 210 36
Preto 1 2 0 20 2020-01-01T02:36:11 80 49
Roxo 1 2 0 20 2020-01-01T02:52:37 220 32
Rosa 1 2 0 20 2020-01-01T02:55:45 200 40
Branco 20 19 0 1 2020-01-01T03:26:13 90 48
Abobora 20 19 0 1 2020-01-01T04:09:39 210 36
Acafrao 20 19 0 1 2020-01-01T04:16:37 230 28
Ambar 20 19 0 1 2020-01-01T04:44:22 220 32
Ameixa 20 19 0 1 2020-01-01T05:00:46 60 51
Amendoa 20 19 0 1 2020-01-01T05:48:05 60 51
Ametista 20 19 0 1 2020-01-01T05:57:23 170 42
Anil 20 19 0 1 2020-01-01T06:07:46 130 45
