Vermelho 1 2 0 20 2020-01-01T00:12:29 50 50
Azul 1 2 0 20 2020-01-01T00:28:11 60 49
Verde 1 2 0 20 2020-01-01T00:52:51 40 50
Amarelo 1 2 0 20 2020-01-01T00:57:10 90 47
Laranja 1 2 0 20 2020-01-01T01:11:42 60 49
Preto 1 2 0 20 2020-01-01T01:14:53 260 38
Roxo 20 19 0 1 2020-01-01T02:07:35 120 45
Rosa 20 19 0 1 2020-01-01T02:22:53 30 51
Branco 20 19 0 1 2020-01-01T02:49:46 20 52
Abobora 20 19 0 1 2020-01-01T03:06:07 60 49
Acafrao 20 19 0 1 2020-01-01T03:13:05 360 34
Ambar 20 19 0 1 2020-01-01T03:16:49 480 28
