Vermelho 1 2 0 20 2020-01-01T00:00:00 190 40
Azul 1 2 0 20 2020-01-01T00:20:00 200 40
Verde 1 2 0 20 2020-01-01T00:40:00 110 46
Amarelo 1 2 0 20 2020-01-01T01:00:00 210 40
Laranja 1 2 0 20 2020-01-01T01:20:00 230 39
Preto 1 2 0 20 2020-01-01T01:40:00 20 52
Roxo 1 2 0 20 2020-01-01T02:00:00 330 34
Rosa 20 19 0 1 2020-01-01T00:00:00 370 32
Branco 20 19 0 1 2020-01-01T00:20:00 100 46
Abobora 20 19 0 1 2020-01-01T00:40:00 30 51
Acafrao 20 19 0 1 2020-01-01T01:00:00 240 38
Ambar 20 19 0 1 2020-01-01T01:20:00 430 28
Ameixa 20 19 0 1 2020-01-01T01:40:00 60 49
Amendoa 20 19 0 1 2020-01-01T02:00:00 30 51
