Vermelho 1 2 0 20 2020-01-01T00:00:00 70 48
Azul 1 2 0 20 2020-01-01T00:20:00 200 40
Verde 1 2 0 20 2020-01-01T00:40:00 80 48
Amarelo 1 2 0 20 2020-01-01T01:00:00 270 33
Laranja 1 2 0 20 2020-01-01T01:20:00 40 50
Preto 1 2 0 20 2020-01-01T01:40:00 320 28
Roxo 20 19 0 1 2020-01-01T00:00:00 190 40
Rosa 20 19 0 1 2020-01-01T00:20:00 100 46
Branco 20 19 0 1 2020-01-01T00:40:00 40 50
Abobora 20 19 0 1 2020-01-01T01:00:00 20 52
Acafrao 20 19 0 1 2020-01-01T01:20:00 60 49
Ambar 20 19 0 1 2020-01-01T01:40:00 80 48
