Vermelho 1 2 0 20 2020-01-01T00:00:00 50 50
Azul 1 2 0 20 2020-01-01T00:20:00 50 50
Verde 1 2 0 20 2020-01-01T00:40:00 210 40
Amarelo 1 2 0 20 2020-01-01T01:00:00 140 44
Laranja 1 2 0 20 2020-01-01T01:20:00 20 52
Preto 1 2 0 20 2020-01-01T01:40:00 80 48
Roxo 1 2 0 20 2020-01-01T02:00:00 150 43
Rosa 1 2 0 20 2020-01-01T02:20:00 130 44
Branco 20 19 0 1 2020-01-01T00:00:00 60 49
Abobora 20 19 0 1 2020-01-01T00:20:00 160 42
Acafrao 20 19 0 1 2020-01-01T00:40:00 230 38
Ambar 20 19 0 1 2020-01-01T01:00:00 190 40
Ameixa 20 19 0 1 2020-01-01T01:20:00 280 35
Amendoa 20 19 0 1 2020-01-01T01:40:00 180 41
Ametista 20 19 0 1 2020-01-01T02:00:00 380 28
Anil 20 19 0 1 2020-01-01T02:20:00 90 47
