Vermelho 1 2 0 20 2020-01-01T00:10:53 290 28
Azul 1 2 0 20 2020-01-01T00:26:13 160 43
Verde 1 2 0 20 2020-01-01T00:48:47 290 28
Amarelo 1 2 0 20 2020-01-01T01:01:36 270 31
Laranja 1 2 0 20 2020-01-01T01:23:12 60 52
Preto 1 2 0 20 2020-01-01T01:39:13 60 52
Roxo 1 2 0 20 2020-01-01T01:49:02 140 45
Rosa 20 19 0 1 2020-01-01T01:55:55 230 36
Branco 20 19 0 1 2020-01-01T02:01:30 170 42
Abobora 20 19 0 1 2020-01-01T02:19:17 220 38
Acafrao 20 19 0 1 2020-01-01T02:22:51 180 41
Ambar 20 19 0 1 2020-01-01T02:33:20 180 41
Ameixa 20 19 0 1 2020-01-01T02:50:01 180 41
Amendoa 20 19 0 1 2020-01-01T02:53:21 60 52
