Vermelho 1 2 0 20 2020-01-01T00:13:50 190 40
Azul 1 2 0 20 2020-01-01T00:32:05 40 50
Verde 1 2 0 20 2020-01-01T00:38:01 20 52
Amarelo 1 2 0 20 2020-01-01T00:48:21 360 28
Laranja 1 2 0 20 2020-01-01T00:59:07 220 39
Preto 1 2 0 20 2020-01-01T01:10:34 60 49
Roxo 20 19 0 1 2020-01-01T01:21:49 350 29
Rosa 20 19 0 1 2020-01-01T01:46:41 30 51
Branco 20 19 0 1 2020-01-01T01:53:26 180 41
Abobora 20 19 0 1 2020-01-01T02:08:25 180 41
Acafrao 20 19 0 1 2020-01-01T02:26:58 150 43
Ambar 20 19 0 1 2020-01-01T02:33:46 30 51
