Vermelho 1 2 0 20 2020-01-01T00:10:31 150 43
Azul 1 2 0 20 2020-01-01T00:15:39 380 28
Verde 1 2 0 20 2020-01-01T00:29:10 40 52
Amarelo 1 2 0 20 2020-01-01T00:39:30 100 47
Laranja 1 2 0 20 2020-01-01T00:46:03 220 39
Preto 1 2 0 20 2020-01-01T00:52:10 70 49
Roxo 1 2 0 20 2020-01-01T01:09:16 200 40
Rosa 1 2 0 20 2020-01-01T01:12:45 50 51
Branco 20 19 0 1 2020-01-01T01:26:16 290 34
Abobora 20 19 0 1 2020-01-01T01:33:51 130 45
Acafrao 20 19 0 1 2020-01-01T01:41:29 130 45
Ambar 20 19 0 1 2020-01-01T01:47:10 270 36
Ameixa 20 19 0 1 2020-01-01T02:07:13 280 35
Amendoa 20 19 0 1 2020-01-01T02:11:31 330 32
Ametista 20 19 0 1 2020-01-01T02:19:56 150 43
Anil 20 19 0 1 2020-01-01T02:27:07 320 32
