Vermelho 1 2 0 20 2020-01-01T00:00:00 220 39
Azul 1 2 0 20 2020-01-01T00:10:00 200 40
Verde 1 2 0 20 2020-01-01T00:20:00 270 37
Amarelo 1 2 0 20 2020-01-01T00:30:00 340 33
Laranja 1 2 0 20 2020-01-01T00:40:00 420 28
Preto 1 2 0 20 2020-01-01T00:50:00 110 48
Roxo 20 19 0 1 2020-01-01T00:00:00 70 52
Rosa 20 19 0 1 2020-01-01T00:10:00 210 40
Branco 20 19 0 1 2020-01-01T00:20:00 280 36
Abobora 20 19 0 1 2020-01-01T00:30:00 100 49
Acafrao 20 19 0 1 2020-01-01T00:40:00 90 50
Ambar 20 19 0 1 2020-01-01T00:50:00 190 40
