Vermelho 1 2 0 20 2020-01-01T00:00:00 140 44
Azul 1 2 0 20 2020-01-01T00:10:00 110 46
Verde 1 2 0 20 2020-01-01T00:20:00 250 28
Amarelo 1 2 0 20 2020-01-01T00:30:00 20 52
Laranja 1 2 0 20 2020-01-01T00:40:00 30 51
Preto 1 2 0 20 2020-01-01T00:50:00 60 49
Roxo 1 2 0 20 2020-01-01T01:00:00 120 45
Rosa 20 19 0 1 2020-01-01T00:00:00 80 48
Branco 20 19 0 1 2020-01-01T00:10:00 70 48
Abobora 20 19 0 1 2020-01-01T00:20:00 90 47
Acafrao 20 19 0 1 2020-01-01T00:30:00 90 47
Ambar 20 19 0 1 2020-01-01T00:40:00 110 46
Ameixa 20 19 0 1 2020-01-01T00:50:00 80 48
Amendoa 20 19 0 1 2020-01-01T01:00:00 150 43
