Vermelho 1 2 0 20 2020-01-01T00:00:00 160 42
Azul 1 2 0 20 2020-01-01T00:10:00 320 31
Verde 1 2 0 20 2020-01-01T00:20:00 350 28
Amarelo 1 2 0 20 2020-01-01T00:30:00 60 49
Laranja 1 2 0 20 2020-01-01T00:40:00 240 37
Preto 1 2 0 20 2020-01-01T00:50:00 70 48
Roxo 1 2 0 20 2020-01-01T01:00:00 70 48
Rosa 1 2 0 20 2020-01-01T01:10:00 300 32
Branco 20 19 0 1 2020-01-01T00:00:00 50 50
Abobora 20 19 0 1 2020-01-01T00:10:00 40 50
Acafrao 20 19 0 1 2020-01-01T00:20:00 70 48
Ambar 20 19 0 1 2020-01-01T00:30:00 30 51
Ameixa 20 19 0 1 2020-01-01T00:40:00 20 52
Amendoa 20 19 0 1 2020-01-01T00:50:00 60 49
Ametista 20 19 0 1 2020-01-01T01:00:00 230 38
Anil 20 19 0 1 2020-01-01T01:10:00 190 40
