m;2
n;4
P;9
P1;2 4 6 8
Q;10
M;100
h;1 1 1 1 1 1 1 1 1
Vmin;40 40 40 40 40 40 40 40 40;40 40 40 40 40 40 40 40 40;40 40 40 40 40 40 40 40 40;40 40 40 40 40 40 40 40 40;
Vmax;40 40 40 40 40 40 40 40 40;40 40 40 40 40 40 40 40 40;40 40 40 40 40 40 40 40 40;40 40 40 40 40 40 40 40 40;
d;3 56.25 3 56.25 3 56.25 3 56.25 3
S;6 5.9249999999999998 4.5187499999999998 4.4437499999999996 3.0375000000000001 2.9624999999999999 1.5562499999999999 1.48125 0.074999999999999997 0;6.166666666666667 6.0916666666666668 4.6854166666666668 4.6104166666666666 3.2041666666666666 3.1291666666666664 1.7229166666666667 1.6479166666666667 0.24166666666666664 0.16666666666666666;0 0.074999999999999997 1.48125 1.5562499999999999 2.9624999999999999 3.0375000000000001 4.4437499999999996 4.5187499999999998 5.9249999999999998 6;0.16666666666666666 0.24166666666666664 1.6479166666666667 1.7229166666666667 3.1291666666666664 3.2041666666666666 4.6104166666666666 4.6854166666666668 6.0916666666666668 6.166666666666667;
