m;3
n;6
P;9
P1;2 4 6 8
Q;10
M;100
h;1 1 1 1 1 1 1 1 1
Vmin;46 46 46 46 46 46 46 46 46;44 44 44 44 44 44 44 44 44;51 51 51 51 51 51 51 51 51;28 28 28 28 28 28 28 28 28;52 52 52 52 52 52 52 52 52;46 46 46 46 46 46 46 46 46;
Vmax;46 46 46 46 46 46 46 46 46;44 44 44 44 44 44 44 44 44;51 51 51 51 51 51 51 51 51;28 28 28 28 28 28 28 28 28;52 52 52 52 52 52 52 52 52;46 46 46 46 46 46 46 46 46;
d;3.000 101.403 3.000 43.750 3.000 20.697 3.000 120.041 3.000
S;0.16976748630908725 0.1686805297873481 0.1251874558083903 0.12410049928665118 0.11660152503686307 0.11551456851512394 0.099662957992996765 0.098576001471257627 0.061835640030140103 0.060748683508400979;0.30162118254811898 0.30048481891175538 0.25501478702466313 0.25387842338829947 0.24603858667261191 0.24490222303624828 0.22833008476311531 0.22719372112675168 0.18878334325649246 0.18764697962012883;0.51700887402736828 0.51602848187050554 0.47679943475222991 0.47581904259536717 0.46905526189947988 0.46807486974261714 0.45377733868344361 0.45279694652658087 0.41965858130518074 0.418678189148318;0.47184362782463229 0.47293058434637142 0.51021442404835848 0.51130138057009766 0.5271529910922248 0.52823994761396398 0.53573892186375205 0.53682587838549123 0.58031895236444908 0.58140590888618826;0.5364590095403996 0.53759537317676331 0.57657393286520431 0.57771029650156802 0.594282434774701 0.5954187984110646 0.60325863512675215 0.60439499876311586 0.64986503065020806 0.65100139428657178;0.70363826690643461 0.70461865906329746 0.73824722036312884 0.73922761251999169 0.75352514357916534 0.75450553573602808 0.76126931643191542 0.76224970858877816 0.80147875570705385 0.8024591478639167;
