m;7
n;14
P;9
P1;2 4 6 8
Q;10
M;100
h;1 1 1 1 1 1 1 1 1
Vmin;52 52 52 52 52 52 52 52 52;49 49 49 49 49 49 49 49 49;44 44 44 44 44 44 44 44 44;42 42 42 42 42 42 42 42 42;45 45 45 45 45 45 45 45 45;51 51 51 51 51 51 51 51 51;51 51 51 51 51 51 51 51 51;36 36 36 36 36 36 36 36 36;47 47 47 47 47 47 47 47 47;47 47 47 47 47 47 47 47 47;28 28 28 28 28 28 28 28 28;51 51 51 51 51 51 51 51 51;30 30 30 30 30 30 30 30 30;46 46 46 46 46 46 46 46 46;
Vmax;52 52 52 52 52 52 52 52 52;49 49 49 49 49 49 49 49 49;44 44 44 44 44 44 44 44 44;42 42 42 42 42 42 42 42 42;45 45 45 45 45 45 45 45 45;51 51 51 51 51 51 51 51 51;51 51 51 51 51 51 51 51 51;36 36 36 36 36 36 36 36 36;47 47 47 47 47 47 47 47 47;47 47 47 47 47 47 47 47 47;28 28 28 28 28 28 28 28 28;51 51 51 51 51 51 51 51 51;30 30 30 30 30 30 30 30 30;46 46 46 46 46 46 46 46 46;
d;3.000 132.681 3.000 23.470 3.000 7.505 3.000 81.351 3.000
S;0.24672731741264747 0.24576577895110899 0.21969180094541238 0.21873026248387392 0.21632477208422754 0.21536323362268908 0.2078408754199062 0.20687933695836772 0.16435325864245356 0.16339172018091511;0.50565366821989999 0.50463326005663467 0.47696291605058933 0.47594250788732401 0.47338974256525029 0.47236933440198497 0.46438642365617455 0.46336601549290923 0.418236299729082 0.41721589156581668;0.70081521756377607 0.69967885392741247 0.66886415264795285 0.66772778901158925 0.66488493672109805 0.66374857308473445 0.65485851339053647 0.65372214975417287 0.60346405719900154 0.60232769356263782;0.82019659467028627 0.8190061184798102 0.78672405047275729 0.7855335742822811 0.78255534807319516 0.78136487188271897 0.77205147601260682 0.77086099982213063 0.71820966476433223 0.71701918857385605;1.1239178038617583 1.1228066927506473 1.0926767626107314 1.0915656514996204 1.0887859737044734 1.0876748625933623 1.0789823597812576 1.0778712486701465 1.0287300026162012 1.0276188915050901;1.40515740455217 1.4041770123953072 1.3775917799189108 1.3766113877620478 1.3741587308839771 1.3731783387271144 1.3655084833046691 1.3645280911478064 1.321168168159031 1.3201877760021683;1.6022456580326254 1.6012652658757627 1.5746800333993662 1.5736996412425033 1.5712469843644326 1.5702665922075698 1.5625967367851246 1.5616163446282618 1.5182564216394865 1.5172760294826237;1.7448636364994272 1.7458251749609657 1.7888320225076491 1.7897935609691875 1.7973159191719705 1.798277457633509 1.8006829480331554 1.8016444864946939 1.8277184645003903 1.8286800029619288;1.9565884206064326 1.9576088287696978 2.003248748615158 2.004269156778423 2.0122520675242339 2.0132724756874989 2.0158252410095727 2.0168456491728382 2.0445159931788832 2.0455364013421486;2.0470865190158447 2.0482228826522086 2.0990491570255618 2.1001855206619253 2.1090755803561234 2.1102119439924869 2.1130547962829782 2.1141911599193417 2.1450058611988014 2.1461422248351649;2.2135770963666301 2.2147675725571068 2.268014145710143 2.2692046219006197 2.2785180177707316 2.2797084939612082 2.2826867201702945 2.2838771963607707 2.3161592643678239 2.3173497405583001;2.3486908106495532 2.3498019217606645 2.399498723370165 2.4006098344812759 2.4093023372933811 2.4104134484044919 2.4131931261996389 2.4143042373107502 2.444434167450666 2.4455452785617768;2.4830242066593322 2.484004598816195 2.5278547178834017 2.5288351100402644 2.5365049654627101 2.5374853576195728 2.5399380144976438 2.5409184066545065 2.5675036391309032 2.5684840312877659;2.7249445610980012 2.7259249532548639 2.7697750723220707 2.7707554644789334 2.7784253199013791 2.7794057120582418 2.7818583689363128 2.7828387610931755 2.8094239935695722 2.8104043857264349;
