m;8
n;16
P;9
P1;2 4 6 8
Q;10
M;100
h;1 1 1 1 1 1 1 1 1
Vmin;50 50 50 50 50 50 50 50 50;52 52 52 52 52 52 52 52 52;44 44 44 44 44 44 44 44 44;50 50 50 50 50 50 50 50 50;52 52 52 52 52 52 52 52 52;41 41 41 41 41 41 41 41 41;52 52 52 52 52 52 52 52 52;50 50 50 50 50 50 50 50 50;41 41 41 41 41 41 41 41 41;48 48 48 48 48 48 48 48 48;45 45 45 45 45 45 45 45 45;48 48 48 48 48 48 48 48 48;28 28 28 28 28 28 28 28 28;48 48 48 48 48 48 48 48 48;38 38 38 38 38 38 38 38 38;48 48 48 48 48 48 48 48 48;
Vmax;50 50 50 50 50 50 50 50 50;52 52 52 52 52 52 52 52 52;44 44 44 44 44 44 44 44 44;50 50 50 50 50 50 50 50 50;52 52 52 52 52 52 52 52 52;41 41 41 41 41 41 41 41 41;52 52 52 52 52 52 52 52 52;50 50 50 50 50 50 50 50 50;41 41 41 41 41 41 41 41 41;48 48 48 48 48 48 48 48 48;45 45 45 45 45 45 45 45 45;48 48 48 48 48 48 48 48 48;28 28 28 28 28 28 28 28 28;48 48 48 48 48 48 48 48 48;38 38 38 38 38 38 38 38 38;48 48 48 48 48 48 48 48 48;
d;3.000 52.887 3.000 45.631 3.000 8.905 3.000 55.989 3.000
S;0.14300665220548398 0.14200665220548397 0.12334367841650634 0.12234367841650635 0.11937521033468777 0.11837521033468779 0.1031648423313174 0.10216484233131741 0.084535790859823795 0.083535790859823794;0.56133797672104457 0.56037643825950612 0.54243127115472001 0.54146973269318155 0.53861543646066368 0.53765389799912522 0.52302854414973077 0.52206700568819231 0.50511599465790991 0.50415445619637145;0.98601701422683341 0.9848806505904697 0.96367272583026786 0.96253636219390415 0.9591631030100195 0.95802673937365579 0.94074223027891668 0.93960586664255308 0.91957285360676477 0.91843648997040117;1.0512206379538562 1.0502206379538561 1.0315576641648785 1.0305576641648786 1.0275891960830601 1.02658919608306 1.0113788280796896 1.0103788280796895 0.99274977660819586 0.99174977660819574;1.1109549740248572 1.1099934355633188 1.0920482684585326 1.0910867299969942 1.0882324337644762 1.087270895302938 1.0726455414535432 1.0716840029920047 1.0547329919617223 1.0537714535001839;1.3633807666701041 1.3621612544749822 1.3394015303420825 1.3381820181469604 1.3345619351203524 1.3333424229252304 1.3147931936528277 1.3135736814577055 1.2920748381997866 1.2908553260046645;1.413200222253971 1.4122386837924326 1.3942935166876465 1.393331978226108 1.3904776819935902 1.3895161435320518 1.374890789682657 1.3739292512211185 1.3569782401908363 1.3560167017292979;1.7369996062531543 1.7359996062531544 1.7173366324641768 1.7163366324641767 1.7133681643823582 1.7123681643823581 1.6971577963789877 1.6961577963789876 1.6785287449074942 1.677528744907494;2.0033313692299166 2.0043313692299165 2.0224604207014099 2.0234604207014102 2.0386707887047804 2.0396707887047807 2.042639256786599 2.0436392567865993 2.0623022305755767 2.063302230575577;2.3089688603267198 2.3099303987882585 2.32736217904931 2.3283237175108487 2.3429490713602434 2.3439106098217821 2.3467649060542999 2.3477264445158386 2.3656716116206251 2.3666331500821638;2.4486099021521808 2.4497462657885447 2.4703474606425146 2.4714838242788781 2.4887683333736175 2.489904697009981 2.4932779561938654 2.4944143198302289 2.515622244590431 2.5167586082267945;2.5660300284718285 2.5670300284718284 2.5851590799433222 2.5861590799433221 2.6013694479466927 2.6023694479466926 2.6053379160285113 2.6063379160285112 2.6250008898174886 2.6260008898174889;2.6424956936884052 2.6434572321499439 2.6608890124109958 2.6618505508725345 2.6764759047219289 2.6774374431834675 2.6802917394159858 2.6812532778775244 2.6991984449823105 2.7001599834438492;2.9126923043659274 2.9139118165610491 2.9360204159165293 2.937239928111651 2.955789157384054 2.9570086695791757 2.9606287526057837 2.9618482648009055 2.9846079889338046 2.9858275011289264;2.9873724596789439 2.9883339981404826 3.0057657784015341 3.0067273168630728 3.0213526707124676 3.0223142091740063 3.0251685054065245 3.0261300438680632 3.0440752109728493 3.045036749434388;3.1930052723527123 3.1940052723527121 3.2121343238242059 3.2131343238242058 3.228344691827576 3.2293446918275763 3.2323131599093951 3.2333131599093949 3.2519761336983724 3.2529761336983727;
