m;2
n;4
P;9
P1;2 4 6 8
Q;10
M;100
h;1 1 1 1 1 1 1 1 1
Vmin;52 52 52 52 52 52 52 52 52;52 52 52 52 52 52 52 52 52;47 47 47 47 47 47 47 47 47;42 42 42 42 42 42 42 42 42;
Vmax;52 52 52 52 52 52 52 52 52;52 52 52 52 52 52 52 52 52;47 47 47 47 47 47 47 47 47;42 42 42 42 42 42 42 42 42;
d;3.000 13.612 3.000 3.105 3.000 98.537 3.000 3.302 3.000
S;0.092947217282386418 0.09198567882084796 0.090927387484303027 0.089965849022764569 0.058383575414393436 0.057422036952854978 0.056426698980411923 0.055465160518873464 0.051102309056713299 0.050140770595174841;0.15102526483736586 0.15006372637582738 0.14900543503928246 0.14804389657774397 0.11646162296937285 0.11550008450783439 0.11450474653539132 0.11354320807385286 0.1091803566116927 0.10821881815015424;0.28635131911942058 0.28731285758095904 0.29215647827388841 0.29311801673542687 0.29411335470786987 0.29507489316940833 0.32665716677777945 0.32761870523931791 0.32867699657586286 0.32963853503740131;0.56493378270641847 0.56589532116795693 0.57073894186088636 0.57170048032242482 0.57269581829486782 0.57365735675640628 0.60523963036477746 0.60620116882631581 0.60725946016286081 0.60822099862439916;
