m;5
n;10
P;9
P1;2 4 6 8
Q;10
M;100
h;1 1 1 1 1 1 1 1 1
Vmin;29 29 29 29 29 29 29 29 29;51 51 51 51 51 51 51 51 51;28 28 28 28 28 28 28 28 28;44 44 44 44 44 44 44 44 44;34 34 34 34 34 34 34 34 34;47 47 47 47 47 47 47 47 47;49 49 49 49 49 49 49 49 49;38 38 38 38 38 38 38 38 38;52 52 52 52 52 52 52 52 52;44 44 44 44 44 44 44 44 44;
Vmax;29 29 29 29 29 29 29 29 29;51 51 51 51 51 51 51 51 51;28 28 28 28 28 28 28 28 28;44 44 44 44 44 44 44 44 44;34 34 34 34 34 34 34 34 34;47 47 47 47 47 47 47 47 47;49 49 49 49 49 49 49 49 49;38 38 38 38 38 38 38 38 38;52 52 52 52 52 52 52 52 52;44 44 44 44 44 44 44 44 44;
d;3.000 26.662 3.000 81.365 3.000 31.461 3.000 41.329 3.000
S;0.25974889127765394 0.25802475334661945 0.23427221828818437 0.23254808035714988 0.21446685624354428 0.21274271831250979 0.16598098639876455 0.16425684846773006 0.14893362257642725 0.14720948464539277;0.41135798942232749 0.41037759726546474 0.39687125380086441 0.39589086164400167 0.38560938126567684 0.3846289891088141 0.35803898468727269 0.35705859253040995 0.34834538565104173 0.34736499349417899;0.73058120044053942 0.72879548615482515 0.70419464627287454 0.70240893198716026 0.68368194986949737 0.68189623558378321 0.63346444181597561 0.63167872753026133 0.61580824357141195 0.61402252928569778;0.91941553178373314 0.91827916814736954 0.90262408822249185 0.90148772458612814 0.88957055414761543 0.88843419051125172 0.85761395811355601 0.85647759447719241 0.84637819559428829 0.84524183195792457;1.0789860308067163 1.077515442571422 1.0572559273745215 1.0557853391392276 1.0403631185717404 1.0388925303364462 0.99900752370413426 0.99753693546884015 0.98446712514978774 0.98299653691449362;1.1037381872673817 1.1054623251984161 1.1216476200552361 1.1233717579862705 1.170133489900016 1.1718576278310502 1.1899388519446559 1.1916629898756903 1.2154155249341254 1.2171396628651598;1.223103709895395 1.2240841020522579 1.2332875050100573 1.2342678971669201 1.2608579015884616 1.2618382937453243 1.272119774123649 1.2731001662805117 1.2866065097451123 1.287586901901975;1.3621944731810958 1.3639801874668103 1.3807435285685166 1.3825292428542311 1.4309610366220384 1.4327467509077529 1.4514737330254159 1.4532594473111302 1.4778602871930808 1.4796460014787951;1.4483919650388473 1.4495283286752108 1.4601959093762966 1.4613322730126603 1.4921525054103559 1.4932888690467194 1.5052060394852325 1.506342403121596 1.5219974830464735 1.523133846682837;1.5931656544000208 1.5946362426353149 1.6084413470720142 1.6099119353073086 1.6497969419396206 1.6512675301749149 1.6666897507424021 1.6681603389776962 1.6884198541745967 1.6898904424098908;
