m;6
n;12
P;9
P1;2 4 6 8
Q;10
M;100
h;1 1 1 1 1 1 1 1 1
Vmin;52 52 52 52 52 52 52 52 52;42 42 42 42 42 42 42 42 42;42 42 42 42 42 42 42 42 42;32 32 32 32 32 32 32 32 32;50 50 50 50 50 50 50 50 50;42 42 42 42 42 42 42 42 42;28 28 28 28 28 28 28 28 28;43 43 43 43 43 43 43 43 43;38 38 38 38 38 38 38 38 38;49 49 49 49 49 49 49 49 49;37 37 37 37 37 37 37 37 37;47 47 47 47 47 47 47 47 47;
Vmax;52 52 52 52 52 52 52 52 52;42 42 42 42 42 42 42 42 42;42 42 42 42 42 42 42 42 42;32 32 32 32 32 32 32 32 32;50 50 50 50 50 50 50 50 50;42 42 42 42 42 42 42 42 42;28 28 28 28 28 28 28 28 28;43 43 43 43 43 43 43 43 43;38 38 38 38 38 38 38 38 38;49 49 49 49 49 49 49 49 49;37 37 37 37 37 37 37 37 37;47 47 47 47 47 47 47 47 47;
d;3.000 31.777 3.000 78.463 3.000 90.329 3.000 5.511 3.000
S;0.14844889533367478 0.14748735687213629 0.14572101986405867 0.14475948140252018 0.11580791844117773 0.11484637997963927 0.08969812264454273 0.088736584183004272 0.078551777693803476 0.077590239232265018;0.32610852713536093 0.32491805094488474 0.32273115750631237 0.32154068131583619 0.2856958890779836 0.28450541288750741 0.25336947523453074 0.25217899904405455 0.23956923862885357 0.23837876243837738;0.58613644835573153 0.58494597216525546 0.58275907872668309 0.5815686025362069 0.54572381029835426 0.54453333410787819 0.51339739645490146 0.51220692026442527 0.49959715984922426 0.49840668365874807;0.68877687045039182 0.6872143704503918 0.68434407281226572 0.6827815728122657 0.63573528300008419 0.63417278300008417 0.59330686483055228 0.59174436483055226 0.575194054285601 0.57363155428560098;0.99252953382453823 0.99152953382453823 0.98969254333613743 0.98869254333613743 0.95858291785634131 0.9575829178563412 0.9314287302278409 0.93042873022784078 0.91983653147907207 0.91883653147907196;1.1186641051012638 1.1174736289107876 1.1152867354722154 1.1140962592817394 1.0782514670438867 1.0770609908534106 1.0459250532004338 1.0447345770099576 1.0321248165947567 1.0309343404042806;1.1441344132589875 1.1450959517205257 1.1557615274404958 1.1567230659020342 1.1818713232371307 1.182832861698669 1.2117844246600114 1.2127459631215498 1.2145123001296274 1.2154738385911659;1.4415995891356039 1.4427900653260801 1.4559950638365191 1.4571855400269953 1.488321477679972 1.4895119538704482 1.5253567461083009 1.526547222298777 1.5287341157373493 1.5299245919278255;1.5918305812511717 1.5930210574416477 1.6062260559520867 1.6074165321425629 1.6385524697955396 1.6397429459860158 1.6755877382238684 1.6767782144143446 1.6789651078529169 1.680155584043393;1.7360682753807617 1.7376307753807616 1.7549623359257127 1.7565248359257128 1.7973907540952445 1.7989532540952446 1.8459995439074259 1.8475620439074261 1.8504323415455521 1.8519948415455521;1.7973228621356998 1.7983228621356997 1.8094150608844686 1.8104150608844687 1.836569248512969 1.8375692485129691 1.8676788739927652 1.8686788739927651 1.8705158644811659 1.8715158644811658;2.0439038685043869 2.0450943446948631 2.0582993432053018 2.059489819395778 2.090625757048755 2.0918162332392312 2.1276610254770838 2.12885150166756 2.131038395106132 2.1322288712966082;
