m;4
n;8
P;9
P1;2 4 6 8
Q;10
M;100
h;1 1 1 1 1 1 1 1 1
Vmin;52 52 52 52 52 52 52 52 52;37 37 37 37 37 37 37 37 37;40 40 40 40 40 40 40 40 40;46 46 46 46 46 46 46 46 46;45 45 45 45 45 45 45 45 45;28 28 28 28 28 28 28 28 28;34 34 34 34 34 34 34 34 34;34 34 34 34 34 34 34 34 34;
Vmax;52 52 52 52 52 52 52 52 52;37 37 37 37 37 37 37 37 37;40 40 40 40 40 40 40 40 40;46 46 46 46 46 46 46 46 46;45 45 45 45 45 45 45 45 45;28 28 28 28 28 28 28 28 28;34 34 34 34 34 34 34 34 34;34 34 34 34 34 34 34 34 34;
d;3.000 10.365 3.000 19.899 3.000 39.407 3.000 24.193 3.000
S;0.44607561742346008 0.44511407896192162 0.43735975382180708 0.43639821536026863 0.42376768572247181 0.42280614726093341 0.41642819742714976 0.4154666589656113 0.41214445138729844 0.41118291292575998;0.54358548862306655 0.54223413727171521 0.53133616680452722 0.52998481545317577 0.51223380082708303 0.51088244947573169 0.50191884430392764 0.5005674929525763 0.49589844446413661 0.49454709311278522;0.64372926688880772 0.64247926688880763 0.6323986442066587 0.63114864420665873 0.61472895567752284 0.61347895567752286 0.60518762089360412 0.60393762089360403 0.59961875104179729 0.59836875104179721;0.77724109287351661 0.77615413635177744 0.76738837749773481 0.76630142097599563 0.75202343095066004 0.75093647442892086 0.74372661809507845 0.74263966157333927 0.73888412257176828 0.7377971660500291;0.90952092209724666 0.91048246055878512 0.91428543736786716 0.91524697582940562 0.92162492566318932 0.92258646412472767 0.93521699376252454 0.93617853222406289 0.94393285736417754 0.94489439582571599;1.0558516790212127 1.0572030303725639 1.0625477545366795 1.0638991058880307 1.0728627110598348 1.0742140624111862 1.0919650770372791 1.0933164283886303 1.1042143988558186 1.1055657502071699;1.1349695949009997 1.1362195949009997 1.1411634647528064 1.1424134647528064 1.1507047995367252 1.1519547995367252 1.1683744880658611 1.1696244880658611 1.1797051107480101 1.1809551107480101;1.3276451919815329 1.3287321485032719 1.3330311657657128 1.3341181222874519 1.3413279786212942 1.3424149351430332 1.3566929251683686 1.3577798816901077 1.3665456405441503 1.3676325970658894;
