m;8
n;16
P;9
P1;2 4 6 8
Q;10
M;100
h;1 1 1 1 1 1 1 1 1
Vmin;50 50 50 50 50 50 50 50 50;44 44 44 44 44 44 44 44 44;50 50 50 50 50 50 50 50 50;50 50 50 50 50 50 50 50 50;44 44 44 44 44 44 44 44 44;46 46 46 46 46 46 46 46 46;46 46 46 46 46 46 46 46 46;47 47 47 47 47 47 47 47 47;28 28 28 28 28 28 28 28 28;50 50 50 50 50 50 50 50 50;46 46 46 46 46 46 46 46 46;42 42 42 42 42 42 42 42 42;52 52 52 52 52 52 52 52 52;50 50 50 50 50 50 50 50 50;42 42 42 42 42 42 42 42 42;49 49 49 49 49 49 49 49 49;
Vmax;50 50 50 50 50 50 50 50 50;44 44 44 44 44 44 44 44 44;50 50 50 50 50 50 50 50 50;50 50 50 50 50 50 50 50 50;44 44 44 44 44 44 44 44 44;46 46 46 46 46 46 46 46 46;46 46 46 46 46 46 46 46 46;47 47 47 47 47 47 47 47 47;28 28 28 28 28 28 28 28 28;50 50 50 50 50 50 50 50 50;46 46 46 46 46 46 46 46 46;42 42 42 42 42 42 42 42 42;52 52 52 52 52 52 52 52 52;50 50 50 50 50 50 50 50 50;42 42 42 42 42 42 42 42 42;49 49 49 49 49 49 49 49 49;
d;3.000 35.112 3.000 7.138 3.000 5.587 3.000 61.849 3.000
S;2.4937369197604382 2.4337369197604382 1.1967551744629876 1.1367551744629876 1.0250150241827287 0.96501502418272866 0.82224653148498161 0.76224653148498156 0.059999999999999998 0;3.0004586209398916 2.9322768027580732 1.5266157285564252 1.4584339103746071 1.331456466874313 1.2632746486924948 1.1010377251723276 1.0328559069905094 0.23484848484848483 0.16666666666666666;2.8270702530937717 2.7670702530937716 1.5300885077963211 1.4700885077963211 1.3583483575160622 1.2983483575160621 1.1555798648183151 1.095579864818315 0.39333333333333331 0.33333333333333331;2.9937369197604382 2.9337369197604382 1.6967551744629876 1.6367551744629876 1.5250150241827287 1.4650150241827287 1.3222465314849816 1.2622465314849816 0.56000000000000005 0.5;3.500458620939892 3.4322768027580737 2.0266157285564255 1.9584339103746071 1.831456466874313 1.7632746486924948 1.6010377251723276 1.5328559069905094 0.73484848484848486 0.66666666666666663;3.5439169417685918 3.4786995504642442 2.1341541751409285 2.0689367838365809 1.9474800987493428 1.8822627074449949 1.7270795632083134 1.6618621719039655 0.89855072463768115 0.83333333333333337;3.7105836084352584 3.6453662171309107 2.3008208418075951 2.2356034505032474 2.1141467654160095 2.0489293741116619 1.8937462298749803 1.8285288385706324 1.0652173913043479 1;3.8195782834330907 3.7557484961990482 2.4398104692868667 2.3759806820528242 2.2571081817546763 2.1932783945206338 2.0413970193102644 1.9775672320762216 1.2304964539007093 1.1666666666666667;0 0.059999999999999998 0.79224653148498159 0.85224653148498164 0.99501502418272869 1.0550150241827287 1.1667551744629876 1.2267551744629877 2.4637369197604384 2.5237369197604385;0.16666666666666666 0.23484848484848483 1.0669468160814184 1.1351286342632365 1.2973655577834036 1.3655473759652217 1.4925248194655159 1.560706637647334 2.9663677118489824 3.0345495300308007;0.33333333333333331 0.39333333333333331 1.1255798648183148 1.1855798648183149 1.328348357516062 1.388348357516062 1.5000885077963209 1.5600885077963209 2.7970702530937714 2.8570702530937715;0.5 0.56000000000000005 1.2922465314849818 1.3522465314849819 1.4950150241827289 1.555015024182729 1.6667551744629878 1.7267551744629879 2.9637369197604384 3.0237369197604385;0.66666666666666663 0.73484848484848486 1.5669468160814186 1.6351286342632367 1.797365557783404 1.8655473759652221 1.9925248194655163 2.0607066376473346 3.4663677118489828 3.5345495300308012;0.83333333333333337 0.89855072463768115 1.6944708675561393 1.7596882588604872 1.9148714030971687 1.9800887944015166 2.1015454794887547 2.1667628707931024 3.511308246116418 3.5765256374207657;1 1.0652173913043479 1.8611375342228063 1.9263549255271541 2.0815380697638357 2.1467554610681834 2.2682121461554212 2.3334295374597689 3.6779749127830845 3.7431923040874322;1.1666666666666667 1.2304964539007093 2.0094821256932427 2.0733119129272852 2.2251932881376546 2.2890230753716971 2.407895575669845 2.4717253629038876 3.787663389816069 3.8514931770501115;
