m;3
n;6
P;9
P1;2 4 6 8
Q;10
M;100
h;1 1 1 1 1 1 1 1 1
Vmin;36 36 36 36 36 36 36 36 36;37 37 37 37 37 37 37 37 37;36 36 36 36 36 36 36 36 36;28 28 28 28 28 28 28 28 28;52 52 52 52 52 52 52 52 52;44 44 44 44 44 44 44 44 44;
Vmax;36 36 36 36 36 36 36 36 36;37 37 37 37 37 37 37 37 37;36 36 36 36 36 36 36 36 36;28 28 28 28 28 28 28 28 28;52 52 52 52 52 52 52 52 52;44 44 44 44 44 44 44 44 44;
d;3.000 40.094 3.000 12.828 3.000 57.301 3.000 55.252 3.000
S;5.0131881548024362 4.9298548214691031 3.395073631647473 3.3117402983141395 1.7200587094604791 1.6367253761271459 1.2803801479240904 1.1970468145907571 0.083333333333333329 0;5.0443632497176853 4.9632821686366047 3.4699815515128569 3.3889004704317758 1.8402373028984846 1.7591562218174035 1.412441945727944 1.3313608646468629 0.24774774774774774 0.16666666666666666;5.3465214881357692 5.2631881548024362 3.7284069649808065 3.645073631647473 2.0533920427938126 1.9700587094604791 1.6137134812574236 1.5303801479240904 0.41666666666666663 0.33333333333333331;0 0.083333333333333329 1.2387134812574239 1.3220468145907571 1.6783920427938126 1.7617253761271459 3.353406964980806 3.4367402983141395 4.9715214881357692 5.0548548214691023;0.16666666666666666 0.24774774774774774 1.3719014051874032 1.4529824862684844 1.7996967623579438 1.880777843439025 3.4294410109723161 3.5105220920533973 5.003822709177145 5.0849037902582257;0.33333333333333331 0.41666666666666663 1.5720468145907573 1.6553801479240906 2.0117253761271461 2.0950587094604796 3.68674029831414 3.7700736316474734 5.3048548214691031 5.3881881548024362;
