m;2
n;4
P;9
P1;2 4 6 8
Q;10
M;100
h;1 1 1 1 1 1 1 1 1
Vmin;49 49 49 49 49 49 49 49 49;44 44 44 44 44 44 44 44 44;28 28 28 28 28 28 28 28 28;52 52 52 52 52 52 52 52 52;
Vmax;49 49 49 49 49 49 49 49 49;44 44 44 44 44 44 44 44 44;28 28 28 28 28 28 28 28 28;52 52 52 52 52 52 52 52 52;
d;3.000 85.093 3.000 35.086 3.000 165.966 3.000 20.470 3.000
S;6.5635706285825073 6.5023461387865886 6.0845811811896429 6.0233566913937242 2.6362910727136937 2.5750665829177755 1.8590324654035866 1.7978079756076681 0.061224489795918366 0;7.4760975939517316 7.4079157757699132 6.9426775275369508 6.8744957093551324 3.1025362703705532 3.0343544521887349 2.2369528213206609 2.1687710031388425 0.23484848484848483 0.16666666666666666;0 0.061224489795918366 1.8284202205056275 1.8896447103015459 2.6056788278157348 2.666903317611653 6.0539689362916835 6.1151934260876022 6.532958383684548 6.5941828734804666;0.16666666666666666 0.23484848484848483 2.2028619122297517 2.27104373041157 3.0684453612796441 3.1366271794614624 6.9085866184460416 6.9767684366278599 7.4420066848608224 7.5101885030426407;
