m;6
n;12
P;9
P1;2 4 6 8
Q;10
M;100
h;1 1 1 1 1 1 1 1 1
Vmin;50 50 50 50 50 50 50 50 50;51 51 51 51 51 51 51 51 51;47 47 47 47 47 47 47 47 47;41 41 41 41 41 41 41 41 41;49 49 49 49 49 49 49 49 49;42 42 42 42 42 42 42 42 42;48 48 48 48 48 48 48 48 48;50 50 50 50 50 50 50 50 50;46 46 46 46 46 46 46 46 46;52 52 52 52 52 52 52 52 52;48 48 48 48 48 48 48 48 48;48 48 48 48 48 48 48 48 48;
Vmax;50 50 50 50 50 50 50 50 50;51 51 51 51 51 51 51 51 51;47 47 47 47 47 47 47 47 47;41 41 41 41 41 41 41 41 41;49 49 49 49 49 49 49 49 49;42 42 42 42 42 42 42 42 42;48 48 48 48 48 48 48 48 48;50 50 50 50 50 50 50 50 50;46 46 46 46 46 46 46 46 46;52 52 52 52 52 52 52 52 52;48 48 48 48 48 48 48 48 48;48 48 48 48 48 48 48 48 48;
d;3.000 3.443 3.000 20.771 3.000 68.257 3.000 125.288 3.000
S;4.6551650662006647 4.5951650662006651 2.0894084586020609 2.0294084586020609 0.6642758556973285 0.60427585569732856 0.1888549573635557 0.12885495736355571 0.059999999999999998 0;4.7305539864712394 4.6717304570594749 2.2151063319628044 2.1562828025510399 0.81791750558561627 0.75909397617385155 0.3518185856505448 0.29299505623878008 0.22549019607843135 0.16666666666666666;5.2856365952489339 5.2218068080148914 2.5561082892929727 2.4922785020589302 1.0400097755645339 0.97617998833049135 0.53424286244349894 0.47041307520945641 0.39716312056737585 0.33333333333333331;6.1770305685373961 6.1038598368300789 3.0480590958561717 2.9748883641488546 1.3100925069479616 1.2369217752406445 0.73031092361409222 0.6571401919067752 0.57317073170731703 0.5;5.4168351015653045 5.3556106117693858 2.7987161142197894 2.7374916244238712 1.3444991724802671 1.2832746826843486 0.85937580683356007 0.79815131703764175 0.72789115646258495 0.66666666666666663;6.3751965073817427 6.3037679359531715 3.3207243554786436 3.249295784050072 1.6241379234492006 1.5527093520206292 1.0581606635280425 0.9867320920994711 0.90476190476190477 0.83333333333333337;0 0.059999999999999998 0.1588549573635557 0.2188549573635557 0.63427585569732858 0.69427585569732853 2.0594084586020607 2.1194084586020607 4.6251650662006654 4.685165066200665;0.16666666666666666 0.22549019607843135 0.32240682094466244 0.38123035035642716 0.78850574087973391 0.84732927029149863 2.1856945672569226 2.2445180966686871 4.7011422217653571 4.7599657511771216;0.33333333333333331 0.39716312056737585 0.50232796882647768 0.56615775606052021 1.0080948819475126 1.0719246691815552 2.524193395675951 2.5880231829099936 5.2537217016319122 5.3175514888659547;0.5 0.57317073170731703 0.69372555776043376 0.76689628946775079 1.2735071410943031 1.3466778728016202 3.0114737300025132 3.0846444617098303 6.1404452026837379 6.2136159343910551;0.66666666666666663 0.72789115646258495 0.82876356193560097 0.88998805173151929 1.313886927582308 1.3751114173782264 2.7681038693218305 2.8293283591177487 5.3862228566673451 5.4474473464632638;0.83333333333333337 0.90476190476190477 1.0224463778137567 1.0938749492423281 1.5884236377349148 1.6598522091634862 3.2850100697643576 3.3564386411929292 6.339482221667458 6.4109107930960292;
