m;1
n;2
P;9
P1;2 4 6 8
Q;10
M;100
h;1 1 1 1 1 1 1 1 1
Vmin;52 52 52 52 52 52 52 52 52;45 45 45 45 45 45 45 45 45;
Vmax;52 52 52 52 52 52 52 52 52;45 45 45 45 45 45 45 45 45;
d;3.000 3.019 3.000 41.809 3.000 14.499 3.000 47.479 3.000
S;2.3424211756785818 2.2847288679862743 1.3716725737163507 1.3139802660240429 1.0351478614692107 0.97745555377690296 0.1734368320741464 0.11574452438183871 0.057692307692307696 0;0 0.057692307692307696 0.14459067822799257 0.20228298592030025 1.0063017076230567 1.0639940153153644 1.3428264198701967 1.4005187275625044 2.313575021832428 2.3712673295247355;
