m;5
n;10
P;9
P1;2 4 6 8
Q;10
M;100
h;1 1 1 1 1 1 1 1 1
Vmin;43 43 43 43 43 43 43 43 43;37 37 37 37 37 37 37 37 37;36 36 36 36 36 36 36 36 36;46 46 46 46 46 46 46 46 46;36 36 36 36 36 36 36 36 36;46 46 46 46 46 46 46 46 46;28 28 28 28 28 28 28 28 28;52 52 52 52 52 52 52 52 52;34 34 34 34 34 34 34 34 34;52 52 52 52 52 52 52 52 52;
Vmax;43 43 43 43 43 43 43 43 43;37 37 37 37 37 37 37 37 37;36 36 36 36 36 36 36 36 36;46 46 46 46 46 46 46 46 46;36 36 36 36 36 36 36 36 36;46 46 46 46 46 46 46 46 46;28 28 28 28 28 28 28 28 28;52 52 52 52 52 52 52 52 52;34 34 34 34 34 34 34 34 34;52 52 52 52 52 52 52 52 52;
d;3.000 65.676 3.000 92.880 3.000 15.895 3.000 50.086 3.000
S;5.5706060792904504 5.5008386374299851 4.3360478458305316 4.2662804039700664 3.8966343081473815 3.8268668662869163 1.6668746627634405 1.5971072209029755 0.069767441860465115 0;6.6406142723285413 6.5595331912474606 5.2058574064156629 5.1247763253345822 4.6951876193784887 4.614106538297408 2.1038453287971519 2.0227642477160708 0.24774774774774774 0.16666666666666666;6.9871128169302601 6.9037794835969271 5.5125015936309127 5.4291682602975797 4.9876465347315948 4.9043132013982618 2.3243225138563322 2.2409891805229987 0.41666666666666663 0.33333333333333331;5.7073056828149866 5.642088291510639 4.5532621167546274 4.4880447254502798 4.1425059837029874 4.0772885923986397 2.0581654456266945 1.9929480543223468 0.56521739130434778 0.5;7.3204461502635931 7.2371128169302601 5.8458349269642458 5.7625015936309127 5.3209798680649278 5.2376465347315948 2.6576558471896656 2.5743225138563322 0.75 0.66666666666666663;0 0.069767441860465115 1.6319909418332081 1.7017583836936732 3.8617505872171489 3.9315180290776142 4.301164124900299 4.3709315667607642 5.5357223583602178 5.605489800220683;0.16666666666666666 0.24774774774774774 2.0633047882566111 2.1443858693376923 4.6546470788379484 4.7357281599190291 5.1653168658751225 5.2463979469562032 6.6000737317880009 6.6811548128690816;0.33333333333333331 0.41666666666666663 2.2826558471896652 2.3659891805229987 4.9459798680649278 5.0293132013982609 5.4708349269642458 5.5541682602975788 6.9454461502635931 7.0287794835969262;0.5 0.56521739130434778 2.0255567499745206 2.0907741412788683 4.1098972880508136 4.1751146793551612 4.5206534211024536 4.5858708124068013 5.6746969871628128 5.7399143784671605;0.66666666666666663 0.75 2.6159891805229987 2.6993225138563322 5.2793132013982618 5.3626465347315948 5.8041682602975797 5.8875015936309127 7.2787794835969271 7.3621128169302601;
