m;4
n;8
P;9
P1;2 4 6 8
Q;10
M;100
h;1 1 1 1 1 1 1 1 1
Vmin;52 52 52 52 52 52 52 52 52;28 28 28 28 28 28 28 28 28;47 47 47 47 47 47 47 47 47;42 42 42 42 42 42 42 42 42;50 50 50 50 50 50 50 50 50;49 49 49 49 49 49 49 49 49;48 48 48 48 48 48 48 48 48;33 33 33 33 33 33 33 33 33;
Vmax;52 52 52 52 52 52 52 52 52;28 28 28 28 28 28 28 28 28;47 47 47 47 47 47 47 47 47;42 42 42 42 42 42 42 42 42;50 50 50 50 50 50 50 50 50;49 49 49 49 49 49 49 49 49;48 48 48 48 48 48 48 48 48;33 33 33 33 33 33 33 33 33;
d;3.000 48.745 3.000 130.487 3.000 102.956 3.000 102.789 3.000
S;7.6918624244917106 7.6341701167994032 5.6574564489889454 5.5997641412966379 3.6198417887277534 3.5621494810354459 1.0527910548297659 0.99509874713745827 0.057692307692307696 0;14.451554026436989 14.344411169294132 10.673371500503283 10.566228643360425 6.8892299885896389 6.7820871314467821 2.1218500542076608 2.0147071970648036 0.27380952380952378 0.16666666666666666;8.8434789944731005 8.7796492072390571 6.5926468513636571 6.5288170641296146 4.3382646740534021 4.2744348868193596 1.4981234365492446 1.4342936493152021 0.39716312056737585 0.33333333333333331;10.02325823984688 9.9518296684183092 7.5044698892244091 7.4330413177958379 4.981708881281981 4.9102803098534098 1.8034555916939958 1.7320270202654244 0.5714285714285714 0.5;0 0.057692307692307696 1.0239449009836121 1.0816372086759198 3.5909956348816001 3.6486879425739076 5.6286102951427921 5.6863026028350996 7.6630162706455565 7.7207085783378639;0.16666666666666666 0.27380952380952378 2.068278625636232 2.1754214827790892 6.83565856001821 6.9428014171610668 10.619800071931852 10.72694292907471 14.397982597865559 14.505125455008416;0.33333333333333331 0.39716312056737585 1.4662085429322234 1.5300383301662659 4.3063497804363804 4.3701795676704229 6.5607319577466354 6.624561744980678 8.8115641008560779 8.8753938880901213;0.5 0.5714285714285714 1.7677413059797102 1.8391698774082816 4.9459945955676954 5.0174231669962666 7.4687556035101235 7.5401841749386946 9.9875439541325939 10.058972525561165;
