m;7
n;14
P;9
P1;2 4 6 8
Q;10
M;100
h;1 1 1 1 1 1 1 1 1
Vmin;35 35 35 35 35 35 35 35 35;46 46 46 46 46 46 46 46 46;28 28 28 28 28 28 28 28 28;39 39 39 39 39 39 39 39 39;46 46 46 46 46 46 46 46 46;46 46 46 46 46 46 46 46 46;46 46 46 46 46 46 46 46 46;40 40 40 40 40 40 40 40 40;52 52 52 52 52 52 52 52 52;33 33 33 33 33 33 33 33 33;49 49 49 49 49 49 49 49 49;43 43 43 43 43 43 43 43 43;45 45 45 45 45 45 45 45 45;48 48 48 48 48 48 48 48 48;
Vmax;35 35 35 35 35 35 35 35 35;46 46 46 46 46 46 46 46 46;28 28 28 28 28 28 28 28 28;39 39 39 39 39 39 39 39 39;46 46 46 46 46 46 46 46 46;46 46 46 46 46 46 46 46 46;46 46 46 46 46 46 46 46 46;40 40 40 40 40 40 40 40 40;52 52 52 52 52 52 52 52 52;33 33 33 33 33 33 33 33 33;49 49 49 49 49 49 49 49 49;43 43 43 43 43 43 43 43 43;45 45 45 45 45 45 45 45 45;48 48 48 48 48 48 48 48 48;
d;3.000 78.817 3.000 49.454 3.000 35.799 3.000 28.446 3.000
S;5.9290260295324 5.8433117438181146 5.0305814167425789 4.9448671310282934 3.9220351523866834 3.8363208666723976 2.4233536446704238 2.3376393589561379 0.085714285714285715 0;4.6778821239195789 4.6126647326152312 3.9942829620142808 3.9290655707099331 3.1508238478304471 3.0856064565260994 2.0105227006550326 1.9453053093506847 0.23188405797101447 0.16666666666666666;7.7446158702488326 7.6374730131059758 6.6215601042615564 6.5144172471186996 5.235877273816687 5.1287344166738302 3.3625253891713629 3.2553825320285057 0.44047619047619047 0.33333333333333331;5.8209207957342057 5.7439977188111291 5.0146243483587254 4.9377012714356487 4.0197751367572803 3.9428520598342032 2.6748045529093551 2.5978814759862781 0.57692307692307687 0.5;5.1778821239195789 5.1126647326152312 4.4942829620142808 4.4290655707099331 3.6508238478304471 3.5856064565260994 2.5105227006550326 2.4453053093506849 0.73188405797101441 0.66666666666666663;5.3445487905862459 5.2793313992818982 4.6609496286809478 4.5957322373766001 3.8174905144971136 3.752273123192766 2.6771893673216991 2.6119719760173514 0.89855072463768115 0.83333333333333337;5.511215457252912 5.4459980659485643 4.8276162953476138 4.7623989040432662 3.9841571811637801 3.9189397898594325 2.8438560339883656 2.7786386426840179 1.0652173913043479 1;0 0.085714285714285715 2.3804965018132811 2.4662107875275669 3.8791780095295403 3.9648922952438261 4.9877242738854362 5.0734385595997216 5.8861688866752573 5.9718831723895427;0.16666666666666666 0.23188405797101447 1.9779140050028585 2.0431313963072064 3.1182151521782733 3.1834325434826209 3.961674266362107 4.0268916576664546 4.6452734282674051 4.7104908195717528;0.33333333333333331 0.44047619047619047 3.3089539605999345 3.4160968177427917 5.1823058452452591 5.2894487023881158 6.5679886756901285 6.6751315328329852 7.6910444416774046 7.7981872988202614;0.5 0.57692307692307687 2.6363430144478164 2.7132660913708935 3.9813135982957415 4.0582366752188186 4.9761628098971871 5.0530858868202637 5.7824592572726674 5.8593823341957441;0.66666666666666663 0.73188405797101441 2.4779140050028587 2.5431313963072064 3.6182151521782733 3.6834325434826209 4.461674266362107 4.5268916576664546 5.1452734282674051 5.2104908195717528;0.83333333333333337 0.89855072463768115 2.6445806716695253 2.7097980629738729 3.7848818188449398 3.8500992101492875 4.6283409330287739 4.6935583243331216 5.311940094934072 5.3771574862384197;1 1.0652173913043479 2.8112473383361918 2.8764647296405395 3.9515484855116063 4.0167658768159544 4.79500759969544 4.8602249909997877 5.4786067616007381 5.5438241529050858;
