m;4
n;8
P;9
P1;2 4 6 8
Q;10
M;100
h;1 1 1 1 1 1 1 1 1
Vmin;40 40 40 40 40 40 40 40 40;40 40 40 40 40 40 40 40 40;40 40 40 40 40 40 40 40 40;40 40 40 40 40 40 40 40 40;40 40 40 40 40 40 40 40 40;40 40 40 40 40 40 40 40 40;40 40 40 40 40 40 40 40 40;40 40 40 40 40 40 40 40 40;
Vmax;40 40 40 40 40 40 40 40 40;40 40 40 40 40 40 40 40 40;40 40 40 40 40 40 40 40 40;40 40 40 40 40 40 40 40 40;40 40 40 40 40 40 40 40 40;40 40 40 40 40 40 40 40 40;40 40 40 40 40 40 40 40 40;40 40 40 40 40 40 40 40 40;
d;3 36.25 3 36.25 3 36.25 3 36.25 3
S;4 3.9250000000000003 3.0187500000000003 2.9437500000000001 2.0375000000000001 1.9624999999999999 1.0562499999999999 0.98124999999999996 0.074999999999999997 0;4.3333333333333339 4.2583333333333337 3.3520833333333337 3.2770833333333336 2.3708333333333336 2.2958333333333334 1.3895833333333332 1.3145833333333332 0.40833333333333333 0.33333333333333331;4.666666666666667 4.5916666666666668 3.6854166666666668 3.6104166666666666 2.7041666666666666 2.6291666666666664 1.7229166666666667 1.6479166666666667 0.74166666666666659 0.66666666666666663;5 4.9249999999999998 4.0187499999999998 3.9437500000000001 3.0375000000000001 2.9624999999999999 2.0562499999999999 1.98125 1.075 1;0 0.074999999999999997 0.98124999999999996 1.0562499999999999 1.9624999999999999 2.0375000000000001 2.9437500000000001 3.0187500000000003 3.9250000000000003 4;0.33333333333333331 0.40833333333333333 1.3145833333333332 1.3895833333333332 2.2958333333333334 2.3708333333333336 3.2770833333333336 3.3520833333333337 4.2583333333333337 4.3333333333333339;0.66666666666666663 0.74166666666666659 1.6479166666666667 1.7229166666666667 2.6291666666666664 2.7041666666666666 3.6104166666666666 3.6854166666666668 4.5916666666666668 4.666666666666667;1 1.075 1.98125 2.0562499999999999 2.9624999999999999 3.0375000000000001 3.9437500000000001 4.0187499999999998 4.9249999999999998 5;
