m;2
n;4
P;9
P1;2 4 6 8
Q;10
M;100
h;1 1 1 1 1 1 1 1 1
Vmin;30 30 30 30 30 30 30 30 30;32 32 32 32 32 32 32 32 32;28 28 28 28 28 28 28 28 28;52 52 52 52 52 52 52 52 52;
Vmax;30 30 30 30 30 30 30 30 30;32 32 32 32 32 32 32 32 32;28 28 28 28 28 28 28 28 28;52 52 52 52 52 52 52 52 52;
d;3.000 9.745 3.000 5.423 3.000 3.178 3.000 29.682 3.000
S;0.93251452111195177 0.93084785444528506 0.91435792861872778 0.91269126195206107 0.91092554340090071 0.90925887673423411 0.90624604254986252 0.90457937588319592 0.89916574751541711 0.89749908084875041;1.3875382556423184 1.3859757556423182 1.3705164501799207 1.3689539501799208 1.3672985890382079 1.365736089038208 1.3629115569903596 1.3613490569903597 1.3562737803955671 1.354711280395567;1.7458514523863029 1.7475181190529694 1.7537650807540814 1.7554317474207479 1.7584445816051195 1.7601112482717862 1.7618769668229466 1.7635436334896133 1.7800335593161705 1.7817002259828372;1.8386967340710116 1.8402592340710118 1.8461157606658043 1.8476782606658044 1.8505027927136526 1.8520652927136527 1.8537206538553654 1.8552831538553654 1.8707424593177631 1.872304959317763;
