m;3
n;6
P;9
P1;2 4 6 8
Q;10
M;100
h;1 1 1 1 1 1 1 1 1
Vmin;28 28 28 28 28 28 28 28 28;38 38 38 38 38 38 38 38 38;31 31 31 31 31 31 31 31 31;52 52 52 52 52 52 52 52 52;51 51 51 51 51 51 51 51 51;49 49 49 49 49 49 49 49 49;
Vmax;28 28 28 28 28 28 28 28 28;38 38 38 38 38 38 38 38 38;31 31 31 31 31 31 31 31 31;52 52 52 52 52 52 52 52 52;51 51 51 51 51 51 51 51 51;49 49 49 49 49 49 49 49 49;
d;3.000 10.611 3.000 28.618 3.000 22.611 3.000 15.820 3.000
S;0.57800712511438157 0.57622141082866729 0.5668047585028394 0.56501904421712523 0.55156006805151847 0.54977435376580419 0.53273953459890699 0.5309538203131926 0.52463791697154993 0.52285220268583565;0.85486670276627763 0.85355091329259336 0.84661232736829917 0.8452965378946149 0.83537939756206259 0.83406360808837832 0.82151163607066446 0.8201958465969803 0.81554202308208568 0.81422623360840141;1.3597058089712823 1.358092905745476 1.3495875423544057 1.3479746391285992 1.335818144527406 1.3342052413015997 1.3188189530218215 1.3172060497960152 1.3115013629067893 1.309888459680983;1.5761096852666123 1.5778953995523266 1.5851041600368267 1.586889874322541 1.6039246934894384 1.6057104077751527 1.6191693839407593 1.6209550982264738 1.6303717505523017 1.6321574648380159;1.6403430295888055 1.6416588190624897 1.6469705373142267 1.6482863267879109 1.6608382988056247 1.6621540882793089 1.6720712286118613 1.6733870180855455 1.6803256040098398 1.6816413934835239;1.785715398685221 1.7873283019110275 1.7938394404131563 1.7954523436389629 1.8108386319187411 1.8124515351445474 1.8246080297457405 1.8262209329715471 1.8347262963626174 1.8363391995884237;
