m;5
n;10
P;9
P1;2 4 6 8
Q;10
M;100
h;1 1 1 1 1 1 1 1 1
Vmin;48 48 48 48 48 48 48 48 48;49 49 49 49 49 49 49 49 49;42 42 42 42 42 42 42 42 42;50 50 50 50 50 50 50 50 50;28 28 28 28 28 28 28 28 28;52 52 52 52 52 52 52 52 52;47 47 47 47 47 47 47 47 47;45 45 45 45 45 45 45 45 45;47 47 47 47 47 47 47 47 47;52 52 52 52 52 52 52 52 52;
Vmax;48 48 48 48 48 48 48 48 48;49 49 49 49 49 49 49 49 49;42 42 42 42 42 42 42 42 42;50 50 50 50 50 50 50 50 50;28 28 28 28 28 28 28 28 28;52 52 52 52 52 52 52 52 52;47 47 47 47 47 47 47 47 47;45 45 45 45 45 45 45 45 45;47 47 47 47 47 47 47 47 47;52 52 52 52 52 52 52 52 52;
d;3.000 38.579 3.000 18.393 3.000 35.869 3.000 11.474 3.000
S;0.75857858463603567 0.75753691796936906 0.75355281154460096 0.75251114487793425 0.74005651931934469 0.73901485265267808 0.73262842286521157 0.73158675619854496 0.71819111243084388 0.71714944576417716;1.1993484488903607 1.1983280407270953 1.1944252425967103 1.1934048344334449 1.1812043849066634 1.1801839767433979 1.1739278822577164 1.1729074740944512 1.1597852108118052 1.15876480264854;1.2952047664738839 1.2940142902834078 1.2894610257979586 1.2882705496074824 1.2740366918262371 1.2728462156357609 1.2655474387357992 1.2643569625453233 1.2490476553822363 1.2478571791917603;1.5113719250801696 1.5103719250801695 1.5065471829123922 1.5055471829123921 1.4935907423761461 1.492590742376146 1.4864597697801782 1.4854597697801781 1.4725999517631851 1.471599951763185;1.6253642157517521 1.6235785014660378 1.6167486047378639 1.6149628904521494 1.5936121037802817 1.5918263894945675 1.5808782241446251 1.5790925098589106 1.5561285491142804 1.5543428348285662;1.7845694341157956 1.7856111007824622 1.7995275778834965 1.8005692445501633 1.8069556743376298 1.8079973410042964 1.820451966562886 1.8214936332295528 1.8254777396543209 1.8265194063209875;1.9539265193878246 1.95494692755109 1.9685793949153685 1.9695998030786337 1.9758558975643152 1.9768763057275804 1.9890767552543622 1.9900971634176274 1.9939999615480126 1.9950203697112778;2.4076793850065648 2.4088698611970409 2.4247744064553656 2.4259648826458422 2.4332636595458035 2.4344541357362801 2.4486879935175252 2.4498784697080018 2.454431734193451 2.4556222103839276;2.6367435840712932 2.6377435840712935 2.6511034020882867 2.6521034020882865 2.6582343746842545 2.6592343746842544 2.6711908152205002 2.6721908152205005 2.6760155573882778 2.6770155573882781;2.8302573372654298 2.8320430515511443 2.8558998694386317 2.8576855837243462 2.8686337490742888 2.8704194633600029 2.8917702500318705 2.893555964317585 2.9003858610457587 2.9021715753314732;
