m;7
n;14
P;9
P1;2 4 6 8
Q;10
M;100
h;1 1 1 1 1 1 1 1 1
Vmin;45 45 45 45 45 45 45 45 45;46 46 46 46 46 46 46 46 46;28 28 28 28 28 28 28 28 28;45 45 45 45 45 45 45 45 45;48 48 48 48 48 48 48 48 48;43 43 43 43 43 43 43 43 43;44 44 44 44 44 44 44 44 44;52 52 52 52 52 52 52 52 52;43 43 43 43 43 43 43 43 43;36 36 36 36 36 36 36 36 36;43 43 43 43 43 43 43 43 43;30 30 30 30 30 30 30 30 30;40 40 40 40 40 40 40 40 40;46 46 46 46 46 46 46 46 46;
Vmax;45 45 45 45 45 45 45 45 45;46 46 46 46 46 46 46 46 46;28 28 28 28 28 28 28 28 28;45 45 45 45 45 45 45 45 45;48 48 48 48 48 48 48 48 48;43 43 43 43 43 43 43 43 43;44 44 44 44 44 44 44 44 44;52 52 52 52 52 52 52 52 52;43 43 43 43 43 43 43 43 43;36 36 36 36 36 36 36 36 36;43 43 43 43 43 43 43 43 43;30 30 30 30 30 30 30 30 30;40 40 40 40 40 40 40 40 40;46 46 46 46 46 46 46 46 46;
d;3.000 98.433 3.000 62.487 3.000 35.186 3.000 13.517 3.000
S;0.54628744673443808 0.5451763356233269 0.54016995726421746 0.53905884615310629 0.52602703798470474 0.52491592687359356 0.50177265012533456 0.50066153901422339 0.46420470282391152 0.4630935917128004;0.68183929377545727 0.68075233725371809 0.67585479320676312 0.67476783668502394 0.66201932869419622 0.66093237217245704 0.63829221013611659 0.63720525361437741 0.60154095734124613 0.60045400081950695;0.98692539124662915 0.98513967696091487 0.97709371174091753 0.97530799745520336 0.95436402004170084 0.95257830575598657 0.91538375383914172 0.91359803955342744 0.8550066956761404 0.85322098139042624;1.1188638985567958 1.1177527874456847 1.1127464090865753 1.1116352979754642 1.0986034898070625 1.0974923786959514 1.0743491019476925 1.0732379908365814 1.0367811546462695 1.0356700435351582;1.6723188623432153 1.6712771956765486 1.6665837159648835 1.6655420492982169 1.6533247291403403 1.6522830624736737 1.6305862405221807 1.6295445738555141 1.5953662899270966 1.59432462326043;1.9012868107456578 1.9001240200479834 1.8948847868814735 1.8937219961837992 1.8800840574029138 1.8789212667052395 1.8547015584803173 1.8535387677826427 1.8153862647927814 1.8142234740951071;2.110175490658214 2.1090391270218505 2.1039189673363974 2.1027826037000339 2.0894546180732596 2.0883182544368961 2.0646489941261765 2.063512630489813 2.0262272298406305 2.025090866204267;2.1864313071909622 2.1875424183020731 2.2245548100479406 2.2256659211590515 2.248809197907311 2.2499203090184219 2.2629521171868232 2.2640632282979345 2.2690696066570437 2.270180717768155;2.4343821128461625 2.4354690693679015 2.4716768439019021 2.4727638004236412 2.4954039624599815 2.4964909189817206 2.5092394269725484 2.5103263834942875 2.5152239275412422 2.5163108840629813;2.8923113824077697 2.8940970966934843 2.9535812977136282 2.9553670119993427 2.9925615639161878 2.9943472782019018 3.0152912556154043 3.0170769699011188 3.0251229351211162 3.0269086494068302;3.0437722619501879 3.0448833730612987 3.0818957648071663 3.0830068759182776 3.1061501526665367 3.1072612637776476 3.1202930719460493 3.1214041830571602 3.1264105614162698 3.1275216725273807;3.4339132365966023 3.4349549032632689 3.4696540205250197 3.4706956871916863 3.4923925091431793 3.4934341758098459 3.5056514959677227 3.5066931626343893 3.5113866423460545 3.5124283090127211;3.7788961395319274 3.7800589302296017 3.8187928285683004 3.8199556192659752 3.8441753274908974 3.8453381181885722 3.8589760569694578 3.8601388476671321 3.8653780808336422 3.8665408715313165;3.9439726345272281 3.9451089981635916 3.9829625806309559 3.9840989442673194 4.0077682045780394 4.0089045682144029 4.0222325538411772 4.0233689174775407 4.0284890771629938 4.0296254407993572;
