m;1
n;2
P;9
P1;2 4 6 8
Q;10
M;100
h;1 1 1 1 1 1 1 1 1
Vmin;28 28 28 28 28 28 28 28 28;52 52 52 52 52 52 52 52 52;
Vmax;28 28 28 28 28 28 28 28 28;52 52 52 52 52 52 52 52 52;
d;3.000 5.959 3.000 11.435 3.000 23.591 3.000 34.512 3.000
S;0.3842568106626742 0.38247109637695986 0.36192839271387595 0.36014267842816161 0.34610054086731484 0.34431482658160051 0.33750848139530742 0.33572276710959315 0.33217561622533065 0.33038990193961637;0.44215849882241903 0.44394421310813331 0.44838422113525295 0.45016993542096723 0.45697628060726031 0.45876199489297459 0.47280413245382141 0.47458984673953569 0.49513255040261966 0.496918264688334;
