m;4
n;8
P;9
P1;2 4 6 8
Q;10
M;100
h;1 1 1 1 1 1 1 1 1
Vmin;52 52 52 52 52 52 52 52 52;43 43 43 43 43 43 43 43 43;50 50 50 50 50 50 50 50 50;40 40 40 40 40 40 40 40 40;49 49 49 49 49 49 49 49 49;46 46 46 46 46 46 46 46 46;49 49 49 49 49 49 49 49 49;51 51 51 51 51 51 51 51 51;
Vmax;52 52 52 52 52 52 52 52 52;43 43 43 43 43 43 43 43 43;50 50 50 50 50 50 50 50 50;40 40 40 40 40 40 40 40 40;49 49 49 49 49 49 49 49 49;46 46 46 46 46 46 46 46 46;49 49 49 49 49 49 49 49 49;51 51 51 51 51 51 51 51 51;
d;3.000 87.529 3.000 48.992 3.000 69.052 3.000 21.148 3.000
S;0.54117052974290691 0.54020899128136846 0.53343089734264526 0.5324693588811068 0.51033739874703654 0.50937586028549808 0.49367338348890366 0.4927118450273652 0.46465782478000517 0.46369628631846671;0.68079085815332274 0.67962806745564841 0.67143130269254125 0.67026851199486681 0.64350428113506086 0.64234149043738653 0.62335244872987705 0.62218965803220272 0.58826386610516268 0.58710107540748835;0.85877402235322087 0.85777402235322087 0.85072480465694877 0.84972480465694877 0.82670756611751572 0.82570756611751561 0.80937699024905752 0.8083769902490574 0.77920080919180301 0.77820080919180301;1.1172300265486146 1.1159800265486146 1.1071685044282742 1.1059185044282742 1.0771469562539828 1.0758969562539826 1.05548373641841 1.0542337364184098 1.0177635100968419 1.0165135100968419;1.0690120526314884 1.0699735910930268 1.0985083805711562 1.0994699190326946 1.115172395829289 1.1161339342908272 1.1382658944248976 1.139227432886436 1.1460055268251592 1.1469670652866977;1.1936440863526265 1.1948068770503009 1.2293140643261782 1.2304768550238525 1.2494658967313621 1.2506286874290364 1.2773929182888424 1.2785557089865167 1.2867524737496239 1.2879152644472984;1.49648317057991 1.4974831705799099 1.5271593516371642 1.5281593516371643 1.5444899275056225 1.5454899275056226 1.5685071660450556 1.5695071660450557 1.5765563837413277 1.5775563837413278;2.1851322928302626 2.1863822928302623 2.2234775191518303 2.2247275191518301 2.245140738987403 2.2463907389874027 2.2751622871616939 2.2764122871616936 2.2852238092820341 2.2864738092820338;
