m;3
n;6
P;9
P1;2 4 6 8
Q;10
M;100
h;1 1 1 1 1 1 1 1 1
Vmin;41 41 41 41 41 41 41 41 41;48 48 48 48 48 48 48 48 48;48 48 48 48 48 48 48 48 48;52 52 52 52 52 52 52 52 52;44 44 44 44 44 44 44 44 44;47 47 47 47 47 47 47 47 47;
Vmax;41 41 41 41 41 41 41 41 41;48 48 48 48 48 48 48 48 48;48 48 48 48 48 48 48 48 48;52 52 52 52 52 52 52 52 52;44 44 44 44 44 44 44 44 44;47 47 47 47 47 47 47 47 47;
d;3.000 16.304 3.000 30.677 3.000 52.657 3.000 43.967 3.000
S;3.868429833984913 3.7952591022775959 2.7228842012301557 2.6497134695228386 1.3653957851773049 1.2922250534699877 0.54400667696581884 0.47083594525850175 0.073170731707317069 0;3.6376171498621126 3.5751171498621126 2.6591302552174243 2.5966302552174243 1.4996088998389476 1.4371088998389476 0.79800570324163689 0.73550570324163689 0.39583333333333331 0.33333333333333331;3.9709504831954465 3.9084504831954465 2.9924635885507582 2.9299635885507582 1.8329422331722811 1.7704422331722811 1.1313390365749703 1.0688390365749703 0.72916666666666663 0.66666666666666663;0 0.073170731707317069 0.50742131111216027 0.58059204281947729 1.3288104193236461 1.4019811510309632 2.6862988353764967 2.7594695670838139 3.831844468131254 3.9050151998385711;0.33333333333333331 0.39583333333333331 0.76675570324163689 0.82925570324163689 1.4683588998389476 1.5308588998389476 2.6278802552174243 2.6903802552174243 3.6063671498621126 3.6688671498621126;0.66666666666666663 0.72916666666666663 1.1000890365749703 1.1625890365749703 1.8016922331722811 1.8641922331722811 2.9612135885507582 3.0237135885507582 3.9397004831954465 4.0022004831954465;
