m;2
n;4
P;9
P1;2 4 6 8
Q;10
M;100
h;1 1 1 1 1 1 1 1 1
Vmin;28 28 28 28 28 28 28 28 28;47 47 47 47 47 47 47 47 47;52 52 52 52 52 52 52 52 52;48 48 48 48 48 48 48 48 48;
Vmax;28 28 28 28 28 28 28 28 28;47 47 47 47 47 47 47 47 47;52 52 52 52 52 52 52 52 52;48 48 48 48 48 48 48 48 48;
d;3.000 7.825 3.000 20.319 3.000 13.315 3.000 27.630 3.000
S;3.0031460013486084 2.8960031442057512 1.909218359083948 1.8020755019410908 1.3265470746652599 1.2194042175224027 0.49373634089953983 0.38659348375668268 0.10714285714285714 0;2.1224415894559083 2.0586118022218658 1.4707400153407915 1.4069102281067489 1.1236166969637007 1.0597869097296582 0.62747413216710168 0.56364434493305915 0.39716312056737585 0.33333333333333331;0 0.10714285714285714 0.44016491232811128 0.54730776947096837 1.2729756460938311 1.3801185032366883 1.8556469305125192 1.9627897876553764 2.9495745727771796 3.0567174299200368;0.33333333333333331 0.39716312056737585 0.59555923855008042 0.65938902578412295 1.0917018033466794 1.155531590580722 1.4388251217237702 1.5026549089578127 2.0905266958388871 2.1543564830729296;
