m;1
n;2
P;9
P1;2 4 6 8
Q;10
M;100
h;1 1 1 1 1 1 1 1 1
Vmin;28 28 28 28 28 28 28 28 28;39 39 39 39 39 39 39 39 39;
Vmax;28 28 28 28 28 28 28 28 28;39 39 39 39 39 39 39 39 39;
d;3.000 34.303 3.000 9.253 3.000 18.912 3.000 43.686 3.000
S;4.3269019247099987 4.2197590675671419 2.6595350598645457 2.5523922027216885 1.8769807257924782 1.769837868649621 1.4393847006387521 1.3322418434958949 0.10714285714285714 0;0 0.10714285714285714 1.3858132720673235 1.4929561292101807 1.8234092972210496 1.9305521543639068 2.6059636312931169 2.7131064884359741 4.2733304961385707 4.3804733532814275;
