m;8
n;16
P;9
P1;2 4 6 8
Q;10
M;100
h;1 1 1 1 1 1 1 1 1
Vmin;42 42 42 42 42 42 42 42 42;44 44 44 44 44 44 44 44 44;31 31 31 31 31 31 31 31 31;31 31 31 31 31 31 31 31 31;42 42 42 42 42 42 42 42 42;47 47 47 47 47 47 47 47 47;48 48 48 48 48 48 48 48 48;52 52 52 52 52 52 52 52 52;49 49 49 49 49 49 49 49 49;46 46 46 46 46 46 46 46 46;42 42 42 42 42 42 42 42 42;48 48 48 48 48 48 48 48 48;45 45 45 45 45 45 45 45 45;28 28 28 28 28 28 28 28 28;39 39 39 39 39 39 39 39 39;47 47 47 47 47 47 47 47 47;
Vmax;42 42 42 42 42 42 42 42 42;44 44 44 44 44 44 44 44 44;31 31 31 31 31 31 31 31 31;31 31 31 31 31 31 31 31 31;42 42 42 42 42 42 42 42 42;47 47 47 47 47 47 47 47 47;48 48 48 48 48 48 48 48 48;52 52 52 52 52 52 52 52 52;49 49 49 49 49 49 49 49 49;46 46 46 46 46 46 46 46 46;42 42 42 42 42 42 42 42 42;48 48 48 48 48 48 48 48 48;45 45 45 45 45 45 45 45 45;28 28 28 28 28 28 28 28 28;39 39 39 39 39 39 39 39 39;47 47 47 47 47 47 47 47 47;
d;3.000 28.378 3.000 62.292 3.000 13.916 3.000 39.752 3.000
S;3.7937510447956333 3.7223224733670617 2.7758521514638197 2.7044235800352481 2.3730970643388081 2.3016684929102365 0.81852958089061945 0.74710100946204805 0.071428571428571425 0;3.9546411488200732 3.8864593306382549 2.9830103870033424 2.9148285688215241 2.598562349293104 2.5303805311112857 1.1146570241834699 1.0464752060016518 0.40151515151515149 0.33333333333333331;5.8065874370349428 5.7098132434865558 4.4274986138111956 4.3307244202628086 3.8818304312547287 3.7850562377063417 1.7756422278733124 1.6788680343249254 0.76344086021505375 0.66666666666666663;6.1399207703682759 6.0431465768198889 4.7608319471445286 4.6640577535961416 4.2151637645880617 4.1183895710396747 2.1089755612066456 2.0122013676582586 1.096774193548387 1;5.1270843781289646 5.0556558067003934 4.1091854847971518 4.0377569133685807 3.7064303976721411 3.6350018262435695 2.1518629142239529 2.0804343427953813 1.4047619047619047 1.3333333333333333;5.0568271747819136 4.992997387547871 4.147215397761995 4.0833856105279525 3.7873065965013462 3.7234768092673036 2.3981186325689223 2.3342888453348798 1.7304964539007093 1.6666666666666667;5.3195321641961781 5.2570321641961781 4.4288706325308418 4.3663706325308418 4.0764599312964567 4.0139599312964567 2.7162133832792921 2.6537133832792921 2.0625 2;5.39751686951442 5.3398245618221125 4.5753677633618022 4.5176754556694947 4.2500655776069856 4.1923732699146781 2.9944533794372949 2.9367610717449875 2.391025641025641 2.3333333333333335;0 0.071428571428571425 0.78281529517633375 0.85424386660490514 2.337382778624522 2.4088113500530937 2.7401378657495337 2.8115664371781053 3.7580367590813473 3.8294653305099189;0.33333333333333331 0.40151515151515149 1.080566115092561 1.1487479332743791 2.5644714402021949 2.6326532583840132 2.9489194779124333 3.0171012960942516 3.9205502397291641 3.9887320579109824;0.66666666666666663 0.76344086021505375 1.7272551310991189 1.8240293246475059 3.8334433344805348 3.9302175280289218 4.3791115170370016 4.4758857105853886 5.7582003402607489 5.8549745338091359;1 1.096774193548387 2.0605884644324521 2.1573626579808391 4.1667766678138687 4.2635508613622557 4.7124448503703356 4.8092190439187226 6.0915336735940828 6.1883078671424698;1.3333333333333333 1.4047619047619047 2.1161486285096669 2.1875771999382385 3.6707161119578551 3.7421446833864267 4.0734711990828663 4.1448997705114374 5.091370092414679 5.1627986638432501;1.6666666666666667 1.7304964539007093 2.3662037389519011 2.4300335261859436 3.7553917028843244 3.819221490118367 4.1153005041449733 4.1791302913790158 5.0249122811648919 5.0887420683989344;2 2.0625 2.6849633832792921 2.7474633832792921 4.0452099312964567 4.1077099312964567 4.3976206325308418 4.4601206325308418 5.2882821641961781 5.3507821641961781;2.3333333333333335 2.391025641025641 2.9656072255911412 3.0232995332834487 4.2212194237608314 4.2789117314531389 4.546521609515648 4.6042139172079555 5.3686707156682658 5.4263630233605733;
