m;7
n;14
P;9
P1;2 4 6 8
Q;10
M;100
h;1 1 1 1 1 1 1 1 1
Vmin;36 36 36 36 36 36 36 36 36;47 47 47 47 47 47 47 47 47;52 52 52 52 52 52 52 52 52;44 44 44 44 44 44 44 44 44;50 50 50 50 50 50 50 50 50;28 28 28 28 28 28 28 28 28;39 39 39 39 39 39 39 39 39;45 45 45 45 45 45 45 45 45;47 47 47 47 47 47 47 47 47;32 32 32 32 32 32 32 32 32;38 38 38 38 38 38 38 38 38;48 48 48 48 48 48 48 48 48;50 50 50 50 50 50 50 50 50;42 42 42 42 42 42 42 42 42;
Vmax;36 36 36 36 36 36 36 36 36;47 47 47 47 47 47 47 47 47;52 52 52 52 52 52 52 52 52;44 44 44 44 44 44 44 44 44;50 50 50 50 50 50 50 50 50;28 28 28 28 28 28 28 28 28;39 39 39 39 39 39 39 39 39;45 45 45 45 45 45 45 45 45;47 47 47 47 47 47 47 47 47;32 32 32 32 32 32 32 32 32;38 38 38 38 38 38 38 38 38;48 48 48 48 48 48 48 48 48;50 50 50 50 50 50 50 50 50;42 42 42 42 42 42 42 42 42;
d;3.000 22.199 3.000 42.058 3.000 26.884 3.000 3.074 3.000
S;3.0337274271344175 2.950394093801084 2.8650135728880395 2.781680239554706 2.0349037827692529 1.9515704494359196 0.78330204376391843 0.69996871043058506 0.083333333333333329 0;2.6570394477341632 2.5932096605001207 2.5278118146943847 2.4639820274603421 1.8919830392842503 1.8281532520502077 0.93330936685463239 0.86947957962058986 0.39716312056737585 0.33333333333333331;2.7669395008366466 2.7092471931443391 2.6501376017430007 2.5924452940506932 2.0754462085838412 2.0177539008915337 1.2089526969647639 1.1512603892724562 0.72435897435897434 0.66666666666666663;3.482140622200887 3.4139588040190687 3.3441020141811233 3.275920195999305 2.6649212768112069 2.5967394586293886 1.6408834903522969 1.5727016721704787 1.0681818181818181 1;3.5176170808701137 3.4576170808701137 3.3961431058127216 3.3361431058127216 2.7984640569271955 2.7384640569271954 1.8973108048433547 1.8373108048433546 1.3933333333333333 1.3333333333333333;5.5671733586966301 5.4600305015537733 5.3502555460941448 5.243112688951288 4.2829715302271341 4.1758286730842773 2.6737692943631335 2.5666264372202763 1.7738095238095239 1.6666666666666667;4.800363778893308 4.7234407019702314 4.6446279134351132 4.5677048365120365 3.8783727225562337 3.8014496456331566 2.7230480403974635 2.6461249634743864 2.0769230769230771 2;0 0.083333333333333329 0.74163537709725169 0.82496871043058506 1.9932371161025864 2.0765704494359198 2.823346906221373 2.9066802395547064 2.9920607604677509 3.0753940938010844;0.33333333333333331 0.39716312056737585 0.90139447323761113 0.96522426047165366 1.860068145667229 1.9238979329012715 2.4958969210773634 2.5597267083114059 2.625124554117142 2.6889543413511845;0.66666666666666663 0.72435897435897434 1.1801065431186102 1.2377988508109179 2.0466000547376879 2.1042923624299954 2.6212914478968474 2.6789837555891549 2.7380933469904933 2.7957856546828008;1 1.0681818181818181 1.6067925812613877 1.6749743994432058 2.6308303677202978 2.6990121859021161 3.3100111050902141 3.3781929232720325 3.4480497131099779 3.5162315312917962;1.3333333333333333 1.3933333333333333 1.8673108048433544 1.9273108048433545 2.7684640569271952 2.8284640569271953 3.3661431058127214 3.4261431058127214 3.4876170808701135 3.5476170808701135;1.6666666666666667 1.7738095238095239 2.6201978657917047 2.7273407229345619 4.2294001016557061 4.3365429587985629 5.2966841175227168 5.4038269746655736 5.5136019301252022 5.6207447872680589;2 2.0769230769230771 2.6845865019359247 2.7615095788590018 3.8399111840946949 3.916834261017772 4.6061663749735748 4.6830894518966515 4.7619022404317697 4.8388253173548463;
