m;4
n;8
P;9
P1;2 4 6 8
Q;10
M;100
h;1 1 1 1 1 1 1 1 1
Vmin;47 47 47 47 47 47 47 47 47;51 51 51 51 51 51 51 51 51;49 49 49 49 49 49 49 49 49;48 48 48 48 48 48 48 48 48;52 52 52 52 52 52 52 52 52;44 44 44 44 44 44 44 44 44;50 50 50 50 50 50 50 50 50;47 47 47 47 47 47 47 47 47;
Vmax;47 47 47 47 47 47 47 47 47;51 51 51 51 51 51 51 51 51;49 49 49 49 49 49 49 49 49;48 48 48 48 48 48 48 48 48;52 52 52 52 52 52 52 52 52;44 44 44 44 44 44 44 44 44;50 50 50 50 50 50 50 50 50;47 47 47 47 47 47 47 47 47;
d;3.000 49.085 3.000 17.626 3.000 38.142 3.000 10.783 3.000
S;2.7794916026416754 2.7156618154076329 2.4862428356723392 2.4224130484382966 1.6108827805869217 1.5470529933528792 1.1720305369436501 1.1082007497096076 0.063829787234042548 0;2.8948255945913481 2.8360020651795836 2.6245767309137245 2.56575320150196 1.8178723664232417 1.759048837011477 1.4134399065951286 1.3546163771833639 0.39215686274509803 0.33333333333333331;3.3327096324658241 3.2714851426699059 3.0514302029238078 2.9902057131278896 2.2117991296786119 2.1505746398826937 1.7908592225105759 1.7296347327146575 0.72789115646258495 0.66666666666666663;3.7215855275866407 3.6590855275866407 3.4344461099291657 3.3719461099291657 2.5773227226580278 2.5148227226580278 2.1476132340906577 2.0851132340906577 1.0625 1;0 0.063829787234042548 1.1401156433266288 1.2039454305606714 1.5789678869699004 1.642797674203943 2.4543279420553179 2.5181577292893604 2.7475767090246541 2.8114064962586967;0.33333333333333331 0.39215686274509803 1.3840281418892462 1.4428516713010109 1.7884606017173592 1.8472841311291239 2.5951649662078422 2.6539884956196067 2.8654138298854659 2.9242373592972304;0.66666666666666663 0.72789115646258495 1.7602469776126168 1.8214714674085353 2.181186884780653 2.2424113745765712 3.020817958025849 3.0820424478217672 3.3020973875678652 3.3633218773637834;1 1.0625 2.1163632340906577 2.1788632340906577 2.5460727226580278 2.6085727226580278 3.4031961099291657 3.4656961099291657 3.6903355275866407 3.7528355275866407;
