m;5
n;10
P;9
P1;2 4 6 8
Q;10
M;100
h;1 1 1 1 1 1 1 1 1
Vmin;32 32 32 32 32 32 32 32 32;49 49 49 49 49 49 49 49 49;45 45 45 45 45 45 45 45 45;52 52 52 52 52 52 52 52 52;28 28 28 28 28 28 28 28 28;44 44 44 44 44 44 44 44 44;36 36 36 36 36 36 36 36 36;35 35 35 35 35 35 35 35 35;39 39 39 39 39 39 39 39 39;32 32 32 32 32 32 32 32 32;
Vmax;32 32 32 32 32 32 32 32 32;49 49 49 49 49 49 49 49 49;45 45 45 45 45 45 45 45 45;52 52 52 52 52 52 52 52 52;28 28 28 28 28 28 28 28 28;44 44 44 44 44 44 44 44 44;36 36 36 36 36 36 36 36 36;35 35 35 35 35 35 35 35 35;39 39 39 39 39 39 39 39 39;32 32 32 32 32 32 32 32 32;
d;3.000 13.868 3.000 53.082 3.000 18.637 3.000 4.803 3.000
S;3.2934442955048904 3.1996942955048904 3.0496104479046156 2.9558604479046156 2.37344770138498 2.27969770138498 0.62088820538336931 0.52713820538336931 0.09375 0;2.4841540977446899 2.4229296079487717 2.3249156666587965 2.2636911768628782 1.8833399954622998 1.8221155056663814 0.73881134501226831 0.67758685521634998 0.39455782312925169 0.33333333333333331;3.0086714990257009 2.942004832359034 2.8352785407321717 2.7686118740655048 2.3544516987626527 2.2877850320959858 1.1081871682726181 1.0415205016059514 0.73333333333333328 0.66666666666666663;3.0267349510799324 2.9690426433876249 2.8766833525566864 2.8189910448643789 2.4605832008522954 2.4028908931599879 1.3820850494666888 1.324392741774381 1.0576923076923077 1;5.0972696710532066 4.9901268139103498 4.8186024166528929 4.7114595595100361 4.045844992059024 3.9387021349161673 2.0429198537714695 1.9357769966286125 1.4404761904761905 1.3333333333333333;0 0.09375 0.57401320538336931 0.66776320538336931 2.32657270138498 2.42032270138498 3.0027354479046156 3.0964854479046156 3.2465692955048904 3.3403192955048904;0.33333333333333331 0.39455782312925169 0.7081991001143092 0.76942358991022752 1.8527277505643407 1.9139522403602591 2.2943034217608376 2.3555279115567558 2.453541852846731 2.5147663426426492;0.66666666666666663 0.73333333333333328 1.0748538349392849 1.1415205016059515 2.321118365429319 2.3877850320959859 2.801945207398838 2.8686118740655049 2.9753381656923672 3.0420048323590341;1 1.0576923076923077 1.353238895620535 1.4109312033128427 2.4317370470061417 2.4894293546984492 2.8478371987105326 2.9055295064028401 2.9978887972337787 3.0555811049260861;1.3333333333333333 1.4404761904761905 1.9893484252000411 2.0964912823428983 3.9922735634875961 4.0994164206304529 4.765030988081465 4.8721738452243217 5.0436982424817787 5.1508410996246354;
