m;6
n;12
P;9
P1;2 4 6 8
Q;10
M;100
h;1 1 1 1 1 1 1 1 1
Vmin;40 40 40 40 40 40 40 40 40;31 31 31 31 31 31 31 31 31;43 43 43 43 43 43 43 43 43;43 43 43 43 43 43 43 43 43;46 46 46 46 46 46 46 46 46;28 28 28 28 28 28 28 28 28;46 46 46 46 46 46 46 46 46;47 47 47 47 47 47 47 47 47;52 52 52 52 52 52 52 52 52;46 46 46 46 46 46 46 46 46;52 52 52 52 52 52 52 52 52;50 50 50 50 50 50 50 50 50;
Vmax;40 40 40 40 40 40 40 40 40;31 31 31 31 31 31 31 31 31;43 43 43 43 43 43 43 43 43;43 43 43 43 43 43 43 43 43;46 46 46 46 46 46 46 46 46;28 28 28 28 28 28 28 28 28;46 46 46 46 46 46 46 46 46;47 47 47 47 47 47 47 47 47;52 52 52 52 52 52 52 52 52;46 46 46 46 46 46 46 46 46;52 52 52 52 52 52 52 52 52;50 50 50 50 50 50 50 50 50;
d;3.000 32.939 3.000 14.231 3.000 28.183 3.000 15.006 3.000
S;2.6339794465202853 2.5589794465202851 2.1838310582454428 2.1088310582454426 1.4042569964536522 1.3292569964536523 0.97347250356085757 0.89847250356085762 0.074999999999999997 0;3.7320164901337001 3.6352422965853131 3.1511798601016459 3.0544056665532588 2.1452778448864329 2.0485036513380459 1.5894268863150849 1.4926526927666979 0.43010752688172038 0.33333333333333331;3.1168801052901869 3.0471126634297216 2.6981374185228919 2.6283699766624267 1.9729522447630872 1.9031848029026222 1.5722224839325807 1.5024550420721157 0.73643410852713176 0.66666666666666663;3.4502134386235208 3.3804459967630556 3.0314707518562258 2.9617033099957606 2.3062855780964209 2.2365181362359556 1.9055558172659139 1.8357883754054489 1.069767441860465 1;3.6237502433509716 3.558532852046624 3.2323168622424134 3.1670994709380658 2.5544263737278134 2.4892089824234658 2.1798311625166877 2.1146137712123401 1.3985507246376812 1.3333333333333333;5.4294944474099296 5.3223515902670728 4.786425321303013 4.6792824641601563 3.6727480901718845 3.5656052330290273 3.0573416717536062 2.950198814610749 1.7738095238095239 1.6666666666666667;0 0.074999999999999997 0.93597250356085759 1.0109725035608577 1.3667569964536523 1.4417569964536523 2.1463310582454422 2.2213310582454424 2.5964794465202847 2.6714794465202849;0.33333333333333331 0.43010752688172038 1.5410397895408914 1.6378139830892784 2.0968907481122394 2.1936649416606264 3.1027927633274524 3.1995669568758394 3.6836293933595066 3.7804035869078936;0.66666666666666663 0.73643410852713176 1.5373387630023481 1.6071062048628131 1.9380685238328548 2.00783596569332 2.6632536975926597 2.733021139453125 3.0819963843599547 3.15176382622042;1 1.069767441860465 1.8706720963356815 1.9404395381961466 2.2714018571661883 2.3411692990266535 2.9965870309259932 3.0663544727864585 3.4153297176932882 3.4850971595537534;1.3333333333333333 1.3985507246376812 2.1472224668645139 2.2124398581688616 2.5218176780756396 2.5870350693799873 3.1997081665902396 3.2649255578945873 3.5911415476987978 3.6563589390031455;1.6666666666666667 1.7738095238095239 3.0037702431821778 3.110913100325035 3.6191766616004561 3.7263195187433134 4.7328538927315851 4.8399967498744418 5.3759230188385017 5.4830658759813584;
