m;3
n;6
P;39
P1;2 4 6 8 10 12 14 16 18 20 22 24 26 28 30 32 34 36 38
Q;40
M;100
h;1 1 1 1 1 1 1 1 1 1 1 1 1 1 1 1 1 1 1 1 1 1 1 1 1 1 1 1 1 1 1 1 1 1 1 1 1 1 1
Vmin;40 40 40 40 40 40 40 40 40 40 40 40 40 40 40 40 40 40 40 40 40 40 40 40 40 40 40 40 40 40 40 40 40 40 40 40 40 40 40;40 40 40 40 40 40 40 40 40 40 40 40 40 40 40 40 40 40 40 40 40 40 40 40 40 40 40 40 40 40 40 40 40 40 40 40 40 40 40;40 40 40 40 40 40 40 40 40 40 40 40 40 40 40 40 40 40 40 40 40 40 40 40 40 40 40 40 40 40 40 40 40 40 40 40 40 40 40;40 40 40 40 40 40 40 40 40 40 40 40 40 40 40 40 40 40 40 40 40 40 40 40 40 40 40 40 40 40 40 40 40 40 40 40 40 40 40;40 40 40 40 40 40 40 40 40 40 40 40 40 40 40 40 40 40 40 40 40 40 40 40 40 40 40 40 40 40 40 40 40 40 40 40 40 40 40;40 40 40 40 40 40 40 40 40 40 40 40 40 40 40 40 40 40 40 40 40 40 40 40 40 40 40 40 40 40 40 40 40 40 40 40 40 40 40;
Vmax;40 40 40 40 40 40 40 40 40 40 40 40 40 40 40 40 40 40 40 40 40 40 40 40 40 40 40 40 40 40 40 40 40 40 40 40 40 40 40;40 40 40 40 40 40 40 40 40 40 40 40 40 40 40 40 40 40 40 40 40 40 40 40 40 40 40 40 40 40 40 40 40 40 40 40 40 40 40;40 40 40 40 40 40 40 40 40 40 40 40 40 40 40 40 40 40 40 40 40 40 40 40 40 40 40 40 40 40 40 40 40 40 40 40 40 40 40;40 40 40 40 40 40 40 40 40 40 40 40 40 40 40 40 40 40 40 40 40 40 40 40 40 40 40 40 40 40 40 40 40 40 40 40 40 40 40;40 40 40 40 40 40 40 40 40 40 40 40 40 40 40 40 40 40 40 40 40 40 40 40 40 40 40 40 40 40 40 40 40 40 40 40 40 40 40;40 40 40 40 40 40 40 40 40 40 40 40 40 40 40 40 40 40 40 40 40 40 40 40 40 40 40 40 40 40 40 40 40 40 40 40 40 40 40;
d;3 56.8421052631579 3 56.8421052631579 3 56.8421052631579 3 56.8421052631579 3 56.8421052631579 3 56.8421052631579 3 56.8421052631579 3 56.8421052631579 3 56.8421052631579 3 56.8421052631579 3 56.8421052631579 3 56.8421052631579 3 56.8421052631579 3 56.8421052631579 3 56.8421052631579 3 56.8421052631579 3 56.8421052631579 3 56.8421052631579 3 56.8421052631579 3
S;28.5 28.425000000000001 27.003947368421052 26.928947368421053 25.507894736842104 25.432894736842105 24.011842105263156 23.936842105263157 22.515789473684208 22.440789473684209 21.01973684210526 20.944736842105261 19.523684210526312 19.448684210526313 18.027631578947364 17.952631578947365 16.531578947368416 16.456578947368417 15.03552631578947 14.960526315789471 13.539473684210524 13.464473684210525 12.043421052631578 11.968421052631578 10.547368421052632 10.472368421052632 9.0513157894736853 8.976315789473686 7.5552631578947382 7.4802631578947381 6.0592105263157903 5.9842105263157901 4.5631578947368423 4.4881578947368421 3.0671052631578948 2.9921052631578946 1.5710526315789473 1.4960526315789473 0.074999999999999997 0;29.5 29.425000000000001 28.003947368421052 27.928947368421053 26.507894736842104 26.432894736842105 25.011842105263156 24.936842105263157 23.515789473684208 23.440789473684209 22.01973684210526 21.944736842105261 20.523684210526312 20.448684210526313 19.027631578947364 18.952631578947365 17.531578947368416 17.456578947368417 16.035526315789468 15.960526315789469 14.539473684210522 14.464473684210523 13.043421052631576 12.968421052631577 11.54736842105263 11.47236842105263 10.051315789473684 9.9763157894736842 8.5552631578947373 8.4802631578947381 7.0592105263157903 6.9842105263157901 5.5631578947368423 5.4881578947368421 4.0671052631578943 3.9921052631578946 2.5710526315789473 2.4960526315789471 1.075 1;30.5 30.425000000000001 29.003947368421052 28.928947368421053 27.507894736842104 27.432894736842105 26.011842105263156 25.936842105263157 24.515789473684208 24.440789473684209 23.01973684210526 22.944736842105261 21.523684210526312 21.448684210526313 20.027631578947364 19.952631578947365 18.531578947368416 18.456578947368417 17.035526315789468 16.960526315789469 15.53947368421052 15.464473684210521 14.043421052631574 13.968421052631575 12.547368421052628 12.472368421052629 11.051315789473682 10.976315789473682 9.5552631578947356 9.4802631578947363 8.0592105263157894 7.9842105263157901 6.5631578947368423 6.4881578947368421 5.0671052631578952 4.992105263157895 3.5710526315789477 3.4960526315789475 2.0750000000000002 2;0 0.074999999999999997 1.4960526315789473 1.5710526315789473 2.9921052631578946 3.0671052631578948 4.4881578947368421 4.5631578947368423 5.9842105263157901 6.0592105263157903 7.4802631578947381 7.5552631578947382 8.976315789473686 9.0513157894736853 10.472368421052632 10.547368421052632 11.968421052631578 12.043421052631578 13.464473684210525 13.539473684210524 14.960526315789471 15.03552631578947 16.456578947368417 16.531578947368416 17.952631578947365 18.027631578947364 19.448684210526313 19.523684210526312 20.944736842105261 21.01973684210526 22.440789473684209 22.515789473684208 23.936842105263157 24.011842105263156 25.432894736842105 25.507894736842104 26.928947368421053 27.003947368421052 28.425000000000001 28.5;1 1.075 2.4960526315789471 2.5710526315789473 3.9921052631578946 4.0671052631578943 5.4881578947368421 5.5631578947368423 6.9842105263157901 7.0592105263157903 8.4802631578947381 8.5552631578947373 9.9763157894736842 10.051315789473684 11.47236842105263 11.54736842105263 12.968421052631577 13.043421052631576 14.464473684210523 14.539473684210522 15.960526315789469 16.035526315789468 17.456578947368417 17.531578947368416 18.952631578947365 19.027631578947364 20.448684210526313 20.523684210526312 21.944736842105261 22.01973684210526 23.440789473684209 23.515789473684208 24.936842105263157 25.011842105263156 26.432894736842105 26.507894736842104 27.928947368421053 28.003947368421052 29.425000000000001 29.5;2 2.0750000000000002 3.4960526315789475 3.5710526315789477 4.992105263157895 5.0671052631578952 6.4881578947368421 6.5631578947368423 7.9842105263157901 8.0592105263157894 9.4802631578947363 9.5552631578947356 10.976315789473682 11.051315789473682 12.472368421052629 12.547368421052628 13.968421052631575 14.043421052631574 15.464473684210521 15.53947368421052 16.960526315789469 17.035526315789468 18.456578947368417 18.531578947368416 19.952631578947365 20.027631578947364 21.448684210526313 21.523684210526312 22.944736842105261 23.01973684210526 24.440789473684209 24.515789473684208 25.936842105263157 26.011842105263156 27.432894736842105 27.507894736842104 28.928947368421053 29.003947368421052 30.425000000000001 30.5;
