m;6
n;12
P;39
P1;2 4 6 8 10 12 14 16 18 20 22 24 26 28 30 32 34 36 38
Q;40
M;100
h;1 1 1 1 1 1 1 1 1 1 1 1 1 1 1 1 1 1 1 1 1 1 1 1 1 1 1 1 1 1 1 1 1 1 1 1 1 1 1
Vmin;40 40 40 40 40 40 40 40 40 40 40 40 40 40 40 40 40 40 40 40 40 40 40 40 40 40 40 40 40 40 40 40 40 40 40 40 40 40 40;40 40 40 40 40 40 40 40 40 40 40 40 40 40 40 40 40 40 40 40 40 40 40 40 40 40 40 40 40 40 40 40 40 40 40 40 40 40 40;40 40 40 40 40 40 40 40 40 40 40 40 40 40 40 40 40 40 40 40 40 40 40 40 40 40 40 40 40 40 40 40 40 40 40 40 40 40 40;40 40 40 40 40 40 40 40 40 40 40 40 40 40 40 40 40 40 40 40 40 40 40 40 40 40 40 40 40 40 40 40 40 40 40 40 40 40 40;40 40 40 40 40 40 40 40 40 40 40 40 40 40 40 40 40 40 40 40 40 40 40 40 40 40 40 40 40 40 40 40 40 40 40 40 40 40 40;40 40 40 40 40 40 40 40 40 40 40 40 40 40 40 40 40 40 40 40 40 40 40 40 40 40 40 40 40 40 40 40 40 40 40 40 40 40 40;40 40 40 40 40 40 40 40 40 40 40 40 40 40 40 40 40 40 40 40 40 40 40 40 40 40 40 40 40 40 40 40 40 40 40 40 40 40 40;40 40 40 40 40 40 40 40 40 40 40 40 40 40 40 40 40 40 40 40 40 40 40 40 40 40 40 40 40 40 40 40 40 40 40 40 40 40 40;40 40 40 40 40 40 40 40 40 40 40 40 40 40 40 40 40 40 40 40 40 40 40 40 40 40 40 40 40 40 40 40 40 40 40 40 40 40 40;40 40 40 40 40 40 40 40 40 40 40 40 40 40 40 40 40 40 40 40 40 40 40 40 40 40 40 40 40 40 40 40 40 40 40 40 40 40 40;40 40 40 40 40 40 40 40 40 40 40 40 40 40 40 40 40 40 40 40 40 40 40 40 40 40 40 40 40 40 40 40 40 40 40 40 40 40 40;40 40 40 40 40 40 40 40 40 40 40 40 40 40 40 40 40 40 40 40 40 40 40 40 40 40 40 40 40 40 40 40 40 40 40 40 40 40 40;
Vmax;40 40 40 40 40 40 40 40 40 40 40 40 40 40 40 40 40 40 40 40 40 40 40 40 40 40 40 40 40 40 40 40 40 40 40 40 40 40 40;40 40 40 40 40 40 40 40 40 40 40 40 40 40 40 40 40 40 40 40 40 40 40 40 40 40 40 40 40 40 40 40 40 40 40 40 40 40 40;40 40 40 40 40 40 40 40 40 40 40 40 40 40 40 40 40 40 40 40 40 40 40 40 40 40 40 40 40 40 40 40 40 40 40 40 40 40 40;40 40 40 40 40 40 40 40 40 40 40 40 40 40 40 40 40 40 40 40 40 40 40 40 40 40 40 40 40 40 40 40 40 40 40 40 40 40 40;40 40 40 40 40 40 40 40 40 40 40 40 40 40 40 40 40 40 40 40 40 40 40 40 40 40 40 40 40 40 40 40 40 40 40 40 40 40 40;40 40 40 40 40 40 40 40 40 40 40 40 40 40 40 40 40 40 40 40 40 40 40 40 40 40 40 40 40 40 40 40 40 40 40 40 40 40 40;40 40 40 40 40 40 40 40 40 40 40 40 40 40 40 40 40 40 40 40 40 40 40 40 40 40 40 40 40 40 40 40 40 40 40 40 40 40 40;40 40 40 40 40 40 40 40 40 40 40 40 40 40 40 40 40 40 40 40 40 40 40 40 40 40 40 40 40 40 40 40 40 40 40 40 40 40 40;40 40 40 40 40 40 40 40 40 40 40 40 40 40 40 40 40 40 40 40 40 40 40 40 40 40 40 40 40 40 40 40 40 40 40 40 40 40 40;40 40 40 40 40 40 40 40 40 40 40 40 40 40 40 40 40 40 40 40 40 40 40 40 40 40 40 40 40 40 40 40 40 40 40 40 40 40 40;40 40 40 40 40 40 40 40 40 40 40 40 40 40 40 40 40 40 40 40 40 40 40 40 40 40 40 40 40 40 40 40 40 40 40 40 40 40 40;40 40 40 40 40 40 40 40 40 40 40 40 40 40 40 40 40 40 40 40 40 40 40 40 40 40 40 40 40 40 40 40 40 40 40 40 40 40 40;
d;3 56.8421052631579 3 56.8421052631579 3 56.8421052631579 3 56.8421052631579 3 56.8421052631579 3 56.8421052631579 3 56.8421052631579 3 56.8421052631579 3 56.8421052631579 3 56.8421052631579 3 56.8421052631579 3 56.8421052631579 3 56.8421052631579 3 56.8421052631579 3 56.8421052631579 3 56.8421052631579 3 56.8421052631579 3 56.8421052631579 3 56.8421052631579 3
S;28.5 28.425000000000001 27.003947368421052 26.928947368421053 25.507894736842104 25.432894736842105 24.011842105263156 23.936842105263157 22.515789473684208 22.440789473684209 21.01973684210526 20.944736842105261 19.523684210526312 19.448684210526313 18.027631578947364 17.952631578947365 16.531578947368416 16.456578947368417 15.03552631578947 14.960526315789471 13.539473684210524 13.464473684210525 12.043421052631578 11.968421052631578 10.547368421052632 10.472368421052632 9.0513157894736853 8.976315789473686 7.5552631578947382 7.4802631578947381 6.0592105263157903 5.9842105263157901 4.5631578947368423 4.4881578947368421 3.0671052631578948 2.9921052631578946 1.5710526315789473 1.4960526315789473 0.074999999999999997 0;29.5 29.425000000000001 28.003947368421052 27.928947368421053 26.507894736842104 26.432894736842105 25.011842105263156 24.936842105263157 23.515789473684208 23.440789473684209 22.01973684210526 21.944736842105261 20.523684210526312 20.448684210526313 19.027631578947364 18.952631578947365 17.531578947368416 17.456578947368417 16.035526315789468 15.960526315789469 14.539473684210522 14.464473684210523 13.043421052631576 12.968421052631577 11.54736842105263 11.47236842105263 10.051315789473684 9.9763157894736842 8.5552631578947373 8.4802631578947381 7.0592105263157903 6.9842105263157901 5.5631578947368423 5.4881578947368421 4.0671052631578943 3.9921052631578946 2.5710526315789473 2.4960526315789471 1.075 1;30.5 30.425000000000001 29.003947368421052 28.928947368421053 27.507894736842104 27.432894736842105 26.011842105263156 25.936842105263157 24.515789473684208 24.440789473684209 23.01973684210526 22.944736842105261 21.523684210526312 21.448684210526313 20.027631578947364 19.952631578947365 18.531578947368416 18.456578947368417 17.035526315789468 16.960526315789469 15.53947368421052 15.464473684210521 14.043421052631574 13.968421052631575 12.547368421052628 12.472368421052629 11.051315789473682 10.976315789473682 9.5552631578947356 9.4802631578947363 8.0592105263157894 7.9842105263157901 6.5631578947368423 6.4881578947368421 5.0671052631578952 4.992105263157895 3.5710526315789477 3.4960526315789475 2.0750000000000002 2;31.500000000000004 31.425000000000004 30.003947368421056 29.928947368421056 28.507894736842108 28.432894736842108 27.01184210526316 26.93684210526316 25.515789473684212 25.440789473684212 24.019736842105264 23.944736842105264 22.523684210526316 22.448684210526316 21.027631578947368 20.952631578947368 19.53157894736842 19.456578947368421 18.035526315789472 17.960526315789473 16.539473684210524 16.464473684210525 15.043421052631576 14.968421052631577 13.54736842105263 13.47236842105263 12.051315789473684 11.976315789473684 10.555263157894737 10.480263157894738 9.0592105263157912 8.9842105263157919 7.5631578947368441 7.4881578947368439 6.0671052631578961 5.9921052631578959 4.5710526315789481 4.496052631578948 3.0750000000000002 3;32.500000000000007 32.425000000000004 31.003947368421056 30.928947368421056 29.507894736842108 29.432894736842108 28.01184210526316 27.93684210526316 26.515789473684212 26.440789473684212 25.019736842105264 24.944736842105264 23.523684210526316 23.448684210526316 22.027631578947368 21.952631578947368 20.53157894736842 20.456578947368421 19.035526315789472 18.960526315789473 17.539473684210524 17.464473684210525 16.043421052631576 15.968421052631575 14.547368421052628 14.472368421052629 13.051315789473682 12.976315789473682 11.555263157894736 11.480263157894736 10.059210526315789 9.9842105263157901 8.5631578947368432 8.4881578947368439 7.0671052631578961 6.9921052631578959 5.5710526315789481 5.496052631578948 4.0750000000000002 4;33.5 33.424999999999997 32.003947368421052 31.928947368421053 30.507894736842104 30.432894736842105 29.011842105263156 28.936842105263157 27.515789473684208 27.440789473684209 26.01973684210526 25.944736842105261 24.523684210526312 24.448684210526313 23.027631578947364 22.952631578947365 21.531578947368416 21.456578947368417 20.035526315789468 19.960526315789469 18.53947368421052 18.464473684210521 17.043421052631572 16.968421052631573 15.547368421052626 15.472368421052627 14.05131578947368 13.976315789473681 12.555263157894734 12.480263157894735 11.059210526315788 10.984210526315788 9.5631578947368414 9.4881578947368421 8.0671052631578952 7.9921052631578959 6.5710526315789481 6.496052631578948 5.0750000000000002 5;0 0.074999999999999997 1.4960526315789473 1.5710526315789473 2.9921052631578946 3.0671052631578948 4.4881578947368421 4.5631578947368423 5.9842105263157901 6.0592105263157903 7.4802631578947381 7.5552631578947382 8.976315789473686 9.0513157894736853 10.472368421052632 10.547368421052632 11.968421052631578 12.043421052631578 13.464473684210525 13.539473684210524 14.960526315789471 15.03552631578947 16.456578947368417 16.531578947368416 17.952631578947365 18.027631578947364 19.448684210526313 19.523684210526312 20.944736842105261 21.01973684210526 22.440789473684209 22.515789473684208 23.936842105263157 24.011842105263156 25.432894736842105 25.507894736842104 26.928947368421053 27.003947368421052 28.425000000000001 28.5;1 1.075 2.4960526315789471 2.5710526315789473 3.9921052631578946 4.0671052631578943 5.4881578947368421 5.5631578947368423 6.9842105263157901 7.0592105263157903 8.4802631578947381 8.5552631578947373 9.9763157894736842 10.051315789473684 11.47236842105263 11.54736842105263 12.968421052631577 13.043421052631576 14.464473684210523 14.539473684210522 15.960526315789469 16.035526315789468 17.456578947368417 17.531578947368416 18.952631578947365 19.027631578947364 20.448684210526313 20.523684210526312 21.944736842105261 22.01973684210526 23.440789473684209 23.515789473684208 24.936842105263157 25.011842105263156 26.432894736842105 26.507894736842104 27.928947368421053 28.003947368421052 29.425000000000001 29.5;2 2.0750000000000002 3.4960526315789475 3.5710526315789477 4.992105263157895 5.0671052631578952 6.4881578947368421 6.5631578947368423 7.9842105263157901 8.0592105263157894 9.4802631578947363 9.5552631578947356 10.976315789473682 11.051315789473682 12.472368421052629 12.547368421052628 13.968421052631575 14.043421052631574 15.464473684210521 15.53947368421052 16.960526315789469 17.035526315789468 18.456578947368417 18.531578947368416 19.952631578947365 20.027631578947364 21.448684210526313 21.523684210526312 22.944736842105261 23.01973684210526 24.440789473684209 24.515789473684208 25.936842105263157 26.011842105263156 27.432894736842105 27.507894736842104 28.928947368421053 29.003947368421052 30.425000000000001 30.5;3 3.0750000000000002 4.496052631578948 4.5710526315789481 5.9921052631578959 6.0671052631578961 7.4881578947368439 7.5631578947368441 8.9842105263157919 9.0592105263157912 10.480263157894738 10.555263157894737 11.976315789473684 12.051315789473684 13.47236842105263 13.54736842105263 14.968421052631577 15.043421052631576 16.464473684210525 16.539473684210524 17.960526315789473 18.035526315789472 19.456578947368421 19.53157894736842 20.952631578947368 21.027631578947368 22.448684210526316 22.523684210526316 23.944736842105264 24.019736842105264 25.440789473684212 25.515789473684212 26.93684210526316 27.01184210526316 28.432894736842108 28.507894736842108 29.928947368421056 30.003947368421056 31.425000000000004 31.500000000000004;4 4.0750000000000002 5.496052631578948 5.5710526315789481 6.9921052631578959 7.0671052631578961 8.4881578947368439 8.5631578947368432 9.9842105263157901 10.059210526315789 11.480263157894736 11.555263157894736 12.976315789473682 13.051315789473682 14.472368421052629 14.547368421052628 15.968421052631575 16.043421052631576 17.464473684210525 17.539473684210524 18.960526315789473 19.035526315789472 20.456578947368421 20.53157894736842 21.952631578947368 22.027631578947368 23.448684210526316 23.523684210526316 24.944736842105264 25.019736842105264 26.440789473684212 26.515789473684212 27.93684210526316 28.01184210526316 29.432894736842108 29.507894736842108 30.928947368421056 31.003947368421056 32.425000000000004 32.500000000000007;5 5.0750000000000002 6.496052631578948 6.5710526315789481 7.9921052631578959 8.0671052631578952 9.4881578947368421 9.5631578947368414 10.984210526315788 11.059210526315788 12.480263157894735 12.555263157894734 13.976315789473681 14.05131578947368 15.472368421052627 15.547368421052626 16.968421052631573 17.043421052631572 18.464473684210521 18.53947368421052 19.960526315789469 20.035526315789468 21.456578947368417 21.531578947368416 22.952631578947365 23.027631578947364 24.448684210526313 24.523684210526312 25.944736842105261 26.01973684210526 27.440789473684209 27.515789473684208 28.936842105263157 29.011842105263156 30.432894736842105 30.507894736842104 31.928947368421053 32.003947368421052 33.424999999999997 33.5;
