m;2
n;4
P;39
P1;2 4 6 8 10 12 14 16 18 20 22 24 26 28 30 32 34 36 38
Q;40
M;100
h;1 1 1 1 1 1 1 1 1 1 1 1 1 1 1 1 1 1 1 1 1 1 1 1 1 1 1 1 1 1 1 1 1 1 1 1 1 1 1
Vmin;28 28 28 28 28 28 28 28 28 28 28 28 28 28 28 28 28 28 28 28 28 28 28 28 28 28 28 28 28 28 28 28 28 28 28 28 28 28 28;52 52 52 52 52 52 52 52 52 52 52 52 52 52 52 52 52 52 52 52 52 52 52 52 52 52 52 52 52 52 52 52 52 52 52 52 52 52 52;49 49 49 49 49 49 49 49 49 49 49 49 49 49 49 49 49 49 49 49 49 49 49 49 49 49 49 49 49 49 49 49 49 49 49 49 49 49 49;43 43 43 43 43 43 43 43 43 43 43 43 43 43 43 43 43 43 43 43 43 43 43 43 43 43 43 43 43 43 43 43 43 43 43 43 43 43 43;
Vmax;28 28 28 28 28 28 28 28 28 28 28 28 28 28 28 28 28 28 28 28 28 28 28 28 28 28 28 28 28 28 28 28 28 28 28 28 28 28 28;52 52 52 52 52 52 52 52 52 52 52 52 52 52 52 52 52 52 52 52 52 52 52 52 52 52 52 52 52 52 52 52 52 52 52 52 52 52 52;49 49 49 49 49 49 49 49 49 49 49 49 49 49 49 49 49 49 49 49 49 49 49 49 49 49 49 49 49 49 49 49 49 49 49 49 49 49 49;43 43 43 43 43 43 43 43 43 43 43 43 43 43 43 43 43 43 43 43 43 43 43 43 43 43 43 43 43 43 43 43 43 43 43 43 43 43 43;
d;3.000 51.283 3.000 101.097 3.000 16.089 3.000 6.370 3.000 5.064 3.000 16.943 3.000 23.334 3.000 13.352 3.000 34.336 3.000 45.925 3.000 48.014 3.000 33.359 3.000 37.965 3.000 18.552 3.000 11.874 3.000 51.468 3.000 17.857 3.000 95.935 3.000 15.630 3.000
S;1.1626129072505937 1.1608271929648795 1.1515237592184009 1.1497380449326866 1.0926340150952678 1.0908483008095535 1.0802188805853807 1.0784331662996665 1.0477971558274271 1.0460114415417128 1.038943380260988 1.0371576659752737 1.026114915329353 1.0243292010436389 1.0017312784911672 0.99994556420545289 0.98008927026916082 0.97830355598344654 0.94972401266716167 0.9479382983814475 0.92060223899475668 0.9188165247090424 0.89837853686782176 0.89659282258210748 0.88864499696687516 0.88685928268116099 0.87296985511292613 0.87118414082721196 0.86109930938774737 0.8593135951020332 0.8562993002416982 0.85451358595598392 0.85072195130189587 0.84893623701618159 0.83935953533157925 0.83757382104586497 0.77739691900707331 0.77561120472135914 0.74508590169428668 0.7433001874085724;2.0778958428299652 2.076934304368427 2.071924763120323 2.0709632246587848 2.0402149009001742 2.039253362438636 2.0335298284717735 2.0325682900102353 2.0160719766790294 2.0151104382174911 2.0113045590663314 2.0103430206047928 2.0043969241031432 2.0034353856416049 1.9912672734979664 1.9903057350364279 1.9796138844553475 1.978652345993809 1.963263361131194 1.9623018226696556 1.9475824060768221 1.9466208676152836 1.9356157972392416 1.9346542587777031 1.9303746603695013 1.9294131219079629 1.9219341993712211 1.9209726609096827 1.9155423670576635 1.914580828596125 1.9129577467482521 1.9119962082867137 1.9099545588575892 1.9089930203960508 1.9038363348735727 1.9028747964120343 1.8704718491603771 1.8695103106988387 1.8530736090688764 1.852112070607338;3.1125504127335932 3.1143361270193077 3.145754287189237 3.1475400014749515 3.2077169035137429 3.2095026177994574 3.2190793194840599 3.2208650337697744 3.2246566684238624 3.226442382709577 3.2294566775699121 3.2312423918556261 3.2413272232950905 3.243112937580805 3.2570023651490398 3.2587880794347539 3.2667359050499862 3.2685216193357007 3.2889596071769214 3.2907453214626359 3.3180813808493266 3.3198670951350406 3.3484466384513256 3.3502323527370397 3.3700886466733317 3.3718743609590462 3.3944722835115178 3.3962579977972323 3.407300748443153 3.4090864627288671 3.4161545240095919 3.4179402382953064 3.4485762487675453 3.4503619630532598 3.4609913832774324 3.4627770975631469 3.5198811274005659 3.5216668416862804 3.5309702754327588 3.5327559897184733;4.1503450155622081 4.1513065540237468 4.1682240248844789 4.1691855633460175 4.2015885105976745 4.2025500490592131 4.2077067345816914 4.2086682730432301 4.210709922472355 4.2116714609338937 4.2132945427817656 4.2142560812433043 4.219686375095324 4.2206479135568626 4.2281268360936046 4.2290883745551433 4.2333679729633458 4.2343295114248845 4.2453345818009263 4.2462961202624649 4.2610155368552984 4.2619770753168371 4.2773660601794514 4.2783275986409901 4.2890194492220708 4.2899809876836095 4.3021490998272478 4.3031106382887865 4.3090567347904356 4.3100182732519743 4.313824152403134 4.3147856908646727 4.3312820041958791 4.3322435426574177 4.3379670766242793 4.338928615085818 4.3696769388444272 4.3706384773059659 4.3756480185540703 4.3766095570156089;
