m;7
n;14
P;39
P1;2 4 6 8 10 12 14 16 18 20 22 24 26 28 30 32 34 36 38
Q;40
M;100
h;1 1 1 1 1 1 1 1 1 1 1 1 1 1 1 1 1 1 1 1 1 1 1 1 1 1 1 1 1 1 1 1 1 1 1 1 1 1 1
Vmin;48 48 48 48 48 48 48 48 48 48 48 48 48 48 48 48 48 48 48 48 48 48 48 48 48 48 48 48 48 48 48 48 48 48 48 48 48 48 48;46 46 46 46 46 46 46 46 46 46 46 46 46 46 46 46 46 46 46 46 46 46 46 46 46 46 46 46 46 46 46 46 46 46 46 46 46 46 46;52 52 52 52 52 52 52 52 52 52 52 52 52 52 52 52 52 52 52 52 52 52 52 52 52 52 52 52 52 52 52 52 52 52 52 52 52 52 52;39 39 39 39 39 39 39 39 39 39 39 39 39 39 39 39 39 39 39 39 39 39 39 39 39 39 39 39 39 39 39 39 39 39 39 39 39 39 39;32 32 32 32 32 32 32 32 32 32 32 32 32 32 32 32 32 32 32 32 32 32 32 32 32 32 32 32 32 32 32 32 32 32 32 32 32 32 32;44 44 44 44 44 44 44 44 44 44 44 44 44 44 44 44 44 44 44 44 44 44 44 44 44 44 44 44 44 44 44 44 44 44 44 44 44 44 44;37 37 37 37 37 37 37 37 37 37 37 37 37 37 37 37 37 37 37 37 37 37 37 37 37 37 37 37 37 37 37 37 37 37 37 37 37 37 37;28 28 28 28 28 28 28 28 28 28 28 28 28 28 28 28 28 28 28 28 28 28 28 28 28 28 28 28 28 28 28 28 28 28 28 28 28 28 28;39 39 39 39 39 39 39 39 39 39 39 39 39 39 39 39 39 39 39 39 39 39 39 39 39 39 39 39 39 39 39 39 39 39 39 39 39 39 39;50 50 50 50 50 50 50 50 50 50 50 50 50 50 50 50 50 50 50 50 50 50 50 50 50 50 50 50 50 50 50 50 50 50 50 50 50 50 50;43 43 43 43 43 43 43 43 43 43 43 43 43 43 43 43 43 43 43 43 43 43 43 43 43 43 43 43 43 43 43 43 43 43 43 43 43 43 43;40 40 40 40 40 40 40 40 40 40 40 40 40 40 40 40 40 40 40 40 40 40 40 40 40 40 40 40 40 40 40 40 40 40 40 40 40 40 40;43 43 43 43 43 43 43 43 43 43 43 43 43 43 43 43 43 43 43 43 43 43 43 43 43 43 43 43 43 43 43 43 43 43 43 43 43 43 43;46 46 46 46 46 46 46 46 46 46 46 46 46 46 46 46 46 46 46 46 46 46 46 46 46 46 46 46 46 46 46 46 46 46 46 46 46 46 46;
Vmax;48 48 48 48 48 48 48 48 48 48 48 48 48 48 48 48 48 48 48 48 48 48 48 48 48 48 48 48 48 48 48 48 48 48 48 48 48 48 48;46 46 46 46 46 46 46 46 46 46 46 46 46 46 46 46 46 46 46 46 46 46 46 46 46 46 46 46 46 46 46 46 46 46 46 46 46 46 46;52 52 52 52 52 52 52 52 52 52 52 52 52 52 52 52 52 52 52 52 52 52 52 52 52 52 52 52 52 52 52 52 52 52 52 52 52 52 52;39 39 39 39 39 39 39 39 39 39 39 39 39 39 39 39 39 39 39 39 39 39 39 39 39 39 39 39 39 39 39 39 39 39 39 39 39 39 39;32 32 32 32 32 32 32 32 32 32 32 32 32 32 32 32 32 32 32 32 32 32 32 32 32 32 32 32 32 32 32 32 32 32 32 32 32 32 32;44 44 44 44 44 44 44 44 44 44 44 44 44 44 44 44 44 44 44 44 44 44 44 44 44 44 44 44 44 44 44 44 44 44 44 44 44 44 44;37 37 37 37 37 37 37 37 37 37 37 37 37 37 37 37 37 37 37 37 37 37 37 37 37 37 37 37 37 37 37 37 37 37 37 37 37 37 37;28 28 28 28 28 28 28 28 28 28 28 28 28 28 28 28 28 28 28 28 28 28 28 28 28 28 28 28 28 28 28 28 28 28 28 28 28 28 28;39 39 39 39 39 39 39 39 39 39 39 39 39 39 39 39 39 39 39 39 39 39 39 39 39 39 39 39 39 39 39 39 39 39 39 39 39 39 39;50 50 50 50 50 50 50 50 50 50 50 50 50 50 50 50 50 50 50 50 50 50 50 50 50 50 50 50 50 50 50 50 50 50 50 50 50 50 50;43 43 43 43 43 43 43 43 43 43 43 43 43 43 43 43 43 43 43 43 43 43 43 43 43 43 43 43 43 43 43 43 43 43 43 43 43 43 43;40 40 40 40 40 40 40 40 40 40 40 40 40 40 40 40 40 40 40 40 40 40 40 40 40 40 40 40 40 40 40 40 40 40 40 40 40 40 40;43 43 43 43 43 43 43 43 43 43 43 43 43 43 43 43 43 43 43 43 43 43 43 43 43 43 43 43 43 43 43 43 43 43 43 43 43 43 43;46 46 46 46 46 46 46 46 46 46 46 46 46 46 46 46 46 46 46 46 46 46 46 46 46 46 46 46 46 46 46 46 46 46 46 46 46 46 46;
d;3.000 90.115 3.000 94.315 3.000 66.205 3.000 57.677 3.000 55.191 3.000 20.682 3.000 57.937 3.000 71.169 3.000 3.003 3.000 27.262 3.000 122.637 3.000 82.014 3.000 100.007 3.000 21.704 3.000 21.273 3.000 13.059 3.000 64.522 3.000 32.511 3.000 25.256 3.000
S;0.88897727954027594 0.88793561287360923 0.8791661621162612 0.87812449544959448 0.86683578630810343 0.86579411964143682 0.84339054847673778 0.84234888181007117 0.83781439140312386 0.83677272473645725 0.82938640787806228 0.82834474121139567 0.82080872701251595 0.81976706034584934 0.78504241283462828 0.78400074616796167 0.75552378650725582 0.7544821198405891 0.71189992049486084 0.71085825382819412 0.70139222905945009 0.70035056239278337 0.69930792156642285 0.69826625489975624 0.67355488668430474 0.67251322001763814 0.65239622262270003 0.65135455595603331 0.64417327220209264 0.64313160553542603 0.62396805900048613 0.62292639233381952 0.60289966626476832 0.6018579995981016 0.57887019868928902 0.5778285320226223 0.545080250448857 0.54403858378219039 0.51274860925983323 0.51170694259316651;2.5278365513012022 2.5267495947794631 2.5175988635544044 2.5165119070326654 2.5047323844502403 2.5036454279285012 2.4802677884522937 2.4791808319305546 2.4744491897667831 2.473362233245044 2.4656547721754145 2.4645678156536754 2.4567041486635404 2.4556171921418013 2.4193827773474839 2.4182958208257448 2.3885807324841384 2.3874937759623993 2.3430601766451176 2.3419732201233785 2.3320956290603414 2.3310086725386023 2.3299206995024004 2.3288337429806614 2.3030479674514948 2.3019610109297557 2.2809693614741682 2.2798824049524291 2.2723888914700563 2.2713019349483172 2.2513051907379449 2.2502182342162058 2.229320780926761 2.2282338244050219 2.2042465538914784 2.2031595973697393 2.16898747746668 2.1679005209449409 2.1352501127476988 2.1341631562259598;3.2941011296583671 3.2931395911968284 3.2850447135746612 3.2840831751131225 3.2736628282132845 3.2727012897517458 3.2520210702151009 3.2510595317535622 3.2468738483009956 3.2459123098394569 3.2390941712009389 3.2381326327394002 3.2311763119404344 3.2302147734788957 3.1981612526993071 3.1971997142377684 3.1709132899355783 3.1699517514740396 3.1306451059241369 3.1296835674625982 3.1209456984452961 3.1199841599837574 3.1190217222978864 3.1180601838363478 3.0952496900990081 3.0942881516374694 3.0757186155806036 3.0747570771190649 3.068128199807735 3.0671666613461963 3.0494772337754825 3.0485156953139438 3.0300294866348194 3.0290679481732807 3.007848439642069 3.0068869011805304 2.9766577181893625 2.9756961797278239 2.9468131263225712 2.9458515878610325;3.4784737880759482 3.4771917367938974 3.4663985666310073 3.465116515348956 3.451222719482506 3.4499406682004548 3.4223670421515942 3.4210849908695433 3.415504079599454 3.4142220283174032 3.4051311767993786 3.4038491255173273 3.3945740311187063 3.393291979836655 3.3505539521305372 3.3492719008484859 3.3142233351122328 3.3129412838301819 3.2605324230969774 3.2592503718149266 3.2475998797918568 3.2463178285098055 3.2450345782619774 3.2437525269799261 3.2133385353301396 3.2120564840480887 3.1872971026389343 3.186015051356883 3.1771765482751095 3.1758944969930587 3.1523085935654405 3.1510265422833892 3.1263782640445568 3.1250962127625059 3.0968035347208902 3.0955214834388389 3.0552159061172817 3.0539338548352304 3.0154231169615597 3.0141410656795089;4.0999942226229296 4.0984317226229292 4.0852775464869078 4.0837150464869074 4.0667819827746703 4.0652194827746708 4.0316141260276224 4.0300516260276229 4.023249890417202 4.0216873904172017 4.0106079151296097 4.0090454151296093 3.9977413938312902 3.9961788938312903 3.9440919225644588 3.9425294225644589 3.8998139830734 3.8982514830734001 3.8343781840548075 3.8328156840548075 3.8186166469016913 3.8170541469016914 3.8154901856621506 3.8139276856621507 3.7768606333389738 3.7752981333389735 3.7451226372465665 3.7435601372465666 3.7327882116156554 3.7312257116156555 3.7024803918132458 3.7009178918132459 3.6708778027096689 3.669315302709669 3.6348336013464499 3.63327110134645 3.5841486789858021 3.5825861789858018 3.5356512172022661 3.5340887172022661;4.2333086749523625 4.2321723113159981 4.2226056377625278 4.2214692741261644 4.209154318699083 4.2080179550627195 4.183577695610321 4.1824413319739575 4.1774946151663785 4.1763582515300151 4.1683004513208566 4.1671640876844931 4.1589429812857155 4.157806617649352 4.1199251840007465 4.118788820364383 4.0877230461890672 4.0865866825527037 4.0401333741755456 4.0389970105391821 4.0286704380641885 4.027534074427825 4.0263966480717954 4.0252602844354319 3.9983024282003941 3.9971660645640301 3.975220249224098 3.9740838855877341 3.9662497578561626 3.9651133942197991 3.944207707090774 3.9430713434544105 3.9212240059245365 3.920087642288173 3.8950100412967412 3.8938736776603777 3.8581482795799062 3.8570119159435428 3.8228773982827895 3.821741034646426;5.3844068956377473 5.3830555442863952 5.3716789595201062 5.3703276081687541 5.355682796309523 5.3543314449581718 5.3252673526364003 5.3239160012850482 5.318033419135495 5.3166820677841438 5.3070998188867664 5.3057484675354143 5.2959720166828141 5.2946206653314629 5.2495724739655545 5.2482211226142024 5.2112780398111243 5.209926688459773 5.1546849163355848 5.1533335649842336 5.1410533166355927 5.1397019652842415 5.1383493501581521 5.1369979988068009 5.1049400076083771 5.1035886562570258 5.0774909299068351 5.0761395785554839 5.0668233185503722 5.06547196719902 5.0406111500726114 5.0392597987212602 5.0132791811181665 5.0119278297668153 4.9821058177770032 4.980754466425652 4.9382702092488753 4.936918857897524 4.8963264585171684 4.8949751071658172;7.47133163746535 7.4723733041320166 7.5041841119877075 7.5052257786543741 7.5379740602281391 7.5390157268948057 7.5620035278036193 7.5630451944702859 7.5830719205393367 7.5841135872060033 7.6032771337409431 7.6043188004076097 7.6115000841615501 7.6125417508282167 7.6326587482231547 7.6337004148898213 7.6584117831052732 7.6594534497719398 7.6604960905982997 7.6615377572649663 7.6710037820337105 7.6720454487003771 7.7146276480461058 7.7156693147127724 7.7441462743734784 7.745187941040145 7.7799125885513662 7.7809542552180329 7.7884902694169122 7.7895319360835789 7.7969182529419738 7.7979599196086404 7.8024944100155871 7.8035360766822537 7.825939647846953 7.8269813145136196 7.8382700236551113 7.8393116903217779 7.8480811410791258 7.8491228077457924;7.7997924005630512 7.8008793570847912 7.8340732435429024 7.8351602000646414 7.8693323199677012 7.8704192764894412 7.8944065470029852 7.8954935035247242 7.916390956814169 7.917477913335909 7.9374746575462805 7.9385616140680204 7.9460551275503937 7.9471420840721327 7.9681337335277211 7.9692206900494602 7.9950064655786273 7.9960934221003672 7.9971813951365691 7.9982683516583091 8.0081459427213471 8.0092328992430861 8.0536664985603679 8.0547534550821069 8.0844685434237125 8.0855554999454515 8.1217899147397699 8.1228768712615089 8.1307405382516453 8.1318274947733844 8.139534955843013 8.1406219123647539 8.1453535545285245 8.1464405110502636 8.1698181505264724 8.1709051070482115 8.1826846296306375 8.1837715861523765 8.1929223173774357 8.1940092738991748;8.860925672211561 8.8618872106730997 8.8912510333091213 8.8922125717706599 8.9224417547618273 8.923403293223366 8.9446228017545764 8.9455843402161133 8.9640705488952381 8.965032087356775 8.9827215149274888 8.9836830533890275 8.9903119307003578 8.9912734691618947 9.0098430052187606 9.0108045436802993 9.033615037417638 9.0345765758791767 9.0355390135650477 9.0365005520265846 9.0452384210438872 9.0461999595054259 9.0855066050553273 9.0864681435168659 9.1127545678190565 9.1137161062805951 9.1457696270601829 9.1467311655217198 9.1536874863206847 9.1546490247822234 9.1614671634207419 9.1624287018822788 9.1666143853348458 9.1675759237963845 9.1882561433330299 9.1892176817945668 9.1996380286944053 9.2005995671559422 9.2086944447781089 9.2096559832396476;9.0214978066188429 9.0227798579008951 9.0619316214155905 9.0632136726976409 9.1035192500191986 9.1048013013012508 9.1330939793428669 9.1343760306249173 9.1590243088637511 9.1603063601458015 9.183892263573421 9.1851743148554714 9.1940128179372458 9.195294869219298 9.2200542506284524 9.2213363019105028 9.2517502935602902 9.2530323448423424 9.2543155950901692 9.2555976463722214 9.267248138395292 9.2685301896773424 9.320939050410546 9.3222211016925982 9.3572696674288505 9.3585517187109026 9.4012897464170191 9.4025717976990713 9.4118468920976923 9.4131289433797445 9.4222197948977673 9.4235018461798195 9.4290827574499083 9.4303648087319587 9.4579384347808197 9.4592204860628701 9.4731142819293215 9.4743963332113719 9.4851895033742633 9.4864715546563136;9.096305058153483 9.0978675581534834 9.1455837699370175 9.1471462699370178 9.1962686922976662 9.1978311922976648 9.2323128936608843 9.2338753936608846 9.2639154827644621 9.2654779827644607 9.2942233025668717 9.295785802566872 9.3065577281977827 9.3081202281977831 9.3382957242901892 9.3398582242901895 9.3769252766133668 9.3784877766133654 9.3800517378529076 9.3816142378529079 9.3958132750060237 9.3973757750060241 9.4612490740246162 9.4628115740246166 9.5055270135156764 9.507089513515675 9.5591764847825083 9.5607389847825086 9.5720430060808273 9.5736055060808276 9.5846849813684187 9.5862474813684191 9.5930492169788408 9.5946117169788412 9.6282170737258888 9.6297795737258891 9.6467126374381262 9.6482751374381266 9.6614293135741498 9.6629918135741484;9.8505294342962149 9.8516657979325792 9.8863684974115156 9.88750486104788 9.923230259128351 9.9243666227647154 9.9494442237561476 9.9505805873925119 9.9724279249223855 9.9735642885587499 9.9944699756877746 9.995606339324139 10.003440467055713 10.004576830692077 10.02652264603201 10.027659009668374 10.054616865903411 10.055753229539777 10.056890655895806 10.058027019532171 10.068353592007163 10.069489955643528 10.115943264020688 10.117079627657052 10.148145401832368 10.149281765468732 10.187163199117338 10.188299562753702 10.196520669152479 10.197657032788843 10.205714832998002 10.206851196634366 10.211797913441945 10.212934277078309 10.237374536530707 10.238510900167073 10.250825855594153 10.251962219230517 10.261528892783987 10.262665256420352;9.9761746737808483 9.9775260251321978 10.018794100188229 10.02014545153958 10.062629708716356 10.063981060067707 10.093803072057518 10.09515442340887 10.121135041011962 10.122486392363312 10.14734720948972 10.148698560841071 10.158014820846184 10.159366172197535 10.185463898547725 10.186815249899075 10.218873241097498 10.220224592448849 10.221577207574938 10.22292855892629 10.235208807274931 10.236560158626281 10.29180193075047 10.293153282101821 10.330096364904898 10.331447716256248 10.376495907622155 10.377847258973507 10.387623709826107 10.388975061177458 10.398557310074835 10.399908661426187 10.40579124357574 10.407142594927089 10.436206687248863 10.437558038600212 10.452202850459445 10.453554201810794 10.464930786577083 10.466282137928435;
