m;4
n;8
P;39
P1;2 4 6 8 10 12 14 16 18 20 22 24 26 28 30 32 34 36 38
Q;40
M;100
h;1 1 1 1 1 1 1 1 1 1 1 1 1 1 1 1 1 1 1 1 1 1 1 1 1 1 1 1 1 1 1 1 1 1 1 1 1 1 1
Vmin;36 36 36 36 36 36 36 36 36 36 36 36 36 36 36 36 36 36 36 36 36 36 36 36 36 36 36 36 36 36 36 36 36 36 36 36 36 36 36;37 37 37 37 37 37 37 37 37 37 37 37 37 37 37 37 37 37 37 37 37 37 37 37 37 37 37 37 37 37 37 37 37 37 37 37 37 37 37;40 40 40 40 40 40 40 40 40 40 40 40 40 40 40 40 40 40 40 40 40 40 40 40 40 40 40 40 40 40 40 40 40 40 40 40 40 40 40;45 45 45 45 45 45 45 45 45 45 45 45 45 45 45 45 45 45 45 45 45 45 45 45 45 45 45 45 45 45 45 45 45 45 45 45 45 45 45;28 28 28 28 28 28 28 28 28 28 28 28 28 28 28 28 28 28 28 28 28 28 28 28 28 28 28 28 28 28 28 28 28 28 28 28 28 28 28;39 39 39 39 39 39 39 39 39 39 39 39 39 39 39 39 39 39 39 39 39 39 39 39 39 39 39 39 39 39 39 39 39 39 39 39 39 39 39;43 43 43 43 43 43 43 43 43 43 43 43 43 43 43 43 43 43 43 43 43 43 43 43 43 43 43 43 43 43 43 43 43 43 43 43 43 43 43;52 52 52 52 52 52 52 52 52 52 52 52 52 52 52 52 52 52 52 52 52 52 52 52 52 52 52 52 52 52 52 52 52 52 52 52 52 52 52;
Vmax;36 36 36 36 36 36 36 36 36 36 36 36 36 36 36 36 36 36 36 36 36 36 36 36 36 36 36 36 36 36 36 36 36 36 36 36 36 36 36;37 37 37 37 37 37 37 37 37 37 37 37 37 37 37 37 37 37 37 37 37 37 37 37 37 37 37 37 37 37 37 37 37 37 37 37 37 37 37;40 40 40 40 40 40 40 40 40 40 40 40 40 40 40 40 40 40 40 40 40 40 40 40 40 40 40 40 40 40 40 40 40 40 40 40 40 40 40;45 45 45 45 45 45 45 45 45 45 45 45 45 45 45 45 45 45 45 45 45 45 45 45 45 45 45 45 45 45 45 45 45 45 45 45 45 45 45;28 28 28 28 28 28 28 28 28 28 28 28 28 28 28 28 28 28 28 28 28 28 28 28 28 28 28 28 28 28 28 28 28 28 28 28 28 28 28;39 39 39 39 39 39 39 39 39 39 39 39 39 39 39 39 39 39 39 39 39 39 39 39 39 39 39 39 39 39 39 39 39 39 39 39 39 39 39;43 43 43 43 43 43 43 43 43 43 43 43 43 43 43 43 43 43 43 43 43 43 43 43 43 43 43 43 43 43 43 43 43 43 43 43 43 43 43;52 52 52 52 52 52 52 52 52 52 52 52 52 52 52 52 52 52 52 52 52 52 52 52 52 52 52 52 52 52 52 52 52 52 52 52 52 52 52;
d;3.000 69.909 3.000 15.693 3.000 31.744 3.000 122.372 3.000 36.836 3.000 67.890 3.000 4.972 3.000 35.709 3.000 47.972 3.000 53.526 3.000 103.065 3.000 84.996 3.000 6.297 3.000 67.621 3.000 68.884 3.000 4.831 3.000 11.123 3.000 41.609 3.000 40.589 3.000
S;0.60076535996487368 0.5993764710759848 0.58058548005824795 0.57919659116935895 0.55993295805964372 0.55854406917075472 0.55339441510442422 0.55200552621553522 0.54976897167521066 0.54838008278632178 0.51648932871234166 0.51510043982345277 0.48379450605255037 0.48240561716366148 0.47949037688351609 0.47810148799462726 0.43875155401463617 0.43736266512574734 0.38964734502797171 0.38825845613908283 0.36347798702133527 0.36208909813244639 0.33987986743996518 0.33849097855107629 0.32195884379807121 0.32056995490918239 0.31826810006237077 0.31687921117348189 0.28544870461764532 0.28405981572875644 0.26700595748823014 0.26561706859934126 0.20896320775700661 0.20757431886811772 0.19287804288372859 0.19148915399483971 0.18422374909383157 0.18283486020494266 0.15046966917401952 0.14908078028513064;1.2475923112849487 1.2462409599335975 1.2279578335379615 1.2266064821866103 1.20786348780959 1.2065121364582387 1.2015016622315386 1.2001503108801872 1.1979742037598713 1.1966228524085201 1.1655940106068097 1.1642426592554582 1.1337828318026884 1.1324314804513371 1.1295950304490334 1.1282436790976822 1.0899572568468801 1.0886059054955288 1.0421801886436388 1.0408288372922876 1.0167181105831278 1.0153667592317766 0.99375777801747034 0.992406426666119 0.97632110636589786 0.97496975501454652 0.97273011246089203 0.97137876110954069 0.94079772770386172 0.93944637635251038 0.92285343319956581 0.92150208184821447 0.86637940643405109 0.86502805508269975 0.85072897574653739 0.84937762439518605 0.84230858178879975 0.84095723043744841 0.80946677429925296 0.80811542294790162;1.6622023662971868 1.6609523662971868 1.6440404743812236 1.6427904743812234 1.6254532045824799 1.6242032045824797 1.6195685159227824 1.6183185159227824 1.6163056168364902 1.61505561683649 1.5863539381699079 1.5851039381699079 1.5569285977760958 1.5556785977760959 1.5530548815239651 1.5518048815239649 1.516389940941973 1.515139940941973 1.4721961528539749 1.4709461528539749 1.448643730648002 1.447393730648002 1.427405423024769 1.4261554230247691 1.4112765017470643 1.4100265017470643 1.4079548323849338 1.4067048323849336 1.3784173764846808 1.3771673764846808 1.3618189040682072 1.360568904068207 1.3095804293101059 1.3083304293101059 1.2951037809241555 1.2938537809241555 1.2873149165132483 1.2860649165132481 1.2569362445854173 1.2556862445854171;3.0419890933836728 3.040877982272562 3.0258451894583724 3.0247340783472612 3.0093231718594895 3.0082120607483782 3.0040923374953139 3.0029812263842026 3.0011919827519429 3.000080871640832 2.9745682683816477 2.9734571572705368 2.9484124102538147 2.9473012991427034 2.9449691069185873 2.9438579958074764 2.9123780486234834 2.9112669375123725 2.8730946814341523 2.871983570323041 2.8521591950288427 2.8510480839177319 2.8332806993637472 2.8321695882526359 2.8189438804502323 2.817832769339121 2.8159912854616715 2.8148801743505607 2.7897357691058913 2.7886246579947804 2.7749815714023591 2.7738704602912483 2.7285473716173807 2.7274362605062694 2.7156792397187584 2.7145681286076471 2.7087558046868407 2.7076446935757299 2.6817525407509915 2.6806414296398802;3.9091117170416263 3.9105006059305154 3.943560241405883 3.9449491302947721 3.9522145351957803 3.9536034240846694 3.9682997000690587 3.9696885889579479 4.0263424498002829 4.0277313386891711 4.0447851969296975 4.0461740858185866 4.0776045923744233 4.0789934812633124 4.0812953361101245 4.0826842249990127 4.0992163597520177 4.1006052486409068 4.1228144793333881 4.1242033682222772 4.1489838373400243 4.1503727262289134 4.1980880463266894 4.1994769352155785 4.2388268691955693 4.2402157580844584 4.2431309983646042 4.2445198872534933 4.2758258210243953 4.2772147099132836 4.3091054639872644 4.3104943528761526 4.3127309074164772 4.3141197963053655 4.3192694503716957 4.3206583392605848 4.3399219723703002 4.3413108612591884 4.3601018522769257 4.3614907411658139;5.6484352232693116 5.6497865746206628 5.6819527064345339 5.683304057785886 5.6903731003922724 5.6917244517436236 5.7060235310797855 5.7073748824311377 5.7624975578453013 5.7638489091966525 5.7804418523495968 5.7817932037009481 5.8123742371066269 5.813725588457979 5.8159652310116332 5.8173165823629853 5.8334019026632067 5.8347532540145579 5.8563622352288638 5.8577135865802159 5.8818243132893757 5.8831756646407278 5.929601381492617 5.9309527328439682 5.9692391550947708 5.9705905064461229 5.9734269564484261 5.9747783077997783 6.0052381352525481 6.0065894866038994 6.0376183284056095 6.0389696797569608 6.0411457868772764 6.0424971382286277 6.0475076124553278 6.048858963806679 6.0676019581836993 6.0689533095350505 6.087236435930687 6.0885877872820382;5.865809996924404 5.8670599969244046 5.8968136688522348 5.8980636688522345 5.9046025332631427 5.9058525332631424 5.9190791816490931 5.9203291816490928 5.9713176564071935 5.9725676564071932 5.9879161288236675 5.9891661288236673 6.0174535847239206 6.0187035847239203 6.0207752540860504 6.0220252540860502 6.0369041753637553 6.0381541753637551 6.0581424829869883 6.0593924829869881 6.0816949051929603 6.0829449051929601 6.1258886932809578 6.1271386932809575 6.1625536338629496 6.1638036338629494 6.1664273501150806 6.1676773501150803 6.1958526905088922 6.1971026905088928 6.2258043691754743 6.2270543691754741 6.2290672682617663 6.230317268261766 6.2349519569214635 6.2362019569214633 6.253539226720207 6.2547892267202068 6.2717011186361704 6.2729511186361702;6.6310065141463213 6.6321176252574325 6.6585653336377266 6.6596764447488379 6.6654887686696442 6.6665998797807555 6.6783569005682661 6.6794680116793774 6.7247911003532455 6.7259022114643567 6.739545298056778 6.7406564091678884 6.7658008144125583 6.7669119255236696 6.7687534094011186 6.7698645205122299 6.7830902283146344 6.7842013394257457 6.80196872397973 6.8030798350908412 6.8229042103850386 6.8240153214961499 6.862187577574371 6.8632986886854814 6.894778635869474 6.8958897469805853 6.8982219392047019 6.8993330503158132 6.9243777973325349 6.9254889084436453 6.9510015117028292 6.9521126228139405 6.9539018664462002 6.9550129775573115 6.9591327008103754 6.9602438119214867 6.9756547184092588 6.9767658295203701 6.9917986223345592 6.9929097334456705;
