m;5
n;10
P;39
P1;2 4 6 8 10 12 14 16 18 20 22 24 26 28 30 32 34 36 38
Q;40
M;100
h;1 1 1 1 1 1 1 1 1 1 1 1 1 1 1 1 1 1 1 1 1 1 1 1 1 1 1 1 1 1 1 1 1 1 1 1 1 1 1
Vmin;51 51 51 51 51 51 51 51 51 51 51 51 51 51 51 51 51 51 51 51 51 51 51 51 51 51 51 51 51 51 51 51 51 51 51 51 51 51 51;51 51 51 51 51 51 51 51 51 51 51 51 51 51 51 51 51 51 51 51 51 51 51 51 51 51 51 51 51 51 51 51 51 51 51 51 51 51 51;52 52 52 52 52 52 52 52 52 52 52 52 52 52 52 52 52 52 52 52 52 52 52 52 52 52 52 52 52 52 52 52 52 52 52 52 52 52 52;45 45 45 45 45 45 45 45 45 45 45 45 45 45 45 45 45 45 45 45 45 45 45 45 45 45 45 45 45 45 45 45 45 45 45 45 45 45 45;46 46 46 46 46 46 46 46 46 46 46 46 46 46 46 46 46 46 46 46 46 46 46 46 46 46 46 46 46 46 46 46 46 46 46 46 46 46 46;28 28 28 28 28 28 28 28 28 28 28 28 28 28 28 28 28 28 28 28 28 28 28 28 28 28 28 28 28 28 28 28 28 28 28 28 28 28 28;50 50 50 50 50 50 50 50 50 50 50 50 50 50 50 50 50 50 50 50 50 50 50 50 50 50 50 50 50 50 50 50 50 50 50 50 50 50 50;40 40 40 40 40 40 40 40 40 40 40 40 40 40 40 40 40 40 40 40 40 40 40 40 40 40 40 40 40 40 40 40 40 40 40 40 40 40 40;43 43 43 43 43 43 43 43 43 43 43 43 43 43 43 43 43 43 43 43 43 43 43 43 43 43 43 43 43 43 43 43 43 43 43 43 43 43 43;51 51 51 51 51 51 51 51 51 51 51 51 51 51 51 51 51 51 51 51 51 51 51 51 51 51 51 51 51 51 51 51 51 51 51 51 51 51 51;
Vmax;51 51 51 51 51 51 51 51 51 51 51 51 51 51 51 51 51 51 51 51 51 51 51 51 51 51 51 51 51 51 51 51 51 51 51 51 51 51 51;51 51 51 51 51 51 51 51 51 51 51 51 51 51 51 51 51 51 51 51 51 51 51 51 51 51 51 51 51 51 51 51 51 51 51 51 51 51 51;52 52 52 52 52 52 52 52 52 52 52 52 52 52 52 52 52 52 52 52 52 52 52 52 52 52 52 52 52 52 52 52 52 52 52 52 52 52 52;45 45 45 45 45 45 45 45 45 45 45 45 45 45 45 45 45 45 45 45 45 45 45 45 45 45 45 45 45 45 45 45 45 45 45 45 45 45 45;46 46 46 46 46 46 46 46 46 46 46 46 46 46 46 46 46 46 46 46 46 46 46 46 46 46 46 46 46 46 46 46 46 46 46 46 46 46 46;28 28 28 28 28 28 28 28 28 28 28 28 28 28 28 28 28 28 28 28 28 28 28 28 28 28 28 28 28 28 28 28 28 28 28 28 28 28 28;50 50 50 50 50 50 50 50 50 50 50 50 50 50 50 50 50 50 50 50 50 50 50 50 50 50 50 50 50 50 50 50 50 50 50 50 50 50 50;40 40 40 40 40 40 40 40 40 40 40 40 40 40 40 40 40 40 40 40 40 40 40 40 40 40 40 40 40 40 40 40 40 40 40 40 40 40 40;43 43 43 43 43 43 43 43 43 43 43 43 43 43 43 43 43 43 43 43 43 43 43 43 43 43 43 43 43 43 43 43 43 43 43 43 43 43 43;51 51 51 51 51 51 51 51 51 51 51 51 51 51 51 51 51 51 51 51 51 51 51 51 51 51 51 51 51 51 51 51 51 51 51 51 51 51 51;
d;3.000 5.378 3.000 35.032 3.000 8.434 3.000 10.818 3.000 87.315 3.000 116.537 3.000 59.191 3.000 14.513 3.000 4.491 3.000 22.361 3.000 84.609 3.000 54.381 3.000 89.786 3.000 72.368 3.000 65.502 3.000 55.538 3.000 118.279 3.000 95.596 3.000 73.062 3.000
S;1.7223730837809328 1.72139269162407 1.6975162811745717 1.6965358890177089 1.6652953854108641 1.6643149932540013 1.6256618433556114 1.6246814511987486 1.6065317809648643 1.6055513888080015 1.5841455854048414 1.5831651932479787 1.5595155206713445 1.5585351285144817 1.5291932431097086 1.5282128509528456 1.5104411757850111 1.5094607836281484 1.4818108380316211 1.4808304458747583 1.4735228264996669 1.472542434342804 1.4710747157562578 1.4700943235993948 1.4653516113538252 1.4643712191969624 1.4450279005367188 1.4440475083798561 1.4059636222787557 1.404983230121893 1.3764489771203121 1.3754685849634494 1.3719332438754723 1.3709528517186096 1.3681966394331182 1.3672162472762552 1.3557679150601585 1.3547875229032955 1.3530299292206289 1.3520495370637662;2.4307117094534965 2.4297313172966337 2.4058549068471349 2.4048745146902721 2.3736340110834275 2.3726536189265648 2.334000469028175 2.3330200768713123 2.3148704066374277 2.313890014480565 2.2924842110774053 2.2915038189205421 2.2678541463439084 2.2668737541870456 2.2375318687822725 2.2365514766254098 2.218779801457575 2.2177994093007123 2.1901494637041852 2.189169071547322 2.1818614521722308 2.1808810600153681 2.1794133414288219 2.1784329492719592 2.1736902370263897 2.172709844869527 2.1533665262092834 2.1523861340524206 2.1143022479513203 2.1133218557944575 2.0847876027928769 2.0838072106360142 2.0802718695480369 2.0792914773911741 2.0765352651056825 2.0755548729488198 2.0641065407327228 2.0631261485758601 2.0613685548931935 2.0603881627363307;3.0311934437580854 3.0302319052965467 3.006814656586462 3.0058531181249233 2.9752133934335943 2.9742518549720556 2.936342034879404 2.9353804964178654 2.9175798583038639 2.9166183198423252 2.8956241665046107 2.8946626280430721 2.8714677568621427 2.870506218400604 2.8417286000228459 2.8407670615613072 2.8233371493774695 2.8223756109159308 2.7952573950424133 2.7942958565808746 2.7871287683476123 2.7861672298860736 2.7847277366569609 2.7837661981954223 2.7791146919545753 2.7781531534930366 2.7591818217301052 2.7582202832685665 2.7208687795924877 2.7199072411309491 2.6919217237640138 2.6909601853024752 2.6874928315431132 2.6865312930815746 2.6838280848784968 2.6828665464169581 2.6716383744357861 2.6706768359742474 2.6689530421700938 2.6679915037085551;3.8833909326788794 3.8822798215677685 3.8552198897250038 3.8541087786138926 3.8187028745261355 3.8175917634150243 3.7737848601968489 3.772673749085738 3.7521041228206689 3.750993011709558 3.7267331011859768 3.7256219900748655 3.6988190278213469 3.697707916710236 3.6644537799181598 3.6633426688070485 3.6432014369501697 3.6420903258390585 3.6107537208296612 3.6096426097185499 3.601360641093446 3.6002495299823352 3.5985861155842493 3.5974750044731385 3.5920999305948262 3.590988819483715 3.5690663916687724 3.5679552805576615 3.5247935429764143 3.5236824318653035 3.4913436117968448 3.490232500685734 3.4862257807860271 3.4851146696749158 3.4819909624180254 3.4808798513069146 3.4679050747953384 3.4667939636842271 3.4648020241772048 3.463690913066094;4.553468026216307 4.552381069694567 4.5259093972396887 4.5248224407179496 4.4901862301973177 4.4890992736755777 4.4462446944404066 4.4451577379186666 4.4250352774419683 4.4239483209202293 4.4002157997558564 4.3991288432341173 4.3729085540730663 4.3718215975513273 4.3392903767764706 4.3382034202547306 4.3185000412643051 4.317413084742566 4.2867577102768504 4.2856707537551113 4.2775688279262054 4.2764818714044663 4.2748546181889475 4.2737676616672076 4.2685094372210326 4.2674224806992935 4.2459766274020669 4.2448896708803279 4.2026662319421515 4.2015792754204124 4.1699434731795293 4.1688565166577902 4.1649368993645988 4.1638499428428597 4.1607941422654671 4.159707185743728 4.147014469591098 4.1459275130693589 4.1439788765950984 4.1428919200733594;4.1934077050804071 4.1943880972372698 4.1966358869983686 4.1976162791552314 4.2090646113713284 4.2100450035281911 4.2128012158136823 4.213781607970545 4.2173169490585218 4.2182973412153846 4.2468315942169657 4.2478119863738284 4.2858958724749288 4.2868762646317915 4.3062195832920356 4.3071999754488983 4.3119426876944678 4.3129230798513305 4.3143907984378762 4.3153711905947398 4.3226788099698306 4.3236592021266933 4.35130914772322 4.3522895398800836 4.370061215047917 4.3710416072047797 4.4003834926095529 4.4013638847664156 4.4250135573430498 4.4259939494999125 4.4473997529030722 4.448380145059935 4.4665298152938204 4.4675102074506832 4.506163357349072 4.5071437495059348 4.5383842531127803 4.539364645269643 4.5632410557191418 4.5642214478760046;4.8476353290134586 4.8486157211703214 4.8508635109314193 4.8518439030882821 4.863292235304379 4.8642726274612418 4.8670288397467329 4.8680092319035957 4.8715445729915716 4.8725249651484344 4.9010592181500154 4.9020396103068782 4.9401234964079785 4.9411038885648413 4.9604472072250854 4.9614275993819481 4.9661703116275175 4.9671507037843803 4.968618422370926 4.9695988145277887 4.9769064339028803 4.9778868260597431 5.0055367716562698 5.0065171638131325 5.0242888389809668 5.0252692311378295 5.0546111165426026 5.0555915086994654 5.0792411812760996 5.0802215734329623 5.101627376836122 5.1026077689929847 5.1207574392268693 5.1217378313837321 5.1603909812821218 5.1613713734389846 5.19261187704583 5.1935922692026928 5.2174686796521907 5.2184490718090535;5.9505134869138203 5.951475025375359 5.9536795884102824 5.9546411268718211 5.9658692988529927 5.9668308373145313 5.9695340455176087 5.9704955839791474 5.9739629377385093 5.974924476200048 6.0029099935669832 6.0038715320285219 6.0412230357046006 6.0421845741661393 6.0611559059290698 6.0621174443906085 6.0667689506314559 6.0677304890929946 6.0691699823221077 6.0701315207836464 6.0772986090169088 6.0782601474784475 6.1053783633519645 6.1063399018135032 6.1237698139973409 6.1247313524588796 6.1535089708366382 6.1544705092981769 6.1776653804791071 6.1786269189406458 6.1996210722783598 6.2005826107398985 6.2183832488539004 6.219344787315439 6.2572546074080906 6.2582161458696293 6.2888558705609574 6.2898174090224961 6.3132346577325809 6.3141961961941195;6.4799908329791149 6.4811019440902262 6.4836494391528037 6.484760550263915 6.4977353267754916 6.498846437886602 6.5019701451434919 6.5030812562546032 6.5070879761543106 6.5081990872654218 6.5405379073338805 6.5416490184449909 6.5848107560262381 6.5859218671373485 6.6078442949522911 6.6089554060634024 6.6143304799417146 6.6154415910528259 6.6171050054509113 6.6182161165620226 6.6264980851871256 6.6276091962982369 6.6589458013076346 6.660056912418745 6.6801981442756242 6.6813092553867355 6.7145633921788122 6.7156745032899225 6.7424774655434412 6.7435885766545516 6.7678484871781333 6.7689595982892445 6.7895292245543137 6.790640335665425 6.8344472388836 6.8355583499947112 6.8709642540824687 6.87207536519358 6.8991352970363442 6.9002464081474555;7.4378658901808601 7.4389528467026 7.44144496143773 7.44253191795947 7.4552246341120991 7.4563115906338391 7.4593673912112308 7.4604543477329708 7.4643739650261614 7.4654609215479013 7.4970967237887844 7.4981836803105235 7.5404071192486999 7.5414940757704398 7.5629399290676664 7.5640268855894055 7.5692851100355805 7.5703720665573204 7.5719993197728392 7.5730862762945783 7.5811882021234842 7.5822751586452233 7.6129305331109389 7.614017489632678 7.6337208686231035 7.6348078251448435 7.6673390459197002 7.6684260024414392 7.6946462916024903 7.6957332481242293 7.7194657692886022 7.7205527258103412 7.7406751862870395 7.7417621428087795 7.7846167220439506 7.7857036785656906 7.8203398890863225 7.8214268456080616 7.8478985180629399 7.8489854745846799;
