m;6
n;12
P;39
P1;2 4 6 8 10 12 14 16 18 20 22 24 26 28 30 32 34 36 38
Q;40
M;100
h;1 1 1 1 1 1 1 1 1 1 1 1 1 1 1 1 1 1 1 1 1 1 1 1 1 1 1 1 1 1 1 1 1 1 1 1 1 1 1
Vmin;40 40 40 40 40 40 40 40 40 40 40 40 40 40 40 40 40 40 40 40 40 40 40 40 40 40 40 40 40 40 40 40 40 40 40 40 40 40 40;51 51 51 51 51 51 51 51 51 51 51 51 51 51 51 51 51 51 51 51 51 51 51 51 51 51 51 51 51 51 51 51 51 51 51 51 51 51 51;40 40 40 40 40 40 40 40 40 40 40 40 40 40 40 40 40 40 40 40 40 40 40 40 40 40 40 40 40 40 40 40 40 40 40 40 40 40 40;38 38 38 38 38 38 38 38 38 38 38 38 38 38 38 38 38 38 38 38 38 38 38 38 38 38 38 38 38 38 38 38 38 38 38 38 38 38 38;50 50 50 50 50 50 50 50 50 50 50 50 50 50 50 50 50 50 50 50 50 50 50 50 50 50 50 50 50 50 50 50 50 50 50 50 50 50 50;42 42 42 42 42 42 42 42 42 42 42 42 42 42 42 42 42 42 42 42 42 42 42 42 42 42 42 42 42 42 42 42 42 42 42 42 42 42 42;52 52 52 52 52 52 52 52 52 52 52 52 52 52 52 52 52 52 52 52 52 52 52 52 52 52 52 52 52 52 52 52 52 52 52 52 52 52 52;40 40 40 40 40 40 40 40 40 40 40 40 40 40 40 40 40 40 40 40 40 40 40 40 40 40 40 40 40 40 40 40 40 40 40 40 40 40 40;34 34 34 34 34 34 34 34 34 34 34 34 34 34 34 34 34 34 34 34 34 34 34 34 34 34 34 34 34 34 34 34 34 34 34 34 34 34 34;40 40 40 40 40 40 40 40 40 40 40 40 40 40 40 40 40 40 40 40 40 40 40 40 40 40 40 40 40 40 40 40 40 40 40 40 40 40 40;47 47 47 47 47 47 47 47 47 47 47 47 47 47 47 47 47 47 47 47 47 47 47 47 47 47 47 47 47 47 47 47 47 47 47 47 47 47 47;28 28 28 28 28 28 28 28 28 28 28 28 28 28 28 28 28 28 28 28 28 28 28 28 28 28 28 28 28 28 28 28 28 28 28 28 28 28 28;
Vmax;40 40 40 40 40 40 40 40 40 40 40 40 40 40 40 40 40 40 40 40 40 40 40 40 40 40 40 40 40 40 40 40 40 40 40 40 40 40 40;51 51 51 51 51 51 51 51 51 51 51 51 51 51 51 51 51 51 51 51 51 51 51 51 51 51 51 51 51 51 51 51 51 51 51 51 51 51 51;40 40 40 40 40 40 40 40 40 40 40 40 40 40 40 40 40 40 40 40 40 40 40 40 40 40 40 40 40 40 40 40 40 40 40 40 40 40 40;38 38 38 38 38 38 38 38 38 38 38 38 38 38 38 38 38 38 38 38 38 38 38 38 38 38 38 38 38 38 38 38 38 38 38 38 38 38 38;50 50 50 50 50 50 50 50 50 50 50 50 50 50 50 50 50 50 50 50 50 50 50 50 50 50 50 50 50 50 50 50 50 50 50 50 50 50 50;42 42 42 42 42 42 42 42 42 42 42 42 42 42 42 42 42 42 42 42 42 42 42 42 42 42 42 42 42 42 42 42 42 42 42 42 42 42 42;52 52 52 52 52 52 52 52 52 52 52 52 52 52 52 52 52 52 52 52 52 52 52 52 52 52 52 52 52 52 52 52 52 52 52 52 52 52 52;40 40 40 40 40 40 40 40 40 40 40 40 40 40 40 40 40 40 40 40 40 40 40 40 40 40 40 40 40 40 40 40 40 40 40 40 40 40 40;34 34 34 34 34 34 34 34 34 34 34 34 34 34 34 34 34 34 34 34 34 34 34 34 34 34 34 34 34 34 34 34 34 34 34 34 34 34 34;40 40 40 40 40 40 40 40 40 40 40 40 40 40 40 40 40 40 40 40 40 40 40 40 40 40 40 40 40 40 40 40 40 40 40 40 40 40 40;47 47 47 47 47 47 47 47 47 47 47 47 47 47 47 47 47 47 47 47 47 47 47 47 47 47 47 47 47 47 47 47 47 47 47 47 47 47 47;28 28 28 28 28 28 28 28 28 28 28 28 28 28 28 28 28 28 28 28 28 28 28 28 28 28 28 28 28 28 28 28 28 28 28 28 28 28 28;
d;3.000 47.288 3.000 13.553 3.000 20.903 3.000 8.752 3.000 34.858 3.000 39.637 3.000 66.202 3.000 29.383 3.000 5.461 3.000 9.324 3.000 32.484 3.000 25.485 3.000 5.366 3.000 76.865 3.000 89.094 3.000 6.748 3.000 12.141 3.000 4.391 3.000 41.603 3.000
S;2.9249663361349203 2.9237163361349205 2.9063818103761703 2.9051318103761705 2.9033023038919823 2.9020523038919825 2.8969934057121391 2.8957434057121394 2.8929317780687467 2.8916817780687465 2.854559133330492 2.8533091333304923 2.8212821976540519 2.8200321976540521 2.8177963611765819 2.8165463611765822 2.8059274932935243 2.8046774932935246 2.7911424731237116 2.7898924731237118 2.7860075126603685 2.7847575126603688 2.7824822737315005 2.7812322737315003 2.7689893450665317 2.767739345066532 2.7401549905731679 2.7389049905731682 2.7223895540788976 2.7211395540788978 2.7066154038063033 2.7053654038063035 2.7017188216582069 2.7004688216582071 2.6917593488818894 2.6905093488818896 2.6848623867382653 2.6836123867382655 2.663909133141352 2.6626591331413523;4.0893657883536996 4.0883853961968368 4.0747896897193856 4.0738092975625229 4.0723743905161003 4.0713939983592375 4.0674262350809292 4.0664458429240664 4.0642406447723856 4.0632602526155228 4.0341444528208132 4.0331640606639505 4.0080448954275267 4.007064503270664 4.0053109060334329 4.0043305138765701 3.9960019900467207 3.995021597889858 3.984405895795887 3.9834255036390243 3.9803784758246374 3.9793980836677747 3.9776135825470935 3.9766331903902308 3.9670308933980984 3.9660505012412357 3.9444157134033033 3.9434353212464406 3.9304820377215228 3.9295016455646601 3.9181101551547814 3.9171297629979187 3.9142696985680394 3.9132893064111767 3.9064583473709273 3.9054779552140646 3.901048965297496 3.9000685731406333 3.88461504090776 3.8836346487508973;4.8398146647170739 4.8385646647170741 4.8212301389583248 4.819980138958325 4.8181506324741372 4.8169006324741366 4.8118417342942932 4.8105917342942934 4.8077801066508998 4.8065301066509001 4.7694074619126461 4.7681574619126463 4.7361305262362059 4.7348805262362061 4.7326446897587351 4.7313946897587353 4.7207758218756783 4.7195258218756786 4.7059908017058651 4.7047408017058654 4.7008558412425225 4.6996058412425219 4.6973306023136541 4.6960806023136543 4.6838376736486858 4.682587673648686 4.6550033191553224 4.6537533191553226 4.6372378826610516 4.6359878826610519 4.6214637323884578 4.620213732388458 4.6165671502403605 4.6153171502403607 4.6066076774640434 4.6053576774640437 4.5997107153204189 4.5984607153204191 4.5787574617235061 4.5775074617235054;5.1816743730032284 5.1803585835295438 5.1621117143098072 5.1607959248361235 5.1588701285369778 5.1575543390632941 5.1522291830845113 5.1509133936108267 5.14795378556515 5.1466379960914663 5.1075615279459354 5.1062457384722517 5.0725331746023139 5.0712173851286302 5.0688638730470821 5.0675480835733984 5.0563703279070218 5.0550545384333381 5.0408071487809032 5.0394913593072195 5.0354019272405424 5.0340861377668586 5.0316911494206806 5.0303753599469969 5.0174880666154511 5.0161722771417665 4.9871361145171731 4.9858203250434894 4.9684356550495199 4.9671198655758362 4.9518312863415259 4.9505154968678413 4.9466769893435298 4.9453611998698461 4.9361933337895119 4.9348775443158273 4.9289333736383281 4.9276175841646443 4.9068773172205242 4.9055615277468405;6.2103332311960351 6.2093332311960356 6.1954656105890358 6.1944656105890354 6.1930020054016843 6.1920020054016849 6.1879548868578098 6.1869548868578095 6.1847055847430958 6.1837055847430955 6.154007468952492 6.1530074689524925 6.1273859204113403 6.12638592041134 6.124597251229364 6.1235972512293646 6.1151021569229185 6.114102156922919 6.1032741407870681 6.1022741407870686 6.0991661724163935 6.098166172416394 6.0963459812732994 6.0953459812732991 6.0855516383413244 6.0845516383413241 6.0624841547466328 6.0614841547466334 6.0482718055512175 6.0472718055512171 6.0356524853331415 6.0346524853331411 6.0317352196146636 6.0307352196146642 6.0237676413936097 6.0227676413936102 6.0182500716787102 6.0172500716787107 6.0014874688011792 6.0004874688011798;6.7069658229389129 6.7057753467484371 6.6892662745972462 6.6880757984067705 6.6863334112789721 6.6851429350884963 6.6803249368219788 6.6791344606315031 6.6764567200187477 6.6752662438282719 6.6399113440775528 6.638720867887077 6.6082190243857051 6.6070285481952293 6.6048991801214481 6.6037087039309723 6.5935954964232986 6.5924050202328219 6.5795145248329998 6.5783240486425241 6.5746240862964829 6.5734336101060071 6.5712667158880373 6.5700762396975607 6.5584163076356861 6.5572258314452103 6.5309550176420066 6.5297645414515308 6.5140355543141304 6.5128450781236547 6.4990125540545165 6.4978220778640408 6.4943491424849018 6.4931586662944252 6.4848639303169797 6.483673454126504 6.4782953949420996 6.4771049187516239 6.4583399153259924 6.4571494391355166;7.547883918048969 7.5491339180489687 7.5694621716458821 7.5707121716458818 7.5763591337895067 7.5776091337895064 7.5863186065658237 7.5875686065658234 7.5912151887139201 7.5924651887139198 7.606989338986514 7.6082393389865137 7.6247547754807847 7.6260047754807845 7.653589129974149 7.6548391299741487 7.6670820586391164 7.668332058639117 7.6706072975679849 7.6718572975679846 7.6757422580313284 7.6769922580313281 7.6905272782011416 7.6917772782011413 7.7023961460841983 7.7036461460841981 7.7058819825616682 7.707131982561668 7.7391589182381084 7.7404089182381082 7.7775315629763631 7.7787815629763628 7.7815931906197564 7.7828431906197562 7.7879020887995996 7.7891520887995993 7.7909815952837871 7.7922315952837868 7.8095661210425371 7.8108161210425369;7.6366887907750582 7.637669182931921 7.6536129112432265 7.6545933034000893 7.6590222933166574 7.6600026854735201 7.6668336445137699 7.6678140366706327 7.6706741011005128 7.6716544932573756 7.6830459836672533 7.6840263758241161 7.6969796593490347 7.6979600515058975 7.7195948393438298 7.7205752315006926 7.7301775284928258 7.7311579206496885 7.7329424217703702 7.7339228139272329 7.7369698417416197 7.7379502338984825 7.7485659359924535 7.7495463281493162 7.7578748519791647 7.7588552441360275 7.7606088413732586 7.7615892335301213 7.786708398766546 7.7876887909234087 7.8168045907181183 7.817784982874981 7.8199901810266619 7.8209705731835246 7.8249383364618321 7.8259187286186949 7.8273536356651174 7.8283340278219802 7.8419297342994305 7.8429101264562933;7.9174214976857202 7.91867149768572 7.9389997512826334 7.9402497512826331 7.945896713426257 7.9471467134262577 7.955856186202575 7.9571061862025747 7.9607527683506714 7.9620027683506711 7.9765269186232652 7.977776918623265 7.994292355117536 7.9955423551175357 8.0231267096108994 8.0243767096109 8.0366196382758677 8.0378696382758683 8.0401448772047353 8.0413948772047359 8.0452798376680796 8.0465298376680785 8.0600648578378919 8.0613148578378926 8.0719337257209496 8.0731837257209484 8.0754195621984195 8.0766695621984201 8.1086964978748597 8.1099464978748603 8.1470691426131143 8.1483191426131132 8.1511307702565077 8.1523807702565065 8.1574396684363499 8.1586896684363506 8.1605191749205392 8.1617691749205381 8.1791037006792884 8.1803537006792872;8.1989836869652439 8.2002994764389285 8.2216976381198901 8.2230134275935747 8.228957598271073 8.2302733877447576 8.2394412538250918 8.2407570432987765 8.244595550823087 8.2459113402967716 8.2611999195310819 8.2625157090047665 8.279900378998736 8.2812161684724188 8.3102523310970131 8.3115681205706959 8.3244554139022426 8.3257712033759272 8.3281661917221044 8.329481981195789 8.3335714132624652 8.3348872027361498 8.3491345923885838 8.3504503818622684 8.3616281375286441 8.3629439270023287 8.3652974390838768 8.3666132285575596 8.4003257924274983 8.4016415819011812 8.4407180500467121 8.4420338395203967 8.4449934475660733 8.4463092370397579 8.4516343930185407 8.4529501824922235 8.4548759787913692 8.4561917682650538 8.4744386374847895 8.4757544269584741;8.2681616635665414 8.2691616635665426 8.2854242664440729 8.2864242664440741 8.2909418361589733 8.2919418361589727 8.2989094143800273 8.2999094143800267 8.3028266800985033 8.3038266800985046 8.3154460003165802 8.3164460003165797 8.3296583495119965 8.3306583495119959 8.3527258331066871 8.3537258331066866 8.3635201760386622 8.3645201760386616 8.3663403671817562 8.3673403671817574 8.3704483355524317 8.3714483355524312 8.3822763516882812 8.3832763516882824 8.3917714459947277 8.3927714459947271 8.394560115176704 8.3955601151767034 8.4211816637178547 8.4221816637178559 8.4518797795084577 8.4528797795084589 8.4551290816231734 8.4561290816231729 8.460176200167048 8.4611762001670474 8.4626398053543976 8.4636398053543989 8.4775074259613987 8.4785074259613982;8.8412541480223261 8.842444624212801 8.8618048657336708 8.8629953419241474 8.8683734011085527 8.8695638772990275 8.8778586132764747 8.8790490894669496 8.8825220248460894 8.8837125010365661 8.8975450251057033 8.89873550129618 8.9144644884335786 8.9156549646240553 8.9419257784272581 8.9431162546177347 8.9547761866796112 8.955966662870086 8.9581335570880558 8.9593240332785324 8.9630239956245745 8.9642144718150494 8.9771049672148724 8.978295443405349 8.9884086509130228 8.9895991271034994 8.9917284951772807 8.9929189713677555 9.0234208148691284 9.024611291059605 9.0599661908103215 9.0611566670007981 9.0638344076135517 9.0650248838040284 9.0698428820705441 9.0710333582610208 9.0727757453888191 9.0739662215792958 9.0904752937304867 9.0916657699209615;
