m;8
n;16
P;39
P1;2 4 6 8 10 12 14 16 18 20 22 24 26 28 30 32 34 36 38
Q;40
M;100
h;1 1 1 1 1 1 1 1 1 1 1 1 1 1 1 1 1 1 1 1 1 1 1 1 1 1 1 1 1 1 1 1 1 1 1 1 1 1 1
Vmin;37 37 37 37 37 37 37 37 37 37 37 37 37 37 37 37 37 37 37 37 37 37 37 37 37 37 37 37 37 37 37 37 37 37 37 37 37 37 37;46 46 46 46 46 46 46 46 46 46 46 46 46 46 46 46 46 46 46 46 46 46 46 46 46 46 46 46 46 46 46 46 46 46 46 46 46 46 46;34 34 34 34 34 34 34 34 34 34 34 34 34 34 34 34 34 34 34 34 34 34 34 34 34 34 34 34 34 34 34 34 34 34 34 34 34 34 34;28 28 28 28 28 28 28 28 28 28 28 28 28 28 28 28 28 28 28 28 28 28 28 28 28 28 28 28 28 28 28 28 28 28 28 28 28 28 28;48 48 48 48 48 48 48 48 48 48 48 48 48 48 48 48 48 48 48 48 48 48 48 48 48 48 48 48 48 48 48 48 48 48 48 48 48 48 48;52 52 52 52 52 52 52 52 52 52 52 52 52 52 52 52 52 52 52 52 52 52 52 52 52 52 52 52 52 52 52 52 52 52 52 52 52 52 52;50 50 50 50 50 50 50 50 50 50 50 50 50 50 50 50 50 50 50 50 50 50 50 50 50 50 50 50 50 50 50 50 50 50 50 50 50 50 50;34 34 34 34 34 34 34 34 34 34 34 34 34 34 34 34 34 34 34 34 34 34 34 34 34 34 34 34 34 34 34 34 34 34 34 34 34 34 34;38 38 38 38 38 38 38 38 38 38 38 38 38 38 38 38 38 38 38 38 38 38 38 38 38 38 38 38 38 38 38 38 38 38 38 38 38 38 38;42 42 42 42 42 42 42 42 42 42 42 42 42 42 42 42 42 42 42 42 42 42 42 42 42 42 42 42 42 42 42 42 42 42 42 42 42 42 42;43 43 43 43 43 43 43 43 43 43 43 43 43 43 43 43 43 43 43 43 43 43 43 43 43 43 43 43 43 43 43 43 43 43 43 43 43 43 43;38 38 38 38 38 38 38 38 38 38 38 38 38 38 38 38 38 38 38 38 38 38 38 38 38 38 38 38 38 38 38 38 38 38 38 38 38 38 38;37 37 37 37 37 37 37 37 37 37 37 37 37 37 37 37 37 37 37 37 37 37 37 37 37 37 37 37 37 37 37 37 37 37 37 37 37 37 37;48 48 48 48 48 48 48 48 48 48 48 48 48 48 48 48 48 48 48 48 48 48 48 48 48 48 48 48 48 48 48 48 48 48 48 48 48 48 48;43 43 43 43 43 43 43 43 43 43 43 43 43 43 43 43 43 43 43 43 43 43 43 43 43 43 43 43 43 43 43 43 43 43 43 43 43 43 43;47 47 47 47 47 47 47 47 47 47 47 47 47 47 47 47 47 47 47 47 47 47 47 47 47 47 47 47 47 47 47 47 47 47 47 47 47 47 47;
Vmax;37 37 37 37 37 37 37 37 37 37 37 37 37 37 37 37 37 37 37 37 37 37 37 37 37 37 37 37 37 37 37 37 37 37 37 37 37 37 37;46 46 46 46 46 46 46 46 46 46 46 46 46 46 46 46 46 46 46 46 46 46 46 46 46 46 46 46 46 46 46 46 46 46 46 46 46 46 46;34 34 34 34 34 34 34 34 34 34 34 34 34 34 34 34 34 34 34 34 34 34 34 34 34 34 34 34 34 34 34 34 34 34 34 34 34 34 34;28 28 28 28 28 28 28 28 28 28 28 28 28 28 28 28 28 28 28 28 28 28 28 28 28 28 28 28 28 28 28 28 28 28 28 28 28 28 28;48 48 48 48 48 48 48 48 48 48 48 48 48 48 48 48 48 48 48 48 48 48 48 48 48 48 48 48 48 48 48 48 48 48 48 48 48 48 48;52 52 52 52 52 52 52 52 52 52 52 52 52 52 52 52 52 52 52 52 52 52 52 52 52 52 52 52 52 52 52 52 52 52 52 52 52 52 52;50 50 50 50 50 50 50 50 50 50 50 50 50 50 50 50 50 50 50 50 50 50 50 50 50 50 50 50 50 50 50 50 50 50 50 50 50 50 50;34 34 34 34 34 34 34 34 34 34 34 34 34 34 34 34 34 34 34 34 34 34 34 34 34 34 34 34 34 34 34 34 34 34 34 34 34 34 34;38 38 38 38 38 38 38 38 38 38 38 38 38 38 38 38 38 38 38 38 38 38 38 38 38 38 38 38 38 38 38 38 38 38 38 38 38 38 38;42 42 42 42 42 42 42 42 42 42 42 42 42 42 42 42 42 42 42 42 42 42 42 42 42 42 42 42 42 42 42 42 42 42 42 42 42 42 42;43 43 43 43 43 43 43 43 43 43 43 43 43 43 43 43 43 43 43 43 43 43 43 43 43 43 43 43 43 43 43 43 43 43 43 43 43 43 43;38 38 38 38 38 38 38 38 38 38 38 38 38 38 38 38 38 38 38 38 38 38 38 38 38 38 38 38 38 38 38 38 38 38 38 38 38 38 38;37 37 37 37 37 37 37 37 37 37 37 37 37 37 37 37 37 37 37 37 37 37 37 37 37 37 37 37 37 37 37 37 37 37 37 37 37 37 37;48 48 48 48 48 48 48 48 48 48 48 48 48 48 48 48 48 48 48 48 48 48 48 48 48 48 48 48 48 48 48 48 48 48 48 48 48 48 48;43 43 43 43 43 43 43 43 43 43 43 43 43 43 43 43 43 43 43 43 43 43 43 43 43 43 43 43 43 43 43 43 43 43 43 43 43 43 43;47 47 47 47 47 47 47 47 47 47 47 47 47 47 47 47 47 47 47 47 47 47 47 47 47 47 47 47 47 47 47 47 47 47 47 47 47 47 47;
d;3.000 55.279 3.000 46.756 3.000 6.935 3.000 6.693 3.000 17.714 3.000 9.736 3.000 8.166 3.000 83.157 3.000 9.656 3.000 43.468 3.000 75.562 3.000 90.405 3.000 27.264 3.000 84.622 3.000 101.114 3.000 65.611 3.000 62.405 3.000 5.412 3.000 149.863 3.000
S;1.254853219468385 1.2535018681170338 1.1859957887175072 1.184644437366156 1.182206446920044 1.1808550955686925 1.1527446924926679 1.1513933411413164 1.1218388777506973 1.1204875263993459 1.0749404726359963 1.0735891212846449 1.0354709721258701 1.0341196207745189 1.0218383367447179 1.0204869853933667 0.97976409401498354 0.97841274266363221 0.94437586067743218 0.94302450932608084 0.92344445012936771 0.92209309877801637 0.91774368154836961 0.91639233019701827 0.87893411887515716 0.87758276752380582 0.87390440119742618 0.87255304984607485 0.86816740515651858 0.86681605380516724 0.85883663680866074 0.8574852854573094 0.85447032747418084 0.8531189761228295 0.84999506560252924 0.84864371425117791 0.82758244269536541 0.82623109134401396 0.80133046022154752 0.79997910887019619;1.8108204530470078 1.8097334965252687 1.7554351283126062 1.7543481717908671 1.7523871794755161 1.7513002229537771 1.7286896813491486 1.7276027248274095 1.7038306564479986 1.7027436999262595 1.6661080262470436 1.6650210697253045 1.6343608193149857 1.6332738627932466 1.6233954386823199 1.6223084821605809 1.5895531130084031 1.588466156486664 1.5610886644542856 1.5600017079325466 1.5442525298830165 1.5431655733612775 1.5396671290678658 1.5385801725461268 1.5084507417002819 1.5073637851785429 1.5044050992203679 1.5033181426986288 1.4997905589265945 1.4987036024048555 1.4922853756902741 1.491198419168535 1.4887733442690623 1.4876863877473232 1.4851736771114294 1.4840867205896904 1.4671461325991457 1.4660591760774067 1.4460304075658574 1.4449434510441184;3.0534512760429626 3.0519806878076685 2.9785181896375956 2.9770476014023015 2.9743944941521203 2.9729239059168262 2.9423331731576226 2.9408625849223284 2.9087003747619491 2.907229786526655 2.8576638750783037 2.8561932868430095 2.8147117715819903 2.8132411833466962 2.7998762566083837 2.7984056683730896 2.7540895806966135 2.7526189924613194 2.7155788561822192 2.7141082679469251 2.692800556468149 2.6913299682328549 2.6865967788947098 2.6851261906594157 2.644362843044449 2.6428922548091549 2.6388893267480946 2.6374187385128005 2.632646125174166 2.6311755369388714 2.6224920537367908 2.6210214655014967 2.6177404818139745 2.6162698935786803 2.6128703438948242 2.6113997556595296 2.5884801366134984 2.5870095483782043 2.5599118027449319 2.5584412145096374;4.7100837859353399 4.7082980716496259 4.619093609585966 4.6173078953002529 4.6140862650678907 4.6123005507821766 4.5751546610031433 4.5733689467174292 4.5343148343798259 4.5325291200941118 4.4723419419068282 4.4705562276211142 4.420185816232733 4.4184001019470189 4.4021712623362106 4.4003855480504965 4.3465731558719192 4.3447874415862051 4.2998101332472975 4.2980244189615844 4.2721507693087846 4.2703650550230714 4.2646176108267522 4.2628318965410381 4.2133335458657211 4.211547831580007 4.2066871332201474 4.2049014189344334 4.1991061027375203 4.1973203884518053 4.1867761588492796 4.1849904445635646 4.1810063929430017 4.1792206786572876 4.1750926540411761 4.1733069397554621 4.1454759737709956 4.1436902594852807 4.1107858540734501 4.109000139787736;5.7202366076853286 5.719194941018662 5.6671590048148612 5.6661173381481946 5.6642380538459829 5.6631963871793163 5.6415279514748811 5.6404862848082145 5.6177047192779446 5.616663052611278 5.5815538653353629 5.5805121986686963 5.5511294586921407 5.5500877920254741 5.5406209689191694 5.5395793022525028 5.5081887401483316 5.507147073481665 5.4809103102839698 5.4798686436173032 5.4647756813198365 5.4637340146531699 5.4603813388719837 5.4593396722053171 5.4304656343113828 5.4294239676447154 5.4265885602681312 5.4255468936014646 5.4221662924865983 5.4211246258199317 5.4149738252184578 5.4139321585517912 5.4116081284397968 5.4105664617731302 5.4081584474137321 5.4071167807470655 5.3908820505894601 5.3898403839227935 5.3706461474325602 5.3696044807658927;5.8562591316008827 5.8552975931393441 5.8072644212589113 5.8063028827973726 5.8045681588261004 5.8036066203645618 5.7836049874066209 5.7826434489450822 5.7616143115325267 5.760652773070988 5.728244292508605 5.7272827540470663 5.7001602248379388 5.6991986863764001 5.6904600804321186 5.6894985419705799 5.6605226384898071 5.6595611000282684 5.6353425493842417 5.634381010922703 5.6204490457250413 5.6194875072635027 5.6163927296193314 5.6154311911577928 5.588778233101853 5.5878166946403143 5.5851993955234667 5.584237857061928 5.5811173021866676 5.5801557637251289 5.5744781016314606 5.5735165631699219 5.5713713046050044 5.5704097661434657 5.568186983657867 5.5672254451963283 5.5522395404354619 5.5512780019739232 5.5335602452137067 5.532598706752168;6.8893037051096764 6.888303705109676 6.8383492063540263 6.837349206354026 6.835545093423903 6.8345450934239027 6.813743395147644 6.8127433951476446 6.790873092238586 6.7898730922385857 6.7561682724537073 6.755168272453707 6.7269608420762141 6.7259608420762147 6.7168726918941619 6.7158726918941616 6.6857377522741581 6.6847377522741578 6.65955045960437 6.6585504596043696 6.6440612157988017 6.6430612157988014 6.6398426470488632 6.6388426470488628 6.6111235706706859 6.6101235706706856 6.6074015795891654 6.6064015795891651 6.6031562025188935 6.602156202518894 6.5962514339414788 6.5952514339414794 6.593020365033964 6.5920203650339637 6.5897086712489417 6.5887086712489413 6.5731233302976397 6.5721233302976403 6.5536968632670156 6.5526968632670153;8.6563574259034581 8.6548868376681636 8.5814243394980902 8.5799537512627957 8.5773006440126149 8.5758300557773204 8.5452393230181176 8.5437687347828231 8.5116065246224437 8.5101359363871492 8.4605700249387983 8.4590994367035037 8.4176179214424849 8.4161473332071903 8.4027824064688783 8.4013118182335855 8.3569957305571094 8.3555251423218149 8.3184850060427156 8.317014417807421 8.2957067063286463 8.2942361180933517 8.2895029287552067 8.2880323405199121 8.2472689929049459 8.2457984046696513 8.2417954766085924 8.2403248883732978 8.2355522750346637 8.2340816867993691 8.2253982035972886 8.2239276153619958 8.2206466316744731 8.2191760434391803 8.2157764937553228 8.21430590552003 8.1913862864739979 8.1899156982387051 8.1628179526054332 8.1613473643701386;10.617392877733328 10.61874422908468 10.644320535882821 10.645671887234171 10.666733158789985 10.668084510141336 10.671208420661635 10.672559772012987 10.675574729996116 10.676926081347466 10.684905498343973 10.686256849695324 10.69064249438488 10.69199384573623 10.695672212062611 10.697023563413961 10.734481774735823 10.735833126087174 10.74018254331682 10.741533894668171 10.761113953864884 10.762465305216235 10.796502187202435 10.797853538553786 10.83857642993217 10.839927781283519 10.852209065313321 10.853560416664671 10.891678565823446 10.893029917174797 10.938576970938147 10.939928322289497 10.969482785680118 10.970834137031467 10.998944540107493 11.000295891458844 11.002733881904955 11.004085233256307 11.071591312655833 11.072942664007183;11.932998687647565 11.934085644169304 11.954657890941723 11.955744847463462 11.972685435454007 11.973772391975748 11.976285102611643 11.977372059133382 11.979797134032854 11.980884090554593 11.987302317269176 11.988389273790915 11.99191685756295 11.993003814084689 11.995962500042863 11.997049456564604 12.027178887410448 12.028265843932187 12.031764288225599 12.03285124474734 12.04860042279687 12.049687379318609 12.077064871350986 12.078151827872725 12.110907197024904 12.111994153546643 12.12187257765757 12.122959534179309 12.153619784589628 12.154706741111367 12.191342414790585 12.192429371312324 12.216201439691734 12.217288396213473 12.239898937818102 12.240985894339842 12.242946886655194 12.244033843176933 12.298332211389596 12.299419167911335;12.089539590760667 12.091010178995962 12.118843218746882 12.120313806982177 12.143233426028209 12.144704014263503 12.148103563947359 12.149574152182653 12.152855135870176 12.154325724105471 12.163009207307551 12.164479795542848 12.169252408881482 12.170722997116776 12.174725925177837 12.176196513413133 12.2169598610281 12.218430449263394 12.223163638601539 12.224634226836834 12.24594193831561 12.247412526550905 12.284452662830006 12.2859232510653 12.330239338741775 12.331709926977071 12.345074853715383 12.346545441950678 12.388026957211698 12.389497545446993 12.439063456895344 12.440534045130638 12.472696255291018 12.474166843526312 12.504757576285515 12.50622816452081 12.50888127177099 12.510351860006285 12.583814358176358 12.585284946411653;12.533313721769112 12.535099436054827 12.568896698609514 12.570682412895229 12.598513378879694 12.600299093165409 12.604427117781521 12.606212832067236 12.610196883687799 12.611982597973514 12.622526827576042 12.624312541861757 12.63010785805867 12.631893572344385 12.636754270704245 12.63853998498996 12.688038335665276 12.689824049950991 12.695571494147309 12.697357208433024 12.723230858085824 12.725016572371539 12.769993880710446 12.771779594996161 12.825591987174738 12.827377701460453 12.843606541071262 12.845392255356977 12.895762666745357 12.897548381031072 12.957735559218355 12.95952127350407 12.998575385841672 13.000361100127387 13.03750698990642 13.039292704192134 13.042514334424498 13.044300048710211 13.133504510773871 13.135290225059586;14.289872246037399 14.290913912704067 14.310628982527636 14.311670649194301 14.327905379351908 14.328947046018575 14.331355060377973 14.332396727044641 14.334720757156635 14.335762423823301 14.341913224424776 14.342954891091441 14.346335492206309 14.347377158872975 14.350212566249558 14.351254232916226 14.380128270810159 14.381169937476825 14.384522613258012 14.385564279924678 14.400657242222145 14.401698908888813 14.427935672086509 14.428977338753176 14.460367900857346 14.461409567524013 14.470876390630318 14.471918057296985 14.50130079727354 14.502342463940208 14.537451651216122 14.538493317882789 14.561274883413057 14.562316550079723 14.583984985784159 14.585026652450827 14.586905936753038 14.587947603419705 14.639983539623506 14.641025206290173;15.474376892387165 15.475338430848701 15.493536956839687 15.494498495301226 15.509484400062092 15.510445938523629 15.512668721009227 15.513630259470766 15.515775518035685 15.516737056497222 15.522414718590889 15.523376257052428 15.526496811927689 15.527458350389226 15.530075649506074 15.531037187967611 15.557690146023551 15.558651684485088 15.56174646212926 15.562708000590797 15.576639965788461 15.577601504249998 15.601820054894025 15.602781593355562 15.631757496836336 15.632719035297873 15.641457641242154 15.642419179703692 15.669541708912821 15.670503247374359 15.702911727936742 15.703873266398281 15.724902403810836 15.725863942272374 15.745865575230313 15.746827113691852 15.748561837663123 15.749523376124662 15.797556548005094 15.798518086466631;16.360639477365005 16.361639477365006 16.380565944395631 16.381565944395629 16.397151285346929 16.39815128534693 16.400462979131952 16.401462979131949 16.403694048039466 16.404694048039467 16.410598816616879 16.41159881661688 16.414844193687152 16.41584419368715 16.418566184768672 16.419566184768669 16.447285261146849 16.448285261146847 16.451503829896787 16.452503829896784 16.466993073702351 16.467993073702353 16.49318036637214 16.494180366372138 16.524315305992143 16.525315305992141 16.534403456174193 16.535403456174194 16.563610886551686 16.564610886551684 16.598315706336564 16.599315706336562 16.621186009245619 16.62218600924562 16.642987707521876 16.643987707521877 16.645791820452001 16.646791820451998 16.696746319207648 16.697746319207646;16.727537366547306 16.729007954782599 16.756840994533519 16.758311582768815 16.781231201814844 16.78270179005014 16.786101339733996 16.787571927969292 16.790852911656813 16.79232349989211 16.80100698309419 16.802477571329483 16.807250184668121 16.808720772903413 16.812723700964476 16.814194289199769 16.854957636814738 16.856428225050031 16.861161414388178 16.862632002623471 16.883939714102247 16.885410302337544 16.922450438616643 16.923921026851939 16.968237114528414 16.969707702763706 16.983072629502022 16.984543217737315 17.026024732998334 17.02749532123363 17.077061232681981 17.078531820917274 17.110694031077653 17.112164619312946 17.14275535207215 17.144225940307443 17.146879047557626 17.148349635792918 17.221812133962992 17.223282722198284;
