m;5
n;10
P;39
P1;2 4 6 8 10 12 14 16 18 20 22 24 26 28 30 32 34 36 38
Q;40
M;100
h;1 1 1 1 1 1 1 1 1 1 1 1 1 1 1 1 1 1 1 1 1 1 1 1 1 1 1 1 1 1 1 1 1 1 1 1 1 1 1
Vmin;31 31 31 31 31 31 31 31 31 31 31 31 31 31 31 31 31 31 31 31 31 31 31 31 31 31 31 31 31 31 31 31 31 31 31 31 31 31 31;52 52 52 52 52 52 52 52 52 52 52 52 52 52 52 52 52 52 52 52 52 52 52 52 52 52 52 52 52 52 52 52 52 52 52 52 52 52 52;43 43 43 43 43 43 43 43 43 43 43 43 43 43 43 43 43 43 43 43 43 43 43 43 43 43 43 43 43 43 43 43 43 43 43 43 43 43 43;48 48 48 48 48 48 48 48 48 48 48 48 48 48 48 48 48 48 48 48 48 48 48 48 48 48 48 48 48 48 48 48 48 48 48 48 48 48 48;36 36 36 36 36 36 36 36 36 36 36 36 36 36 36 36 36 36 36 36 36 36 36 36 36 36 36 36 36 36 36 36 36 36 36 36 36 36 36;28 28 28 28 28 28 28 28 28 28 28 28 28 28 28 28 28 28 28 28 28 28 28 28 28 28 28 28 28 28 28 28 28 28 28 28 28 28 28;37 37 37 37 37 37 37 37 37 37 37 37 37 37 37 37 37 37 37 37 37 37 37 37 37 37 37 37 37 37 37 37 37 37 37 37 37 37 37;45 45 45 45 45 45 45 45 45 45 45 45 45 45 45 45 45 45 45 45 45 45 45 45 45 45 45 45 45 45 45 45 45 45 45 45 45 45 45;46 46 46 46 46 46 46 46 46 46 46 46 46 46 46 46 46 46 46 46 46 46 46 46 46 46 46 46 46 46 46 46 46 46 46 46 46 46 46;47 47 47 47 47 47 47 47 47 47 47 47 47 47 47 47 47 47 47 47 47 47 47 47 47 47 47 47 47 47 47 47 47 47 47 47 47 47 47;
Vmax;31 31 31 31 31 31 31 31 31 31 31 31 31 31 31 31 31 31 31 31 31 31 31 31 31 31 31 31 31 31 31 31 31 31 31 31 31 31 31;52 52 52 52 52 52 52 52 52 52 52 52 52 52 52 52 52 52 52 52 52 52 52 52 52 52 52 52 52 52 52 52 52 52 52 52 52 52 52;43 43 43 43 43 43 43 43 43 43 43 43 43 43 43 43 43 43 43 43 43 43 43 43 43 43 43 43 43 43 43 43 43 43 43 43 43 43 43;48 48 48 48 48 48 48 48 48 48 48 48 48 48 48 48 48 48 48 48 48 48 48 48 48 48 48 48 48 48 48 48 48 48 48 48 48 48 48;36 36 36 36 36 36 36 36 36 36 36 36 36 36 36 36 36 36 36 36 36 36 36 36 36 36 36 36 36 36 36 36 36 36 36 36 36 36 36;28 28 28 28 28 28 28 28 28 28 28 28 28 28 28 28 28 28 28 28 28 28 28 28 28 28 28 28 28 28 28 28 28 28 28 28 28 28 28;37 37 37 37 37 37 37 37 37 37 37 37 37 37 37 37 37 37 37 37 37 37 37 37 37 37 37 37 37 37 37 37 37 37 37 37 37 37 37;45 45 45 45 45 45 45 45 45 45 45 45 45 45 45 45 45 45 45 45 45 45 45 45 45 45 45 45 45 45 45 45 45 45 45 45 45 45 45;46 46 46 46 46 46 46 46 46 46 46 46 46 46 46 46 46 46 46 46 46 46 46 46 46 46 46 46 46 46 46 46 46 46 46 46 46 46 46;47 47 47 47 47 47 47 47 47 47 47 47 47 47 47 47 47 47 47 47 47 47 47 47 47 47 47 47 47 47 47 47 47 47 47 47 47 47 47;
d;3.000 68.620 3.000 19.909 3.000 78.971 3.000 41.951 3.000 23.920 3.000 40.786 3.000 89.687 3.000 46.476 3.000 16.147 3.000 81.147 3.000 80.798 3.000 95.827 3.000 71.259 3.000 5.870 3.000 66.092 3.000 87.813 3.000 12.293 3.000 9.942 3.000 40.466 3.000
S;33.483132332475783 33.386358138927399 32.080989968259928 31.98421577471154 31.663494976184744 31.566720782636356 31.170174960420312 31.073400766871924 28.240707273481775 28.143933079933387 26.011936279989119 25.915162086440731 25.725801610994544 25.629027417446157 23.330352587443834 23.233578393895446 20.142369723243153 20.045595529694765 17.439214048862826 17.342439855314439 14.724782641669277 14.628008448120889 14.107125511222836 14.010351317674449 12.511117686162162 12.414343492613774 9.5212109146152333 9.4244367210668454 8.108761496222499 8.0119873026741111 7.2403718662877257 7.1435976727393387 5.7903444032317131 5.6935702096833261 3.1461040590401192 3.0493298654917322 2.4071010785583424 2.3103268850099554 0.096774193548387094 0;20.961098121283634 20.903405813591327 20.125205558001102 20.067513250308796 19.876314312725512 19.818622005033205 19.582219687942871 19.524527380250564 17.835806259191052 17.778113951498746 16.507115859224278 16.449423551531972 16.336535575785206 16.278843268092899 14.908479427129976 14.850787119437667 13.007951181164186 12.950258873471878 11.396454529129761 11.338762221437452 9.7782358056105281 9.7205434979182197 9.4100171316905339 9.3523248239982255 8.4585509282889788 8.4008586205966704 6.6761065067898482 6.6184141990975407 5.8340693535172576 5.7763770458249502 5.3163755356715283 5.2586832279792208 4.4519360865419824 4.3942437788496749 2.8755620351969937 2.8178697275046862 2.435002566063627 2.3773102583713195 1.0576923076923077 1;26.139002379226717 26.069234937366254 25.128155558512958 25.058388116652495 24.827170796784337 24.757403354923873 24.471521483093703 24.401754041233239 22.35957966227755 22.289812220417087 20.752791271620055 20.683023829759591 20.546508138158853 20.476740696298389 18.819556516529271 18.749789074668808 16.521243288849714 16.451475846989251 14.572456639877853 14.502689198017388 12.615540974226688 12.545773532366223 12.170253275532742 12.100485833672277 11.01964298304714 10.949875541186675 8.8641287989086557 8.7943613570481904 7.8458513112301738 7.7760838693697085 7.2198029733702223 7.150035531509757 6.1744343372135617 6.1046668953530965 4.2681215309359004 4.1983540890754352 3.7353519403560149 3.6655844984955497 2.0697674418604652 2;24.624522964723941 24.562022964723941 23.71897268783453 23.65647268783453 23.449340505452639 23.386840505452639 23.130737995271446 23.068237995271446 21.238790114123642 21.176290114123642 19.799375514159635 19.736875514159635 19.614580207100641 19.552080207100641 18.067519379390806 18.005019379390806 16.008613779594533 15.946113779594533 14.262825739890575 14.200325739890575 12.509755456078073 12.447255456078073 12.110851892664748 12.048351892664748 11.080096838979729 11.017596838979729 9.1491153823556708 9.0866153823556708 8.2369084663103642 8.1744084663103642 7.67607349697749 7.61357349697749 6.7395974270871486 6.6770974270871486 5.0318588714634105 4.9693588714634105 4.5545861132355965 4.4920861132355965 3.0625 3;32.832697286298583 32.749363952965247 31.625296917112703 31.541963583779371 31.265787340603516 31.182454007270184 30.840983993695257 30.757650660361925 28.31838681883152 28.235053485498188 26.399167352212846 26.315834018879514 26.15277360946752 26.069440276134188 24.090025839187742 24.00669250585441 21.344818372792712 21.26148503945938 19.017100986520767 18.933767653187434 16.679673941437432 16.5963406081041 16.147802523552997 16.064469190219665 14.773462451972973 14.690129118639639 12.198820509807563 12.115487176474229 10.982544621747152 10.899211288413818 10.234764662636653 10.151431329303319 8.9861299027828636 8.9027965694495297 6.7091451619512128 6.6258118286178798 6.0727814843141275 5.9894481509807944 4.083333333333333 4;0 0.096774193548387094 2.3587139817841489 2.4554881753325359 3.0977169622659257 3.1944911558143128 5.74195730645752 5.838731500005907 7.1919847695135326 7.2887589630619196 8.060374399448305 8.1571485929966929 9.4728238178410393 9.5695980113894272 12.462730589387968 12.559504782936356 14.058738414448642 14.15551260799703 14.676395544895083 14.773169738443471 17.390826952088634 17.487601145637022 20.093982626468961 20.190756820017349 23.281965490669641 23.378739684218029 25.677414514220352 25.77418870776874 25.963549183214926 26.060323376763314 28.192320176707582 28.28909437025597 31.121787863646119 31.218562057194507 31.615107879410552 31.711882072958939 32.032602871485736 32.12937706503412 33.434745235701591 33.531519429249975;1 1.0576923076923077 2.4061564122174737 2.4638487199097812 2.8467158813508404 2.9044081890431479 4.4230899326958291 4.4807822403881366 5.287529381825375 5.3452216895176825 5.8052231996711043 5.8629155073634118 6.6472603529436949 6.7049526606360024 8.4297047744428255 8.4873970821351339 9.3811709778443806 9.438863285536689 9.7493896517643748 9.8070819594566832 11.367608375283607 11.425300682975916 12.979105027318033 13.036797335010341 14.879633273283822 14.937325580976131 16.307689421939052 16.365381729631359 16.478269705378125 16.535962013070431 17.806960105344899 17.864652413037206 19.553373534096718 19.611065841789024 19.847468158879359 19.905160466571665 20.096359404154949 20.154051711847256 20.93225196743748 20.989944275129787;2 2.0697674418604652 3.7004682194257819 3.7702356612862471 4.2332378100056678 4.303005251866133 6.1395506162833282 6.2093180581437935 7.1849192524399887 7.254686694300454 7.8109675902999403 7.8807350321604055 8.8292450779784222 8.8990125198388874 10.984759262116906 11.054526703977372 12.135369554602509 12.205136996462974 12.580657253296454 12.65042469515692 14.537572918947619 14.607340360808085 16.486359567919482 16.556127009779946 18.78467279559904 18.854440237459503 20.511624417228621 20.581391859089084 20.717907550689823 20.787674992550286 22.324695941347318 22.394463383207782 24.436637762163471 24.506405204023935 24.792287075854105 24.862054517714569 25.093271837582726 25.16303927944319 26.104118658296485 26.173886100156949;3 3.0625 4.5233361132355965 4.5858361132355965 5.0006088714634105 5.0631088714634105 6.7083474270871486 6.7708474270871486 7.64482349697749 7.70732349697749 8.2056584663103642 8.2681584663103642 9.1178653823556708 9.1803653823556708 11.048846838979729 11.111346838979729 12.079601892664748 12.142101892664748 12.478505456078073 12.541005456078073 14.231575739890575 14.294075739890575 15.977363779594533 16.039863779594533 18.036269379390806 18.098769379390806 19.583330207100641 19.645830207100641 19.768125514159635 19.830625514159635 21.207540114123642 21.270040114123642 23.099487995271446 23.161987995271446 23.418090505452639 23.480590505452639 23.68772268783453 23.75022268783453 24.593272964723941 24.655772964723941;4 4.083333333333333 6.0311148176474614 6.1144481509807944 6.6674784952845467 6.7508118286178798 8.9444632361161958 9.0277965694495297 10.193097995969985 10.276431329303319 10.940877955080484 11.024211288413818 12.157153843140893 12.240487176474227 14.731795785306304 14.815129118639637 16.106135856886329 16.189469190219661 16.638007274770764 16.721340608104097 18.975434319854099 19.058767653187431 21.303151706126044 21.386485039459377 24.048359172521074 24.131692505854407 26.111106942800852 26.194440276134184 26.357500685546178 26.44083401887951 28.276720152164852 28.360053485498185 30.799317327028589 30.882650660361922 31.224120673936849 31.307454007270181 31.583630250446035 31.666963583779367 32.791030619631911 32.874363952965247;
