m;6
n;12
P;39
P1;2 4 6 8 10 12 14 16 18 20 22 24 26 28 30 32 34 36 38
Q;40
M;100
h;1 1 1 1 1 1 1 1 1 1 1 1 1 1 1 1 1 1 1 1 1 1 1 1 1 1 1 1 1 1 1 1 1 1 1 1 1 1 1
Vmin;28 28 28 28 28 28 28 28 28 28 28 28 28 28 28 28 28 28 28 28 28 28 28 28 28 28 28 28 28 28 28 28 28 28 28 28 28 28 28;52 52 52 52 52 52 52 52 52 52 52 52 52 52 52 52 52 52 52 52 52 52 52 52 52 52 52 52 52 52 52 52 52 52 52 52 52 52 52;44 44 44 44 44 44 44 44 44 44 44 44 44 44 44 44 44 44 44 44 44 44 44 44 44 44 44 44 44 44 44 44 44 44 44 44 44 44 44;47 47 47 47 47 47 47 47 47 47 47 47 47 47 47 47 47 47 47 47 47 47 47 47 47 47 47 47 47 47 47 47 47 47 47 47 47 47 47;33 33 33 33 33 33 33 33 33 33 33 33 33 33 33 33 33 33 33 33 33 33 33 33 33 33 33 33 33 33 33 33 33 33 33 33 33 33 33;45 45 45 45 45 45 45 45 45 45 45 45 45 45 45 45 45 45 45 45 45 45 45 45 45 45 45 45 45 45 45 45 45 45 45 45 45 45 45;47 47 47 47 47 47 47 47 47 47 47 47 47 47 47 47 47 47 47 47 47 47 47 47 47 47 47 47 47 47 47 47 47 47 47 47 47 47 47;41 41 41 41 41 41 41 41 41 41 41 41 41 41 41 41 41 41 41 41 41 41 41 41 41 41 41 41 41 41 41 41 41 41 41 41 41 41 41;51 51 51 51 51 51 51 51 51 51 51 51 51 51 51 51 51 51 51 51 51 51 51 51 51 51 51 51 51 51 51 51 51 51 51 51 51 51 51;46 46 46 46 46 46 46 46 46 46 46 46 46 46 46 46 46 46 46 46 46 46 46 46 46 46 46 46 46 46 46 46 46 46 46 46 46 46 46;48 48 48 48 48 48 48 48 48 48 48 48 48 48 48 48 48 48 48 48 48 48 48 48 48 48 48 48 48 48 48 48 48 48 48 48 48 48 48;44 44 44 44 44 44 44 44 44 44 44 44 44 44 44 44 44 44 44 44 44 44 44 44 44 44 44 44 44 44 44 44 44 44 44 44 44 44 44;
Vmax;28 28 28 28 28 28 28 28 28 28 28 28 28 28 28 28 28 28 28 28 28 28 28 28 28 28 28 28 28 28 28 28 28 28 28 28 28 28 28;52 52 52 52 52 52 52 52 52 52 52 52 52 52 52 52 52 52 52 52 52 52 52 52 52 52 52 52 52 52 52 52 52 52 52 52 52 52 52;44 44 44 44 44 44 44 44 44 44 44 44 44 44 44 44 44 44 44 44 44 44 44 44 44 44 44 44 44 44 44 44 44 44 44 44 44 44 44;47 47 47 47 47 47 47 47 47 47 47 47 47 47 47 47 47 47 47 47 47 47 47 47 47 47 47 47 47 47 47 47 47 47 47 47 47 47 47;33 33 33 33 33 33 33 33 33 33 33 33 33 33 33 33 33 33 33 33 33 33 33 33 33 33 33 33 33 33 33 33 33 33 33 33 33 33 33;45 45 45 45 45 45 45 45 45 45 45 45 45 45 45 45 45 45 45 45 45 45 45 45 45 45 45 45 45 45 45 45 45 45 45 45 45 45 45;47 47 47 47 47 47 47 47 47 47 47 47 47 47 47 47 47 47 47 47 47 47 47 47 47 47 47 47 47 47 47 47 47 47 47 47 47 47 47;41 41 41 41 41 41 41 41 41 41 41 41 41 41 41 41 41 41 41 41 41 41 41 41 41 41 41 41 41 41 41 41 41 41 41 41 41 41 41;51 51 51 51 51 51 51 51 51 51 51 51 51 51 51 51 51 51 51 51 51 51 51 51 51 51 51 51 51 51 51 51 51 51 51 51 51 51 51;46 46 46 46 46 46 46 46 46 46 46 46 46 46 46 46 46 46 46 46 46 46 46 46 46 46 46 46 46 46 46 46 46 46 46 46 46 46 46;48 48 48 48 48 48 48 48 48 48 48 48 48 48 48 48 48 48 48 48 48 48 48 48 48 48 48 48 48 48 48 48 48 48 48 48 48 48 48;44 44 44 44 44 44 44 44 44 44 44 44 44 44 44 44 44 44 44 44 44 44 44 44 44 44 44 44 44 44 44 44 44 44 44 44 44 44 44;
d;3.000 50.095 3.000 3.604 3.000 53.219 3.000 15.611 3.000 23.903 3.000 34.169 3.000 42.514 3.000 70.836 3.000 66.350 3.000 14.167 3.000 7.449 3.000 7.841 3.000 22.797 3.000 120.730 3.000 67.215 3.000 3.312 3.000 5.106 3.000 21.014 3.000 48.492 3.000
S;26.372335387394855 26.265192530251998 24.533333874598849 24.426191017455992 23.67569829582045 23.568555438677592 23.386193284310231 23.279050427167373 23.160772838427661 23.053629981284804 20.65308643139586 20.545943574253002 16.234165922710538 16.127023065567681 15.312830188562003 15.205687331419146 14.925660641083919 14.818517783941061 14.552465859441698 14.44532300229884 13.939353062159668 13.832210205016811 11.462552130729438 11.355409273586581 8.8255645900754267 8.7184217329325691 7.2000766609338394 7.0929338037909826 5.8726028531322649 5.7654599959894082 4.911775158581551 4.8046323014386942 4.2470836763881943 4.1399408192453375 2.2392516438005519 2.1321087866576947 2.0034000044126885 1.8962571472698313 0.10714285714285714 0;15.200488285520311 15.142795977828003 14.210256701707078 14.152564394014769 13.748452928518708 13.690760620826399 13.592565614628588 13.53487330693628 13.471185374537972 13.413493066845664 12.120892693828539 12.063200386136231 9.7414739583825956 9.6837816506902872 9.2453701015333856 9.1876777938410772 9.0368941913528786 8.9792018836605703 8.8359431550839904 8.778250847391682 8.5058054950090511 8.4481131873167428 7.1721434550081566 7.1144511473158492 5.7522270869636891 5.6945347792713816 4.8769643558874503 4.8192720481951428 4.1621707670712178 4.1044784593789103 3.6448020084669879 3.5871097007746804 3.2868912103628727 3.2291989026705652 2.2057508851233734 2.1480585774310659 2.0787538485299089 2.0210615408376014 1.0576923076923077 1;18.78239524652399 18.714213428342173 17.612121556562897 17.543939738381081 17.066353460976647 16.99817164279483 16.882122999106507 16.81394118092469 16.738673624453963 16.670491806272146 15.142873183615546 15.074691365433727 12.330832859906705 12.262651041724887 11.744528301812183 11.676346483630365 11.498147680689767 11.429965862507949 11.260660092371991 11.192478274190172 10.870497403192518 10.8023155850107 9.2943513559187352 9.2261695377369168 7.6162683755025453 7.548086557320727 6.5818669660488078 6.5136851478669895 5.7371109065387147 5.6689290883568964 5.125675100915533 5.0574932827337147 4.702689612247033 4.6345077940652146 3.4249783187821699 3.3567965006003515 3.274890911898984 3.2067090937171656 2.0681818181818183 2;18.711178528660763 18.647348741426722 17.615603159335485 17.551773372101444 17.104671325169633 17.040841537935592 16.932200254482694 16.868370467248653 16.79790722289308 16.734077435659039 15.303966384661368 15.240136597427325 12.67141799650841 12.607588209274367 12.122537133611411 12.058707346377368 11.891882935113829 11.828053147879785 11.6695541290291 11.605724341795057 11.304295441286614 11.240465654052571 9.8287544608600932 9.7649246736260498 8.2577831600449354 8.193953372810892 7.2894073724712234 7.2255775852371809 6.4985719125043273 6.4347421252702848 5.9261639242613491 5.8623341370273065 5.5301775093376468 5.4663477221036043 4.3340222558811794 4.2701924686471369 4.1935148962458566 4.1296851090118141 3.0638297872340425 3;26.376526995365325 26.285617904456235 24.8161620754172 24.72525298450811 24.088471281302194 23.997562190393104 23.842830665475343 23.751921574566254 23.651564832605285 23.560655741696195 21.523830911487394 21.432921820578304 17.77444381320894 17.68353472229985 16.992704402416248 16.901795311507158 16.664196907586359 16.573287816677269 16.347546789829323 16.256637698920233 15.827329870923359 15.736420780014267 13.725801807891647 13.634892716982556 11.488357834003393 11.397448743094301 10.109155954731744 10.018246863822652 8.982814542051619 8.8919054511425273 8.1675668012207101 8.0766577103116184 7.6035861496627097 7.5126770587536189 5.8999710917095589 5.8090620008004681 5.699854549198645 5.6089454582895542 4.0909090909090908 4;21.409453129934565 21.342786463267899 20.265185521972608 20.198518855305942 19.731545606288272 19.664878939621605 19.551409154681913 19.484742488015247 19.411147543910538 19.344480877243871 17.850809335090752 17.784142668424085 15.101258796353218 15.034592129686551 14.527983228438575 14.461316561771909 14.28707773222999 14.220411065563324 14.054867645874831 13.988200979208164 13.673375238677124 13.606708572010458 12.132254659120537 12.065587992453871 10.491462411602486 10.424795744935819 9.480047700136609 9.4133810334699426 8.6540639975045188 8.5873973308378524 8.0562156542285202 7.9895489875618537 7.6426298430859871 7.5759631764193207 6.3933121339203431 6.3266454672536767 6.2465600027456727 6.1798933360790063 5.0666666666666664 5;0 0.10714285714285714 1.9498285758412599 2.0569714329841169 2.185680215229123 2.2928230723719802 4.1935122478167655 4.3006551049596222 4.8582037300101222 4.9653465871529789 5.8190314245608361 5.9261742817036929 7.1465052323624105 7.2536480895052673 8.7719931615039961 8.8791360186468538 11.408980702158008 11.516123559300866 13.885781633588238 13.992924490731095 14.498894430870267 14.606037288013125 14.872089212512488 14.979232069655346 15.259258759990573 15.36640161713343 16.180594494139108 16.287737351281965 20.599515002824429 20.706657859967287 23.107201409856231 23.214344266999088 23.3326218557388 23.439764712881658 23.622126867249019 23.729269724391877 24.479762446027419 24.586905303170276 26.318763958823425 26.425906815966282;1 1.0576923076923077 2.0499076946837551 2.1076000023760626 2.1769047312772196 2.2345970389695271 3.2580450565167194 3.3157373642090269 3.6159558546208346 3.6736481623131421 4.1333246132250654 4.1910169209173729 4.8481182020412978 4.9058105097336053 5.7233809331175367 5.7810732408098442 7.1432973011620042 7.2009896088543117 8.4769593411628978 8.5346516488552062 8.8070970012378371 8.8647893089301455 9.0080480375067253 9.0657403451990337 9.2165239476872323 9.2742162553795406 9.7126278045364423 9.7703201122287506 12.092046539982386 12.149738847674694 13.442339220691817 13.500031528384126 13.563719460782433 13.621411768474742 13.719606774672553 13.777299082364861 14.181410547860922 14.239102855553231 15.171642131674156 15.229334439366465;2 2.0681818181818183 3.2408000028080748 3.3089818209898931 3.3908874096912607 3.459069227873079 4.6685987031561238 4.7367805213379421 5.0915841918246239 5.1597660100064422 5.7030199974478055 5.7712018156296239 6.5477760569578987 6.615957875139717 7.5821774664116361 7.6503592845934545 9.2602604468278251 9.3284422650096435 10.836406494101608 10.904588312283426 11.226569183281081 11.294751001462899 11.464056771598857 11.532238589780675 11.710437392721273 11.778619210903091 12.296741950815795 12.364923768997613 15.108782274524636 15.176964092706454 16.704582715363056 16.772764533544873 16.8480320900156 16.916213908197417 17.03226255188574 17.100444370067557 17.578030647471991 17.646212465653807 18.748304337433083 18.8164861556149;3 3.0638297872340425 4.1616000026288358 4.2254297898628783 4.3021073622641586 4.3659371494982011 5.498262615720626 5.5620924029546686 5.8942490306443283 5.9580788178783708 6.4666570188873065 6.530486806121349 7.2574924788542017 7.3213222660882442 8.2258682664279128 8.2896980536619562 9.7968395672430706 9.860669354477114 11.272380547669592 11.336210334903635 11.637639235412077 11.701469022646121 11.859968041496806 11.92379782873085 12.090622239994389 12.154452027228432 12.639503102891387 12.703332890125431 15.272051491044346 15.335881278278389 16.76599232927606 16.829822116510101 16.900285360865674 16.964115148099715 17.072756431552612 17.136586218786654 17.583688265718465 17.647518052952506 18.679263635043743 18.743093422277784;4 4.0909090909090908 5.6544000037440991 5.74530909465319 5.8545165462550131 5.9454256371641039 7.5581316042081639 7.6490406951172547 8.1221122557661634 8.2130213466752551 8.9373599965970723 9.028269087506164 10.063701409277197 10.154610500186289 11.442903288548846 11.533812379457938 13.680347262437099 13.771256353346191 15.78187532546881 15.872784416377902 16.302092244374776 16.393001335283866 16.618742362131812 16.709651453040902 16.947249856961701 17.038158947870791 17.728989267754393 17.819898358663483 21.478376366032847 21.569285456941937 23.606110287150738 23.697019378059828 23.797376120020797 23.888285210929887 24.043016735847647 24.133925826756737 24.770707529962653 24.861616620871743 26.331072449910778 26.421981540819868;5 5.0666666666666664 6.2132266694123395 6.2798933360790059 6.3599788005870099 6.4266454672536764 7.6092965097526539 7.6759631764193204 8.0228823208951869 8.0895489875618534 8.6207306641711874 8.6873973308378538 9.4467143668032776 9.513381033469944 10.458129078269154 10.524795744935821 12.098921325787206 12.165587992453872 13.640041905343793 13.706708572010459 14.021534312541499 14.088200979208166 14.253744398896659 14.320411065563325 14.494649895105244 14.56131656177191 15.067925463019886 15.134592129686553 17.81747600175742 17.884142668424087 19.377814210577206 19.444480877243873 19.518075821348582 19.584742488015248 19.69821227295494 19.764878939621607 20.231852188639277 20.298518855305943 21.376119796601234 21.4427864632679;
