m;1
n;2
P;39
P1;2 4 6 8 10 12 14 16 18 20 22 24 26 28 30 32 34 36 38
Q;40
M;100
h;1 1 1 1 1 1 1 1 1 1 1 1 1 1 1 1 1 1 1 1 1 1 1 1 1 1 1 1 1 1 1 1 1 1 1 1 1 1 1
Vmin;43 43 43 43 43 43 43 43 43 43 43 43 43 43 43 43 43 43 43 43 43 43 43 43 43 43 43 43 43 43 43 43 43 43 43 43 43 43 43;52 52 52 52 52 52 52 52 52 52 52 52 52 52 52 52 52 52 52 52 52 52 52 52 52 52 52 52 52 52 52 52 52 52 52 52 52 52 52;
Vmax;43 43 43 43 43 43 43 43 43 43 43 43 43 43 43 43 43 43 43 43 43 43 43 43 43 43 43 43 43 43 43 43 43 43 43 43 43 43 43;52 52 52 52 52 52 52 52 52 52 52 52 52 52 52 52 52 52 52 52 52 52 52 52 52 52 52 52 52 52 52 52 52 52 52 52 52 52 52;
d;3.000 12.315 3.000 65.313 3.000 52.366 3.000 24.963 3.000 3.984 3.000 71.515 3.000 46.945 3.000 32.225 3.000 37.984 3.000 4.399 3.000 5.650 3.000 102.635 3.000 3.282 3.000 26.434 3.000 20.004 3.000 139.354 3.000 5.154 3.000 22.125 3.000 12.738 3.000
S;17.427558715636458 17.357791273775995 17.06154844553398 16.991781003673516 16.47724077676342 16.407473334902956 16.287611068533298 16.217843626672835 12.977055270223138 12.907287828362673 12.442066938631481 12.372299496771015 11.757566140063581 11.687798698203116 11.611483020597673 11.541715578737207 9.1548496149485672 9.085082173088102 8.9536842699746497 8.8839168281141845 8.781623827740562 8.7118563858800968 7.8285075950720051 7.7587401532115399 7.0093143941293103 6.9395469522688451 5.8478094002701555 5.7780419584096903 4.1149044860333612 4.045137044172896 3.9524860734030676 3.8827186315426023 3.3021729328149472 3.2324054909544819 2.0145893752255812 1.9448219333651162 0.42592531226766867 0.35615787040720354 0.069767441860465115 0;0 0.069767441860465115 0.39104159133743605 0.46080903319790117 1.9797056542953486 2.0494730961558139 3.2672892118847146 3.3370566537451798 3.9176023524728349 3.9873697943333002 4.0800207651031286 4.1497882069635939 5.8129256793399229 5.8826931212003881 6.9744306731990786 7.0441981150595439 7.7936238741417734 7.8633913160022386 8.7467401068103285 8.8165075486707938 8.9188005490444162 8.9885679909048815 9.1199658940183337 9.1897333358787989 11.576599299667439 11.646366741527904 11.722682419133347 11.792449860993813 12.407183217701247 12.476950659561712 12.942171549292905 13.01193899115337 16.252727347603066 16.32249478946353 16.442357055833188 16.512124497693652 17.026664724603748 17.096432166464211 17.392674994706226 17.46244243656669;
