m;8
n;16
P;39
P1;2 4 6 8 10 12 14 16 18 20 22 24 26 28 30 32 34 36 38
Q;40
M;100
h;1 1 1 1 1 1 1 1 1 1 1 1 1 1 1 1 1 1 1 1 1 1 1 1 1 1 1 1 1 1 1 1 1 1 1 1 1 1 1
Vmin;52 52 52 52 52 52 52 52 52 52 52 52 52 52 52 52 52 52 52 52 52 52 52 52 52 52 52 52 52 52 52 52 52 52 52 52 52 52 52;35 35 35 35 35 35 35 35 35 35 35 35 35 35 35 35 35 35 35 35 35 35 35 35 35 35 35 35 35 35 35 35 35 35 35 35 35 35 35;44 44 44 44 44 44 44 44 44 44 44 44 44 44 44 44 44 44 44 44 44 44 44 44 44 44 44 44 44 44 44 44 44 44 44 44 44 44 44;43 43 43 43 43 43 43 43 43 43 43 43 43 43 43 43 43 43 43 43 43 43 43 43 43 43 43 43 43 43 43 43 43 43 43 43 43 43 43;38 38 38 38 38 38 38 38 38 38 38 38 38 38 38 38 38 38 38 38 38 38 38 38 38 38 38 38 38 38 38 38 38 38 38 38 38 38 38;44 44 44 44 44 44 44 44 44 44 44 44 44 44 44 44 44 44 44 44 44 44 44 44 44 44 44 44 44 44 44 44 44 44 44 44 44 44 44;30 30 30 30 30 30 30 30 30 30 30 30 30 30 30 30 30 30 30 30 30 30 30 30 30 30 30 30 30 30 30 30 30 30 30 30 30 30 30;50 50 50 50 50 50 50 50 50 50 50 50 50 50 50 50 50 50 50 50 50 50 50 50 50 50 50 50 50 50 50 50 50 50 50 50 50 50 50;34 34 34 34 34 34 34 34 34 34 34 34 34 34 34 34 34 34 34 34 34 34 34 34 34 34 34 34 34 34 34 34 34 34 34 34 34 34 34;28 28 28 28 28 28 28 28 28 28 28 28 28 28 28 28 28 28 28 28 28 28 28 28 28 28 28 28 28 28 28 28 28 28 28 28 28 28 28;46 46 46 46 46 46 46 46 46 46 46 46 46 46 46 46 46 46 46 46 46 46 46 46 46 46 46 46 46 46 46 46 46 46 46 46 46 46 46;40 40 40 40 40 40 40 40 40 40 40 40 40 40 40 40 40 40 40 40 40 40 40 40 40 40 40 40 40 40 40 40 40 40 40 40 40 40 40;47 47 47 47 47 47 47 47 47 47 47 47 47 47 47 47 47 47 47 47 47 47 47 47 47 47 47 47 47 47 47 47 47 47 47 47 47 47 47;41 41 41 41 41 41 41 41 41 41 41 41 41 41 41 41 41 41 41 41 41 41 41 41 41 41 41 41 41 41 41 41 41 41 41 41 41 41 41;31 31 31 31 31 31 31 31 31 31 31 31 31 31 31 31 31 31 31 31 31 31 31 31 31 31 31 31 31 31 31 31 31 31 31 31 31 31 31;46 46 46 46 46 46 46 46 46 46 46 46 46 46 46 46 46 46 46 46 46 46 46 46 46 46 46 46 46 46 46 46 46 46 46 46 46 46 46;
Vmax;52 52 52 52 52 52 52 52 52 52 52 52 52 52 52 52 52 52 52 52 52 52 52 52 52 52 52 52 52 52 52 52 52 52 52 52 52 52 52;35 35 35 35 35 35 35 35 35 35 35 35 35 35 35 35 35 35 35 35 35 35 35 35 35 35 35 35 35 35 35 35 35 35 35 35 35 35 35;44 44 44 44 44 44 44 44 44 44 44 44 44 44 44 44 44 44 44 44 44 44 44 44 44 44 44 44 44 44 44 44 44 44 44 44 44 44 44;43 43 43 43 43 43 43 43 43 43 43 43 43 43 43 43 43 43 43 43 43 43 43 43 43 43 43 43 43 43 43 43 43 43 43 43 43 43 43;38 38 38 38 38 38 38 38 38 38 38 38 38 38 38 38 38 38 38 38 38 38 38 38 38 38 38 38 38 38 38 38 38 38 38 38 38 38 38;44 44 44 44 44 44 44 44 44 44 44 44 44 44 44 44 44 44 44 44 44 44 44 44 44 44 44 44 44 44 44 44 44 44 44 44 44 44 44;30 30 30 30 30 30 30 30 30 30 30 30 30 30 30 30 30 30 30 30 30 30 30 30 30 30 30 30 30 30 30 30 30 30 30 30 30 30 30;50 50 50 50 50 50 50 50 50 50 50 50 50 50 50 50 50 50 50 50 50 50 50 50 50 50 50 50 50 50 50 50 50 50 50 50 50 50 50;34 34 34 34 34 34 34 34 34 34 34 34 34 34 34 34 34 34 34 34 34 34 34 34 34 34 34 34 34 34 34 34 34 34 34 34 34 34 34;28 28 28 28 28 28 28 28 28 28 28 28 28 28 28 28 28 28 28 28 28 28 28 28 28 28 28 28 28 28 28 28 28 28 28 28 28 28 28;46 46 46 46 46 46 46 46 46 46 46 46 46 46 46 46 46 46 46 46 46 46 46 46 46 46 46 46 46 46 46 46 46 46 46 46 46 46 46;40 40 40 40 40 40 40 40 40 40 40 40 40 40 40 40 40 40 40 40 40 40 40 40 40 40 40 40 40 40 40 40 40 40 40 40 40 40 40;47 47 47 47 47 47 47 47 47 47 47 47 47 47 47 47 47 47 47 47 47 47 47 47 47 47 47 47 47 47 47 47 47 47 47 47 47 47 47;41 41 41 41 41 41 41 41 41 41 41 41 41 41 41 41 41 41 41 41 41 41 41 41 41 41 41 41 41 41 41 41 41 41 41 41 41 41 41;31 31 31 31 31 31 31 31 31 31 31 31 31 31 31 31 31 31 31 31 31 31 31 31 31 31 31 31 31 31 31 31 31 31 31 31 31 31 31;46 46 46 46 46 46 46 46 46 46 46 46 46 46 46 46 46 46 46 46 46 46 46 46 46 46 46 46 46 46 46 46 46 46 46 46 46 46 46;
d;3.000 14.278 3.000 93.917 3.000 170.207 3.000 73.568 3.000 66.169 3.000 7.208 3.000 98.767 3.000 49.642 3.000 20.270 3.000 14.035 3.000 45.288 3.000 107.304 3.000 45.134 3.000 32.243 3.000 111.393 3.000 80.919 3.000 14.975 3.000 24.340 3.000 41.598 3.000
S;22.524132385212837 22.466440077520531 21.666481198287062 21.608788890594756 21.140709913327797 21.08301760563549 20.795045690541709 20.737353382849403 19.181218898283007 19.1235265905907 16.981346464140572 16.923654156448265 16.303600942466634 16.245908634774327 15.377938470121263 15.320246162428955 13.256708354092311 13.199016046400002 12.328100649527446 12.270408341835138 12.000497027959717 11.942804720267409 11.552990838726583 11.495298531034274 10.540652928465203 10.482960620772895 8.5836027942553041 8.5259104865629958 8.387296868891351 8.3296045611990426 7.0571170450915242 6.9994247373992167 5.5846608358654022 5.5269685281730947 2.2537528512696592 2.1960605435773517 0.38995884739198716 0.33226653969967945 0.057692307692307696 0;34.464425258030509 34.37871097231622 33.190200637455071 33.104486351740782 32.409054728372723 32.323340442658434 31.895496454519101 31.809782168804816 29.497810934591882 29.412096648877597 26.229429032437409 26.143714746723123 25.222492828807557 25.136778543093271 23.847222869894434 23.761508584180149 20.69568098322285 20.609966697508565 19.316035250726483 19.230320965012197 18.829309870111572 18.743595584397287 18.164443531822343 18.078729246108058 16.660398636576868 16.574684350862583 13.752781294322164 13.667067008607878 13.461126776638578 13.375412490924292 11.484859609850265 11.399145324135979 9.2972103847143117 9.2114960990000263 4.348432807600636 4.2627185218863506 1.5793674304109522 1.4936531446966665 1.0857142857142856 1;28.619429182524243 28.551247364342426 27.605841416157418 27.537659597975601 26.984475352114647 26.91629353393283 26.575963088822 26.507781270640184 24.668713243425351 24.600531425243535 22.068864003075202 22.000682184893385 21.267892022915095 21.199710204733279 20.173927282870569 20.105745464688752 17.667018963927266 17.598837145745449 16.569573494896066 16.501391676714249 16.182405578497843 16.114223760316026 15.653534627585959 15.58535280940414 14.457135279095239 14.38895346091342 12.144257847756268 12.07607602957445 11.912259935962506 11.844078117780688 10.340229235108167 10.272047416926348 8.600053715113658 8.5318718969318397 4.6635260969550529 4.5953442787732346 2.4608604560087124 2.3926786378268941 2.0681818181818183 2;30.238485675141089 30.168718233280625 29.201326100254107 29.131558658393644 28.565509662628948 28.495742220768484 28.147497114143448 28.077729672282985 26.195892621179436 26.126125179318972 23.535581770588585 23.465814328728122 22.715982535075916 22.646215093215453 21.596576754565238 21.526809312704774 19.031368242158134 18.961600800297671 17.908400785475045 17.838633343614582 17.512228964044304 17.442461522183841 16.971058688692608 16.901291246832145 15.746836099539314 15.677068657678848 13.380170820959902 13.310403379099437 13.142777608891867 13.073010167031402 11.534188054529286 11.464420612668821 9.7535433363953707 9.6837758945349055 5.7254685643260999 5.6557011224656346 3.4715781410321709 3.4018106991717056 3.0697674418604652 3;34.822496948185986 34.743549579764931 33.648869008182288 33.569921639761233 32.929392512974864 32.850445144553809 32.456378313372845 32.37743094495179 30.247983755545143 30.169036387124091 27.237632003560758 27.158684635139707 26.31019076337537 26.231243394954319 25.043494748586969 24.964547380165918 22.140758800336826 22.061811431915775 20.870032467774383 20.791085099353332 20.421732775102758 20.342785406681706 19.809355884573208 19.730408516152156 18.42405137579448 18.345104007373429 15.745982771086203 15.667035402665149 15.477353610061847 15.398406241640794 13.6571075353884 13.578160166967347 11.642167459605286 11.563220091184233 7.0840828491058483 7.0051354806847961 4.5336278964311392 4.454680528010087 4.0789473684210522 4;31.619429182524243 31.551247364342426 30.605841416157418 30.537659597975601 29.984475352114647 29.91629353393283 29.575963088822 29.507781270640184 27.668713243425351 27.600531425243535 25.068864003075202 25.000682184893385 24.267892022915095 24.199710204733279 23.173927282870569 23.105745464688752 20.667018963927262 20.598837145745446 19.569573494896062 19.501391676714245 19.182405578497839 19.114223760316023 18.653534627585955 18.585352809404139 17.457135279095237 17.38895346091342 15.144257847756268 15.07607602957445 14.912259935962506 14.844078117780688 13.340229235108167 13.272047416926348 11.600053715113658 11.53187189693184 7.663526096955052 7.5953442787732337 5.4608604560087119 5.3926786378268936 5.0681818181818183 5;45.041829467702279 44.941829467702277 43.555234077030931 43.45523407703093 42.643897183101529 42.543897183101528 42.044745863605641 41.94474586360564 39.247446090357215 39.147446090357214 35.434333871176996 35.334333871176995 34.259574966942168 34.159574966942166 32.655093348210194 32.555093348210193 28.978294480426676 28.878294480426675 27.368707792514243 27.268707792514242 26.80086151513018 26.700861515130178 26.025184120459411 25.925184120459409 24.270465076006353 24.170465076006352 20.87824484337586 20.778244843375859 20.537981239411675 20.437981239411673 18.232336211491976 18.132336211491975 15.680078782166696 15.580078782166696 9.9065049422007423 9.8065049422007426 6.6759286688127766 6.5759286688127769 6.0999999999999996 6;30.425097680621342 30.365097680621343 29.533140446218535 29.473140446218537 28.986338309860898 28.926338309860899 28.62684751816337 28.566847518163371 26.948467654214319 26.88846765421432 24.660600322706188 24.600600322706189 23.955744980165292 23.895744980165293 22.993056008926107 22.933056008926108 20.786976688255997 20.726976688255998 19.821224675508539 19.76122467550854 19.480516909078101 19.420516909078103 19.015110472275644 18.955110472275646 17.962279045603811 17.902279045603812 15.926946906025517 15.866946906025516 15.722788743647007 15.662788743647006 14.339401726895186 14.279401726895186 12.808047269300019 12.748047269300018 9.3439029653204457 9.2839029653204452 7.4055572012876656 7.345557201287666 7.0599999999999996 7;0 0.057692307692307696 0.36111269354583325 0.41880500123814096 2.2249066974235054 2.2825990051158129 5.555814682019248 5.6135069897115555 7.02827089124537 7.0859631989376775 8.3584507150451959 8.4161430227375043 8.5547566404091491 8.6124489481014574 10.511806774619048 10.569499082311356 11.524144684880428 11.581836992572736 11.971650874113562 12.029343181805871 12.299254495681291 12.356946803373599 13.227862200246156 13.285554507938464 15.349092316275108 15.406784623967416 16.274754788620481 16.332447096312787 16.952500310294418 17.010192617986725 19.152372744436853 19.21006505212916 20.766199536695556 20.823891844387862 21.111863759481643 21.16955606717395 21.637635044440909 21.695327352133216 22.495286231366684 22.552978539058991;1 1.0857142857142856 1.5365102875538093 1.6222245732680949 4.3055756647434933 4.3912899504577787 9.2543532418571672 9.3400675275714526 11.44200246699312 11.527716752707406 13.418269633781433 13.503983919495719 13.709924151465019 13.795638437179305 16.617541493719724 16.703255779434009 18.121586388965198 18.207300674679484 18.786452727254428 18.872167012968713 19.273178107869338 19.358892393583623 20.652823840365706 20.738538126079991 23.80436572703729 23.890080012751575 25.179635685950412 25.265349971664698 26.186571889580264 26.27228617529455 29.454953791734738 29.540668077449023 31.852639311661957 31.938353597376242 32.366197585515572 32.451911871229861 33.147343494597919 33.233057780312208 34.421568115173358 34.507282400887647;2 2.0681818181818183 2.4267695469178032 2.4949513650996216 4.6294351878641429 4.6976170060459612 8.565962806022748 8.6341446242045663 10.306138326017257 10.374320144199075 11.878169026871596 11.946350845053415 12.110166938665358 12.178348756847177 14.423044370004328 14.491226188186147 15.619443718495049 15.687625536676867 16.148314669406936 16.216496487588753 16.535482585805159 16.603664403986976 17.632928054836359 17.701109873018176 20.139836373779666 20.208018191961482 21.233801113824192 21.301982932006009 22.034773093984299 22.102954912166116 24.634622334334448 24.702804152516265 26.541872179731097 26.610053997912914 26.950384443023744 27.01856626120556 27.571750507066515 27.639932325248331 28.58533827343334 28.653520091615157;3 3.0697674418604652 3.4366944201019383 3.5064618619624035 5.6905848433958681 5.7603522852563334 9.718659615465139 9.7884270573256043 11.499304333599055 11.56907177545952 13.107893887961634 13.177661329822099 13.345287100029669 13.415054541890134 15.71195237860908 15.781719820469545 16.936174967762376 17.00594240962284 17.477345243114073 17.547112684974536 17.873517064544814 17.943284506405277 18.996484521227902 19.066251963088366 21.561693033635006 21.631460475495469 22.681098814145685 22.750866256006148 23.500698049658354 23.570465491518817 26.161008900249204 26.230776342109667 28.112613393213216 28.18238083507368 28.530625941698716 28.600393383559179 29.166442379323875 29.236209821184339 30.203601954210857 30.27336939607132;4 4.0789473684210522 4.4941542122206135 4.5731015806416657 7.0446091648953217 7.123556533316374 11.602693775394759 11.681641143815812 13.617633851177873 13.696581219598926 15.43787992585132 15.516827294272373 15.706509086875675 15.785456455296728 18.384577691583956 18.463525060005008 19.769882200362684 19.848829568783735 20.382259090892234 20.461206459313285 20.830558783563859 20.90950615198491 22.101285116126302 22.180232484547354 25.004021064376445 25.082968432797497 26.270717079164847 26.349664447585898 27.198158319350235 27.277105687771286 30.208510071334619 30.28745743975567 32.416904629162318 32.495851997583372 32.889918828764337 32.968866197185392 33.609395323971761 33.688342692392816 34.783023263975458 34.861970632396513;5 5.0681818181818183 5.4267695469178028 5.4949513650996211 7.6294351878641429 7.6976170060459612 11.565962806022748 11.634144624204566 13.306138326017257 13.374320144199075 14.878169026871596 14.946350845053415 15.110166938665358 15.178348756847177 17.423044370004327 17.491226188186143 18.619443718495045 18.687625536676862 19.148314669406929 19.216496487588746 19.535482585805152 19.603664403986969 20.632928054836352 20.701109873018169 23.139836373779659 23.208018191961475 24.233801113824185 24.301982932006002 25.034773093984292 25.102954912166108 27.634622334334441 27.702804152516258 29.54187217973109 29.610053997912907 29.950384443023736 30.018566261205553 30.571750507066508 30.639932325248324 31.585338273433333 31.65352009161515;6 6.0999999999999996 6.6259286688127776 6.7259286688127773 9.8565049422007434 9.956504942200743 15.630078782166697 15.730078782166697 18.182336211491975 18.282336211491977 20.487981239411674 20.587981239411675 20.82824484337586 20.928244843375861 24.220465076006349 24.32046507600635 25.975184120459407 26.075184120459408 26.750861515130175 26.850861515130177 27.318707792514239 27.41870779251424 28.928294480426672 29.028294480426673 32.60509334821019 32.705093348210191 34.209574966942164 34.309574966942165 35.384333871176992 35.484333871176993 39.197446090357211 39.297446090357212 41.994745863605637 42.094745863605638 42.593897183101525 42.693897183101527 43.505234077030927 43.605234077030929 44.991829467702274 45.091829467702276;7 7.0599999999999996 7.3755572012876662 7.4355572012876658 9.3139029653204446 9.3739029653204451 12.778047269300018 12.838047269300018 14.309401726895185 14.369401726895186 15.692788743647004 15.752788743647004 15.896946906025514 15.956946906025514 17.932279045603806 17.992279045603805 18.98511047227564 19.045110472275638 19.450516909078097 19.510516909078095 19.791224675508534 19.851224675508533 20.756976688255993 20.816976688255991 22.963056008926102 23.023056008926101 23.925744980165288 23.985744980165286 24.630600322706183 24.690600322706182 26.918467654214314 26.978467654214313 28.596847518163365 28.656847518163364 28.956338309860893 29.016338309860892 29.503140446218531 29.563140446218529 30.395097680621337 30.455097680621336;
