m;4
n;8
P;39
P1;2 4 6 8 10 12 14 16 18 20 22 24 26 28 30 32 34 36 38
Q;40
M;100
h;1 1 1 1 1 1 1 1 1 1 1 1 1 1 1 1 1 1 1 1 1 1 1 1 1 1 1 1 1 1 1 1 1 1 1 1 1 1 1
Vmin;48 48 48 48 48 48 48 48 48 48 48 48 48 48 48 48 48 48 48 48 48 48 48 48 48 48 48 48 48 48 48 48 48 48 48 48 48 48 48;28 28 28 28 28 28 28 28 28 28 28 28 28 28 28 28 28 28 28 28 28 28 28 28 28 28 28 28 28 28 28 28 28 28 28 28 28 28 28;48 48 48 48 48 48 48 48 48 48 48 48 48 48 48 48 48 48 48 48 48 48 48 48 48 48 48 48 48 48 48 48 48 48 48 48 48 48 48;48 48 48 48 48 48 48 48 48 48 48 48 48 48 48 48 48 48 48 48 48 48 48 48 48 48 48 48 48 48 48 48 48 48 48 48 48 48 48;40 40 40 40 40 40 40 40 40 40 40 40 40 40 40 40 40 40 40 40 40 40 40 40 40 40 40 40 40 40 40 40 40 40 40 40 40 40 40;48 48 48 48 48 48 48 48 48 48 48 48 48 48 48 48 48 48 48 48 48 48 48 48 48 48 48 48 48 48 48 48 48 48 48 48 48 48 48;52 52 52 52 52 52 52 52 52 52 52 52 52 52 52 52 52 52 52 52 52 52 52 52 52 52 52 52 52 52 52 52 52 52 52 52 52 52 52;28 28 28 28 28 28 28 28 28 28 28 28 28 28 28 28 28 28 28 28 28 28 28 28 28 28 28 28 28 28 28 28 28 28 28 28 28 28 28;
Vmax;48 48 48 48 48 48 48 48 48 48 48 48 48 48 48 48 48 48 48 48 48 48 48 48 48 48 48 48 48 48 48 48 48 48 48 48 48 48 48;28 28 28 28 28 28 28 28 28 28 28 28 28 28 28 28 28 28 28 28 28 28 28 28 28 28 28 28 28 28 28 28 28 28 28 28 28 28 28;48 48 48 48 48 48 48 48 48 48 48 48 48 48 48 48 48 48 48 48 48 48 48 48 48 48 48 48 48 48 48 48 48 48 48 48 48 48 48;48 48 48 48 48 48 48 48 48 48 48 48 48 48 48 48 48 48 48 48 48 48 48 48 48 48 48 48 48 48 48 48 48 48 48 48 48 48 48;40 40 40 40 40 40 40 40 40 40 40 40 40 40 40 40 40 40 40 40 40 40 40 40 40 40 40 40 40 40 40 40 40 40 40 40 40 40 40;48 48 48 48 48 48 48 48 48 48 48 48 48 48 48 48 48 48 48 48 48 48 48 48 48 48 48 48 48 48 48 48 48 48 48 48 48 48 48;52 52 52 52 52 52 52 52 52 52 52 52 52 52 52 52 52 52 52 52 52 52 52 52 52 52 52 52 52 52 52 52 52 52 52 52 52 52 52;28 28 28 28 28 28 28 28 28 28 28 28 28 28 28 28 28 28 28 28 28 28 28 28 28 28 28 28 28 28 28 28 28 28 28 28 28 28 28;
d;3.000 77.201 3.000 36.636 3.000 68.144 3.000 72.139 3.000 38.497 3.000 5.694 3.000 7.425 3.000 69.871 3.000 118.986 3.000 42.537 3.000 31.537 3.000 36.581 3.000 28.859 3.000 54.090 3.000 51.417 3.000 73.699 3.000 75.687 3.000 30.857 3.000 21.002 3.000
S;20.851246595129979 20.788746595129979 20.351195305808933 20.288695305808933 19.645848398302814 19.583348398302814 18.006545597631799 17.944045597631799 16.408655695158696 16.346155695158696 15.274965133550651 15.212465133550651 14.085597938734184 14.023097938734184 13.421870331011178 13.359370331011178 12.597260949239756 12.534760949239756 11.877736230864341 11.815236230864341 10.929045872279335 10.866545872279335 8.3876658138444089 8.3251658138444089 6.8695170092057953 6.8070170092057953 6.6523229412764762 6.5898229412764762 6.4711908372285549 6.4086908372285549 5.606666556124126 5.544166556124126 4.0412754255770942 3.9787754255770942 2.5591120779283703 2.4966120779283703 1.7333624375308474 1.6708624375308474 0.0625 0;36.744994163079959 36.637851305937104 35.88776338138674 35.780620524243886 34.678597254233395 34.571454397090541 31.868363881654517 31.761221024511659 29.129124048843483 29.021981191700625 27.18565451465826 27.078511657515403 25.146739323544317 25.039596466401459 24.008920567447735 23.901777710304877 22.595304484411013 22.488161627268155 21.361833538624591 21.254690681481733 19.735507209621723 19.628364352478865 15.378855680876134 15.271712823733276 12.776314872924225 12.669172015781367 12.403982185045392 12.296839327902534 12.093470006677526 11.986327149534668 10.611428381927075 10.504285524784217 7.9279007295607338 7.820757872417877 5.3870492764486348 5.2799064193057781 3.9714784643385954 3.8643356071957382 1.1071428571428572 1;22.851246595129975 22.788746595129975 22.351195305808929 22.288695305808929 21.64584839830281 21.58334839830281 20.006545597631796 19.944045597631796 18.408655695158693 18.346155695158693 17.274965133550648 17.212465133550648 16.085597938734182 16.023097938734182 15.421870331011178 15.359370331011178 14.597260949239756 14.534760949239756 13.877736230864341 13.815236230864341 12.929045872279335 12.866545872279335 10.387665813844409 10.325165813844409 8.8695170092057953 8.8070170092057953 8.6523229412764753 8.5898229412764753 8.4711908372285549 8.4086908372285549 7.606666556124126 7.544166556124126 6.0412754255770942 5.9787754255770942 4.5591120779283703 4.4966120779283703 3.7333624375308476 3.6708624375308476 2.0625 2;23.851246595129979 23.788746595129979 23.351195305808933 23.288695305808933 22.645848398302814 22.583348398302814 21.006545597631799 20.944045597631799 19.408655695158696 19.346155695158696 18.274965133550651 18.212465133550651 17.085597938734185 17.023097938734185 16.421870331011181 16.359370331011181 15.597260949239759 15.534760949239759 14.877736230864345 14.815236230864345 13.929045872279339 13.866545872279339 11.387665813844411 11.325165813844411 9.8695170092057971 9.8070170092057971 9.6523229412764771 9.5898229412764771 9.4711908372285567 9.4086908372285567 8.6066665561241269 8.5441665561241269 7.0412754255770942 6.9787754255770942 5.5591120779283703 5.4966120779283703 4.7333624375308476 4.6708624375308476 3.0625 3;0 0.0625 1.7021124375308474 1.7646124375308474 2.5278620779283703 2.5903620779283703 4.0100254255770942 4.0725254255770942 5.575416556124126 5.637916556124126 6.4399408372285549 6.5024408372285549 6.6210729412764762 6.6835729412764762 6.8382670092057953 6.9007670092057953 8.3564158138444089 8.4189158138444089 10.897795872279335 10.960295872279335 11.846486230864341 11.908986230864341 12.566010949239756 12.628510949239756 13.390620331011178 13.453120331011178 14.054347938734184 14.116847938734184 15.243715133550651 15.306215133550651 16.377405695158696 16.439905695158696 17.975295597631799 18.037795597631799 19.614598398302814 19.677098398302814 20.319945305808933 20.382445305808933 20.819996595129979 20.882496595129979;1 1.1071428571428572 3.917907035767167 4.0250498929100242 5.3334778478772069 5.4406207050200637 7.8743293009893058 7.9814721581321626 10.557856953355646 10.664999810498504 12.039898578106097 12.147041435248955 12.350410756473963 12.45755361361682 12.722743444352796 12.829886301495653 15.325284252304705 15.432427109447563 19.681935781050296 19.789078638193153 21.308262110053164 21.415404967196022 22.541733055839586 22.648875912982444 23.955349138876308 24.062491996019165 25.09316789497289 25.200310752115747 27.132083086086833 27.239225943229691 29.075552620272056 29.182695477414914 31.81479245308309 31.921935310225948 34.625025825661972 34.732168682804826 35.834191952815317 35.941334809958171 36.691422734508535 36.798565591651389;2 2.0625 3.7021124375308476 3.7646124375308476 4.5278620779283703 4.5903620779283703 6.0100254255770942 6.0725254255770942 7.575416556124126 7.637916556124126 8.4399408372285549 8.5024408372285549 8.6210729412764753 8.6835729412764753 8.8382670092057953 8.9007670092057953 10.356415813844409 10.418915813844409 12.897795872279335 12.960295872279335 13.846486230864341 13.908986230864341 14.566010949239756 14.628510949239756 15.390620331011178 15.453120331011178 16.054347938734182 16.116847938734182 17.243715133550648 17.306215133550648 18.377405695158693 18.439905695158693 19.975295597631796 20.037795597631796 21.61459839830281 21.67709839830281 22.319945305808929 22.382445305808929 22.819996595129975 22.882496595129975;3 3.0625 4.7021124375308476 4.7646124375308476 5.5278620779283703 5.5903620779283703 7.0100254255770942 7.0725254255770942 8.5754165561241269 8.6379165561241269 9.4399408372285567 9.5024408372285567 9.6210729412764771 9.6835729412764771 9.8382670092057971 9.9007670092057971 11.356415813844411 11.418915813844411 13.897795872279339 13.960295872279339 14.846486230864345 14.908986230864345 15.566010949239759 15.628510949239759 16.390620331011181 16.453120331011181 17.054347938734185 17.116847938734185 18.243715133550651 18.306215133550651 19.377405695158696 19.439905695158696 20.975295597631799 21.037795597631799 22.614598398302814 22.677098398302814 23.319945305808933 23.382445305808933 23.819996595129979 23.882496595129979;
