m;2
n;4
P;39
P1;2 4 6 8 10 12 14 16 18 20 22 24 26 28 30 32 34 36 38
Q;40
M;100
h;1 1 1 1 1 1 1 1 1 1 1 1 1 1 1 1 1 1 1 1 1 1 1 1 1 1 1 1 1 1 1 1 1 1 1 1 1 1 1
Vmin;40 40 40 40 40 40 40 40 40 40 40 40 40 40 40 40 40 40 40 40 40 40 40 40 40 40 40 40 40 40 40 40 40 40 40 40 40 40 40;52 52 52 52 52 52 52 52 52 52 52 52 52 52 52 52 52 52 52 52 52 52 52 52 52 52 52 52 52 52 52 52 52 52 52 52 52 52 52;41 41 41 41 41 41 41 41 41 41 41 41 41 41 41 41 41 41 41 41 41 41 41 41 41 41 41 41 41 41 41 41 41 41 41 41 41 41 41;28 28 28 28 28 28 28 28 28 28 28 28 28 28 28 28 28 28 28 28 28 28 28 28 28 28 28 28 28 28 28 28 28 28 28 28 28 28 28;
Vmax;40 40 40 40 40 40 40 40 40 40 40 40 40 40 40 40 40 40 40 40 40 40 40 40 40 40 40 40 40 40 40 40 40 40 40 40 40 40 40;52 52 52 52 52 52 52 52 52 52 52 52 52 52 52 52 52 52 52 52 52 52 52 52 52 52 52 52 52 52 52 52 52 52 52 52 52 52 52;41 41 41 41 41 41 41 41 41 41 41 41 41 41 41 41 41 41 41 41 41 41 41 41 41 41 41 41 41 41 41 41 41 41 41 41 41 41 41;28 28 28 28 28 28 28 28 28 28 28 28 28 28 28 28 28 28 28 28 28 28 28 28 28 28 28 28 28 28 28 28 28 28 28 28 28 28 28;
d;3.000 57.161 3.000 6.274 3.000 54.076 3.000 8.342 3.000 55.506 3.000 62.818 3.000 67.380 3.000 53.545 3.000 57.094 3.000 19.193 3.000 83.401 3.000 52.638 3.000 7.940 3.000 12.535 3.000 41.804 3.000 75.895 3.000 3.161 3.000 104.367 3.000 17.428 3.000
S;22.513985421229496 22.438985421229496 22.003277972499394 21.928277972499394 19.319092983377065 19.244092983377065 19.16507151569585 19.09007151569585 17.192687176673985 17.117687176673986 16.072584622051419 15.99758462205142 15.684220500500071 15.609220500500072 15.410709017381771 15.335709017381772 14.01976932810874 13.944769328108741 11.859737059991236 11.784737059991237 11.304911502326743 11.229911502326743 9.8025570924163148 9.7275570924163155 8.388929840260948 8.3139298402609487 6.6294239294647452 6.5544239294647451 4.9839777399394061 4.9089777399394059 3.5213189179687885 3.4463189179687883 3.2377581784833787 3.1627581784833785 1.810857940919298 1.735857940919298 1.5790158683528028 1.5040158683528029 0.074999999999999997 0;18.318450324022699 18.260758016330392 17.92559844038416 17.867906132691854 15.860840756443906 15.803148448751598 15.742362704381431 15.684670396689123 14.225143982056919 14.16745167436461 13.363526632347252 13.305834324654944 13.064785000384676 13.007092692692368 12.854391551832137 12.796699244139829 11.784437944699034 11.726745637006726 10.122874661531721 10.065182353839413 9.6960857710205701 9.6383934633282617 8.5404285326279332 8.4827362249356248 7.4530229540468813 7.3953306463545738 6.0995568688190334 6.0418645611267259 4.8338290307226188 4.7761367230303113 3.7087068599759903 3.6510145522836828 3.4905832142179829 3.4328909065256754 2.3929676468609982 2.3352753391686907 2.2146275910406175 2.15693528334831 1.0576923076923077 1;0 0.074999999999999997 1.5415158683528027 1.6165158683528027 1.7733579409192979 1.8483579409192978 3.2002581784833781 3.2752581784833783 3.483818917968788 3.5588189179687881 4.9464777399394055 5.0214777399394057 6.5919239294647447 6.6669239294647449 8.3514298402609484 8.4264298402609477 9.7650570924163151 9.8400570924163144 11.267411502326741 11.34241150232674 11.822237059991235 11.897237059991234 13.982269328108739 14.057269328108738 15.37320901738177 15.448209017381769 15.64672050050007 15.721720500500069 16.035084622051418 16.110084622051417 17.155187176673984 17.230187176673983 19.127571515695848 19.202571515695848 19.281592983377063 19.356592983377062 21.965777972499392 22.040777972499392 22.476485421229494 22.551485421229494;1 1.0576923076923077 2.1857814371944637 2.2434737448867712 2.3641214930148444 2.4218138007071519 3.4617370603718287 3.5194293680641362 3.6798607061298361 3.7375530138221436 4.8049828768764646 4.8626751845687721 6.0707107149728792 6.1284030226651867 7.4241768002007271 7.4818691078930346 8.5115823787817781 8.5692746864740865 9.667239617174415 9.7249319248667234 10.094028507685566 10.151720815377875 11.755591790852879 11.813284098545187 12.825545397985982 12.88323770567829 13.035938846538521 13.093631154230829 13.334680478501097 13.392372786193405 14.196297828210763 14.253990135903072 15.713516550535276 15.771208858227585 15.831994602597751 15.88968691029006 17.896752286538007 17.954444594230313 18.289604170176545 18.347296477868852;
