m;5
n;10
P;39
P1;2 4 6 8 10 12 14 16 18 20 22 24 26 28 30 32 34 36 38
Q;40
M;100
h;1 1 1 1 1 1 1 1 1 1 1 1 1 1 1 1 1 1 1 1 1 1 1 1 1 1 1 1 1 1 1 1 1 1 1 1 1 1 1
Vmin;40 40 40 40 40 40 40 40 40 40 40 40 40 40 40 40 40 40 40 40 40 40 40 40 40 40 40 40 40 40 40 40 40 40 40 40 40 40 40;40 40 40 40 40 40 40 40 40 40 40 40 40 40 40 40 40 40 40 40 40 40 40 40 40 40 40 40 40 40 40 40 40 40 40 40 40 40 40;40 40 40 40 40 40 40 40 40 40 40 40 40 40 40 40 40 40 40 40 40 40 40 40 40 40 40 40 40 40 40 40 40 40 40 40 40 40 40;40 40 40 40 40 40 40 40 40 40 40 40 40 40 40 40 40 40 40 40 40 40 40 40 40 40 40 40 40 40 40 40 40 40 40 40 40 40 40;40 40 40 40 40 40 40 40 40 40 40 40 40 40 40 40 40 40 40 40 40 40 40 40 40 40 40 40 40 40 40 40 40 40 40 40 40 40 40;40 40 40 40 40 40 40 40 40 40 40 40 40 40 40 40 40 40 40 40 40 40 40 40 40 40 40 40 40 40 40 40 40 40 40 40 40 40 40;40 40 40 40 40 40 40 40 40 40 40 40 40 40 40 40 40 40 40 40 40 40 40 40 40 40 40 40 40 40 40 40 40 40 40 40 40 40 40;40 40 40 40 40 40 40 40 40 40 40 40 40 40 40 40 40 40 40 40 40 40 40 40 40 40 40 40 40 40 40 40 40 40 40 40 40 40 40;40 40 40 40 40 40 40 40 40 40 40 40 40 40 40 40 40 40 40 40 40 40 40 40 40 40 40 40 40 40 40 40 40 40 40 40 40 40 40;40 40 40 40 40 40 40 40 40 40 40 40 40 40 40 40 40 40 40 40 40 40 40 40 40 40 40 40 40 40 40 40 40 40 40 40 40 40 40;
Vmax;40 40 40 40 40 40 40 40 40 40 40 40 40 40 40 40 40 40 40 40 40 40 40 40 40 40 40 40 40 40 40 40 40 40 40 40 40 40 40;40 40 40 40 40 40 40 40 40 40 40 40 40 40 40 40 40 40 40 40 40 40 40 40 40 40 40 40 40 40 40 40 40 40 40 40 40 40 40;40 40 40 40 40 40 40 40 40 40 40 40 40 40 40 40 40 40 40 40 40 40 40 40 40 40 40 40 40 40 40 40 40 40 40 40 40 40 40;40 40 40 40 40 40 40 40 40 40 40 40 40 40 40 40 40 40 40 40 40 40 40 40 40 40 40 40 40 40 40 40 40 40 40 40 40 40 40;40 40 40 40 40 40 40 40 40 40 40 40 40 40 40 40 40 40 40 40 40 40 40 40 40 40 40 40 40 40 40 40 40 40 40 40 40 40 40;40 40 40 40 40 40 40 40 40 40 40 40 40 40 40 40 40 40 40 40 40 40 40 40 40 40 40 40 40 40 40 40 40 40 40 40 40 40 40;40 40 40 40 40 40 40 40 40 40 40 40 40 40 40 40 40 40 40 40 40 40 40 40 40 40 40 40 40 40 40 40 40 40 40 40 40 40 40;40 40 40 40 40 40 40 40 40 40 40 40 40 40 40 40 40 40 40 40 40 40 40 40 40 40 40 40 40 40 40 40 40 40 40 40 40 40 40;40 40 40 40 40 40 40 40 40 40 40 40 40 40 40 40 40 40 40 40 40 40 40 40 40 40 40 40 40 40 40 40 40 40 40 40 40 40 40;40 40 40 40 40 40 40 40 40 40 40 40 40 40 40 40 40 40 40 40 40 40 40 40 40 40 40 40 40 40 40 40 40 40 40 40 40 40 40;
d;3 36.8421052631579 3 36.8421052631579 3 36.8421052631579 3 36.8421052631579 3 36.8421052631579 3 36.8421052631579 3 36.8421052631579 3 36.8421052631579 3 36.8421052631579 3 36.8421052631579 3 36.8421052631579 3 36.8421052631579 3 36.8421052631579 3 36.8421052631579 3 36.8421052631579 3 36.8421052631579 3 36.8421052631579 3 36.8421052631579 3 36.8421052631579 3
S;18.999999999999996 18.924999999999997 18.003947368421048 17.928947368421049 17.007894736842101 16.932894736842101 16.011842105263153 15.936842105263151 15.015789473684205 14.940789473684205 14.019736842105258 13.944736842105259 13.023684210526312 12.948684210526313 12.027631578947366 11.952631578947367 11.03157894736842 10.956578947368421 10.035526315789474 9.9605263157894743 9.0394736842105274 8.9644736842105281 8.0434210526315812 7.968421052631582 7.0473684210526342 6.972368421052634 6.0513157894736862 5.976315789473686 5.0552631578947382 4.9802631578947381 4.0592105263157903 3.9842105263157901 3.0631578947368427 2.9881578947368426 2.0671052631578952 1.992105263157895 1.0710526315789475 0.99605263157894741 0.074999999999999997 0;19.999999999999996 19.924999999999997 19.003947368421048 18.928947368421049 18.007894736842101 17.932894736842101 17.011842105263153 16.936842105263153 16.015789473684205 15.940789473684204 15.019736842105257 14.944736842105257 14.02368421052631 13.948684210526311 13.027631578947364 12.952631578947365 12.031578947368418 11.956578947368419 11.035526315789472 10.960526315789473 10.039473684210526 9.9644736842105264 9.0434210526315795 8.9684210526315802 8.0473684210526333 7.972368421052634 7.0513157894736862 6.976315789473686 6.0552631578947382 5.9802631578947381 5.0592105263157903 4.9842105263157901 4.0631578947368423 3.9881578947368426 3.0671052631578952 2.992105263157895 2.0710526315789477 1.9960526315789475 1.075 1;20.999999999999996 20.924999999999997 20.003947368421048 19.928947368421049 19.007894736842101 18.932894736842101 18.011842105263153 17.936842105263153 17.015789473684205 16.940789473684205 16.019736842105257 15.944736842105257 15.02368421052631 14.948684210526311 14.027631578947364 13.952631578947365 13.031578947368418 12.956578947368419 12.035526315789472 11.960526315789473 11.039473684210526 10.964473684210526 10.043421052631579 9.9684210526315802 9.0473684210526333 8.972368421052634 8.0513157894736871 7.9763157894736869 7.0552631578947391 6.9802631578947389 6.0592105263157912 5.984210526315791 5.0631578947368432 4.988157894736843 4.0671052631578952 3.992105263157895 3.0710526315789477 2.9960526315789475 2.0750000000000002 2;21.999999999999996 21.924999999999997 21.003947368421048 20.928947368421049 20.007894736842101 19.932894736842101 19.011842105263153 18.936842105263153 18.015789473684205 17.940789473684205 17.019736842105257 16.944736842105257 16.023684210526309 15.948684210526309 15.027631578947362 14.952631578947363 14.031578947368416 13.956578947368417 13.03552631578947 12.960526315789471 12.039473684210524 11.964473684210525 11.043421052631578 10.968421052631578 10.047368421052632 9.9723684210526322 9.0513157894736853 8.976315789473686 8.0552631578947391 7.9802631578947389 7.0592105263157912 6.984210526315791 6.0631578947368432 5.988157894736843 5.0671052631578952 4.992105263157895 4.0710526315789473 3.9960526315789475 3.0750000000000002 3;22.999999999999996 22.924999999999997 22.003947368421048 21.928947368421049 21.007894736842101 20.932894736842101 20.011842105263153 19.936842105263153 19.015789473684205 18.940789473684205 18.019736842105257 17.944736842105257 17.023684210526309 16.948684210526309 16.027631578947361 15.952631578947361 15.031578947368414 14.956578947368415 14.035526315789468 13.960526315789469 13.039473684210522 12.964473684210523 12.043421052631576 11.968421052631577 11.04736842105263 10.97236842105263 10.051315789473684 9.9763157894736842 9.0552631578947373 8.9802631578947381 8.0592105263157912 7.9842105263157919 7.0631578947368441 6.9881578947368439 6.0671052631578961 5.9921052631578959 5.0710526315789481 4.996052631578948 4.0750000000000002 4;0 0.074999999999999997 0.99605263157894741 1.0710526315789475 1.992105263157895 2.0671052631578952 2.9881578947368426 3.0631578947368427 3.9842105263157901 4.0592105263157903 4.9802631578947381 5.0552631578947382 5.976315789473686 6.0513157894736862 6.972368421052634 7.0473684210526342 7.968421052631582 8.0434210526315812 8.9644736842105281 9.0394736842105274 9.9605263157894743 10.035526315789474 10.956578947368421 11.03157894736842 11.952631578947367 12.027631578947366 12.948684210526313 13.023684210526312 13.944736842105259 14.019736842105258 14.940789473684205 15.015789473684205 15.936842105263151 16.011842105263153 16.932894736842101 17.007894736842101 17.928947368421049 18.003947368421048 18.924999999999997 18.999999999999996;1 1.075 1.9960526315789475 2.0710526315789477 2.992105263157895 3.0671052631578952 3.9881578947368426 4.0631578947368423 4.9842105263157901 5.0592105263157903 5.9802631578947381 6.0552631578947382 6.976315789473686 7.0513157894736862 7.972368421052634 8.0473684210526333 8.9684210526315802 9.0434210526315795 9.9644736842105264 10.039473684210526 10.960526315789473 11.035526315789472 11.956578947368419 12.031578947368418 12.952631578947365 13.027631578947364 13.948684210526311 14.02368421052631 14.944736842105257 15.019736842105257 15.940789473684204 16.015789473684205 16.936842105263153 17.011842105263153 17.932894736842101 18.007894736842101 18.928947368421049 19.003947368421048 19.924999999999997 19.999999999999996;2 2.0750000000000002 2.9960526315789475 3.0710526315789477 3.992105263157895 4.0671052631578952 4.988157894736843 5.0631578947368432 5.984210526315791 6.0592105263157912 6.9802631578947389 7.0552631578947391 7.9763157894736869 8.0513157894736871 8.972368421052634 9.0473684210526333 9.9684210526315802 10.043421052631579 10.964473684210526 11.039473684210526 11.960526315789473 12.035526315789472 12.956578947368419 13.031578947368418 13.952631578947365 14.027631578947364 14.948684210526311 15.02368421052631 15.944736842105257 16.019736842105257 16.940789473684205 17.015789473684205 17.936842105263153 18.011842105263153 18.932894736842101 19.007894736842101 19.928947368421049 20.003947368421048 20.924999999999997 20.999999999999996;3 3.0750000000000002 3.9960526315789475 4.0710526315789473 4.992105263157895 5.0671052631578952 5.988157894736843 6.0631578947368432 6.984210526315791 7.0592105263157912 7.9802631578947389 8.0552631578947391 8.976315789473686 9.0513157894736853 9.9723684210526322 10.047368421052632 10.968421052631578 11.043421052631578 11.964473684210525 12.039473684210524 12.960526315789471 13.03552631578947 13.956578947368417 14.031578947368416 14.952631578947363 15.027631578947362 15.948684210526309 16.023684210526309 16.944736842105257 17.019736842105257 17.940789473684205 18.015789473684205 18.936842105263153 19.011842105263153 19.932894736842101 20.007894736842101 20.928947368421049 21.003947368421048 21.924999999999997 21.999999999999996;4 4.0750000000000002 4.996052631578948 5.0710526315789481 5.9921052631578959 6.0671052631578961 6.9881578947368439 7.0631578947368441 7.9842105263157919 8.0592105263157912 8.9802631578947381 9.0552631578947373 9.9763157894736842 10.051315789473684 10.97236842105263 11.04736842105263 11.968421052631577 12.043421052631576 12.964473684210523 13.039473684210522 13.960526315789469 14.035526315789468 14.956578947368415 15.031578947368414 15.952631578947361 16.027631578947361 16.948684210526309 17.023684210526309 17.944736842105257 18.019736842105257 18.940789473684205 19.015789473684205 19.936842105263153 20.011842105263153 20.932894736842101 21.007894736842101 21.928947368421049 22.003947368421048 22.924999999999997 22.999999999999996;
