m;4
n;8
P;39
P1;2 4 6 8 10 12 14 16 18 20 22 24 26 28 30 32 34 36 38
Q;40
M;100
h;1 1 1 1 1 1 1 1 1 1 1 1 1 1 1 1 1 1 1 1 1 1 1 1 1 1 1 1 1 1 1 1 1 1 1 1 1 1 1
Vmin;52 52 52 52 52 52 52 52 52 52 52 52 52 52 52 52 52 52 52 52 52 52 52 52 52 52 52 52 52 52 52 52 52 52 52 52 52 52 52;46 46 46 46 46 46 46 46 46 46 46 46 46 46 46 46 46 46 46 46 46 46 46 46 46 46 46 46 46 46 46 46 46 46 46 46 46 46 46;34 34 34 34 34 34 34 34 34 34 34 34 34 34 34 34 34 34 34 34 34 34 34 34 34 34 34 34 34 34 34 34 34 34 34 34 34 34 34;48 48 48 48 48 48 48 48 48 48 48 48 48 48 48 48 48 48 48 48 48 48 48 48 48 48 48 48 48 48 48 48 48 48 48 48 48 48 48;50 50 50 50 50 50 50 50 50 50 50 50 50 50 50 50 50 50 50 50 50 50 50 50 50 50 50 50 50 50 50 50 50 50 50 50 50 50 50;28 28 28 28 28 28 28 28 28 28 28 28 28 28 28 28 28 28 28 28 28 28 28 28 28 28 28 28 28 28 28 28 28 28 28 28 28 28 28;48 48 48 48 48 48 48 48 48 48 48 48 48 48 48 48 48 48 48 48 48 48 48 48 48 48 48 48 48 48 48 48 48 48 48 48 48 48 48;29 29 29 29 29 29 29 29 29 29 29 29 29 29 29 29 29 29 29 29 29 29 29 29 29 29 29 29 29 29 29 29 29 29 29 29 29 29 29;
Vmax;52 52 52 52 52 52 52 52 52 52 52 52 52 52 52 52 52 52 52 52 52 52 52 52 52 52 52 52 52 52 52 52 52 52 52 52 52 52 52;46 46 46 46 46 46 46 46 46 46 46 46 46 46 46 46 46 46 46 46 46 46 46 46 46 46 46 46 46 46 46 46 46 46 46 46 46 46 46;34 34 34 34 34 34 34 34 34 34 34 34 34 34 34 34 34 34 34 34 34 34 34 34 34 34 34 34 34 34 34 34 34 34 34 34 34 34 34;48 48 48 48 48 48 48 48 48 48 48 48 48 48 48 48 48 48 48 48 48 48 48 48 48 48 48 48 48 48 48 48 48 48 48 48 48 48 48;50 50 50 50 50 50 50 50 50 50 50 50 50 50 50 50 50 50 50 50 50 50 50 50 50 50 50 50 50 50 50 50 50 50 50 50 50 50 50;28 28 28 28 28 28 28 28 28 28 28 28 28 28 28 28 28 28 28 28 28 28 28 28 28 28 28 28 28 28 28 28 28 28 28 28 28 28 28;48 48 48 48 48 48 48 48 48 48 48 48 48 48 48 48 48 48 48 48 48 48 48 48 48 48 48 48 48 48 48 48 48 48 48 48 48 48 48;29 29 29 29 29 29 29 29 29 29 29 29 29 29 29 29 29 29 29 29 29 29 29 29 29 29 29 29 29 29 29 29 29 29 29 29 29 29 29;
d;3.000 49.061 3.000 80.874 3.000 4.113 3.000 82.775 3.000 14.842 3.000 35.963 3.000 5.539 3.000 50.595 3.000 66.340 3.000 51.210 3.000 92.082 3.000 83.113 3.000 39.742 3.000 28.651 3.000 52.491 3.000 41.642 3.000 19.640 3.000 31.180 3.000 30.077 3.000
S;0.68854416898936888 0.68758263052783042 0.67794242671875782 0.67698088825721936 0.66698733112241204 0.66602579266087358 0.65973094885577876 0.65876941039424031 0.64542277143195825 0.6444612329704198 0.62763725231798262 0.62667571385644416 0.61749266668702985 0.61653112822549139 0.60379319726328051 0.60283165880174205 0.57619292640888919 0.57523138794735074 0.54571807431955421 0.54475653585801576 0.52834322301305059 0.52738168455151213 0.50611902083169746 0.50515748237015901 0.4889410827124297 0.4879795442508913 0.48620417224442602 0.48524263378288762 0.47371598243824048 0.47275444397670202 0.46799746967417949 0.46703593121264109 0.44050551937499594 0.43954398091345748 0.4382258476429674 0.43726430918142895 0.41134302500420888 0.41038148654267043 0.39465677222308954 0.39369523376155108;1.3062728606634553 1.3051859041417162 1.2942882824445039 1.2932013259227648 1.2819042613355911 1.280817304813852 1.273701394425484 1.272614437903745 1.2575269329898611 1.256439976468122 1.2374215635566712 1.2363346070349321 1.2259537711042898 1.2248668145825508 1.2104674143643992 1.2093804578426601 1.1792671081811743 1.1781801516594352 1.1448172753845349 1.1437303188627959 1.1251761391250092 1.1240891826032702 1.1000531279634795 1.0989661714417405 1.0806345892199594 1.0795476326982203 1.0775406904300422 1.0764537339083031 1.0634236063013107 1.0623366497795717 1.0569592005680244 1.0558722440462853 1.0258813437080778 1.0247943871863385 1.0233043234892629 1.0222173669675236 0.9929150457237097 0.99182808920197052 0.97405232518853124 0.97296536866679206;2.1651215582726135 2.163650970037319 2.1489071289175614 2.1474365406822669 2.1321522768290326 2.1306816885937381 2.12105428042124 2.1195836921859459 2.0991711855377502 2.0977005973024556 2.0719698033634342 2.0704992151281401 2.0564545547513888 2.0549839665160947 2.035502425044478 2.0340318368091834 1.9932902460907027 1.9918196578554086 1.9466816487776022 1.9452110605423081 1.92010834677942 1.9186377585441259 1.8861183905020562 1.8846478022667621 1.8598462498490584 1.8583756616137641 1.8556603867803467 1.8541897985450526 1.8365608023708864 1.8350902141355923 1.8278148416729108 1.8263442534376166 1.7857683294506299 1.7842977412153358 1.7822817726839979 1.7808111844487038 1.7411668674717788 1.7396962792364845 1.7156467161594786 1.7141761279241843;3.293475834471367 3.2924341678047004 3.2819906136782051 3.2809489470115385 3.2701225934488307 3.2690809267821641 3.2622615126599777 3.2612198459933111 3.2467609871175056 3.245719320450839 3.2274933414106988 3.2264516747440322 3.2165033736438331 3.2154617069771665 3.2016622817681051 3.200620615101438 3.1717619883425145 3.1707203216758475 3.1387475652457351 3.1377058985790685 3.1199248096636891 3.1188831429970225 3.09584859063389 3.0948069239672233 3.0772391576713498 3.0761974910046832 3.0742741713310124 3.0732325046643458 3.0607452990409785 3.0597036323743114 3.0545502435465788 3.0535085768799122 3.02476729738913 3.0237256307224629 3.0222976530127657 3.021255986346099 2.9931745951541107 2.9921329284874441 2.975097821307898 2.9740561546412314;3.280784755605906 3.2817462940674447 3.2979517776177949 3.2989133160793336 3.3248346002565534 3.3257961387180921 3.3271142719885822 3.3280758104501209 3.3546062222877659 3.3555677607493046 3.3603247350518273 3.361286273513366 3.372812924858013 3.3737744633195517 3.3755498353260172 3.3765113737875558 3.392727773445285 3.3936893119068237 3.414951975626638 3.4159135140881767 3.4323268269331422 3.4332883653946809 3.4628016790224772 3.4637632174840158 3.4904019498768686 3.4913634883384073 3.5041014193006181 3.5050629577621568 3.5142460049315711 3.5152075433931098 3.5320315240455473 3.532993062507086 3.5463397014693681 3.5473012399309067 3.5535960837360014 3.5545576221975401 3.5645511793323474 3.5655127177938861 3.5751529216029585 3.5761144600644972;3.5653215216750125 3.5664084781967516 3.5847277204710606 3.5858146769927997 3.6151169982366138 3.6162039547583529 3.6176940184554285 3.6187809749771676 3.6487718753153748 3.6498588318371139 3.6552362810486607 3.6563232375703998 3.6693533651773924 3.6704403216991315 3.6724472639673094 3.6735342204890484 3.6918658027108293 3.6929527592325684 3.716988813872359 3.7180757703940981 3.7366299501318845 3.7377169066536235 3.7710797829285241 3.7721667394502632 3.8022800891117488 3.8033670456334878 3.8177664458516394 3.8188534023733784 3.8292342383040205 3.8303211948257596 3.8493396077372108 3.8504265642589499 3.8655140691728334 3.8666010256945724 3.8737169360829409 3.8748038926046799 3.8861009571918532 3.8871879137135923 3.898085535410805 3.8991724919325441;4.0916981789318356 4.0931687671671302 4.1179536243617827 4.1194242125970773 4.159068529574002 4.1605391178092956 4.1625550863406335 4.1640256745759281 4.2046015985629142 4.2060721867982087 4.2133475592608907 4.2148181474961843 4.2324471436703508 4.2339177319056454 4.236633006739063 4.2381035949743566 4.2629051473920603 4.2643757356273548 4.2968951036694243 4.298365691904718 4.3234684056676063 4.3249389939028999 4.3700770029807066 4.3715475912160002 4.4122891819344812 4.4137597701697748 4.4332413116413916 4.4347118998766852 4.4487565602534369 4.4502271484887306 4.475957942427752 4.4774285306630457 4.4978410373112414 4.4993116255465351 4.5089390337190327 4.5104096219543264 4.525693885807561 4.5271644740428547 4.5419083151626136 4.5433789033979073;4.1684847017810673 4.1695263684477339 4.1870823089606137 4.1881239756272803 4.2162053668192687 4.2172470334859353 4.2186750111956322 4.2197166778622988 4.2484579573530814 4.249499624019748 4.2546530128474807 4.2556946795141473 4.2681818851375146 4.2692235518041821 4.2711468714778524 4.272188538144519 4.2897563044403926 4.2907979711070592 4.3138325234701922 4.3148741901368588 4.3326552790522372 4.3336969457189038 4.3656697021490176 4.3667113688156842 4.3955699955746077 4.3966116622412743 4.4104110874503366 4.4114527541170032 4.4214010552172018 4.4224427218838684 4.4406687009240091 4.4417103675906757 4.4561692264664821 4.4572108931331487 4.4640303072553342 4.4650719739220017 4.4758983274847095 4.4769399941513761 4.4873835482778714 4.4884252149445381;
