m;5
n;10
P;39
P1;2 4 6 8 10 12 14 16 18 20 22 24 26 28 30 32 34 36 38
Q;40
M;100
h;1 1 1 1 1 1 1 1 1 1 1 1 1 1 1 1 1 1 1 1 1 1 1 1 1 1 1 1 1 1 1 1 1 1 1 1 1 1 1
Vmin;47 47 47 47 47 47 47 47 47 47 47 47 47 47 47 47 47 47 47 47 47 47 47 47 47 47 47 47 47 47 47 47 47 47 47 47 47 47 47;42 42 42 42 42 42 42 42 42 42 42 42 42 42 42 42 42 42 42 42 42 42 42 42 42 42 42 42 42 42 42 42 42 42 42 42 42 42 42;50 50 50 50 50 50 50 50 50 50 50 50 50 50 50 50 50 50 50 50 50 50 50 50 50 50 50 50 50 50 50 50 50 50 50 50 50 50 50;28 28 28 28 28 28 28 28 28 28 28 28 28 28 28 28 28 28 28 28 28 28 28 28 28 28 28 28 28 28 28 28 28 28 28 28 28 28 28;31 31 31 31 31 31 31 31 31 31 31 31 31 31 31 31 31 31 31 31 31 31 31 31 31 31 31 31 31 31 31 31 31 31 31 31 31 31 31;50 50 50 50 50 50 50 50 50 50 50 50 50 50 50 50 50 50 50 50 50 50 50 50 50 50 50 50 50 50 50 50 50 50 50 50 50 50 50;52 52 52 52 52 52 52 52 52 52 52 52 52 52 52 52 52 52 52 52 52 52 52 52 52 52 52 52 52 52 52 52 52 52 52 52 52 52 52;46 46 46 46 46 46 46 46 46 46 46 46 46 46 46 46 46 46 46 46 46 46 46 46 46 46 46 46 46 46 46 46 46 46 46 46 46 46 46;40 40 40 40 40 40 40 40 40 40 40 40 40 40 40 40 40 40 40 40 40 40 40 40 40 40 40 40 40 40 40 40 40 40 40 40 40 40 40;43 43 43 43 43 43 43 43 43 43 43 43 43 43 43 43 43 43 43 43 43 43 43 43 43 43 43 43 43 43 43 43 43 43 43 43 43 43 43;
Vmax;47 47 47 47 47 47 47 47 47 47 47 47 47 47 47 47 47 47 47 47 47 47 47 47 47 47 47 47 47 47 47 47 47 47 47 47 47 47 47;42 42 42 42 42 42 42 42 42 42 42 42 42 42 42 42 42 42 42 42 42 42 42 42 42 42 42 42 42 42 42 42 42 42 42 42 42 42 42;50 50 50 50 50 50 50 50 50 50 50 50 50 50 50 50 50 50 50 50 50 50 50 50 50 50 50 50 50 50 50 50 50 50 50 50 50 50 50;28 28 28 28 28 28 28 28 28 28 28 28 28 28 28 28 28 28 28 28 28 28 28 28 28 28 28 28 28 28 28 28 28 28 28 28 28 28 28;31 31 31 31 31 31 31 31 31 31 31 31 31 31 31 31 31 31 31 31 31 31 31 31 31 31 31 31 31 31 31 31 31 31 31 31 31 31 31;50 50 50 50 50 50 50 50 50 50 50 50 50 50 50 50 50 50 50 50 50 50 50 50 50 50 50 50 50 50 50 50 50 50 50 50 50 50 50;52 52 52 52 52 52 52 52 52 52 52 52 52 52 52 52 52 52 52 52 52 52 52 52 52 52 52 52 52 52 52 52 52 52 52 52 52 52 52;46 46 46 46 46 46 46 46 46 46 46 46 46 46 46 46 46 46 46 46 46 46 46 46 46 46 46 46 46 46 46 46 46 46 46 46 46 46 46;40 40 40 40 40 40 40 40 40 40 40 40 40 40 40 40 40 40 40 40 40 40 40 40 40 40 40 40 40 40 40 40 40 40 40 40 40 40 40;43 43 43 43 43 43 43 43 43 43 43 43 43 43 43 43 43 43 43 43 43 43 43 43 43 43 43 43 43 43 43 43 43 43 43 43 43 43 43;
d;3.000 10.414 3.000 3.734 3.000 4.734 3.000 27.282 3.000 18.480 3.000 76.059 3.000 27.174 3.000 3.033 3.000 24.674 3.000 4.841 3.000 47.178 3.000 30.784 3.000 3.951 3.000 12.251 3.000 28.207 3.000 49.076 3.000 73.478 3.000 4.213 3.000 80.838 3.000
S;1.4042819804966604 1.4032181507094266 1.3745522749869279 1.3734884451996938 1.3719946197699207 1.3709307899826866 1.3448747848974565 1.3438109551102224 1.3264081794807987 1.3253443496935648 1.3153419275876572 1.3142780978004232 1.3099338746701141 1.3088700448828801 1.3074690969445466 1.3064052671573125 1.2954887878057304 1.2944249580184963 1.2776950449978015 1.2766312152105674 1.274914600165163 1.2738507703779289 1.2651010260352928 1.2640371962480588 1.2629615981690459 1.2618977683818118 1.2522617261680089 1.2511978963807748 1.224226487095502 1.2231626573082679 1.2166093319209212 1.2155455021336872 1.2058708606770425 1.2048070308898085 1.2031283408419833 1.2020645110547494 1.2007405375555433 1.1996767077683093 1.1959836787024274 1.1949198489151935;2.2829695583537597 2.2817790821632831 2.2497006021881059 2.2485101259976292 2.2468384642071686 2.2456479880166924 2.2164900775641732 2.2152996013736965 2.1958250667407699 2.1946345905502938 2.1834414039079686 2.182250927717492 2.1773895351669079 2.1761990589764313 2.1746313315216295 2.1734408553311528 2.1612247951043821 2.160034318913906 2.1413127495812234 2.1401222733907468 2.1382012994113655 2.1370108232208893 2.1272194426469873 2.1260289664565111 2.1248253209871395 2.1236348447966633 2.1128516547002647 2.1116611785097885 2.0814788871667447 2.0802884109762685 2.0729549278047141 2.0717644516142379 2.0609380671270405 2.0597475909365643 2.0578690568354268 2.0566785806449506 2.0551969912529819 2.0540065150625058 2.0498738396792571 2.0486833634887813;3.0165301611000142 3.0155301611000143 2.9885842379208656 2.9875842379208652 2.9861800420168785 2.9851800420168786 2.9606873972367622 2.9596873972367623 2.943328788145104 2.9423287881451041 2.9329265113655509 2.931926511365551 2.9278429416230605 2.9268429416230601 2.9255260505610265 2.9245260505610267 2.9142645599705395 2.9132645599705396 2.8975384417310859 2.896538441731086 2.8949248235884055 2.8939248235884056 2.8857000639063277 2.8847000639063278 2.8836890017120558 2.8826890017120559 2.8736311220310808 2.872631122031081 2.8472779973029243 2.8462779973029244 2.8401178714388187 2.8391178714388183 2.8300237084695725 2.8290237084695722 2.8274457398246167 2.8264457398246163 2.8252012047353627 2.8242012047353624 2.8207297574134333 2.8197297574134335;5.0779334703499037 5.0761477560641897 5.0280300361014243 5.0262443218157102 5.0237368291300193 5.0219511148443052 4.9782142491655268 4.9764285348798127 4.9472167329304231 4.945431018644709 4.9286412386812213 4.9268555243955072 4.9195634355696312 4.9177777212839171 4.9154261301017153 4.9136404158160012 4.8953163254758456 4.8935306111901316 4.8654482571911073 4.8636625429053932 4.860781081936322 4.8589953676506079 4.8443082967897544 4.8425225825040412 4.8407171142999834 4.8389314000142702 4.8227566148696726 4.8209709005839585 4.7756974635693927 4.7739117492836796 4.7629115245263476 4.7611258102406335 4.7448862335098374 4.7431005192241242 4.7402827180724181 4.738497003786704 4.7362746196987509 4.7344889054130368 4.7282898923381644 4.7265041780524504;5.6858450081076279 5.6842321048818203 5.6407709384638389 5.6391580352380313 5.6368932031348269 5.6352802999090192 5.595776034134639 5.5941631309088313 5.5677782775351892 5.5661653743093824 5.5510004117617164 5.5493875085359097 5.5428011057254407 5.541188202499634 5.5390641846576445 5.5374512814318377 5.5209004901568584 5.5192875869310516 5.4939228800932236 5.4923099768674168 5.4897073669598679 5.4880944637340612 5.4748287223113552 5.4732158190855484 5.4715850736109157 5.469972170385109 5.455362687028698 5.4537497838028912 5.4128576471445742 5.4112447439187674 5.4013090570411775 5.3996961538153707 5.3850281490262644 5.3834152458004576 5.3808701350827866 5.3792572318569798 5.3772499171968926 5.3756370139710858 5.3700379053873295 5.3684250021615219;7.6051971657611377 7.6062609955483715 7.6104859395078703 7.6115497692951051 7.6128737427943109 7.6139375725815457 7.6156162626293709 7.6166800924166047 7.6263547338732502 7.6274185636604841 7.6339718890478308 7.6350357188350655 7.6620071281203384 7.6630709579075731 7.6727070001213757 7.6737708299086096 7.6748464279876227 7.6759102577748575 7.6846600021174938 7.6857238319047276 7.6874404469501325 7.6885042767373664 7.7052341897580616 7.7062980195452964 7.7172144988968787 7.7182783286841126 7.719679276622446 7.7207431064096808 7.7250873295399893 7.7261511593272241 7.7361535814331308 7.7372174112203655 7.754620186849789 7.7556840166370229 7.7817400217222534 7.7828038515094873 7.7842976769392607 7.7853615067264945 7.8140273824489936 7.8150912122362275;8.5441756439420029 8.5453661201324795 8.5500940336109661 8.5512845098014409 8.5527660991934091 8.5539565753838858 8.5558351094850238 8.5570255856754986 8.5678519701626978 8.5690424463531727 8.5763759295247262 8.5775664057152028 8.6077486970582466 8.6089391732487233 8.6197223633451205 8.6209128395355972 8.6221164850049679 8.6233069611954445 8.6330983417693457 8.6342888179598223 8.6362097919392031 8.6374002681296798 8.6561218374623632 8.6573123136528398 8.6695283738796096 8.6707188500700845 8.6722865775248863 8.6734770537153629 8.6783384462659452 8.6795289224564218 8.690722109098747 8.6919125852892236 8.7113871199221489 8.7125775961126255 8.7417355065651439 8.7429259827556205 8.7445976445460811 8.7457881207365578 8.7778666007117359 8.7790570769022107;9.4486383478417704 9.449638347841768 9.4536097951636968 9.4546097951636963 9.4558543302529507 9.4568543302529502 9.4584322988979057 9.4594322988979034 9.4685264618671496 9.4695264618671491 9.4756865877312535 9.4766865877312529 9.5020397124594087 9.5030397124594082 9.5120975921403819 9.5130975921403813 9.5141086543346525 9.5151086543346519 9.5233334140167294 9.5243334140167288 9.5259470321594097 9.5269470321594074 9.5426731503988602 9.5436731503988597 9.5539346409893469 9.5549346409893463 9.5562515320513803 9.557251532051378 9.561335101793869 9.5623351017938685 9.5717373785734221 9.5727373785734198 9.589095987665079 9.5900959876650784 9.6145886324451943 9.6155886324451938 9.6169928283491792 9.6179928283491787 9.6449387515283274 9.6459387515283268;9.7645701802632967 9.7663558945490117 9.7734477647667415 9.7752334790524564 9.7774558631404105 9.7792415774261254 9.7820593785778325 9.7838450928635474 9.8000846695943444 9.8018703838800594 9.8128706086373896 9.8146563229231045 9.8599297599376712 9.8617154742233861 9.8778902593679838 9.8796759736536988 9.8814814418577566 9.8832671561434715 9.8979542270043268 9.8997399412900418 9.902621402259113 9.904407116544828 9.9324894705438513 9.9342751848295663 9.952599275169721 9.9543849894554359 9.9567365806376404 9.9585222949233536 9.9658143837492315 9.9676000980349464 9.9843898779984332 9.9861755922841482 10.015387394233537 10.017173108519252 10.060909974198031 10.062695688483746 10.065203181169437 10.066988895455152 10.115106615417918 10.116892329703633;11.37083235300585 11.372445256231657 11.378850816428317 11.380463719654124 11.382471034314211 11.384083937540018 11.386629048257687 11.388241951483495 11.4029099562726 11.404522859498407 11.414458546375998 11.416071449601805 11.456963586260121 11.458576489485928 11.473185972842339 11.474798876068146 11.476429621542779 11.478042524768586 11.491308266191291 11.492921169417098 11.495523779324648 11.497136682550455 11.522501389388282 11.524114292614088 11.540665083889069 11.542277987114876 11.544402004956863 11.546014908182672 11.55260131099314 11.554214214218947 11.569379176766612 11.570992079992418 11.597376933366062 11.598989836591869 11.63849410236625 11.640107005592057 11.642371837695261 11.643984740921068 11.68744590733905 11.689058810564857;
