m;8
n;16
P;39
P1;2 4 6 8 10 12 14 16 18 20 22 24 26 28 30 32 34 36 38
Q;40
M;100
h;1 1 1 1 1 1 1 1 1 1 1 1 1 1 1 1 1 1 1 1 1 1 1 1 1 1 1 1 1 1 1 1 1 1 1 1 1 1 1
Vmin;34 34 34 34 34 34 34 34 34 34 34 34 34 34 34 34 34 34 34 34 34 34 34 34 34 34 34 34 34 34 34 34 34 34 34 34 34 34 34;28 28 28 28 28 28 28 28 28 28 28 28 28 28 28 28 28 28 28 28 28 28 28 28 28 28 28 28 28 28 28 28 28 28 28 28 28 28 28;42 42 42 42 42 42 42 42 42 42 42 42 42 42 42 42 42 42 42 42 42 42 42 42 42 42 42 42 42 42 42 42 42 42 42 42 42 42 42;40 40 40 40 40 40 40 40 40 40 40 40 40 40 40 40 40 40 40 40 40 40 40 40 40 40 40 40 40 40 40 40 40 40 40 40 40 40 40;48 48 48 48 48 48 48 48 48 48 48 48 48 48 48 48 48 48 48 48 48 48 48 48 48 48 48 48 48 48 48 48 48 48 48 48 48 48 48;47 47 47 47 47 47 47 47 47 47 47 47 47 47 47 47 47 47 47 47 47 47 47 47 47 47 47 47 47 47 47 47 47 47 47 47 47 47 47;50 50 50 50 50 50 50 50 50 50 50 50 50 50 50 50 50 50 50 50 50 50 50 50 50 50 50 50 50 50 50 50 50 50 50 50 50 50 50;40 40 40 40 40 40 40 40 40 40 40 40 40 40 40 40 40 40 40 40 40 40 40 40 40 40 40 40 40 40 40 40 40 40 40 40 40 40 40;33 33 33 33 33 33 33 33 33 33 33 33 33 33 33 33 33 33 33 33 33 33 33 33 33 33 33 33 33 33 33 33 33 33 33 33 33 33 33;40 40 40 40 40 40 40 40 40 40 40 40 40 40 40 40 40 40 40 40 40 40 40 40 40 40 40 40 40 40 40 40 40 40 40 40 40 40 40;43 43 43 43 43 43 43 43 43 43 43 43 43 43 43 43 43 43 43 43 43 43 43 43 43 43 43 43 43 43 43 43 43 43 43 43 43 43 43;47 47 47 47 47 47 47 47 47 47 47 47 47 47 47 47 47 47 47 47 47 47 47 47 47 47 47 47 47 47 47 47 47 47 47 47 47 47 47;49 49 49 49 49 49 49 49 49 49 49 49 49 49 49 49 49 49 49 49 49 49 49 49 49 49 49 49 49 49 49 49 49 49 49 49 49 49 49;46 46 46 46 46 46 46 46 46 46 46 46 46 46 46 46 46 46 46 46 46 46 46 46 46 46 46 46 46 46 46 46 46 46 46 46 46 46 46;50 50 50 50 50 50 50 50 50 50 50 50 50 50 50 50 50 50 50 50 50 50 50 50 50 50 50 50 50 50 50 50 50 50 50 50 50 50 50;52 52 52 52 52 52 52 52 52 52 52 52 52 52 52 52 52 52 52 52 52 52 52 52 52 52 52 52 52 52 52 52 52 52 52 52 52 52 52;
Vmax;34 34 34 34 34 34 34 34 34 34 34 34 34 34 34 34 34 34 34 34 34 34 34 34 34 34 34 34 34 34 34 34 34 34 34 34 34 34 34;28 28 28 28 28 28 28 28 28 28 28 28 28 28 28 28 28 28 28 28 28 28 28 28 28 28 28 28 28 28 28 28 28 28 28 28 28 28 28;42 42 42 42 42 42 42 42 42 42 42 42 42 42 42 42 42 42 42 42 42 42 42 42 42 42 42 42 42 42 42 42 42 42 42 42 42 42 42;40 40 40 40 40 40 40 40 40 40 40 40 40 40 40 40 40 40 40 40 40 40 40 40 40 40 40 40 40 40 40 40 40 40 40 40 40 40 40;48 48 48 48 48 48 48 48 48 48 48 48 48 48 48 48 48 48 48 48 48 48 48 48 48 48 48 48 48 48 48 48 48 48 48 48 48 48 48;47 47 47 47 47 47 47 47 47 47 47 47 47 47 47 47 47 47 47 47 47 47 47 47 47 47 47 47 47 47 47 47 47 47 47 47 47 47 47;50 50 50 50 50 50 50 50 50 50 50 50 50 50 50 50 50 50 50 50 50 50 50 50 50 50 50 50 50 50 50 50 50 50 50 50 50 50 50;40 40 40 40 40 40 40 40 40 40 40 40 40 40 40 40 40 40 40 40 40 40 40 40 40 40 40 40 40 40 40 40 40 40 40 40 40 40 40;33 33 33 33 33 33 33 33 33 33 33 33 33 33 33 33 33 33 33 33 33 33 33 33 33 33 33 33 33 33 33 33 33 33 33 33 33 33 33;40 40 40 40 40 40 40 40 40 40 40 40 40 40 40 40 40 40 40 40 40 40 40 40 40 40 40 40 40 40 40 40 40 40 40 40 40 40 40;43 43 43 43 43 43 43 43 43 43 43 43 43 43 43 43 43 43 43 43 43 43 43 43 43 43 43 43 43 43 43 43 43 43 43 43 43 43 43;47 47 47 47 47 47 47 47 47 47 47 47 47 47 47 47 47 47 47 47 47 47 47 47 47 47 47 47 47 47 47 47 47 47 47 47 47 47 47;49 49 49 49 49 49 49 49 49 49 49 49 49 49 49 49 49 49 49 49 49 49 49 49 49 49 49 49 49 49 49 49 49 49 49 49 49 49 49;46 46 46 46 46 46 46 46 46 46 46 46 46 46 46 46 46 46 46 46 46 46 46 46 46 46 46 46 46 46 46 46 46 46 46 46 46 46 46;50 50 50 50 50 50 50 50 50 50 50 50 50 50 50 50 50 50 50 50 50 50 50 50 50 50 50 50 50 50 50 50 50 50 50 50 50 50 50;52 52 52 52 52 52 52 52 52 52 52 52 52 52 52 52 52 52 52 52 52 52 52 52 52 52 52 52 52 52 52 52 52 52 52 52 52 52 52;
d;3.000 43.164 3.000 90.934 3.000 27.246 3.000 3.970 3.000 4.337 3.000 24.126 3.000 32.727 3.000 3.914 3.000 22.000 3.000 6.011 3.000 13.670 3.000 9.998 3.000 48.848 3.000 24.201 3.000 61.125 3.000 6.941 3.000 34.343 3.000 14.175 3.000 6.498 3.000
S;1.3492975240195042 1.3478269357842099 1.3446415217809853 1.3431709335456909 1.3362223688372965 1.3347517806020022 1.317917207991558 1.3164466197562636 1.3130442283216104 1.3115736400863161 1.2816104524381216 1.2801398642028272 1.2682765786770331 1.266805990441739 1.2428606583012429 1.2413900700659488 1.2364890655838154 1.2350184773485213 1.2283176836056908 1.2268470953703965 1.2239003745406973 1.2224297863054032 1.2116454685940952 1.2101748803588008 1.2082562955417215 1.2067857073064272 1.1907432185903142 1.1892726303550201 1.1774459386783869 1.1759753504430928 1.1738495506265458 1.1723789623912517 1.1704326940494612 1.168962105814167 1.1556060094713838 1.1541354212360895 1.109560004675384 1.1080894164400898 1.0869303652017388 1.0854597769664447;1.9567329949367365 1.9549472806510222 1.9510792779328208 1.9492935636471065 1.940856020786913 1.9390703065011985 1.9186283254742305 1.9168426111885162 1.9127111358750082 1.9109254215892939 1.8745415508736292 1.8727558365879147 1.8583504184494506 1.8565647041637363 1.8274882294217052 1.8257025151359909 1.8197512954076864 1.8179655811219719 1.8098289030056778 1.8080431887199635 1.8044650277124716 1.8026793134267574 1.7895840704915975 1.7877983562058832 1.7854686460708582 1.7836829317851439 1.764202766915578 1.7624170526298637 1.7480560698796663 1.7462703555939521 1.7436890272452878 1.7419033129595733 1.7395399871159709 1.7377542728302564 1.7215361558425912 1.7197504415568767 1.6656231500188772 1.6638374357331629 1.6381443020865938 1.6363585878008793;2.6081096747486958 2.6069191985582192 2.6043405300794187 2.6031500538889421 2.5975250253154796 2.5963345491250034 2.5827065617736911 2.5815160855832149 2.578761768707543 2.5775712925170664 2.5533153787066234 2.5521249025161472 2.5425212904238377 2.5413308142333615 2.5219464977386741 2.5207560215481974 2.5167885417293276 2.5155980655388515 2.5101736134613217 2.5089831372708455 2.5065976965991843 2.5054072204087077 2.4966770584519349 2.4954865822614583 2.4939334421714414 2.4927429659809652 2.4797561894012548 2.4785657132107781 2.4689917247106465 2.4678012485201699 2.4660803629543939 2.4648898867639177 2.4633143362015155 2.4621238600110393 2.4513117820192623 2.4501213058287861 2.4140364448034526 2.4128459686129764 2.3957172128485968 2.3945267366581207;3.0512662374443726 3.0500162374443729 3.0473086355416319 3.0460586355416321 3.0401523555394965 3.0389023555394967 3.024592968820619 3.0233429688206193 3.0204509361011636 3.0192009361011638 2.9937322266001987 2.9924822266001985 2.9823984339032736 2.9811484339032739 2.9607949015838524 2.9595449015838526 2.9553790477740391 2.9541290477740394 2.9484333730926338 2.947183373092634 2.9446786603873898 2.94342866038739 2.9342619903327782 2.9330119903327785 2.931381193238261 2.9301311932382612 2.9164950778295653 2.9152450778295655 2.9051923899044274 2.9039423899044277 2.9021354600603626 2.9008854600603629 2.8992311319698407 2.897981131969841 2.8866284500784753 2.8853784500784756 2.847489346001876 2.8462393460018758 2.8282541524492775 2.8270041524492777;3.0793984562246735 3.0783567895580068 3.076100454639056 3.0750587879723894 3.0701368879706101 3.0690952213039435 3.0571707323715454 3.0561290657048787 3.0537190384386657 3.052677371771999 3.0314534471878614 3.0304117805211943 3.0220086199404235 3.0209669532737569 3.0040056763409053 3.0029640096742387 2.9994924648327279 2.9984507981660613 2.9937044025982233 2.9926627359315563 2.9905754753438529 2.9895338086771863 2.9818949169650097 2.9808532502983431 2.979494252719578 2.9784525860529114 2.9670891565456645 2.9660474898789979 2.9576702499413829 2.9566285832747163 2.9551228084046621 2.9540811417379955 2.9527025349958942 2.9516608683292276 2.9422003000864225 2.9411586334197559 2.9095843800225896 2.908542713355923 2.8935550520620912 2.8925133853954246;3.4623726093573342 3.4613087795701003 3.4590044375252145 3.4579406077379802 3.4529139864595666 3.4518501566723327 3.4396719552094579 3.4386081254222236 3.436146820980134 3.4350829911928997 3.4134074937452694 3.4123436639580351 3.40376171272661 3.4026978829393757 3.3853757277739103 3.384311897986676 3.3807664904889623 3.3797026607017284 3.3748552779941488 3.3737914482069145 3.3716597778194726 3.3705959480322383 3.3627945267091643 3.3617306969219301 3.3603427845010638 3.3592789547138295 3.3476737501106841 3.3466099203234498 3.338054441238226 3.3369906114509917 3.3354527988177454 3.3343889690305111 3.3329810302300666 3.3319172004428323 3.3222553435140103 3.321191513726776 3.2889454677041381 3.2878816379169038 3.2725750902125648 3.2715112604253305;4.3595890657630685 4.3585890657630681 4.3564229842408757 4.3554229842408754 4.3506979602391675 4.3496979602391672 4.3382504508640647 4.3372504508640644 4.3349368246884996 4.3339368246884993 4.3135618570877279 4.3125618570877275 4.3044948229301871 4.3034948229301877 4.2872119970746505 4.2862119970746502 4.2828793140268004 4.2818793140268001 4.2773227742816751 4.2763227742816756 4.274319004117479 4.2733190041174796 4.2659856680737906 4.2649856680737903 4.2636810303981765 4.2626810303981761 4.2517721380712192 4.2507721380712189 4.2427299877311082 4.2417299877311088 4.2402844438558569 4.2392844438558566 4.2379609813834387 4.2369609813834384 4.2278788358703459 4.2268788358703464 4.196567552609066 4.1955675526090666 4.1811793977669875 4.1801793977669881;6.6699363614316498 6.6686863614316501 6.6659787595289091 6.6647287595289093 6.6588224795267736 6.6575724795267739 6.6432630928078957 6.642013092807896 6.6391210600884403 6.6378710600884405 6.6124023505874749 6.6111523505874752 6.6010685578905504 6.5998185578905497 6.5794650255711282 6.5782150255711285 6.5740491717613159 6.5727991717613161 6.56710349707991 6.5658534970799103 6.5633487843746661 6.5620987843746663 6.552932114320055 6.5516821143200552 6.5500513172255372 6.5488013172255375 6.5351652018168407 6.5339152018168409 6.5238625138917028 6.522612513891703 6.520805584047638 6.5195555840476382 6.5179012559571161 6.5166512559571164 6.5052985740657503 6.5040485740657505 6.4661594699891509 6.4649094699891512 6.4469242764365529 6.4456742764365531;7.5330616088058227 7.5345321970411163 7.5564265423971149 7.5578971306324085 7.6024725471931145 7.6039431354284082 7.6172992317711907 7.6187698200064853 7.6207160883482752 7.6221866765835689 7.6243124764001164 7.6257830646354101 7.6376097563120435 7.6390803445473372 7.6551228332634498 7.6565934214987434 7.6585120063158225 7.6599825945511162 7.6707669122624242 7.6722375004977179 7.6751842213274166 7.6766548095627103 7.6833556033055412 7.6848261915408349 7.6897271960229681 7.6911977842582617 7.7151431163987585 7.7166137046340522 7.7284769901598462 7.7299475783951399 7.7599107660433342 7.7613813542786279 7.7647837457132818 7.7662543339485755 7.7830889065590192 7.7845594947943129 7.7915080595027071 7.7929786477380008 7.7961640617412256 7.7976346499765192;7.715761971801836 7.71754768608755 7.7441336768769755 7.7459193911626896 7.8000466827006898 7.801832396986403 7.818050513974069 7.8198362282597831 7.8221995541033857 7.8239852683890989 7.8265665967377629 7.828352311023477 7.8427132937736737 7.8444990080593877 7.8639791729289534 7.8657648872146675 7.8680945973496925 7.8698803116354066 7.8829755545705655 7.8847612688562796 7.8883394298637715 7.8901251441494846 7.8982618222657788 7.9000475365514928 7.9059987562797973 7.9077844705655114 7.9368609453075418 7.9386466595932559 7.9530520777317202 7.9548377920174334 7.9912216627330981 7.9930073770188121 7.997138852332319 7.9989245666180331 8.0193665476450011 8.0211522619307161 8.0295898047909091 8.0313755190766223 8.0352435217948237 8.0370292360805369;7.9809273213837342 7.9821177975742099 7.9998417914338278 8.0010322676243035 8.037117128649637 8.0383076048401119 8.0491196828318898 8.0503101590223665 8.0518857095847682 8.0530761857752431 8.0547970713410191 8.0559875475314957 8.0655615360316268 8.0667520122221035 8.079738788801814 8.0809292649922888 8.0824824050823061 8.0836728812727827 8.0924030432295559 8.0935935194200308 8.095978960091692 8.0971694362821687 8.1025938883596975 8.1037843645501741 8.1077518443690426 8.1089423205595192 8.1283266370542062 8.1295171132446828 8.1391207253369924 8.140311201527469 8.1645671153379116 8.1657575915283864 8.1685119084040601 8.1697023845945349 8.1833303719458481 8.184520848136323 8.190145876709785 8.1913363529002616 8.1939150213790626 8.1951054975695374;8.0816211017912263 8.0828711017912269 8.1014812953438256 8.1027312953438244 8.140620399420424 8.1418703994204247 8.1532230813117899 8.1544730813117905 8.1561274094023126 8.1573774094023115 8.1591843392463765 8.1604343392463772 8.1704870271715144 8.1717370271715151 8.185373142580211 8.1866231425802116 8.1882539396747287 8.1895039396747293 8.1986706097293407 8.1999206097293396 8.2024253224345838 8.2036753224345844 8.2093709971159896 8.2106209971159902 8.2147868509258029 8.2160368509258017 8.2363903832452241 8.2376403832452247 8.2477241759421496 8.2489741759421484 8.2744428854431149 8.2756928854431138 8.2785849181625704 8.2798349181625692 8.2941443048814474 8.295394304881448 8.3013005848835828 8.3025505848835834 8.3052581867863235 8.3065081867863242;8.6666837020956695 8.667725368762337 8.6832338633895016 8.6842755300561691 8.7158497834533364 8.7168914501200039 8.7263520183628067 8.7273936850294742 8.7287722917715751 8.7298139584382408 8.731319733308295 8.7323613999749625 8.7407386399125766 8.7417803065792441 8.753143736086491 8.7541854027531585 8.7555444003319227 8.7565860669985884 8.7642249587107663 8.7652666253774321 8.7673538859651376 8.7683955526318034 8.7731419481996422 8.7741836148663079 8.7776551597078196 8.7786968263744871 8.7956581033073391 8.7966997699740048 8.8051029305547761 8.8061445972214436 8.82736852180558 8.8284101884722475 8.830820215738461 8.8318618824051267 8.8437863713375258 8.8448280380041915 8.8497499380059725 8.85079160467264 8.8530479395915904 8.8540896062582579;10.549500033495095 10.550563863282328 10.566402325880285 10.567466155667518 10.599712201690156 10.600776031477389 10.610437888406212 10.611501718193445 10.612909656993889 10.613973486781124 10.61551129941437 10.616575129201603 10.625130608286828 10.62619443807406 10.637799642677205 10.638863472464438 10.640251384885305 10.641315214672538 10.649116635995613 10.650180465782846 10.652312136170288 10.653375965957521 10.658223348665102 10.659287178452335 10.662832585950047 10.66389641573728 10.681218570902747 10.68228240068998 10.690864351921403 10.691928181708638 10.713603679156268 10.714667508943501 10.717128813385591 10.718192643172824 10.730370844635699 10.731434674422932 10.736461295701345 10.737525125488579 10.739829467533465 10.740893297320698;11.346184817207527 11.347184817207527 11.362072972049607 11.363072972049604 11.393384255310885 11.394384255310884 11.403466400823977 11.404466400823974 11.405789863296393 11.406789863296391 11.408235407171643 11.409235407171643 11.417277557511754 11.418277557511752 11.42918644983871 11.430186449838709 11.431491087514324 11.432491087514324 11.439824423558012 11.440824423558011 11.442828193722205 11.443828193722204 11.448384733467329 11.449384733467328 11.452717416515179 11.453717416515179 11.470000242370714 11.471000242370714 11.479067276528253 11.480067276528253 11.500442244129026 11.501442244129025 11.503755870304589 11.504755870304589 11.516203379679691 11.517203379679691 11.521928403681398 11.522928403681398 11.525094485203592 11.526094485203592;11.841599143624149 11.842849143624152 11.861459337176749 11.862709337176749 11.900598441253351 11.901848441253351 11.913201123144717 11.914451123144717 11.916105451235239 11.91735545123524 11.919162381079305 11.920412381079306 11.930465069004445 11.931715069004445 11.945351184413141 11.946601184413142 11.948231981507659 11.94948198150766 11.958648651562271 11.959898651562272 11.962403364267516 11.963653364267516 11.969349038948923 11.970599038948924 11.974764892758737 11.976014892758737 11.996368425078158 11.99761842507816 12.007702217775085 12.008952217775086 12.034420927276051 12.035670927276051 12.038562959995508 12.039812959995508 12.054122346714387 12.055372346714387 12.061278626716522 12.062528626716523 12.065236228619263 12.066486228619263;
