m;3
n;6
P;39
P1;2 4 6 8 10 12 14 16 18 20 22 24 26 28 30 32 34 36 38
Q;40
M;100
h;1 1 1 1 1 1 1 1 1 1 1 1 1 1 1 1 1 1 1 1 1 1 1 1 1 1 1 1 1 1 1 1 1 1 1 1 1 1 1
Vmin;48 48 48 48 48 48 48 48 48 48 48 48 48 48 48 48 48 48 48 48 48 48 48 48 48 48 48 48 48 48 48 48 48 48 48 48 48 48 48;52 52 52 52 52 52 52 52 52 52 52 52 52 52 52 52 52 52 52 52 52 52 52 52 52 52 52 52 52 52 52 52 52 52 52 52 52 52 52;43 43 43 43 43 43 43 43 43 43 43 43 43 43 43 43 43 43 43 43 43 43 43 43 43 43 43 43 43 43 43 43 43 43 43 43 43 43 43;45 45 45 45 45 45 45 45 45 45 45 45 45 45 45 45 45 45 45 45 45 45 45 45 45 45 45 45 45 45 45 45 45 45 45 45 45 45 45;44 44 44 44 44 44 44 44 44 44 44 44 44 44 44 44 44 44 44 44 44 44 44 44 44 44 44 44 44 44 44 44 44 44 44 44 44 44 44;41 41 41 41 41 41 41 41 41 41 41 41 41 41 41 41 41 41 41 41 41 41 41 41 41 41 41 41 41 41 41 41 41 41 41 41 41 41 41;
Vmax;48 48 48 48 48 48 48 48 48 48 48 48 48 48 48 48 48 48 48 48 48 48 48 48 48 48 48 48 48 48 48 48 48 48 48 48 48 48 48;52 52 52 52 52 52 52 52 52 52 52 52 52 52 52 52 52 52 52 52 52 52 52 52 52 52 52 52 52 52 52 52 52 52 52 52 52 52 52;43 43 43 43 43 43 43 43 43 43 43 43 43 43 43 43 43 43 43 43 43 43 43 43 43 43 43 43 43 43 43 43 43 43 43 43 43 43 43;45 45 45 45 45 45 45 45 45 45 45 45 45 45 45 45 45 45 45 45 45 45 45 45 45 45 45 45 45 45 45 45 45 45 45 45 45 45 45;44 44 44 44 44 44 44 44 44 44 44 44 44 44 44 44 44 44 44 44 44 44 44 44 44 44 44 44 44 44 44 44 44 44 44 44 44 44 44;41 41 41 41 41 41 41 41 41 41 41 41 41 41 41 41 41 41 41 41 41 41 41 41 41 41 41 41 41 41 41 41 41 41 41 41 41 41 41;
d;3.000 41.699 3.000 12.761 3.000 26.070 3.000 43.455 3.000 13.776 3.000 4.215 3.000 20.200 3.000 13.601 3.000 46.849 3.000 15.377 3.000 74.858 3.000 32.716 3.000 40.609 3.000 24.766 3.000 23.012 3.000 26.739 3.000 80.902 3.000 16.171 3.000 30.621 3.000
S;1.128612592418192 1.1275709257515252 1.1169384989933038 1.1158968323266372 1.1102820253977186 1.109240358731052 1.081149395473598 1.0801077288069314 1.07082324720596 1.0697815805392932 1.0617911545609646 1.060749487894298 1.0521500820965641 1.0511084154298973 1.0370080947183817 1.0359664280517149 1.0246066340451125 1.0235649673784457 0.99757271173294026 0.99653104506627355 0.99119164008926597 0.99014997342259936 0.97388291506430691 0.9728412483976403 0.96811863992278835 0.96707697325612163 0.96006322605051342 0.95902155938384681 0.95755808371931972 0.956516417052653 0.95173303593729464 0.95069136927062792 0.93560280128599471 0.93456113461932799 0.92550906180486514 0.92446739513819842 0.92003661119232205 0.91899494452565544 0.90451623852095175 0.90347457185428515;1.341076979718882 1.3401154412573435 1.3303008934805238 1.3293393550189854 1.3241564563153683 1.3231949178538298 1.2972647979238725 1.296303259462334 1.2877329687537451 1.2867714302922066 1.2793956524660572 1.2784341140045188 1.2704962009604566 1.2695346624989183 1.2565189818421345 1.255557443380596 1.2450714796821936 1.2441099412206553 1.2201170898555731 1.2191555513940346 1.2142268698767968 1.2132653314152584 1.1982495852383732 1.1972880467768348 1.1929287158769715 1.191967177415433 1.185492949225641 1.1845314107641025 1.1831805101506929 1.1822189716891545 1.1778035429672853 1.1768420045057468 1.1629140955968544 1.161952557135316 1.1535967976142734 1.1526352591527349 1.1485453047411567 1.1475837662796182 1.1342188068906611 1.1332572684291227;1.6896739031903467 1.6885111124926724 1.6766423570416344 1.6754795663439601 1.669211874888423 1.6680490841907487 1.6366917298568466 1.6355289391591723 1.6251648666743672 1.6240020759766929 1.6150825306985586 1.6139197400008842 1.6043204032964371 1.6031576125987628 1.5874177197114894 1.586254929013815 1.5735742287273748 1.5724114380297005 1.5433968270765779 1.5422340363789036 1.5362737703580578 1.5351109796603835 1.5169524028883361 1.5157896121906618 1.5105178631954781 1.5093550724978038 1.5015257732915435 1.5003629825938691 1.4987293353404434 1.4975665446427691 1.4922269564209738 1.4910641657232993 1.4742211130892902 1.4730583223916158 1.4629536829708201 1.4617908922731457 1.4568449008917024 1.455682110194028 1.439519833723661 1.4383570430259867;2.5953138304306362 2.5963554970973033 2.6113550364353402 2.6123967031020068 2.6168274870478831 2.6178691537145498 2.6269212265290127 2.6279628931956793 2.6430514611803124 2.644093127846979 2.6488765089623376 2.6499181756290042 2.6513816512935313 2.6524233179601979 2.6594370651658057 2.6604787318324723 2.6652013403073247 2.6662430069739913 2.6825100653322833 2.6835517319989504 2.6888911369759581 2.6899328036426247 2.7159250592881303 2.7169667259547969 2.7283265199613993 2.7293681866280659 2.7434685073395815 2.7445101740062485 2.7531095798039824 2.754151246470649 2.7621416724489776 2.7631833391156442 2.7724678207166153 2.773509487383282 2.8016004506407359 2.8026421173074025 2.8082569242363218 2.8092985909029884 2.8199310176612098 2.8209726843278764;3.7626213151632983 3.763582853624837 3.7774285822445632 3.7783901207061019 3.7824800751176806 3.7834416135792193 3.7917973731002617 3.7927589115618003 3.8066868204706927 3.8076483589322314 3.8120637876541008 3.8130253261156395 3.8143762267290486 3.8153377651905873 3.8218119933803796 3.8227735318419183 3.8271328627417818 3.8280944012033205 3.8431101473802056 3.8440716858417443 3.8490003673589817 3.8499619058205203 3.8739547571856021 3.8749162956471408 3.8854022593455428 3.8863637978070815 3.8993794784638656 3.9003410169254042 3.9082789299694665 3.9092404684310051 3.9166162462571545 3.9175777847186932 3.9261480754272822 3.9271096138888208 3.9530397338187782 3.9540012722803168 3.9591841709839342 3.9601457094454728 3.9699602572222927 3.9709217956838314;5.3103530641625785 5.3115158548602519 5.3282595266794566 5.3294223173771309 5.3343683087585738 5.3355310994562481 5.3456357388770446 5.346798529574718 5.3636415822087278 5.3648043729064021 5.3701439611281971 5.3713067518258715 5.3729403990792974 5.3741031897769718 5.3819324889832325 5.383095279680906 5.3883670286760896 5.389529819373764 5.4076883961458115 5.4088511868434859 5.4148114528643312 5.4159742435620055 5.4449888545151284 5.4461516452128027 5.4588323454992427 5.459995136196917 5.4757350290841904 5.4768978197818647 5.4864971564863119 5.4876599471839862 5.4965794924621205 5.4977422831597949 5.5081063556445997 5.509269146342274 5.5406265006761766 5.54178929137385 5.5480569828293875 5.549219773527061 5.5610885289780994 5.5622513196757728;
