m;6
n;12
P;39
P1;2 4 6 8 10 12 14 16 18 20 22 24 26 28 30 32 34 36 38
Q;40
M;100
h;1 1 1 1 1 1 1 1 1 1 1 1 1 1 1 1 1 1 1 1 1 1 1 1 1 1 1 1 1 1 1 1 1 1 1 1 1 1 1
Vmin;51 51 51 51 51 51 51 51 51 51 51 51 51 51 51 51 51 51 51 51 51 51 51 51 51 51 51 51 51 51 51 51 51 51 51 51 51 51 51;52 52 52 52 52 52 52 52 52 52 52 52 52 52 52 52 52 52 52 52 52 52 52 52 52 52 52 52 52 52 52 52 52 52 52 52 52 52 52;52 52 52 52 52 52 52 52 52 52 52 52 52 52 52 52 52 52 52 52 52 52 52 52 52 52 52 52 52 52 52 52 52 52 52 52 52 52 52;44 44 44 44 44 44 44 44 44 44 44 44 44 44 44 44 44 44 44 44 44 44 44 44 44 44 44 44 44 44 44 44 44 44 44 44 44 44 44;33 33 33 33 33 33 33 33 33 33 33 33 33 33 33 33 33 33 33 33 33 33 33 33 33 33 33 33 33 33 33 33 33 33 33 33 33 33 33;40 40 40 40 40 40 40 40 40 40 40 40 40 40 40 40 40 40 40 40 40 40 40 40 40 40 40 40 40 40 40 40 40 40 40 40 40 40 40;41 41 41 41 41 41 41 41 41 41 41 41 41 41 41 41 41 41 41 41 41 41 41 41 41 41 41 41 41 41 41 41 41 41 41 41 41 41 41;40 40 40 40 40 40 40 40 40 40 40 40 40 40 40 40 40 40 40 40 40 40 40 40 40 40 40 40 40 40 40 40 40 40 40 40 40 40 40;48 48 48 48 48 48 48 48 48 48 48 48 48 48 48 48 48 48 48 48 48 48 48 48 48 48 48 48 48 48 48 48 48 48 48 48 48 48 48;52 52 52 52 52 52 52 52 52 52 52 52 52 52 52 52 52 52 52 52 52 52 52 52 52 52 52 52 52 52 52 52 52 52 52 52 52 52 52;28 28 28 28 28 28 28 28 28 28 28 28 28 28 28 28 28 28 28 28 28 28 28 28 28 28 28 28 28 28 28 28 28 28 28 28 28 28 28;44 44 44 44 44 44 44 44 44 44 44 44 44 44 44 44 44 44 44 44 44 44 44 44 44 44 44 44 44 44 44 44 44 44 44 44 44 44 44;
Vmax;51 51 51 51 51 51 51 51 51 51 51 51 51 51 51 51 51 51 51 51 51 51 51 51 51 51 51 51 51 51 51 51 51 51 51 51 51 51 51;52 52 52 52 52 52 52 52 52 52 52 52 52 52 52 52 52 52 52 52 52 52 52 52 52 52 52 52 52 52 52 52 52 52 52 52 52 52 52;52 52 52 52 52 52 52 52 52 52 52 52 52 52 52 52 52 52 52 52 52 52 52 52 52 52 52 52 52 52 52 52 52 52 52 52 52 52 52;44 44 44 44 44 44 44 44 44 44 44 44 44 44 44 44 44 44 44 44 44 44 44 44 44 44 44 44 44 44 44 44 44 44 44 44 44 44 44;33 33 33 33 33 33 33 33 33 33 33 33 33 33 33 33 33 33 33 33 33 33 33 33 33 33 33 33 33 33 33 33 33 33 33 33 33 33 33;40 40 40 40 40 40 40 40 40 40 40 40 40 40 40 40 40 40 40 40 40 40 40 40 40 40 40 40 40 40 40 40 40 40 40 40 40 40 40;41 41 41 41 41 41 41 41 41 41 41 41 41 41 41 41 41 41 41 41 41 41 41 41 41 41 41 41 41 41 41 41 41 41 41 41 41 41 41;40 40 40 40 40 40 40 40 40 40 40 40 40 40 40 40 40 40 40 40 40 40 40 40 40 40 40 40 40 40 40 40 40 40 40 40 40 40 40;48 48 48 48 48 48 48 48 48 48 48 48 48 48 48 48 48 48 48 48 48 48 48 48 48 48 48 48 48 48 48 48 48 48 48 48 48 48 48;52 52 52 52 52 52 52 52 52 52 52 52 52 52 52 52 52 52 52 52 52 52 52 52 52 52 52 52 52 52 52 52 52 52 52 52 52 52 52;28 28 28 28 28 28 28 28 28 28 28 28 28 28 28 28 28 28 28 28 28 28 28 28 28 28 28 28 28 28 28 28 28 28 28 28 28 28 28;44 44 44 44 44 44 44 44 44 44 44 44 44 44 44 44 44 44 44 44 44 44 44 44 44 44 44 44 44 44 44 44 44 44 44 44 44 44 44;
d;3.000 28.933 3.000 18.707 3.000 38.392 3.000 7.229 3.000 23.117 3.000 3.423 3.000 90.416 3.000 8.536 3.000 38.391 3.000 4.613 3.000 26.267 3.000 21.413 3.000 99.530 3.000 37.274 3.000 36.219 3.000 44.933 3.000 32.108 3.000 44.617 3.000 33.811 3.000
S;0.82922334558757316 0.8282429534307103 0.81719347363639605 0.81621308147953331 0.80163235968452373 0.80065196752766099 0.79015927009148834 0.7891788779346256 0.77449491272562743 0.77351452056876469 0.76167839242936286 0.76069800027250001 0.74851688612093803 0.74753649396407518 0.7150104561542362 0.71403006399737345 0.70703239979705335 0.70605200764019049 0.69746791333979463 0.69648752118293189 0.6949799103053278 0.69399951814846494 0.68145339179858266 0.68047299964171992 0.67768339050898552 0.67670299835212278 0.64715515846587635 0.64617476630901349 0.64505598551671428 0.64407559335985143 0.63652089622661379 0.63554050406975093 0.63317808425240452 0.63219769209554166 0.61965117818677262 0.61867078602990977 0.6125573568255267 0.61157696466866396 0.60212177048736293 0.60114137833050008;2.4933710263889548 2.4924094879274161 2.4815724981291463 2.4806109596676076 2.4663106363686556 2.4653490979071169 2.4550581831139477 2.4540966446524091 2.4396950633897379 2.4387335249281992 2.4271250146376322 2.4261634761760935 2.4142166142197539 2.4132550757582152 2.3813545386754886 2.3803930002139499 2.3735299064790207 2.3725683680174821 2.3641493524536323 2.3631878139920937 2.3617091956313669 2.3607476571698283 2.3484428024805202 2.3474812640189815 2.3447453012157231 2.3437837627541844 2.3148041505580581 2.3138426120965194 2.3127453463194567 2.311783807857918 2.3043743933618575 2.3034128549003188 2.3010958662333061 2.3001343277717674 2.2878290929766285 2.2868675545150898 2.2808716912569449 2.2799101527954062 2.2706367892714376 2.269675250809899;3.2354575306794335 3.2344959922178949 3.223659002419625 3.2226974639580863 3.2083971406591347 3.207435602197596 3.1971446874044265 3.1961831489428878 3.181781567680217 3.1808200292186783 3.1692115189281109 3.1682499804665722 3.1563031185102326 3.1553415800486939 3.1234410429659674 3.1224795045044287 3.1156164107694995 3.1146548723079608 3.1062358567441115 3.1052743182825728 3.1037956999218457 3.102834161460307 3.0905293067709989 3.0895677683094602 3.0868318055062018 3.0858702670446632 3.0568906548485368 3.0559291163869982 3.0548318506099355 3.0538703121483968 3.0464608976523366 3.0454993591907979 3.0431823705237853 3.0422208320622466 3.0299155972671077 3.028954058805569 3.0229581955474241 3.0219966570858854 3.0127232935619173 3.0117617551003786;5.4588858605376966 5.4577494969013332 5.4449421453215603 5.4438057816851968 5.4269053996046175 5.425769035968254 5.4136070457581447 5.4124706821217812 5.3954506315386244 5.3943142679022609 5.3805951193770456 5.3794587557406821 5.3653397370650078 5.3642033734286434 5.3265027386945123 5.3253663750581488 5.3172554460986863 5.3161190824623228 5.3061693367959553 5.3050329731595918 5.3032855150969143 5.3021491514605508 5.2876070504640955 5.286470686827732 5.2832372762420627 5.2821009126056992 5.2478522800102771 5.2467159163739137 5.2454191477282945 5.244282784091931 5.2355262033238592 5.2343898396874957 5.2316515803537529 5.2305152167173894 5.2159726665049524 5.2148363028685889 5.2077502826544171 5.2066139190180536 5.1956544893988186 5.1945181257624551;5.9732125681476607 5.9716974166325096 5.9546209478594792 5.9531057963443281 5.9305719535702224 5.9290568020550714 5.9128408151082592 5.9113256635931082 5.8886322628155661 5.887117111300415 5.8688249132667938 5.8673097617516428 5.8484844035174115 5.8469692520022596 5.7967017390234181 5.7951865875082671 5.7843720155623171 5.782856864047166 5.769590536492009 5.768075384976858 5.765745440893288 5.764230289378137 5.7448408213828648 5.7433256698677138 5.7390144557534883 5.7374993042383373 5.6918344607777742 5.6903193092626232 5.6885902844017968 5.6870751328866458 5.6753996918625509 5.6738845403473999 5.6702335279024094 5.6687183763872584 5.6493283094373421 5.6478131579221911 5.6383651309699632 5.6368499794548121 5.6222374066291652 5.6207222551140141;5.991014118241818 5.9897641182418182 5.9756760315040669 5.9744260315040671 5.9558356112154298 5.9545856112154301 5.9412074219843101 5.9399574219843094 5.9212353663428372 5.9199853663428375 5.9048943029650998 5.9036443029651 5.8881133824218583 5.8868633824218586 5.845392684214314 5.8441426842143143 5.835220662358906 5.8339706623589063 5.8230259421259012 5.8217759421259014 5.8198537382569562 5.8186037382569564 5.8026074271608561 5.8013574271608563 5.7978006755166209 5.7965506755166212 5.7588771796616562 5.7576271796616565 5.7562007341514754 5.7549507341514756 5.7453184953065968 5.744068495306597 5.7410564100394801 5.7398064100394803 5.7238096048057994 5.7225596048057996 5.7147649825702116 5.7135149825702118 5.7014596099890529 5.7002096099890531;6.766781785676514 6.7677621778333767 6.7777075680931089 6.7786879602499717 6.7848013894543548 6.7857817816112176 6.798328295519986 6.7993086876768496 6.8016711074941965 6.8026514996510592 6.8102061967842964 6.8111865889411591 6.8123053697334592 6.813285761890322 6.8428336017765679 6.8438139939334315 6.8466036030661659 6.8475839952230286 6.8601301215729107 6.8611105137297734 6.8626181246073781 6.8635985167642408 6.8721826110646358 6.8731630032214985 6.8801606674218192 6.8811410595786819 6.9136670973885215 6.9146474895453842 6.9268286036969462 6.9278089958538089 6.9396451239932109 6.9406255161500736 6.9553094813590715 6.9562898735159342 6.9667825709521072 6.9677629631089699 6.9823436849039799 6.9833240770608427 6.9943735568551562 6.9953539490120189;7.0378485065413461 7.0388100450028848 7.0485641777576227 7.0495257162191614 7.0555215794773058 7.0564831179388445 7.0687883527339839 7.0697498911955226 7.0720668798625352 7.0730284183240739 7.0804378328201345 7.0813993712816732 7.0824966370587363 7.083458175520275 7.1124377877164013 7.11339932617794 7.1161352889811988 7.1170968274427375 7.1294016821320447 7.1303632205935834 7.131841838954311 7.1328033774158497 7.1412223929796994 7.1421839314412381 7.1490470251761682 7.1500085636377069 7.181909100720433 7.1828706391819717 7.1948175011383118 7.1957790395998504 7.2073875498904165 7.2083490883519552 7.2227506696146264 7.2237122080761651 7.2340031228693347 7.2349646613308733 7.249264984629824 7.2502265230913627 7.261063512889633 7.2620250513511717;8.1002830983501646 8.1012446368117033 8.1109987695664412 8.1119603080279798 8.1179561712861243 8.118917709747663 8.1312229445428024 8.132184483004341 8.1345014716713528 8.1354630101328915 8.142872424628953 8.1438339630904917 8.1449312288675539 8.1458927673290926 8.1748723795252189 8.1758339179867576 8.1785698807900165 8.1795314192515551 8.1918362739408632 8.1927978124024019 8.1942764307631286 8.1952379692246673 8.2036569847885179 8.2046185232500566 8.2114816169849867 8.2124431554465254 8.2443436925292506 8.2453052309907893 8.2572520929471303 8.2582136314086689 8.269822141699235 8.2707836801607737 8.2851852614234449 8.2861467998849836 8.2964377146781523 8.297399253139691 8.3116995764386434 8.3126611149001821 8.3234981046984515 8.3244596431599902;8.3246338314902921 8.3257701951266547 8.3372978065640719 8.3384341702004363 8.3455201904146072 8.3466565540509716 8.3611991042634077 8.3623354678997721 8.3650737272335149 8.3662100908698775 8.3749666716379494 8.3761030352743138 8.377399803919932 8.3785361675562964 8.4127848001517176 8.413921163788082 8.4171545743737504 8.4182909380101147 8.4328330390065691 8.4339694026429335 8.4357168607056092 8.4368532243419736 8.446802970008342 8.4479393336447046 8.4560502626041671 8.4571866262405315 8.4948872609746626 8.4960236246110252 8.5101426432867004 8.5112790069230648 8.5249981554482801 8.5261345190846427 8.5431545696677986 8.544290933304163 8.5564529235142732 8.5575892871506376 8.574489669231216 8.5756260328675804 8.5884333844473542 8.5895697480837203;10.636125489658552 10.637640641173704 10.653010789756927 10.654525941272079 10.663973968224306 10.665489119739458 10.684879186689376 10.686394338204527 10.690045350649516 10.691560502164668 10.703235943188762 10.704751094703914 10.706480119564739 10.707995271079891 10.753660114540455 10.755175266055607 10.759486480169834 10.761001631684985 10.780391099680259 10.78190625119541 10.78423619527898 10.785751346794132 10.79901767434929 10.800532825864442 10.81134739781039 10.812862549325542 10.863130062304386 10.864645213819538 10.883470572053771 10.884985723568922 10.903277921602545 10.904793073117697 10.92748647389524 10.929001625410391 10.945217612357203 10.946732763872355 10.969266606646462 10.970781758161614 10.987858226934645 10.989373378449796;11.363619364123174 11.364869364123175 11.377549736704335 11.378799736704336 11.386594358939924 11.387844358939924 11.403841164173604 11.405091164173605 11.408103249440723 11.409353249440723 11.418985488285601 11.420235488285602 11.421661933795782 11.422911933795783 11.460585429650747 11.461835429650749 11.465392181294986 11.466642181294986 11.482638492391086 11.483888492391086 11.48581069626003 11.487060696260032 11.498005416493037 11.499255416493037 11.508177438348445 11.509427438348446 11.550898136555992 11.552148136555992 11.567679057099234 11.568929057099234 11.584020120476971 11.585270120476972 11.603992176118446 11.605242176118447 11.618620365349566 11.619870365349566 11.638460785638205 11.639710785638206 11.653798872375955 11.655048872375955;
