m;2
n;4
P;39
P1;2 4 6 8 10 12 14 16 18 20 22 24 26 28 30 32 34 36 38
Q;40
M;100
h;1 1 1 1 1 1 1 1 1 1 1 1 1 1 1 1 1 1 1 1 1 1 1 1 1 1 1 1 1 1 1 1 1 1 1 1 1 1 1
Vmin;52 52 52 52 52 52 52 52 52 52 52 52 52 52 52 52 52 52 52 52 52 52 52 52 52 52 52 52 52 52 52 52 52 52 52 52 52 52 52;44 44 44 44 44 44 44 44 44 44 44 44 44 44 44 44 44 44 44 44 44 44 44 44 44 44 44 44 44 44 44 44 44 44 44 44 44 44 44;47 47 47 47 47 47 47 47 47 47 47 47 47 47 47 47 47 47 47 47 47 47 47 47 47 47 47 47 47 47 47 47 47 47 47 47 47 47 47;52 52 52 52 52 52 52 52 52 52 52 52 52 52 52 52 52 52 52 52 52 52 52 52 52 52 52 52 52 52 52 52 52 52 52 52 52 52 52;
Vmax;52 52 52 52 52 52 52 52 52 52 52 52 52 52 52 52 52 52 52 52 52 52 52 52 52 52 52 52 52 52 52 52 52 52 52 52 52 52 52;44 44 44 44 44 44 44 44 44 44 44 44 44 44 44 44 44 44 44 44 44 44 44 44 44 44 44 44 44 44 44 44 44 44 44 44 44 44 44;47 47 47 47 47 47 47 47 47 47 47 47 47 47 47 47 47 47 47 47 47 47 47 47 47 47 47 47 47 47 47 47 47 47 47 47 47 47 47;52 52 52 52 52 52 52 52 52 52 52 52 52 52 52 52 52 52 52 52 52 52 52 52 52 52 52 52 52 52 52 52 52 52 52 52 52 52 52;
d;3.000 1.904 3.000 4.774 3.000 35.944 3.000 17.602 3.000 6.200 3.000 5.627 3.000 3.218 3.000 50.885 3.000 39.985 3.000 31.654 3.000 43.034 3.000 19.708 3.000 3.341 3.000 33.727 3.000 66.025 3.000 12.702 3.000 32.735 3.000 6.413 3.000 4.074 3.000
S;0.47136721387643515 0.4704056754148967 0.46909995706393365 0.46813841860239519 0.46608289247018136 0.46512135400864291 0.45462938175772777 0.45366784329618937 0.44959672511821558 0.44863518665667712 0.42747345485389854 0.42651191639236008 0.4157019925460928 0.41474045408455434 0.41366946175375979 0.41270792329222133 0.40639126530328157 0.40542972684174311 0.39163685838811951 0.39067531992658105 0.38052995806474965 0.37956841960321125 0.36675275452229611 0.36579121606075765 0.34948183756436785 0.34852029910282939 0.34748881377941049 0.34652727531787203 0.34472388636253609 0.34376234790099763 0.34177531024368085 0.34081377178214239 0.33517209380295315 0.33421055534141469 0.32268993037440197 0.32172839191286351 0.32019816179827676 0.31923662333673836 0.31862620681603271 0.31766466835449425;0.68839468846650909 0.68725832483014537 0.68571520314264367 0.68457883950627996 0.68214958135002723 0.68101321771366363 0.66861361414440024 0.66747725050803663 0.66266592902497667 0.66152956538861296 0.63652024598532919 0.63538388234896559 0.62260851780337689 0.62147215416701329 0.62020643595789238 0.61907007232152877 0.61160493106187264 0.61046856742550892 0.59416790470759007 0.59303154107122646 0.5810415679617893 0.57990520432542569 0.56475941832070786 0.56362305468434415 0.54434833464315624 0.54321197100679253 0.54199294289729738 0.54085657926093378 0.5387253014046276 0.537588937768264 0.53524062053688959 0.53410425690052599 0.52743681928875685 0.52630045565239325 0.512685171600469 0.5115488079641054 0.50974035419232111 0.50860399055595751 0.50788258921330531 0.50674622557694171;1.4337781427154388 1.4347396811769773 1.4358308669284521 1.4367924053899905 1.4383226355045773 1.4392841739661157 1.4508047989331285 1.451766337394667 1.4574080153738564 1.4583695538353949 1.4603565914927117 1.4613181299542501 1.4631215189095861 1.4640830573711245 1.4651145426945436 1.466076081156082 1.4823854596524719 1.4833469981140104 1.4961626631949254 1.4971242016564639 1.5072695635182953 1.5082311019798338 1.5220239704334575 1.522985508894996 1.5293021668839357 1.530263705345474 1.5313346976762685 1.532296236137807 1.5431061599840743 1.5440676984456128 1.5652294302483913 1.5661909687099298 1.5702620868879036 1.571223625349442 1.5817155976003572 1.5826771360618956 1.5847326621941094 1.5856942006556478 1.5869999190066109 1.5879614574681493;2.6567187388618492 2.6578551024982127 2.6591446856590464 2.6602810492954103 2.6620895030671945 2.663225866703558 2.6768411507554819 2.6779775143918458 2.6846449520036151 2.6857813156399786 2.6881296328713531 2.6892659965077166 2.6913972743640229 2.6925336380003864 2.6937526661098814 2.6948890297462449 2.7141637497874327 2.7153001134237962 2.7304458994285143 2.7315822630648778 2.7435722361743151 2.7447085998106786 2.7610092625285971 2.7621456261649606 2.7696107674246169 2.7707471310609804 2.7720128492701011 2.773149212906465 2.7859245774520534 2.7870609410884173 2.8120702604917009 2.8132066241280644 2.8180179456111243 2.8191543092474878 2.8315539128167511 2.8326902764531146 2.8351195346093676 2.8362558982457311 2.8377990199332332 2.8389353835695967;
