m;7
n;14
P;39
P1;2 4 6 8 10 12 14 16 18 20 22 24 26 28 30 32 34 36 38
Q;40
M;100
h;1 1 1 1 1 1 1 1 1 1 1 1 1 1 1 1 1 1 1 1 1 1 1 1 1 1 1 1 1 1 1 1 1 1 1 1 1 1 1
Vmin;28 28 28 28 28 28 28 28 28 28 28 28 28 28 28 28 28 28 28 28 28 28 28 28 28 28 28 28 28 28 28 28 28 28 28 28 28 28 28;29 29 29 29 29 29 29 29 29 29 29 29 29 29 29 29 29 29 29 29 29 29 29 29 29 29 29 29 29 29 29 29 29 29 29 29 29 29 29;41 41 41 41 41 41 41 41 41 41 41 41 41 41 41 41 41 41 41 41 41 41 41 41 41 41 41 41 41 41 41 41 41 41 41 41 41 41 41;40 40 40 40 40 40 40 40 40 40 40 40 40 40 40 40 40 40 40 40 40 40 40 40 40 40 40 40 40 40 40 40 40 40 40 40 40 40 40;43 43 43 43 43 43 43 43 43 43 43 43 43 43 43 43 43 43 43 43 43 43 43 43 43 43 43 43 43 43 43 43 43 43 43 43 43 43 43;30 30 30 30 30 30 30 30 30 30 30 30 30 30 30 30 30 30 30 30 30 30 30 30 30 30 30 30 30 30 30 30 30 30 30 30 30 30 30;39 39 39 39 39 39 39 39 39 39 39 39 39 39 39 39 39 39 39 39 39 39 39 39 39 39 39 39 39 39 39 39 39 39 39 39 39 39 39;44 44 44 44 44 44 44 44 44 44 44 44 44 44 44 44 44 44 44 44 44 44 44 44 44 44 44 44 44 44 44 44 44 44 44 44 44 44 44;40 40 40 40 40 40 40 40 40 40 40 40 40 40 40 40 40 40 40 40 40 40 40 40 40 40 40 40 40 40 40 40 40 40 40 40 40 40 40;48 48 48 48 48 48 48 48 48 48 48 48 48 48 48 48 48 48 48 48 48 48 48 48 48 48 48 48 48 48 48 48 48 48 48 48 48 48 48;52 52 52 52 52 52 52 52 52 52 52 52 52 52 52 52 52 52 52 52 52 52 52 52 52 52 52 52 52 52 52 52 52 52 52 52 52 52 52;39 39 39 39 39 39 39 39 39 39 39 39 39 39 39 39 39 39 39 39 39 39 39 39 39 39 39 39 39 39 39 39 39 39 39 39 39 39 39;52 52 52 52 52 52 52 52 52 52 52 52 52 52 52 52 52 52 52 52 52 52 52 52 52 52 52 52 52 52 52 52 52 52 52 52 52 52 52;40 40 40 40 40 40 40 40 40 40 40 40 40 40 40 40 40 40 40 40 40 40 40 40 40 40 40 40 40 40 40 40 40 40 40 40 40 40 40;
Vmax;28 28 28 28 28 28 28 28 28 28 28 28 28 28 28 28 28 28 28 28 28 28 28 28 28 28 28 28 28 28 28 28 28 28 28 28 28 28 28;29 29 29 29 29 29 29 29 29 29 29 29 29 29 29 29 29 29 29 29 29 29 29 29 29 29 29 29 29 29 29 29 29 29 29 29 29 29 29;41 41 41 41 41 41 41 41 41 41 41 41 41 41 41 41 41 41 41 41 41 41 41 41 41 41 41 41 41 41 41 41 41 41 41 41 41 41 41;40 40 40 40 40 40 40 40 40 40 40 40 40 40 40 40 40 40 40 40 40 40 40 40 40 40 40 40 40 40 40 40 40 40 40 40 40 40 40;43 43 43 43 43 43 43 43 43 43 43 43 43 43 43 43 43 43 43 43 43 43 43 43 43 43 43 43 43 43 43 43 43 43 43 43 43 43 43;30 30 30 30 30 30 30 30 30 30 30 30 30 30 30 30 30 30 30 30 30 30 30 30 30 30 30 30 30 30 30 30 30 30 30 30 30 30 30;39 39 39 39 39 39 39 39 39 39 39 39 39 39 39 39 39 39 39 39 39 39 39 39 39 39 39 39 39 39 39 39 39 39 39 39 39 39 39;44 44 44 44 44 44 44 44 44 44 44 44 44 44 44 44 44 44 44 44 44 44 44 44 44 44 44 44 44 44 44 44 44 44 44 44 44 44 44;40 40 40 40 40 40 40 40 40 40 40 40 40 40 40 40 40 40 40 40 40 40 40 40 40 40 40 40 40 40 40 40 40 40 40 40 40 40 40;48 48 48 48 48 48 48 48 48 48 48 48 48 48 48 48 48 48 48 48 48 48 48 48 48 48 48 48 48 48 48 48 48 48 48 48 48 48 48;52 52 52 52 52 52 52 52 52 52 52 52 52 52 52 52 52 52 52 52 52 52 52 52 52 52 52 52 52 52 52 52 52 52 52 52 52 52 52;39 39 39 39 39 39 39 39 39 39 39 39 39 39 39 39 39 39 39 39 39 39 39 39 39 39 39 39 39 39 39 39 39 39 39 39 39 39 39;52 52 52 52 52 52 52 52 52 52 52 52 52 52 52 52 52 52 52 52 52 52 52 52 52 52 52 52 52 52 52 52 52 52 52 52 52 52 52;40 40 40 40 40 40 40 40 40 40 40 40 40 40 40 40 40 40 40 40 40 40 40 40 40 40 40 40 40 40 40 40 40 40 40 40 40 40 40;
d;3.000 47.378 3.000 65.447 3.000 60.485 3.000 43.389 3.000 111.225 3.000 5.267 3.000 7.476 3.000 44.447 3.000 38.984 3.000 25.154 3.000 3.689 3.000 4.260 3.000 68.448 3.000 70.983 3.000 16.673 3.000 9.593 3.000 53.706 3.000 32.670 3.000 3.278 3.000
S;1.3569395699360867 1.3551538556503722 1.3532024191940815 1.3514167049083672 1.3319703081812493 1.330184593895535 1.2982165688953355 1.2964308546096213 1.2907210058799599 1.2889352915942456 1.2790109180002434 1.2772252037145291 1.2349736767483603 1.2331879624626461 1.1924449857364345 1.1906592714507203 1.1881238189204339 1.1863381046347194 1.1841421440070159 1.1823564297213016 1.1673839261210797 1.1655982118353654 1.1423932137393868 1.1406074994536726 1.1141509679090773 1.112365253623363 1.1079149633176351 1.1061292490319206 1.102994198640024 1.1012084843543097 1.0350029693655143 1.0332172550798 1.0073904333960375 1.0056047191103235 0.96960173645294523 0.96781602216723095 0.92885919909320713 0.92707348480749296 0.89887217599879854 0.89708646171308426;2.0009593581068312 1.9992352201757968 1.997351074631792 1.9956269367007577 1.9768511053780233 1.9751269674469889 1.9442612881364516 1.9425371502054172 1.9370241928112615 1.935300054880227 1.9257179010653287 1.9239937631342943 1.8831991853738554 1.881475047442821 1.842137000948548 1.8404128630175136 1.8379648398848234 1.836240701953789 1.8341204641063511 1.8323963261753167 1.8179401158026887 1.8162159778716542 1.7938111521238129 1.7920870141927785 1.7665427768393762 1.7648186389083418 1.760521806889018 1.7587976689579838 1.7557707237520146 1.7540465858209802 1.6901240196249019 1.6883998816938675 1.6634636400681657 1.6617395021371313 1.6269780016403526 1.6252538637093181 1.5876403793619849 1.5859162414309504 1.5586873915466939 1.5569632536156595;2.1615224106072009 2.1603028984120791 2.158970210100466 2.1577506979053442 2.1444702318478002 2.1432507196526784 2.1214188977013229 2.1201993855062011 2.1162999766176518 2.1150804644225296 2.1083028434315039 2.1070833312363817 2.0782286298936326 2.0770091176985104 2.049184645787927 2.0479651335928049 2.0462336050355363 2.0450140928404141 2.0435144124117386 2.0422949002166164 2.032069775806709 2.0308502636115868 2.0150029478387235 2.0137834356436013 1.9957155604424144 1.9944960482472924 1.9914568255994782 1.9902373134043563 1.988096303380622 1.9868767911855001 1.9416632687541275 1.9404437565590056 1.9228059271164359 1.921586414921314 1.8969990121309093 1.8957794999357873 1.8691748402754782 1.8679553280803562 1.8486958976744186 1.8474763854792966;3.3903833238229071 3.3891333238229069 3.3877673183035037 3.386517318303504 3.3729048405945217 3.3716548405945219 3.3492772230943824 3.3480272230943826 3.3440303289836195 3.3427803289836198 3.3358332674678182 3.3345832674678184 3.3050071985914999 3.3037571985915002 3.2752371148831525 3.2739871148831527 3.2722122981119521 3.2709622981119524 3.2694251256725599 3.2681751256725602 3.2576943731524044 3.2564443731524046 3.2402008744852195 3.2389508744852198 3.2204313024040032 3.2191813024040035 3.2160660991899936 3.2148160991899939 3.2126215639156661 3.2113715639156664 3.1650277034235095 3.1637777034235097 3.145698928244876 3.1444489282448762 3.1192468403847116 3.1179968403847118 3.0907270642328952 3.0894770642328955 3.0697361480668093 3.0684861480668095;3.9275757993649378 3.9264130086672631 3.9251423058585155 3.9239795151608408 3.911316745198997 3.9101539545013226 3.8893375661290994 3.8881747754314246 3.8844567343981571 3.8832939437004823 3.8768315608950856 3.8756687701974113 3.8481561479868827 3.8469933572892079 3.8204630468628378 3.819300256165163 3.81764926381986 3.8164864731221853 3.8150565452715877 3.8138937545739129 3.8041442173458617 3.8029814266481869 3.7878711953298754 3.7867084046322006 3.769480895719441 3.7683181050217667 3.7654202415668738 3.7642574508691995 3.7622160227070345 3.7610532320093597 3.7179426641096791 3.7167798734120043 3.6999624081295548 3.69879961743188 3.6753558147712613 3.6741930240735869 3.6488257904439902 3.6476629997463155 3.6292993568011189 3.6281365661034441;4.9686392520644747 4.9669725853978077 4.965151244705269 4.9634845780386021 4.9453346077599587 4.9436679410932918 4.9138311177597718 4.9121644510931048 4.9068352589454207 4.9051685922787538 4.8959058435910183 4.8942391769243505 4.8548044184225931 4.8531377517559262 4.815110973478129 4.8134443068114621 4.811077884449861 4.809411217783194 4.8073616545306708 4.8056949878640038 4.791720651170464 4.790053984503797 4.7683959862808836 4.7667293196142166 4.7420365568392615 4.7403698901725937 4.7362162858872479 4.7345496192205809 4.7316235721881439 4.729956905521477 4.6681650915319342 4.6664984248652672 4.6423933912937549 4.640726724627088 4.6071239408135352 4.6054572741468682 4.5690975726111125 4.5674309059444456 4.5411096843896646 4.5394430177229976;5.128606611383054 5.1273245601010027 5.1259235287990501 5.1246414775169988 5.1106799619180423 5.109397910635991 5.0864465080717451 5.0851644567896939 5.0810650782145519 5.0797830269325006 5.0726578356342431 5.0713757843521909 5.0410413547354551 5.0397593034534038 5.0105079355474054 5.0092258842653532 5.007405559371815 5.0061235080897628 5.0045469209724383 5.0032648696903861 4.9925153799261244 4.9912333286440731 4.9745733300110633 4.9732912787290111 4.9542968458251995 4.9530147945431482 4.9498197143236506 4.9485376630415994 4.9462868576320318 4.9450048063499805 4.89747264174264 4.8961905904605887 4.8776482569440409 4.8763662056619896 4.8505179104207947 4.8492358591387434 4.8212668579573936 4.8199848066753415 4.7997377131716643 4.798455661889613;5.0457329847479562 5.0475186990336702 5.0766128649852211 5.0783985792709352 5.1173554023449581 5.1191411166306722 5.1551440992880506 5.1569298135737647 5.1827566352575269 5.1845423495432401 5.2507478645320358 5.2525335788177498 5.2556686292096471 5.2574543434953602 5.2619046338010893 5.2636903480868025 5.290146879631398 5.291932593917112 5.3151375920130901 5.3169233062988042 5.3318958098990263 5.3336815241847404 5.3358774848124435 5.3376631990981576 5.3401986516284436 5.3419843659141577 5.3827273426403686 5.3845130569260826 5.4267645838922514 5.4285502981779654 5.4384746717719672 5.4402603860576813 5.4459702347873415 5.4477559490730556 5.4797239740732548 5.4815096883589689 5.500956085086087 5.5027417993718011 5.5046932358280909 5.5064789501138049;5.9192108774557992 5.9209350153868341 5.9490259342366079 5.9507500721676427 5.9883635565149769 5.9900876944460117 6.0248491949427905 6.0265733328738254 6.0515095744995273 6.0532337124305622 6.1171562786266396 6.1188804165576745 6.1219073617636441 6.123631499694679 6.1279283317140028 6.1296524696450376 6.1551967069984395 6.1569208449294743 6.1793256706773159 6.1810498086083507 6.1955060189809785 6.1972301569120134 6.1993503947594508 6.2010745326904857 6.2035225558231755 6.2052466937542103 6.2445847402484835 6.2463088781795184 6.287103455939957 6.2888275938709919 6.2984097476858905 6.3001338856169253 6.3056468430110808 6.3073709809421157 6.3382366602526528 6.3399607981836876 6.3587366295064225 6.3604607674374574 6.3623449129814613 6.3640690509124962;7.1906703516643748 7.1918898638594966 7.2117590503629954 7.2129785625581171 7.2395832222184255 7.2408027344135473 7.2653901372039513 7.2666096493990731 7.2842474788416434 7.2854669910367651 7.3306805134681374 7.3319000256632592 7.3340410356869938 7.3352605478821156 7.3382997705299298 7.3395192827250515 7.357587157926238 7.3588066701213597 7.3746539858942235 7.3758734980893452 7.3860986224992526 7.3873181346943744 7.3888178151230504 7.3900373273181721 7.3917688558754406 7.3929883680705624 7.4208128399811466 7.4220323521762683 7.4508870535190166 7.4521065657141383 7.4588841867051645 7.4601036989002862 7.4640031077888356 7.4652226199839573 7.4870544419353129 7.4882739541304346 7.5015544201879782 7.5027739323831009 7.5041066206947136 7.5053261328898353;7.5042292503341645 7.5054792503341643 7.5258451665002504 7.5270951665002501 7.5543649426520671 7.5556149426520669 7.5808170305122315 7.5820670305122313 7.6001458056908655 7.6013958056908653 7.6477396661830221 7.6489896661830219 7.6511842014573492 7.652434201457349 7.6555494046713584 7.6567994046713581 7.6753189767525747 7.6765689767525744 7.6928124754197587 7.6940624754197584 7.7045432279399133 7.7057932279399131 7.7073304003793055 7.7085804003793053 7.7103552171505054 7.7116052171505052 7.7401253008588533 7.7413753008588531 7.7709513697351715 7.7722013697351713 7.7791484312509729 7.7803984312509726 7.7843953253617348 7.7856453253617355 7.8080229428618741 7.8092729428618748 7.8228854205708567 7.8241354205708564 7.82550142609026 7.8267514260902598;9.109238050552257 9.1104008412499322 9.1293458795439655 9.1305086702416407 9.1558759038712374 9.1570386945689108 9.1804824972295282 9.1816452879272035 9.1984627532096521 9.1996255439073273 9.242736111807007 9.2438989025046805 9.2459403306668477 9.2471031213645212 9.2500009848194154 9.2511637755170888 9.2683912844298479 9.2695540751275232 9.2846643064458352 9.2858270971435086 9.2955766343715602 9.2967394250692337 9.2981693529198317 9.2993321436175052 9.3009831359628077 9.3021459266604811 9.3286762370868512 9.3298390277845247 9.3573516499950529 9.3585144406927263 9.3649768234981234 9.3661396141957969 9.3698576552290653 9.3710204459267405 9.3918368342989638 9.3929996249966372 9.4056623949584814 9.4068251856561549 9.4080958884649029 9.4092586791625763;9.3618342369312408 9.3635009035979078 9.3906554584860249 9.3923221251526918 9.4286818266884449 9.4303484933551136 9.4639512771686647 9.4656179438353316 9.4897229774068439 9.4913896440735108 9.5531814580630527 9.5548481247297197 9.5577741717621567 9.5594408384288236 9.5635944427141695 9.5652611093808364 9.5899538721557924 9.5916205388224594 9.6132785370453728 9.6149452037120398 9.6289195404055796 9.6305862070722466 9.6326357703247716 9.6343024369914385 9.6366688593530387 9.6383355260197057 9.676362304297502 9.6780289709641689 9.7174637294659263 9.7191303961325932 9.7283931448203287 9.7300598114869956 9.7353890036346797 9.7370556703013467 9.7668924936348649 9.7685591603015318 9.7867091305801743 9.7883757972468413 9.79019713793938 9.7918638046060469;9.9131625582457126 9.9144446095277647 9.9353327286724689 9.9366147799545192 9.96458378113587 9.9658658324179221 9.991714127659117 9.9929961789411674 10.011538512457715 10.012820563739767 10.060352728347107 10.061634779629157 10.063885585038724 10.065167636320776 10.068362716540273 10.069644767822325 10.088639200726137 10.089921252008189 10.106581250641199 10.107863301923251 10.118612791687513 10.119894842969563 10.12147143008689 10.122753481368941 10.124573806262481 10.125855857544533 10.15510722545053 10.156389276732581 10.186723706349317 10.18800575763137 10.195130948929627 10.196413000211679 10.200512378786819 10.201794430068871 10.224745832633117 10.226027883915169 10.239989399514124 10.241271450796177 10.242672482098129 10.243954533380181;
