m;1
n;2
P;39
P1;2 4 6 8 10 12 14 16 18 20 22 24 26 28 30 32 34 36 38
Q;40
M;100
h;1 1 1 1 1 1 1 1 1 1 1 1 1 1 1 1 1 1 1 1 1 1 1 1 1 1 1 1 1 1 1 1 1 1 1 1 1 1 1
Vmin;42 42 42 42 42 42 42 42 42 42 42 42 42 42 42 42 42 42 42 42 42 42 42 42 42 42 42 42 42 42 42 42 42 42 42 42 42 42 42;52 52 52 52 52 52 52 52 52 52 52 52 52 52 52 52 52 52 52 52 52 52 52 52 52 52 52 52 52 52 52 52 52 52 52 52 52 52 52;
Vmax;42 42 42 42 42 42 42 42 42 42 42 42 42 42 42 42 42 42 42 42 42 42 42 42 42 42 42 42 42 42 42 42 42 42 42 42 42 42 42;52 52 52 52 52 52 52 52 52 52 52 52 52 52 52 52 52 52 52 52 52 52 52 52 52 52 52 52 52 52 52 52 52 52 52 52 52 52 52;
d;3.000 2.890 3.000 34.298 3.000 44.022 3.000 19.973 3.000 9.493 3.000 77.106 3.000 7.254 3.000 11.244 3.000 3.242 3.000 11.339 3.000 30.773 3.000 8.109 3.000 44.638 3.000 21.622 3.000 81.909 3.000 14.386 3.000 70.347 3.000 34.110 3.000 30.869 3.000
S;14.705306249303709 14.633877677875137 13.89890959653617 13.827481025107598 13.01533892092654 12.943910349497969 11.268970347410873 11.197541775982302 10.855026915040588 10.783598343612017 8.8333796861541103 8.7619511147255391 8.2471442531769483 8.1757156817483772 7.1128978595191574 7.0414692880905863 6.8484012644195831 6.7769726929910119 6.0442875506893285 5.9728589792607574 5.7028895818101741 5.631461010381603 5.5542694387765419 5.4828408673479707 5.2151341427572273 5.1437055713286561 4.9709909878067284 4.8995624163781573 3.0636996628463926 2.992271091417821 2.7662429645469375 2.6948143931183659 2.2192712425668621 2.1478426711382905 1.09969709725049 1.0282685258219186 0.21166044497993633 0.14023187355136491 0.071428571428571425 0;0 0.071428571428571425 0.1759461592656506 0.24737473069422203 1.0639828115362044 1.1354113829647758 2.1835569568525761 2.2549855282811477 2.7305286788326515 2.8019572502612231 3.0279853771321066 3.0994139485606782 4.9352767020924428 5.006705273521014 5.1794198570429417 5.2508484284715129 5.5185551530622554 5.5899837244908266 5.6671752960958877 5.7386038675244588 6.0085732649750421 6.0800018364036132 6.8126869787052966 6.8841155501338678 7.077183573804871 7.1486121452334421 8.2114299674626618 8.282858538891233 8.7976654004398238 8.869093971868395 10.819312629326301 10.890741200754873 11.233256061696586 11.304684633125158 12.979624635212254 13.051053206640825 13.863195310821883 13.934623882250454 14.669591963589422 14.741020535017993;
