m;6
n;12
P;39
P1;2 4 6 8 10 12 14 16 18 20 22 24 26 28 30 32 34 36 38
Q;40
M;100
h;1 1 1 1 1 1 1 1 1 1 1 1 1 1 1 1 1 1 1 1 1 1 1 1 1 1 1 1 1 1 1 1 1 1 1 1 1 1 1
Vmin;30 30 30 30 30 30 30 30 30 30 30 30 30 30 30 30 30 30 30 30 30 30 30 30 30 30 30 30 30 30 30 30 30 30 30 30 30 30 30;36 36 36 36 36 36 36 36 36 36 36 36 36 36 36 36 36 36 36 36 36 36 36 36 36 36 36 36 36 36 36 36 36 36 36 36 36 36 36;31 31 31 31 31 31 31 31 31 31 31 31 31 31 31 31 31 31 31 31 31 31 31 31 31 31 31 31 31 31 31 31 31 31 31 31 31 31 31;50 50 50 50 50 50 50 50 50 50 50 50 50 50 50 50 50 50 50 50 50 50 50 50 50 50 50 50 50 50 50 50 50 50 50 50 50 50 50;28 28 28 28 28 28 28 28 28 28 28 28 28 28 28 28 28 28 28 28 28 28 28 28 28 28 28 28 28 28 28 28 28 28 28 28 28 28 28;47 47 47 47 47 47 47 47 47 47 47 47 47 47 47 47 47 47 47 47 47 47 47 47 47 47 47 47 47 47 47 47 47 47 47 47 47 47 47;36 36 36 36 36 36 36 36 36 36 36 36 36 36 36 36 36 36 36 36 36 36 36 36 36 36 36 36 36 36 36 36 36 36 36 36 36 36 36;52 52 52 52 52 52 52 52 52 52 52 52 52 52 52 52 52 52 52 52 52 52 52 52 52 52 52 52 52 52 52 52 52 52 52 52 52 52 52;45 45 45 45 45 45 45 45 45 45 45 45 45 45 45 45 45 45 45 45 45 45 45 45 45 45 45 45 45 45 45 45 45 45 45 45 45 45 45;34 34 34 34 34 34 34 34 34 34 34 34 34 34 34 34 34 34 34 34 34 34 34 34 34 34 34 34 34 34 34 34 34 34 34 34 34 34 34;38 38 38 38 38 38 38 38 38 38 38 38 38 38 38 38 38 38 38 38 38 38 38 38 38 38 38 38 38 38 38 38 38 38 38 38 38 38 38;31 31 31 31 31 31 31 31 31 31 31 31 31 31 31 31 31 31 31 31 31 31 31 31 31 31 31 31 31 31 31 31 31 31 31 31 31 31 31;
Vmax;30 30 30 30 30 30 30 30 30 30 30 30 30 30 30 30 30 30 30 30 30 30 30 30 30 30 30 30 30 30 30 30 30 30 30 30 30 30 30;36 36 36 36 36 36 36 36 36 36 36 36 36 36 36 36 36 36 36 36 36 36 36 36 36 36 36 36 36 36 36 36 36 36 36 36 36 36 36;31 31 31 31 31 31 31 31 31 31 31 31 31 31 31 31 31 31 31 31 31 31 31 31 31 31 31 31 31 31 31 31 31 31 31 31 31 31 31;50 50 50 50 50 50 50 50 50 50 50 50 50 50 50 50 50 50 50 50 50 50 50 50 50 50 50 50 50 50 50 50 50 50 50 50 50 50 50;28 28 28 28 28 28 28 28 28 28 28 28 28 28 28 28 28 28 28 28 28 28 28 28 28 28 28 28 28 28 28 28 28 28 28 28 28 28 28;47 47 47 47 47 47 47 47 47 47 47 47 47 47 47 47 47 47 47 47 47 47 47 47 47 47 47 47 47 47 47 47 47 47 47 47 47 47 47;36 36 36 36 36 36 36 36 36 36 36 36 36 36 36 36 36 36 36 36 36 36 36 36 36 36 36 36 36 36 36 36 36 36 36 36 36 36 36;52 52 52 52 52 52 52 52 52 52 52 52 52 52 52 52 52 52 52 52 52 52 52 52 52 52 52 52 52 52 52 52 52 52 52 52 52 52 52;45 45 45 45 45 45 45 45 45 45 45 45 45 45 45 45 45 45 45 45 45 45 45 45 45 45 45 45 45 45 45 45 45 45 45 45 45 45 45;34 34 34 34 34 34 34 34 34 34 34 34 34 34 34 34 34 34 34 34 34 34 34 34 34 34 34 34 34 34 34 34 34 34 34 34 34 34 34;38 38 38 38 38 38 38 38 38 38 38 38 38 38 38 38 38 38 38 38 38 38 38 38 38 38 38 38 38 38 38 38 38 38 38 38 38 38 38;31 31 31 31 31 31 31 31 31 31 31 31 31 31 31 31 31 31 31 31 31 31 31 31 31 31 31 31 31 31 31 31 31 31 31 31 31 31 31;
d;3.000 5.073 3.000 26.443 3.000 74.042 3.000 73.778 3.000 70.927 3.000 34.176 3.000 57.097 3.000 42.728 3.000 20.663 3.000 23.388 3.000 47.643 3.000 68.981 3.000 41.001 3.000 7.741 3.000 35.416 3.000 5.290 3.000 48.500 3.000 43.263 3.000 34.146 3.000
S;27.343176629629802 27.243176629629801 26.104992105877418 26.004992105877417 24.562876316572208 24.462876316572206 22.846201301362797 22.746201301362795 22.56987503972233 22.469875039722329 21.289330511308197 21.189330511308196 20.931313834769938 20.831313834769936 19.464621102746104 19.364621102746103 17.065244842683509 16.965244842683507 15.377135178533422 15.277135178533422 14.497540917688019 14.397540917688019 13.708786156646291 13.608786156646291 12.184503723770288 12.084503723770288 10.181256471542866 10.081256471542867 8.9420636178112129 8.8420636178112133 6.4778345983633807 6.3778345983633811 3.9185738952883367 3.8185738952883366 1.3505232497844863 1.2505232497844863 0.36908462410732346 0.26908462410732342 0.10000000000000001 0;23.785980524691492 23.70264719135816 22.754160088231174 22.670826754897842 21.469063597143499 21.385730263810167 20.038501084468994 19.955167751135662 19.808229199768608 19.724895866435276 18.741108759423497 18.657775426090165 18.442761528974948 18.359428195641616 17.220517585621756 17.137184252288424 15.221037368902929 15.137704035569595 13.814279315444525 13.730945982111191 13.081284098073356 12.997950764740022 12.423988463871915 12.340655130538581 11.153753103141911 11.070419769808577 9.4843803929523922 9.4010470596190583 8.4517196815093456 8.3683863481760117 6.3981954986361504 6.3148621653028174 4.2654782460736138 4.1821449127402808 2.1254360414870717 2.0421027081537382 1.3075705200894361 1.2242371867561028 1.0833333333333333 1;28.461138673835297 28.364364480286909 27.262895586332988 27.1661213927846 25.770525467650526 25.673751274102138 24.109227065834968 24.01245287228658 23.84181455457 23.745040361021612 22.602577914169224 22.505803720620836 22.256110162680585 22.159335969132197 20.836730099431716 20.739955905883328 18.514753073564687 18.4179788800163 16.881098559871056 16.784324366322668 16.029878307440022 15.933104113891636 15.266567248367382 15.169793054818994 13.791455216551894 13.694681023003506 11.852828843428583 11.756054649880195 10.653609952720529 10.556835759172142 8.2688721919645616 8.1720979984161737 5.792168285762906 5.695394092214519 3.3069579836624055 3.2101837901140184 2.3571786684909579 2.2604044749425709 2.096774193548387 2;19.405905977777877 19.345905977777878 18.662995263526447 18.602995263526449 17.737725789943322 17.677725789943324 16.707720780817677 16.647720780817679 16.5419250238334 16.481925023833401 15.773598306784921 15.71359830678492 15.558788300861965 15.498788300861964 14.678772661647665 14.618772661647665 13.239146905610108 13.179146905610107 12.226281107120057 12.166281107120057 11.698524550612815 11.638524550612814 11.225271693987777 11.165271693987776 10.310702234262175 10.250702234262175 9.108753882925722 9.0487538829257215 8.3652381706867285 8.305238170686728 6.8867007590180283 6.8267007590180286 5.3511443371730021 5.2911443371730025 3.8103139498706922 3.7503139498706921 3.2214507744643943 3.1614507744643943 3.0600000000000001 3;33.29626067460336 33.189117817460506 31.96963439915438 31.862491542011522 30.317367482041654 30.210224624898796 28.478072822888716 28.370929965745859 28.182008971131076 28.074866113988218 26.809996976401646 26.702854119258788 26.426407680110653 26.319264822967796 24.854951181513691 24.747808324370833 22.284190902875196 22.177048045732338 20.475501977000103 20.368359119857246 19.533079554665743 19.425936697522886 18.687985167835318 18.580842310692461 17.054825418325315 16.947682561182457 14.908489076653076 14.801346219510219 13.580782447654874 13.473639590512017 10.940537069675052 10.833394212532195 8.1984720306660748 8.0913291735232171 5.4469891961976629 5.3398463390548061 4.3954478115435602 4.2883049544007035 4.1071428571428568 4;22.453091465721144 22.389261678487102 21.662760918645155 21.598931131411113 20.678431691429065 20.614601904195023 19.582681681720931 19.51885189448689 19.406303216844041 19.342473429609999 18.588934368920128 18.525104581686087 18.360413086023367 18.296583298789326 17.424226235795391 17.36039644856135 15.892709474053309 15.828879686819265 14.815192667148999 14.751362879914955 14.253749521928528 14.189919734694485 13.750289036157211 13.686459248923168 12.77734280240657 12.713513015172527 11.498674343538003 11.434844556303959 10.707700181581627 10.643870394347584 9.134788041508541 9.0709582542744975 7.501217379971278 7.4373875927372355 5.8620361168837141 5.7982063296496715 5.2355859302812702 5.1717561430472276 5.0638297872340425 5;0 0.10000000000000001 0.31908462410732341 0.41908462410732339 1.3005232497844861 1.4005232497844862 3.8685738952883364 3.9685738952883365 6.4278345983633809 6.5278345983633805 8.892063617811214 8.9920636178112137 10.131256471542867 10.231256471542867 12.134503723770289 12.234503723770288 13.658786156646292 13.758786156646291 14.44754091768802 14.547540917688019 15.327135178533423 15.427135178533423 17.015244842683508 17.115244842683509 19.414621102746104 19.514621102746105 20.881313834769937 20.981313834769939 21.239330511308196 21.339330511308198 22.519875039722329 22.619875039722331 22.796201301362796 22.896201301362797 24.512876316572207 24.612876316572208 26.054992105877417 26.154992105877419 27.293176629629802 27.393176629629803;1 1.0833333333333333 1.2659038534227696 1.3492371867561028 2.0837693748204051 2.1671027081537386 4.2238115794069468 4.3071449127402799 6.3565288319694835 6.4398621653028165 8.4100530148426778 8.4933863481760117 9.4427137262857244 9.5260470596190583 11.112086436475243 11.195419769808577 12.382321797205247 12.465655130538581 13.039617431406688 13.122950764740022 13.772612648777857 13.855945982111191 15.179370702236261 15.262704035569595 17.178850918955092 17.262184252288424 18.401094862308284 18.484428195641616 18.699442092756833 18.782775426090165 19.766562533101943 19.849895866435276 19.996834417802329 20.080167751135662 21.427396930476835 21.510730263810167 22.71249342156451 22.795826754897842 23.744313858024828 23.82764719135816;2 2.096774193548387 2.3087915717167644 2.4055657652651514 3.2585708868882124 3.3553450804365994 5.7437811889887129 5.8405553825370999 8.2204850951903694 8.3172592887387573 10.605222855946337 10.701997049494725 11.80444174665439 11.901215940202778 13.743068119777702 13.839842313326089 15.21818015159319 15.314954345141578 15.981491210665832 16.078265404214218 16.832711463096864 16.929485656645252 18.466365976790495 18.563140170338883 20.788343002657523 20.885117196205911 22.207723065906393 22.304497259454781 22.554190817395032 22.65096501094342 23.793427457795808 23.890201651344196 24.060839969060776 24.157614162609164 25.722138370876333 25.818912564424721 27.214508489558796 27.311282683107184 28.412751577061105 28.509525770609493;3 3.0600000000000001 3.1914507744643941 3.2514507744643941 3.7803139498706919 3.840313949870692 5.3211443371730018 5.3811443371730014 6.856700759018028 6.9167007590180276 8.3352381706867273 8.3952381706867278 9.0787538829257208 9.1387538829257213 10.280702234262174 10.340702234262174 11.195271693987776 11.255271693987776 11.668524550612814 11.728524550612814 12.196281107120056 12.256281107120056 13.209146905610107 13.269146905610107 14.648772661647664 14.708772661647664 15.528788300861963 15.588788300861964 15.74359830678492 15.80359830678492 16.511925023833399 16.571925023833398 16.677720780817676 16.737720780817675 17.707725789943321 17.76772578994332 18.632995263526446 18.692995263526445 19.375905977777876 19.435905977777875;4 4.1071428571428568 4.3418763829721314 4.4490192401149882 5.393417767626234 5.5005606247690908 8.1449006020946442 8.2520434592375018 10.886965641103622 10.994108498246479 13.527211019083444 13.634353876226301 14.854917648081646 14.962060505224503 17.001253989753884 17.108396846896742 18.634413739263888 18.741556596406745 19.479508126094313 19.58665098323717 20.421930548428673 20.52907340557153 22.230619474303765 22.337762331446623 24.80137975294226 24.908522610085118 26.372836251539223 26.47997910868208 26.756425547830215 26.863568404973073 28.128437542559645 28.235580399702503 28.424501394317286 28.531644251460143 30.263796053470223 30.370938910613081 31.916062970582949 32.023205827725803 33.242689246031929 33.349832103174784;5 5.0638297872340425 5.2036710366642493 5.2675008238982919 5.8301212232666941 5.8939510105007367 7.4693024863542581 7.5331322735883006 9.1028731478915201 9.1667029351255636 10.675785287964606 10.73961507519865 11.466759449920982 11.530589237155025 12.74542790878955 12.809257696023593 13.71837414254019 13.782203929774234 14.221834628311507 14.285664415545551 14.783277773531978 14.847107560766021 15.860794580436288 15.924624367670331 17.39231134217837 17.456141129412412 18.328498192406347 18.392327979640388 18.557019475303107 18.620849262537149 19.37438832322702 19.438218110461062 19.55076678810391 19.614596575337952 20.646516797812044 20.710346585046086 21.630846025028134 21.694675812262176 22.421176572104123 22.485006359338165;
