m;3
n;6
P;39
P1;2 4 6 8 10 12 14 16 18 20 22 24 26 28 30 32 34 36 38
Q;40
M;100
h;1 1 1 1 1 1 1 1 1 1 1 1 1 1 1 1 1 1 1 1 1 1 1 1 1 1 1 1 1 1 1 1 1 1 1 1 1 1 1
Vmin;28 28 28 28 28 28 28 28 28 28 28 28 28 28 28 28 28 28 28 28 28 28 28 28 28 28 28 28 28 28 28 28 28 28 28 28 28 28 28;45 45 45 45 45 45 45 45 45 45 45 45 45 45 45 45 45 45 45 45 45 45 45 45 45 45 45 45 45 45 45 45 45 45 45 45 45 45 45;52 52 52 52 52 52 52 52 52 52 52 52 52 52 52 52 52 52 52 52 52 52 52 52 52 52 52 52 52 52 52 52 52 52 52 52 52 52 52;52 52 52 52 52 52 52 52 52 52 52 52 52 52 52 52 52 52 52 52 52 52 52 52 52 52 52 52 52 52 52 52 52 52 52 52 52 52 52;49 49 49 49 49 49 49 49 49 49 49 49 49 49 49 49 49 49 49 49 49 49 49 49 49 49 49 49 49 49 49 49 49 49 49 49 49 49 49;42 42 42 42 42 42 42 42 42 42 42 42 42 42 42 42 42 42 42 42 42 42 42 42 42 42 42 42 42 42 42 42 42 42 42 42 42 42 42;
Vmax;28 28 28 28 28 28 28 28 28 28 28 28 28 28 28 28 28 28 28 28 28 28 28 28 28 28 28 28 28 28 28 28 28 28 28 28 28 28 28;45 45 45 45 45 45 45 45 45 45 45 45 45 45 45 45 45 45 45 45 45 45 45 45 45 45 45 45 45 45 45 45 45 45 45 45 45 45 45;52 52 52 52 52 52 52 52 52 52 52 52 52 52 52 52 52 52 52 52 52 52 52 52 52 52 52 52 52 52 52 52 52 52 52 52 52 52 52;52 52 52 52 52 52 52 52 52 52 52 52 52 52 52 52 52 52 52 52 52 52 52 52 52 52 52 52 52 52 52 52 52 52 52 52 52 52 52;49 49 49 49 49 49 49 49 49 49 49 49 49 49 49 49 49 49 49 49 49 49 49 49 49 49 49 49 49 49 49 49 49 49 49 49 49 49 49;42 42 42 42 42 42 42 42 42 42 42 42 42 42 42 42 42 42 42 42 42 42 42 42 42 42 42 42 42 42 42 42 42 42 42 42 42 42 42;
d;3.000 28.623 3.000 54.826 3.000 80.221 3.000 19.393 3.000 21.515 3.000 24.268 3.000 12.615 3.000 37.536 3.000 67.159 3.000 30.700 3.000 31.113 3.000 73.479 3.000 10.611 3.000 14.969 3.000 54.160 3.000 15.279 3.000 30.850 3.000 18.493 3.000 16.838 3.000
S;25.094548970554058 24.9874061134112 24.386038056296286 24.278895199153428 23.618436682482962 23.511293825340104 22.409522176108574 22.302379318965716 21.756715826710064 21.649572969567206 19.715295240731312 19.608152383588454 19.073535220663459 18.966392363520601 18.587417519187117 18.480274662044259 15.856030808099572 15.748887950956714 14.637713204725253 14.530570347582396 13.434145056818661 13.327002199675803 10.928461168474676 10.821318311331819 9.4807418524200351 9.3735989952771774 8.9230696604481903 8.8159268033053326 7.9492001056559971 7.8420572485131403 7.0736518942196325 6.9665090370767757 6.2739062610209411 6.1667634038780843 3.3017338442728232 3.194590987129966 1.2365272817562447 1.1293844246133875 0.10714285714285714 0;16.614386026122517 16.547719359455851 16.173534790584348 16.106868123917682 15.695916157989393 15.629249491322726 14.94370268735644 14.877036020689774 14.537512069952923 14.470845403286257 13.267294816455035 13.200628149788368 12.867977470635038 12.801310803968372 12.565504234160869 12.498837567494203 10.865974725039731 10.799308058373065 10.107910438495711 10.041243771829045 9.3590235909093877 9.2923569242427213 7.7999313937175749 7.7332647270509085 6.8991282637280209 6.8324615970613545 6.5521322331677618 6.4854655665010954 5.946168954630398 5.8795022879637315 5.401383400847771 5.3347167341811046 4.903763895746363 4.8370972290796965 3.0544121697697566 2.9877455031030897 1.7693947530927743 1.7027280864261076 1.0666666666666667 1;15.512449445682954 15.454757137990645 15.130943568774923 15.073251261082614 14.717619752106209 14.659927444413901 14.066665787135385 14.008973479443076 13.715154675920802 13.657462368228494 12.615928206547629 12.558235898855321 12.270365118818786 12.212672811126478 12.008609433408447 11.950917125716138 10.537862742822846 10.480170435130537 9.8818455717751359 9.8241532640828275 9.2337704152100475 9.1760781075177391 7.8845560137940547 7.8268637061017472 7.1050148436107872 7.0473225359184797 6.8047298171644091 6.7470375094721016 6.2803385184301517 6.2226462107378442 5.8088894815028782 5.7511971738105707 5.3782572174728136 5.3205649097805061 3.7778566853776736 3.7201643776853661 2.6658223824841314 2.6081300747918239 2.0576923076923075 2;0 0.10714285714285714 1.1829558531848161 1.2900987103276733 3.2481624157013949 3.3553052728442521 6.2203348324495131 6.3274776895923699 7.0200804656482045 7.1272233227910613 7.8956286770845692 8.0027715342274259 8.8694982318767615 8.9766410890196191 9.4271704238486063 9.5343132809914639 10.874889739903248 10.982032597046105 13.380573628247232 13.48771648539009 14.584141776153825 14.691284633296682 15.802459379528143 15.909602236671001 18.533846090615686 18.640988947758544 19.019963792092028 19.127106649234886 19.661723812159881 19.768866669302739 21.703144398138633 21.810287255281491 22.355950747537143 22.463093604680001 23.564865253911531 23.672008111054389 24.332466627724855 24.439609484867713 25.040977541982627 25.148120399125485;1 1.0666666666666667 1.7360614197594411 1.8027280864261077 3.0210788364364234 3.0877455031030903 4.8704305624130306 4.9370972290796971 5.3680500675144387 5.4347167341811051 5.9128356212970656 5.9795022879637321 6.5187988998344295 6.5854655665010959 6.8657949303946886 6.932461597061355 7.7665980603842426 7.833264727050909 9.3256902575760545 9.392356924242721 10.074577105162378 10.141243771829044 10.832641391706398 10.899308058373064 12.532170900827536 12.598837567494202 12.834644137301705 12.901310803968371 13.233961483121702 13.300628149788368 14.50417873661959 14.570845403286256 14.910369354023107 14.977036020689773 15.662582824656059 15.729249491322726 16.140201457251017 16.206868123917683 16.581052692789186 16.647719359455852;2 2.0576923076923075 2.6369762286379776 2.6946685363302851 3.7490105315315194 3.8067028392238269 5.3494110636266594 5.4071033713189669 5.780043327656724 5.8377356353490315 6.2514923645839975 6.309184672276305 6.7758836633182549 6.8335759710105624 7.076168689764633 7.1338609974569405 7.8557098599479005 7.913402167640208 9.2049242613638924 9.2626165690562008 9.8529994179289808 9.9106917256212892 10.50901658897669 10.566708896668999 11.979763279562292 12.0374555872546 12.241518964972631 12.299211272664939 12.587082052701474 12.644774360393782 13.686308522074647 13.744000829766955 14.03781963328923 14.095511940981538 14.688773598260054 14.746465905952363 15.102097414928767 15.159789722621076 15.483603291836799 15.541295599529107;
