m;2
n;4
P;39
P1;2 4 6 8 10 12 14 16 18 20 22 24 26 28 30 32 34 36 38
Q;40
M;100
h;1 1 1 1 1 1 1 1 1 1 1 1 1 1 1 1 1 1 1 1 1 1 1 1 1 1 1 1 1 1 1 1 1 1 1 1 1 1 1
Vmin;48 48 48 48 48 48 48 48 48 48 48 48 48 48 48 48 48 48 48 48 48 48 48 48 48 48 48 48 48 48 48 48 48 48 48 48 48 48 48;32 32 32 32 32 32 32 32 32 32 32 32 32 32 32 32 32 32 32 32 32 32 32 32 32 32 32 32 32 32 32 32 32 32 32 32 32 32 32;28 28 28 28 28 28 28 28 28 28 28 28 28 28 28 28 28 28 28 28 28 28 28 28 28 28 28 28 28 28 28 28 28 28 28 28 28 28 28;52 52 52 52 52 52 52 52 52 52 52 52 52 52 52 52 52 52 52 52 52 52 52 52 52 52 52 52 52 52 52 52 52 52 52 52 52 52 52;
Vmax;48 48 48 48 48 48 48 48 48 48 48 48 48 48 48 48 48 48 48 48 48 48 48 48 48 48 48 48 48 48 48 48 48 48 48 48 48 48 48;32 32 32 32 32 32 32 32 32 32 32 32 32 32 32 32 32 32 32 32 32 32 32 32 32 32 32 32 32 32 32 32 32 32 32 32 32 32 32;28 28 28 28 28 28 28 28 28 28 28 28 28 28 28 28 28 28 28 28 28 28 28 28 28 28 28 28 28 28 28 28 28 28 28 28 28 28 28;52 52 52 52 52 52 52 52 52 52 52 52 52 52 52 52 52 52 52 52 52 52 52 52 52 52 52 52 52 52 52 52 52 52 52 52 52 52 52;
d;3.000 7.169 3.000 5.376 3.000 36.000 3.000 4.587 3.000 53.156 3.000 54.803 3.000 62.351 3.000 13.852 3.000 39.865 3.000 4.916 3.000 28.847 3.000 14.837 3.000 3.276 3.000 36.461 3.000 93.284 3.000 4.285 3.000 80.178 3.000 49.500 3.000 31.224 3.000
S;14.249293862939281 14.186793862939281 13.536303399925615 13.473803399925615 12.442554868643494 12.380054868643494 10.709677393219117 10.647177393219117 10.557897785003345 10.495397785003345 8.5519767987373321 8.4894767987373321 7.7298766052733772 7.6673766052733772 7.5991360231056015 7.5366360231056015 7.2275366414685527 7.1650366414685527 6.5640535826678885 6.5015535826678885 6.3991367294980028 6.3366367294980028 5.5061203611585707 5.4436203611585707 5.1550369545108721 5.0925369545108721 3.7935530269462956 3.7310530269462956 2.5893304272896795 2.5268304272896795 1.4194224776896818 1.3569224776896818 1.2613619611644622 1.1988619611644622 0.44885362869408357 0.38635362869408357 0.27435919802401576 0.21185919802401579 0.0625 0;22.373940794408917 22.280190794408917 21.304455099888418 21.210705099888418 19.663832302965236 19.570082302965236 17.064516089828672 16.970766089828672 16.836846677505015 16.743096677505015 13.827965198105996 13.734215198105996 12.594814907910065 12.501064907910065 12.398704034658401 12.304954034658401 11.841304962202829 11.747554962202829 10.846080374001833 10.752330374001833 10.598705094247004 10.504955094247004 9.2591805417378552 9.1654305417378552 8.7325554317663077 8.6388054317663077 6.6903295404194436 6.5965795404194436 4.8839956409345193 4.7902456409345193 3.1291337165345223 3.0353837165345223 2.8920429417466931 2.7982929417466931 1.6732804430411252 1.5795304430411252 1.4115387970360236 1.3177887970360236 1.09375 1;0 0.0625 0.24310919802401579 0.30560919802401576 0.41760362869408357 0.48010362869408357 1.2301119611644622 1.2926119611644622 1.3881724776896818 1.4506724776896818 2.5580804272896795 2.6205804272896795 3.7623030269462956 3.8248030269462956 5.1237869545108721 5.1862869545108721 5.4748703611585707 5.5373703611585707 6.3678867294980028 6.4303867294980028 6.5328035826678885 6.5953035826678885 7.1962866414685527 7.2587866414685527 7.5678860231056015 7.6303860231056015 7.6986266052733772 7.7611266052733772 8.5207267987373321 8.5832267987373321 10.526647785003345 10.589147785003345 10.678427393219117 10.740927393219117 12.411304868643494 12.473804868643494 13.505053399925615 13.567553399925615 14.218043862939281 14.280543862939281;1 1.09375 1.3646637970360236 1.4584137970360236 1.6264054430411252 1.7201554430411252 2.8451679417466931 2.9389179417466931 3.0822587165345223 3.1760087165345223 4.8371206409345193 4.9308706409345193 6.6434545404194436 6.7372045404194436 8.6856804317663077 8.7794304317663077 9.2123055417378552 9.3060555417378552 10.551830094247004 10.645580094247004 10.799205374001833 10.892955374001833 11.794429962202829 11.888179962202829 12.351829034658401 12.445579034658401 12.547939907910065 12.641689907910065 13.781090198105996 13.874840198105996 16.789971677505015 16.883721677505015 17.017641089828672 17.111391089828672 19.616957302965236 19.710707302965236 21.257580099888418 21.351330099888418 22.327065794408917 22.420815794408917;
