m;8
n;16
P;39
P1;2 4 6 8 10 12 14 16 18 20 22 24 26 28 30 32 34 36 38
Q;40
M;100
h;1 1 1 1 1 1 1 1 1 1 1 1 1 1 1 1 1 1 1 1 1 1 1 1 1 1 1 1 1 1 1 1 1 1 1 1 1 1 1
Vmin;48 48 48 48 48 48 48 48 48 48 48 48 48 48 48 48 48 48 48 48 48 48 48 48 48 48 48 48 48 48 48 48 48 48 48 48 48 48 48;48 48 48 48 48 48 48 48 48 48 48 48 48 48 48 48 48 48 48 48 48 48 48 48 48 48 48 48 48 48 48 48 48 48 48 48 48 48 48;46 46 46 46 46 46 46 46 46 46 46 46 46 46 46 46 46 46 46 46 46 46 46 46 46 46 46 46 46 46 46 46 46 46 46 46 46 46 46;28 28 28 28 28 28 28 28 28 28 28 28 28 28 28 28 28 28 28 28 28 28 28 28 28 28 28 28 28 28 28 28 28 28 28 28 28 28 28;44 44 44 44 44 44 44 44 44 44 44 44 44 44 44 44 44 44 44 44 44 44 44 44 44 44 44 44 44 44 44 44 44 44 44 44 44 44 44;46 46 46 46 46 46 46 46 46 46 46 46 46 46 46 46 46 46 46 46 46 46 46 46 46 46 46 46 46 46 46 46 46 46 46 46 46 46 46;39 39 39 39 39 39 39 39 39 39 39 39 39 39 39 39 39 39 39 39 39 39 39 39 39 39 39 39 39 39 39 39 39 39 39 39 39 39 39;52 52 52 52 52 52 52 52 52 52 52 52 52 52 52 52 52 52 52 52 52 52 52 52 52 52 52 52 52 52 52 52 52 52 52 52 52 52 52;41 41 41 41 41 41 41 41 41 41 41 41 41 41 41 41 41 41 41 41 41 41 41 41 41 41 41 41 41 41 41 41 41 41 41 41 41 41 41;31 31 31 31 31 31 31 31 31 31 31 31 31 31 31 31 31 31 31 31 31 31 31 31 31 31 31 31 31 31 31 31 31 31 31 31 31 31 31;42 42 42 42 42 42 42 42 42 42 42 42 42 42 42 42 42 42 42 42 42 42 42 42 42 42 42 42 42 42 42 42 42 42 42 42 42 42 42;44 44 44 44 44 44 44 44 44 44 44 44 44 44 44 44 44 44 44 44 44 44 44 44 44 44 44 44 44 44 44 44 44 44 44 44 44 44 44;44 44 44 44 44 44 44 44 44 44 44 44 44 44 44 44 44 44 44 44 44 44 44 44 44 44 44 44 44 44 44 44 44 44 44 44 44 44 44;49 49 49 49 49 49 49 49 49 49 49 49 49 49 49 49 49 49 49 49 49 49 49 49 49 49 49 49 49 49 49 49 49 49 49 49 49 49 49;50 50 50 50 50 50 50 50 50 50 50 50 50 50 50 50 50 50 50 50 50 50 50 50 50 50 50 50 50 50 50 50 50 50 50 50 50 50 50;46 46 46 46 46 46 46 46 46 46 46 46 46 46 46 46 46 46 46 46 46 46 46 46 46 46 46 46 46 46 46 46 46 46 46 46 46 46 46;
Vmax;48 48 48 48 48 48 48 48 48 48 48 48 48 48 48 48 48 48 48 48 48 48 48 48 48 48 48 48 48 48 48 48 48 48 48 48 48 48 48;48 48 48 48 48 48 48 48 48 48 48 48 48 48 48 48 48 48 48 48 48 48 48 48 48 48 48 48 48 48 48 48 48 48 48 48 48 48 48;46 46 46 46 46 46 46 46 46 46 46 46 46 46 46 46 46 46 46 46 46 46 46 46 46 46 46 46 46 46 46 46 46 46 46 46 46 46 46;28 28 28 28 28 28 28 28 28 28 28 28 28 28 28 28 28 28 28 28 28 28 28 28 28 28 28 28 28 28 28 28 28 28 28 28 28 28 28;44 44 44 44 44 44 44 44 44 44 44 44 44 44 44 44 44 44 44 44 44 44 44 44 44 44 44 44 44 44 44 44 44 44 44 44 44 44 44;46 46 46 46 46 46 46 46 46 46 46 46 46 46 46 46 46 46 46 46 46 46 46 46 46 46 46 46 46 46 46 46 46 46 46 46 46 46 46;39 39 39 39 39 39 39 39 39 39 39 39 39 39 39 39 39 39 39 39 39 39 39 39 39 39 39 39 39 39 39 39 39 39 39 39 39 39 39;52 52 52 52 52 52 52 52 52 52 52 52 52 52 52 52 52 52 52 52 52 52 52 52 52 52 52 52 52 52 52 52 52 52 52 52 52 52 52;41 41 41 41 41 41 41 41 41 41 41 41 41 41 41 41 41 41 41 41 41 41 41 41 41 41 41 41 41 41 41 41 41 41 41 41 41 41 41;31 31 31 31 31 31 31 31 31 31 31 31 31 31 31 31 31 31 31 31 31 31 31 31 31 31 31 31 31 31 31 31 31 31 31 31 31 31 31;42 42 42 42 42 42 42 42 42 42 42 42 42 42 42 42 42 42 42 42 42 42 42 42 42 42 42 42 42 42 42 42 42 42 42 42 42 42 42;44 44 44 44 44 44 44 44 44 44 44 44 44 44 44 44 44 44 44 44 44 44 44 44 44 44 44 44 44 44 44 44 44 44 44 44 44 44 44;44 44 44 44 44 44 44 44 44 44 44 44 44 44 44 44 44 44 44 44 44 44 44 44 44 44 44 44 44 44 44 44 44 44 44 44 44 44 44;49 49 49 49 49 49 49 49 49 49 49 49 49 49 49 49 49 49 49 49 49 49 49 49 49 49 49 49 49 49 49 49 49 49 49 49 49 49 49;50 50 50 50 50 50 50 50 50 50 50 50 50 50 50 50 50 50 50 50 50 50 50 50 50 50 50 50 50 50 50 50 50 50 50 50 50 50 50;46 46 46 46 46 46 46 46 46 46 46 46 46 46 46 46 46 46 46 46 46 46 46 46 46 46 46 46 46 46 46 46 46 46 46 46 46 46 46;
d;3.000 10.834 3.000 5.074 3.000 5.083 3.000 39.568 3.000 43.208 3.000 41.873 3.000 3.039 3.000 69.083 3.000 5.256 3.000 51.540 3.000 16.116 3.000 48.934 3.000 55.816 3.000 72.671 3.000 40.834 3.000 29.966 3.000 5.856 3.000 69.996 3.000 25.762 3.000
S;14.593929636263711 14.531429636263711 13.994713866120556 13.932213866120556 12.473963236926474 12.411463236926474 12.289467178736148 12.226967178736148 11.60268242980926 11.54018242980926 10.689472300534408 10.626972300534408 9.1129848859138018 9.0504848859138018 7.8876521331723994 7.8251521331723994 6.8056875449839485 6.7431875449839485 6.4074405245328592 6.3449405245328592 5.2711918096759938 5.2086918096759938 5.0991902388181822 5.0366902388181822 3.5974677232125516 3.5349677232125516 3.4716509439979011 3.4091509439979011 2.5367974351611111 2.4742974351611111 1.5741316377392536 1.5116316377392536 0.68730099160460101 0.62480099160460101 0.51890753839813364 0.45640753839813358 0.35070504473887321 0.28820504473887321 0.0625 0;15.593929636263711 15.531429636263711 14.994713866120556 14.932213866120556 13.473963236926473 13.411463236926473 13.289467178736146 13.226967178736146 12.602682429809258 12.540182429809258 11.689472300534407 11.626972300534407 10.1129848859138 10.0504848859138 8.8876521331723985 8.8251521331723985 7.8056875449839485 7.7431875449839485 7.4074405245328592 7.3449405245328592 6.2711918096759938 6.2086918096759938 6.0991902388181822 6.0366902388181822 4.5974677232125511 4.5349677232125511 4.4716509439979006 4.4091509439979006 3.5367974351611107 3.4742974351611107 2.5741316377392534 2.5116316377392534 1.6873009916046007 1.6248009916046007 1.5189075383981334 1.4564075383981334 1.3507050447388731 1.2882050447388731 1.0625 1;17.228448316101261 17.163230924796913 16.603179686386664 16.537962295082316 15.016309464618928 14.95109207331458 14.823791838681196 14.758574447376848 14.107146883279226 14.041929491974878 13.154231965775033 13.089014574470685 11.509201620083966 11.443984228779618 10.23059353026685 10.165376138962502 9.1015870034615105 9.0363696121571628 8.6860248951647225 8.6208075038603749 7.5003740622706019 7.4351566709662542 7.3208941622450592 7.2556767709407115 5.7538793633522269 5.6886619720478793 5.6225922893891136 5.5573748980847659 4.6470929758202892 4.5818755845159416 3.6425721437279162 3.5773547524235685 2.7171836434134962 2.6519662521091485 2.5414687357197914 2.4762513444154437 2.3659530901623023 2.3007356988579546 2.0652173913043477 2;28.018165090737796 27.911022233594938 26.990938056206673 26.883795199063815 24.383936977588245 24.276794120445388 24.067658020690541 23.960515163547683 22.890312736815876 22.783169879673018 21.324809658058985 21.217666800916128 18.62225980442366 18.515116947280802 16.521689371152686 16.414546514009828 14.666892934258199 14.559750077115341 13.984183756342045 13.877040899199187 12.036328816587417 11.92918595944456 11.741468980831169 11.634326123688311 9.1670875255072293 9.0599446683643716 8.9514016182821141 8.8442587611392565 7.3487956031333317 7.2416527459904749 5.6985113789815767 5.5913685218387199 4.1782302713221728 4.0710874141793161 3.8895557801110865 3.7824129229682293 3.6012086481237828 3.4940657909809256 3.1071428571428572 3;19.920650512287683 19.852468694105866 19.266960581222424 19.198778763040607 17.60795989482888 17.539778076647064 17.406691467712161 17.338509649530344 16.657471741610102 16.589289923428286 15.661242509673901 15.593060691492083 13.941438057360513 13.873256239178694 12.604711418006255 12.536529599824437 11.424386412709763 11.356204594527945 10.989935117672211 10.921753299490392 9.7503910651010841 9.6822092469192658 9.5627529878016535 9.4945711696198352 7.924510243504602 7.8563284253227836 7.7872555752704375 7.7190737570886192 6.7674153838121214 6.699233565630303 5.7172345138973677 5.6490526957155494 4.749782899932292 4.6816010817504736 4.5660809509797824 4.4978991327979641 4.3825873215333164 4.3144055033514981 4.0681818181818183 4;20.228448316101261 20.163230924796913 19.603179686386664 19.537962295082316 18.016309464618924 17.951092073314577 17.823791838681192 17.758574447376844 17.107146883279221 17.041929491974873 16.154231965775029 16.089014574470681 14.509201620083964 14.443984228779616 13.230593530266848 13.1653761389625 12.101587003461509 12.036369612157161 11.686024895164721 11.620807503860373 10.5003740622706 10.435156670966252 10.320894162245057 10.25567677094071 8.7538793633522261 8.6886619720478784 8.6225922893891127 8.557374898084765 7.6470929758202892 7.5818755845159416 6.6425721437279162 6.5773547524235685 5.7171836434134962 5.6519662521091485 5.5414687357197909 5.4762513444154433 5.3659530901623018 5.3007356988579541 5.0652173913043477 5;23.961759552324555 23.884836475401478 23.224263219840672 23.147340142917596 21.352570137755649 21.275647060832572 21.125498066136785 21.048574989213709 20.280224528996001 20.203301452072925 19.156273600657723 19.079350523734647 17.215981398047749 17.139058321124672 15.70787954851987 15.630956471596793 14.376230824595623 14.299307747672547 13.886080645578899 13.809157568655822 12.487620688831987 12.41069761190891 12.27592644777622 12.199003370853143 10.427652582415444 10.350729505492367 10.272801161843567 10.195878084920491 9.1222122278905964 9.0452891509675197 7.9373927849098482 7.8604697079867716 6.8459089127441226 6.768985835821046 6.6386554318746249 6.5617323549515483 6.4316369781401512 6.3547139012170746 6.0769230769230766 6;20.471319664243424 20.413627356551117 19.918197414880513 19.860505107188207 18.514427603316747 18.456735295624441 18.3441235496026 18.286431241910293 17.710168396747012 17.652476089054705 16.867205200493302 16.809512892800996 15.41198604853582 15.354293740843511 14.280909661389909 14.223217353697601 13.282173118446723 13.224480810754415 12.914560484184179 12.85686817649187 11.865715516623995 11.808023208931687 11.706944835832168 11.64925252813986 10.320739436811586 10.263047129119277 10.204600871382677 10.146908563690369 9.3416591709179482 9.2839668632256398 8.4530445886823866 8.3953522809900782 7.6344316845580922 7.5767393768657847 7.4789915739059687 7.4212992662136612 7.3237277336051134 7.2660354259128059 7.0576923076923075 7;0 0.0625 0.31945504473887315 0.38195504473887315 0.48765753839813353 0.55015753839813353 0.6560509916046009 0.7185509916046009 1.5428816377392534 1.6053816377392534 2.5055474351611107 2.5680474351611107 3.4404009439979006 3.5029009439979006 3.5662177232125511 3.6287177232125511 5.0679402388181822 5.1304402388181822 5.2399418096759938 5.3024418096759938 6.3761905245328592 6.4386905245328592 6.7744375449839485 6.8369375449839485 7.8564021331723994 7.9189021331723994 9.0817348859138018 9.1442348859138018 10.658222300534408 10.720722300534408 11.57143242980926 11.63393242980926 12.258217178736148 12.320717178736148 12.442713236926474 12.505213236926474 13.963463866120556 14.025963866120556 14.562679636263711 14.625179636263711;1 1.0625 1.3194550447388731 1.3819550447388731 1.4876575383981334 1.5501575383981334 1.6560509916046007 1.7185509916046007 2.5428816377392534 2.6053816377392534 3.5055474351611107 3.5680474351611107 4.4404009439979006 4.5029009439979006 4.5662177232125511 4.6287177232125511 6.0679402388181822 6.1304402388181822 6.2399418096759938 6.3024418096759938 7.3761905245328592 7.4386905245328592 7.7744375449839485 7.8369375449839485 8.8564021331723985 8.9189021331723985 10.0817348859138 10.1442348859138 11.658222300534407 11.720722300534407 12.571432429809258 12.633932429809258 13.258217178736146 13.320717178736146 13.442713236926473 13.505213236926473 14.963463866120556 15.025963866120556 15.562679636263711 15.625179636263711;2 2.0652173913043477 2.3333443945101284 2.3985617858144761 2.5088600400676175 2.5740774313719652 2.6845749477613223 2.74979233906567 3.6099634480757423 3.67518083938009 4.6144842801681154 4.6797016714724631 5.5899835937369398 5.6552009850412874 5.7212706677000531 5.7864880590044008 7.2882854665928853 7.353502857897233 7.467765366618428 7.5329827579227757 8.6534161995125487 8.7186335908168964 9.0689783078093367 9.1341956991136843 10.197984834614676 10.263202225919024 11.476592924431792 11.541810315736139 13.121623270122859 13.186840661427206 14.074538187627052 14.1397555789314 14.791183143029022 14.856400534333369 14.983700768966754 15.048918160271102 16.570570990734492 16.635788382038839 17.195839620449089 17.261057011753437;3 3.1071428571428572 3.547637219552354 3.6547800766952112 3.8359843515396577 3.9431272086825149 4.1246588427507449 4.2318016998936017 5.6449399504101487 5.7520828075530055 7.2952241745619038 7.4023670317047605 8.8978301897106853 9.0049730468535429 9.1135160969358004 9.2206589540786581 11.68789755225974 11.795040409402597 11.982757388015989 12.089900245158846 13.930612327770616 14.037755184913474 14.61332150568677 14.720464362829627 16.468117942581259 16.575260799724116 18.568688375852233 18.67583123299509 21.271238229487558 21.378381086630416 22.836741308244449 22.943884165387306 24.014086592119114 24.121229449261971 24.330365549016818 24.437508406159676 26.937366627635246 27.044509484778104 27.964593662166369 28.071736519309226;4 4.0681818181818183 4.3484964124424073 4.4166782306242256 4.5319900418888732 4.6001718600706916 4.7156919908413837 4.783873809023202 5.6831436048064594 5.7513254229882778 6.7333244747212131 6.8015062929030314 7.7531646661795293 7.8213464843613476 7.8904193344136937 7.958601152595512 9.5286620787107452 9.5968438968925636 9.7163001560101758 9.7844819741919942 10.955844208581302 11.024026026763121 11.390295503618855 11.458477321800673 12.570620508915347 12.638802327097165 13.907347148269604 13.975528966451423 15.627151600582993 15.695333418764811 16.623380832519196 16.691562650701012 17.372600558621254 17.440782376803071 17.573868985737974 17.642050803919791 19.232869672131518 19.301051490313334 19.886559603196776 19.954741421378593;5 5.0652173913043477 5.333344394510128 5.3985617858144757 5.5088600400676171 5.5740774313719648 5.6845749477613223 5.74979233906567 6.6099634480757423 6.67518083938009 7.6144842801681154 7.6797016714724631 8.5899835937369389 8.6552009850412865 8.7212706677000522 8.7864880590043999 10.288285466592884 10.353502857897231 10.467765366618426 10.532982757922774 11.653416199512547 11.718633590816895 12.068978307809335 12.134195699113683 13.197984834614674 13.263202225919022 14.47659292443179 14.541810315736138 16.121623270122857 16.186840661427205 17.074538187627049 17.139755578931396 17.79118314302902 17.856400534333368 17.983700768966752 18.0489181602711 19.570570990734488 19.635788382038836 20.195839620449085 20.261057011753433;6 6.0769230769230766 6.3931754396786129 6.4700985166016896 6.6001938934130866 6.6771169703361632 6.8074473742825843 6.8843704512056609 7.8989312464483099 7.9758543233713866 9.0837506894290581 9.1606737663521347 10.234339623382031 10.311262700305107 10.389191043953907 10.466114120876984 12.237464909314683 12.31438798623776 12.44915915037045 12.526082227293527 13.847619107117362 13.924542184040439 14.337769286134087 14.414692363057164 15.669418010058333 15.74634108698141 17.177519859586212 17.254442936509289 19.117812062196187 19.194735139119263 20.241762990534465 20.318686067457541 21.087036527675249 21.163959604598325 21.314108599294112 21.391031676217189 23.185801681379136 23.262724758302213 23.923298013863018 24.000221090786095;7 7.0576923076923075 7.2948815797589592 7.3525738874512667 7.4501454200598145 7.507837727752122 7.605585530711938 7.6632778384042455 8.4241984348362315 8.4818907425285399 9.3128130170717931 9.3705053247641015 10.175754717536522 10.233447025228831 10.291893282965431 10.349585590657739 11.678098681986013 11.735790989678321 11.83686936277784 11.894561670470148 12.885714330338024 12.943406638030332 13.253326964600568 13.311019272292876 14.252063507543754 14.309755815236063 15.383139894689664 15.440832202381973 16.838359046647149 16.896051354339455 17.681322242900858 17.739014550593165 18.315277395756446 18.372969703448753 18.485581449470594 18.5432737571629 19.88935126103436 19.947043568726667 20.442473510397271 20.500165818089577;
