m;5
n;10
P;39
P1;2 4 6 8 10 12 14 16 18 20 22 24 26 28 30 32 34 36 38
Q;40
M;100
h;1 1 1 1 1 1 1 1 1 1 1 1 1 1 1 1 1 1 1 1 1 1 1 1 1 1 1 1 1 1 1 1 1 1 1 1 1 1 1
Vmin;41 41 41 41 41 41 41 41 41 41 41 41 41 41 41 41 41 41 41 41 41 41 41 41 41 41 41 41 41 41 41 41 41 41 41 41 41 41 41;52 52 52 52 52 52 52 52 52 52 52 52 52 52 52 52 52 52 52 52 52 52 52 52 52 52 52 52 52 52 52 52 52 52 52 52 52 52 52;34 34 34 34 34 34 34 34 34 34 34 34 34 34 34 34 34 34 34 34 34 34 34 34 34 34 34 34 34 34 34 34 34 34 34 34 34 34 34;50 50 50 50 50 50 50 50 50 50 50 50 50 50 50 50 50 50 50 50 50 50 50 50 50 50 50 50 50 50 50 50 50 50 50 50 50 50 50;30 30 30 30 30 30 30 30 30 30 30 30 30 30 30 30 30 30 30 30 30 30 30 30 30 30 30 30 30 30 30 30 30 30 30 30 30 30 30;28 28 28 28 28 28 28 28 28 28 28 28 28 28 28 28 28 28 28 28 28 28 28 28 28 28 28 28 28 28 28 28 28 28 28 28 28 28 28;48 48 48 48 48 48 48 48 48 48 48 48 48 48 48 48 48 48 48 48 48 48 48 48 48 48 48 48 48 48 48 48 48 48 48 48 48 48 48;37 37 37 37 37 37 37 37 37 37 37 37 37 37 37 37 37 37 37 37 37 37 37 37 37 37 37 37 37 37 37 37 37 37 37 37 37 37 37;50 50 50 50 50 50 50 50 50 50 50 50 50 50 50 50 50 50 50 50 50 50 50 50 50 50 50 50 50 50 50 50 50 50 50 50 50 50 50;32 32 32 32 32 32 32 32 32 32 32 32 32 32 32 32 32 32 32 32 32 32 32 32 32 32 32 32 32 32 32 32 32 32 32 32 32 32 32;
Vmax;41 41 41 41 41 41 41 41 41 41 41 41 41 41 41 41 41 41 41 41 41 41 41 41 41 41 41 41 41 41 41 41 41 41 41 41 41 41 41;52 52 52 52 52 52 52 52 52 52 52 52 52 52 52 52 52 52 52 52 52 52 52 52 52 52 52 52 52 52 52 52 52 52 52 52 52 52 52;34 34 34 34 34 34 34 34 34 34 34 34 34 34 34 34 34 34 34 34 34 34 34 34 34 34 34 34 34 34 34 34 34 34 34 34 34 34 34;50 50 50 50 50 50 50 50 50 50 50 50 50 50 50 50 50 50 50 50 50 50 50 50 50 50 50 50 50 50 50 50 50 50 50 50 50 50 50;30 30 30 30 30 30 30 30 30 30 30 30 30 30 30 30 30 30 30 30 30 30 30 30 30 30 30 30 30 30 30 30 30 30 30 30 30 30 30;28 28 28 28 28 28 28 28 28 28 28 28 28 28 28 28 28 28 28 28 28 28 28 28 28 28 28 28 28 28 28 28 28 28 28 28 28 28 28;48 48 48 48 48 48 48 48 48 48 48 48 48 48 48 48 48 48 48 48 48 48 48 48 48 48 48 48 48 48 48 48 48 48 48 48 48 48 48;37 37 37 37 37 37 37 37 37 37 37 37 37 37 37 37 37 37 37 37 37 37 37 37 37 37 37 37 37 37 37 37 37 37 37 37 37 37 37;50 50 50 50 50 50 50 50 50 50 50 50 50 50 50 50 50 50 50 50 50 50 50 50 50 50 50 50 50 50 50 50 50 50 50 50 50 50 50;32 32 32 32 32 32 32 32 32 32 32 32 32 32 32 32 32 32 32 32 32 32 32 32 32 32 32 32 32 32 32 32 32 32 32 32 32 32 32;
d;3.000 29.436 3.000 24.543 3.000 52.505 3.000 47.542 3.000 5.678 3.000 6.881 3.000 31.226 3.000 26.027 3.000 41.524 3.000 13.859 3.000 11.075 3.000 5.859 3.000 65.991 3.000 34.552 3.000 19.501 3.000 66.560 3.000 52.034 3.000 3.884 3.000 12.098 3.000
S;14.896955793637987 14.823785061930671 14.528704223781396 14.45553349207408 14.360791902519223 14.287621170811907 13.018493034303413 12.945322302596097 11.321900201516401 11.248729469809085 10.773091080409959 10.699920348702642 9.8571835766823543 9.7840128449750381 8.1744687494322701 8.1012980177249538 7.9584012302036395 7.8852304984963224 7.6151166463603239 7.5419459146530068 7.2039100793781286 7.1307393476708114 6.1179655240598834 6.0447947923525662 5.4100005486131435 5.3368298169058264 4.5752135379982128 4.5020428062908957 4.3342236567651069 4.2610529250577898 4.122574839117247 4.0494041074099298 2.8898494363633791 2.816678704656062 1.5360672053689681 1.462896473661651 0.86429494475497126 0.79112421304765423 0.073170731707317069 0;12.745676683445341 12.687984375753032 12.455324484135335 12.397632176443027 12.322932076986312 12.265239769294004 11.264581046277693 11.206888738585384 9.9268828511956251 9.8691905435033167 9.4941679672463124 9.436475659554004 8.7720101277687768 8.7143178200764684 7.4452542062831313 7.3875618985908238 7.2748932776605573 7.2172009699682498 7.0042265865533277 6.9465342788610203 6.6800060241250589 6.6223137164327515 5.8237805093549051 5.7660882016625976 5.2655773556372836 5.2078850479449761 4.6073799049601272 4.5496875972678197 4.4173686524494098 4.3596763447571023 4.250491700073213 4.1927993923809055 3.2785351325172791 3.2208428248249716 2.2111299119255325 2.1534376042332251 1.6814633218260351 1.6237710141337274 1.0576923076923077 1;19.963976104092875 19.875740809975227 19.519908034559926 19.431672740442277 19.317425529508476 19.229190235390828 17.698771011954115 17.610535717836466 15.652879654769775 15.564644360652128 14.991080420494358 14.902845126376711 13.886603724822836 13.798368430705189 11.857447609609498 11.769212315491851 11.596895601127914 11.508660307010267 11.182934779434504 11.094699485316857 10.687068036897152 10.598832742779505 9.3775466613663276 9.2893113672486809 8.5238241909746701 8.4355888968570234 7.5171692664096081 7.4289339722919614 7.2265638213932162 7.1383285272755694 6.9713402471707973 6.8831049530531505 5.4848184379676042 5.3965831438499574 3.8523163358861088 3.7640810417684616 3.042238021616289 2.9540027274986418 2.0882352941176472 2;15.21550375078316 15.15550375078316 14.913537463500754 14.853537463500754 14.77584936006577 14.71584936006577 13.675164288128805 13.615164288128804 12.283958165243455 12.223958165243454 11.833934685936169 11.773934685936169 11.082890532879533 11.022890532879533 9.7030643745344634 9.6430643745344629 9.5258890087669847 9.4658890087669842 9.2443956500154645 9.184395650015464 8.9072062650900641 8.8472062650900636 8.0167317297291021 7.9567317297291016 7.436200449862775 7.3762004498627753 6.7516751011585319 6.6916751011585323 6.5540633985473855 6.4940633985473859 6.3805113680761414 6.3205113680761418 5.3696765378179698 5.3096765378179702 4.2595751084025535 4.1995751084025539 3.7087218546990766 3.6487218546990765 3.0600000000000001 3;24.359172917971929 24.259172917971927 23.855895772501253 23.755895772501251 23.626415600109613 23.526415600109612 21.79194048021467 21.691940480214669 19.473263608739085 19.373263608739084 18.723224476560276 18.623224476560274 17.471484221465882 17.371484221465881 15.171773957557431 15.071773957557431 14.876481681278301 14.776481681278302 14.407326083359104 14.307326083359104 13.845343775150104 13.745343775150104 12.361219549548503 12.261219549548503 11.393667416437959 11.293667416437959 10.252791835264221 10.152791835264221 9.9234389975789767 9.8234389975789771 9.6341856134602359 9.5341856134602363 7.9494608963632833 7.8494608963632837 6.0992918473375894 5.9992918473375898 5.181203091165127 5.0812030911651274 4.0999999999999996 4;0 0.073170731707317069 0.82770957890131269 0.90088031060862972 1.4994818395153096 1.5726525712226267 2.8532640705097201 2.9264348022170372 4.085989473263588 4.1591602049709051 4.2976382909114479 4.370809022618765 4.5386281721445538 4.611798903851871 5.3734151827594845 5.4465859144668016 6.0813801582062244 6.1545508899135415 7.1673247135244686 7.2404954452317858 7.578531280506664 7.6517020122139812 7.9218158643499796 7.9949865960572968 8.1378833835786111 8.2110541152859273 9.8205982108286953 9.8937689425360116 10.7365057145563 10.809676446263616 11.285314835662742 11.358485567370058 12.981907668449754 13.05507840015707 14.324206536665564 14.39737726837288 14.492118857927737 14.565289589635054 14.860370427784328 14.933541159491645;1 1.0576923076923077 1.6526171679798813 1.7103094756721891 2.1822837580793788 2.2399760657716863 3.2496889786711254 3.3073812863634329 4.2216455462270588 4.2793378539193663 4.3885224986032556 4.4462148062955631 4.578533751113973 4.6362260588062805 5.2367312017911294 5.2944235094834369 5.7949343555087509 5.8526266632010584 6.6511598702789048 6.7088521779712122 6.9753804327071736 7.033072740399481 7.2460471238144031 7.3037394315067106 7.4164080524369771 7.4741003601292846 8.7431639739226217 8.8008562816149301 9.4653218134001573 9.5230141210924657 9.89803669734947 9.9557290050417784 11.235734892431537 11.293427200123846 12.294085923140157 12.351778230832466 12.42647833028918 12.484170637981489 12.716830529599186 12.774522837291494;2 2.0882352941176472 2.9981203745574656 3.0863556686751128 3.8081986888272854 3.8964339829449326 5.4407007909087808 5.5289360850264275 6.9272226001119739 7.0154578942296206 7.1824461743343928 7.2706814684520396 7.4730516193507848 7.5612869134684315 8.4797065439158477 8.5679418380334944 9.3334290143075052 9.4216643084251519 10.64295038983833 10.731185683955976 11.138817132375681 11.227052426493328 11.552777954069091 11.641013248186738 11.813329962550675 11.901565256668322 13.842486077764013 13.93072137188166 14.946962773435537 15.035198067553184 15.608762007710954 15.696997301828601 17.654653364895292 17.742888659012941 19.273307882449654 19.361543176567302 19.475790387501103 19.564025681618752 19.919858457034053 20.008093751151701;3 3.0600000000000001 3.6787218546990763 3.7387218546990764 4.2295751084025541 4.2895751084025537 5.3396765378179705 5.3996765378179701 6.3505113680761411 6.4105113680761407 6.5240633985473853 6.5840633985473849 6.7216751011585316 6.7816751011585312 7.4062004498627747 7.4662004498627743 7.9867317297291009 8.0467317297291014 8.8772062650900629 8.9372062650900634 9.2143956500154633 9.2743956500154638 9.4958890087669836 9.5558890087669841 9.6730643745344622 9.7330643745344627 11.052890532879532 11.112890532879533 11.803934685936168 11.863934685936169 12.253958165243453 12.313958165243454 13.645164288128804 13.705164288128804 14.745849360065769 14.805849360065769 14.883537463500753 14.943537463500753 15.185503750783159 15.245503750783159;4 4.0999999999999996 5.1312030911651272 5.2312030911651268 6.0492918473375887 6.1492918473375884 7.8994608963632826 7.9994608963632823 9.5841856134602352 9.6841856134602349 9.873438997578976 9.9734389975789757 10.20279183526422 10.30279183526422 11.343667416437958 11.443667416437957 12.311219549548502 12.411219549548502 13.795343775150103 13.895343775150103 14.357326083359103 14.457326083359103 14.826481681278301 14.9264816812783 15.12177395755743 15.22177395755743 17.421484221465882 17.521484221465883 18.673224476560275 18.773224476560276 19.423263608739084 19.523263608739086 21.741940480214669 21.841940480214671 23.576415600109613 23.676415600109614 23.805895772501252 23.905895772501253 24.309172917971928 24.409172917971929;
