m;7
n;14
P;39
P1;2 4 6 8 10 12 14 16 18 20 22 24 26 28 30 32 34 36 38
Q;40
M;100
h;1 1 1 1 1 1 1 1 1 1 1 1 1 1 1 1 1 1 1 1 1 1 1 1 1 1 1 1 1 1 1 1 1 1 1 1 1 1 1
Vmin;47 47 47 47 47 47 47 47 47 47 47 47 47 47 47 47 47 47 47 47 47 47 47 47 47 47 47 47 47 47 47 47 47 47 47 47 47 47 47;36 36 36 36 36 36 36 36 36 36 36 36 36 36 36 36 36 36 36 36 36 36 36 36 36 36 36 36 36 36 36 36 36 36 36 36 36 36 36;52 52 52 52 52 52 52 52 52 52 52 52 52 52 52 52 52 52 52 52 52 52 52 52 52 52 52 52 52 52 52 52 52 52 52 52 52 52 52;51 51 51 51 51 51 51 51 51 51 51 51 51 51 51 51 51 51 51 51 51 51 51 51 51 51 51 51 51 51 51 51 51 51 51 51 51 51 51;38 38 38 38 38 38 38 38 38 38 38 38 38 38 38 38 38 38 38 38 38 38 38 38 38 38 38 38 38 38 38 38 38 38 38 38 38 38 38;48 48 48 48 48 48 48 48 48 48 48 48 48 48 48 48 48 48 48 48 48 48 48 48 48 48 48 48 48 48 48 48 48 48 48 48 48 48 48;42 42 42 42 42 42 42 42 42 42 42 42 42 42 42 42 42 42 42 42 42 42 42 42 42 42 42 42 42 42 42 42 42 42 42 42 42 42 42;40 40 40 40 40 40 40 40 40 40 40 40 40 40 40 40 40 40 40 40 40 40 40 40 40 40 40 40 40 40 40 40 40 40 40 40 40 40 40;47 47 47 47 47 47 47 47 47 47 47 47 47 47 47 47 47 47 47 47 47 47 47 47 47 47 47 47 47 47 47 47 47 47 47 47 47 47 47;47 47 47 47 47 47 47 47 47 47 47 47 47 47 47 47 47 47 47 47 47 47 47 47 47 47 47 47 47 47 47 47 47 47 47 47 47 47 47;28 28 28 28 28 28 28 28 28 28 28 28 28 28 28 28 28 28 28 28 28 28 28 28 28 28 28 28 28 28 28 28 28 28 28 28 28 28 28;36 36 36 36 36 36 36 36 36 36 36 36 36 36 36 36 36 36 36 36 36 36 36 36 36 36 36 36 36 36 36 36 36 36 36 36 36 36 36;52 52 52 52 52 52 52 52 52 52 52 52 52 52 52 52 52 52 52 52 52 52 52 52 52 52 52 52 52 52 52 52 52 52 52 52 52 52 52;45 45 45 45 45 45 45 45 45 45 45 45 45 45 45 45 45 45 45 45 45 45 45 45 45 45 45 45 45 45 45 45 45 45 45 45 45 45 45;
Vmax;47 47 47 47 47 47 47 47 47 47 47 47 47 47 47 47 47 47 47 47 47 47 47 47 47 47 47 47 47 47 47 47 47 47 47 47 47 47 47;36 36 36 36 36 36 36 36 36 36 36 36 36 36 36 36 36 36 36 36 36 36 36 36 36 36 36 36 36 36 36 36 36 36 36 36 36 36 36;52 52 52 52 52 52 52 52 52 52 52 52 52 52 52 52 52 52 52 52 52 52 52 52 52 52 52 52 52 52 52 52 52 52 52 52 52 52 52;51 51 51 51 51 51 51 51 51 51 51 51 51 51 51 51 51 51 51 51 51 51 51 51 51 51 51 51 51 51 51 51 51 51 51 51 51 51 51;38 38 38 38 38 38 38 38 38 38 38 38 38 38 38 38 38 38 38 38 38 38 38 38 38 38 38 38 38 38 38 38 38 38 38 38 38 38 38;48 48 48 48 48 48 48 48 48 48 48 48 48 48 48 48 48 48 48 48 48 48 48 48 48 48 48 48 48 48 48 48 48 48 48 48 48 48 48;42 42 42 42 42 42 42 42 42 42 42 42 42 42 42 42 42 42 42 42 42 42 42 42 42 42 42 42 42 42 42 42 42 42 42 42 42 42 42;40 40 40 40 40 40 40 40 40 40 40 40 40 40 40 40 40 40 40 40 40 40 40 40 40 40 40 40 40 40 40 40 40 40 40 40 40 40 40;47 47 47 47 47 47 47 47 47 47 47 47 47 47 47 47 47 47 47 47 47 47 47 47 47 47 47 47 47 47 47 47 47 47 47 47 47 47 47;47 47 47 47 47 47 47 47 47 47 47 47 47 47 47 47 47 47 47 47 47 47 47 47 47 47 47 47 47 47 47 47 47 47 47 47 47 47 47;28 28 28 28 28 28 28 28 28 28 28 28 28 28 28 28 28 28 28 28 28 28 28 28 28 28 28 28 28 28 28 28 28 28 28 28 28 28 28;36 36 36 36 36 36 36 36 36 36 36 36 36 36 36 36 36 36 36 36 36 36 36 36 36 36 36 36 36 36 36 36 36 36 36 36 36 36 36;52 52 52 52 52 52 52 52 52 52 52 52 52 52 52 52 52 52 52 52 52 52 52 52 52 52 52 52 52 52 52 52 52 52 52 52 52 52 52;45 45 45 45 45 45 45 45 45 45 45 45 45 45 45 45 45 45 45 45 45 45 45 45 45 45 45 45 45 45 45 45 45 45 45 45 45 45 45;
d;3.000 51.679 3.000 11.721 3.000 9.227 3.000 30.540 3.000 83.291 3.000 26.896 3.000 25.450 3.000 51.076 3.000 19.726 3.000 29.847 3.000 4.161 3.000 27.145 3.000 28.051 3.000 43.510 3.000 18.560 3.000 61.178 3.000 3.227 3.000 68.666 3.000 70.230 3.000
S;15.408074584848272 15.344244797614229 13.849979232832032 13.786149445597989 12.325171587282949 12.261341800048905 12.192682255924513 12.12885246869047 10.827196368239708 10.763366581005664 10.368482493218938 10.304652705984894 9.3789027506563087 9.3150729634222653 8.7182506779828746 8.6544208907488311 8.0768734000606095 8.0130436128265661 7.9245044725275573 7.8606746852935148 7.2256382134231592 7.1618084261891166 6.7421073538633758 6.6782775666293333 5.5915616777362009 5.5277318905021584 4.9862345372605388 4.9224047500264962 4.3501554664007855 4.286325679166743 2.5141754511500611 2.4503456639160186 1.8005631757263429 1.7367333884923004 1.5404124825121635 1.4765826952781209 1.2272041778293032 1.1633743905952607 0.063829787234042548 0;21.11609737466301 21.032764041329678 19.081917331752919 18.998583998419587 17.09119623895273 17.007862905619398 16.918224056345885 16.834890723012553 15.135506369646281 15.052173036312947 14.536629921702499 14.453296588369165 13.244678591134623 13.161345257801289 12.382160607366529 12.298827274033195 11.544806938968017 11.461473605634684 11.345880839133201 11.262547505799867 10.433472111969126 10.350138778635792 9.802195711988297 9.7188623786549631 8.3000944126000409 8.216761079266707 7.5098062014234808 7.4264728680901477 6.6793696366899153 6.5960363033565823 4.2823957278903579 4.1990623945570249 3.3507352571982816 3.2674019238649481 3.0110940743908805 2.927760741057547 2.602183232166035 2.5188498988327015 1.0833333333333333 1;15.926528951689784 15.868836643997476 14.518250460444335 14.460558152752027 13.140058934659587 13.082366626967278 13.020308962085616 12.962616654393308 11.786119794370503 11.728427486678195 11.371513022717116 11.313820715024807 10.477085178477816 10.419392870785508 9.8799573435614434 9.822265035869135 9.3002509577470889 9.2425586500547805 9.1625328886306772 9.1048405809383688 8.530865308286316 8.4731730005940076 8.093827800607281 8.0361354929149726 7.0539115164154111 6.9962192087231037 6.5067889086777928 6.4490966009854853 5.9318712869391703 5.8741789792468628 4.2724278116164003 4.2147355039240928 3.6274321011372708 3.5697397934449633 3.3922958976552242 3.3346035899629167 3.1092037761149469 3.0515114684226394 2.0576923076923075 2;17.199598146820946 17.140774617409182 15.763706351825588 15.704882822413824 14.358491462790159 14.299667933378394 14.23639345153827 14.177569922126505 12.978004496220901 12.919180966809137 12.555268180025291 12.496444650613526 11.643302534918554 11.58447900550679 11.034466311082253 10.975642781670489 10.443393133389186 10.384569603977422 10.302974709976375 10.244151180564611 9.6589214908017347 9.6000979613899702 9.2133146202270328 9.1544910908152684 8.1530078206588517 8.0941842912470872 7.5951573186518679 7.5363337892401034 7.0089668023693505 6.950143272957586 5.3169852196873109 5.2581616902755464 4.6593425344929038 4.6005190050811393 4.4195958172170915 4.360772287805327 4.1309528697642595 4.072129340352495 3.0588235294117645 3;23.057355407575479 22.978408039154427 21.130237472186973 21.051290103765922 19.244291173744688 19.165343805323637 19.080422790222414 19.001475421801363 17.391532350191209 17.312584981770158 16.824175715297102 16.745228346876051 15.600221823180169 15.521274454759116 14.783099522768291 14.704152154347238 13.989817100074964 13.910869731653911 13.801360794968296 13.722413426547243 12.936973579760224 12.858026211339171 12.338922253462597 12.259974885041544 10.915878917200038 10.836931548778985 10.167184822401191 10.088237453980138 9.3804554452851807 9.3015080768641276 7.1096380580013898 7.0306906895803376 6.2270123489246858 6.1480649805036336 5.9052470178439904 5.8262996494229382 5.5178577988941377 5.4389104304730855 4.0789473684210522 4;20.08707303099726 20.02457303099726 18.561437998814693 18.498937998814693 17.06839717921455 17.00589717921455 16.938668042259415 16.876168042259415 15.601629777234709 15.539129777234709 15.152472441276872 15.089972441276872 14.183508943350965 14.121008943350965 13.536620455524895 13.474120455524895 12.908605204226012 12.846105204226012 12.759410629349899 12.696910629349899 12.075104083976843 12.012604083976843 11.601646783991223 11.539146783991223 10.475070809450031 10.412570809450031 9.8823546510676117 9.8198546510676117 9.2595272275174363 9.1970272275174363 7.4617967959177678 7.3992967959177678 6.7630514428987105 6.7005514428987105 6.5083205557931603 6.4458205557931603 6.2016374241245265 6.1391374241245265 5.0625 5;23.242369178282591 23.170940606854018 21.498786284359653 21.42735771293108 19.792453919102343 19.72102534767377 19.644192048296475 19.572763476867902 18.116148316839666 18.044719745411093 17.602825647173567 17.531397075744994 16.495438792401099 16.424010220972526 15.75613766345702 15.684709092028449 15.038405947686869 14.966977376258297 14.86789786211417 14.796469290685598 14.085833238830677 14.014404667402106 13.544739181704253 13.473310610275682 12.257223782228605 12.185795210800034 11.579833886934411 11.50840531550584 10.868031117162783 10.796602545734212 8.8134820524774486 8.7420534810488775 8.0149159347413832 7.943487363312812 7.7237949209064682 7.6523663494778971 7.3732999132851722 7.301871341856601 6.0714285714285712 6;0 0.063829787234042548 1.195289284212282 1.2591190714463245 1.5084975888951422 1.5723273761291847 1.7686482821093217 1.8324780693433642 2.4822605575330399 2.5460903447670824 4.3182405727837647 4.3820703600178073 4.9543196436435171 5.0181494308775596 5.5596467841191792 5.6234765713532218 6.7101924602463541 6.7740222474803966 7.1937233198061374 7.25755310704018 7.8925895789105356 7.9564193661445781 8.0449585064435869 8.1087882936776303 8.686335784365852 8.7501655715998954 9.3469878570392861 9.4108176442733296 10.336567599601915 10.400397386835959 10.795281474622685 10.859111261856729 12.160767362307491 12.224597149541534 12.293256693665926 12.357086480899969 13.81806433921501 13.881894126449053 15.376159691231249 15.439989478465293;1 1.0833333333333333 2.560516565499368 2.6438498988327015 2.9694274077242135 3.052760741057547 3.3090685905316146 3.3924019238649481 4.240729061223691 4.324062394557024 6.6377029700232484 6.7210363033565814 7.4681395347568138 7.5514728680901468 8.258427745933373 8.341761079266707 9.7605290453216291 9.8438623786549631 10.391805445302458 10.475138778635792 11.304214172466533 11.387547505799867 11.50314027230135 11.586473605634684 12.340493940699861 12.423827274033195 13.203011924467955 13.286345257801289 14.494963255035831 14.578296588369165 15.093839702979613 15.177173036312947 16.87655738967922 16.959890723012553 17.049529572286065 17.132862905619398 19.040250665086255 19.123583998419587 21.074430707996346 21.157764041329678;2 2.0576923076923075 3.0803576222687932 3.1380499299611007 3.3634497438090705 3.421142051501378 3.598585947291117 3.6562782549834245 4.243581657770247 4.3012739654625545 5.903025133093017 5.9607174407853245 6.4779427548316395 6.535635062523947 7.0250653625692578 7.0827576702615653 8.0649816467611277 8.1226739544534361 8.5020191544401627 8.559711462132471 9.1336867347845239 9.1913790424768322 9.2714048039009356 9.329097111593244 9.8511111897152901 9.9088034974075985 10.448239024631663 10.505931332323971 11.342666868870962 11.400359176563271 11.75727364052435 11.814965948216658 12.991462808239461 13.04915511593177 13.111212780813432 13.16890508850574 14.48940430659818 14.547096614290489 15.897682797843629 15.955375105535937;3 3.0588235294117645 4.1015411050583772 4.1603646344701417 4.3901840525112092 4.4490075819229737 4.6299307697870216 4.6887542991987861 5.2875734549814286 5.3463969843931931 6.9795550376634683 7.0383785670752328 7.5657455539459857 7.6245690833577502 8.1235960559529694 8.1824195853647339 9.1839028555211506 9.2427263849329151 9.6295097260958524 9.6883332555076169 10.273562945270493 10.332386474682258 10.413981368683304 10.472804898095069 11.005054546376371 11.063878075788136 11.613890770212672 11.672714299624436 12.525856415319408 12.584679944731173 12.948592731515019 13.007416260926783 14.206981686832387 14.265805216244152 14.329079698084277 14.387903227496041 15.734294587119706 15.79311811653147 17.170186382115062 17.229009911526827;4 4.0789473684210522 5.4783841146836121 5.5573314831046643 5.8657733336334648 5.944720702054517 6.1875386647141601 6.2664860331352124 7.0701643737908642 7.1491117422119164 9.3409817610746551 9.4199291294957082 10.127711138190666 10.206658506611719 10.876405232989512 10.955352601410565 12.299448569252071 12.378395937673124 12.897499895549698 12.976447263970751 13.761887110757771 13.840834479178824 13.950343415864438 14.029290784285491 14.743625838557765 14.822573206978818 15.560748138969643 15.639695507390696 16.784702031086578 16.863649399507629 17.352058665980685 17.431006034401737 19.04094910601189 19.119896474432942 19.204817489534165 19.283764857955216 21.090763787976449 21.169711156397501 23.017881723364955 23.096829091786006;5 5.0625 6.1703874241245265 6.2328874241245265 6.4770705557931603 6.5395705557931603 6.7318014428987105 6.7943014428987105 7.4305467959177678 7.4930467959177678 9.2282772275174363 9.2907772275174363 9.8511046510676117 9.9136046510676117 10.443820809450031 10.506320809450031 11.570396783991223 11.632896783991223 12.043854083976843 12.106354083976843 12.728160629349899 12.790660629349899 12.877355204226012 12.939855204226012 13.505370455524895 13.567870455524895 14.152258943350965 14.214758943350965 15.121222441276872 15.183722441276872 15.570379777234709 15.632879777234709 16.907418042259415 16.969918042259415 17.03714717921455 17.09964717921455 18.530187998814693 18.592687998814693 20.05582303099726 20.11832303099726;6 6.0714285714285712 7.3375856275708866 7.4090141989994578 7.6880806351921827 7.7595092066207538 7.9792016490270976 8.0506302204556697 8.7777677667631639 8.8491963381917351 10.832316831448498 10.903745402877069 11.544119601220126 11.615548172648698 12.221509496514321 12.292938067942892 13.509024895989969 13.58045346741854 14.050118953116392 14.121547524544964 14.832183576399885 14.903612147828456 15.002691661972584 15.074120233401155 15.720423377742737 15.791851949171308 16.459724506686818 16.531153078115391 17.567111361459286 17.638539932887859 18.080434031125385 18.151862602553958 19.608477762582194 19.679906334010766 19.756739633388062 19.828168204816635 21.463071998645372 21.534500570073945 23.206654892568309 23.278083463996882;
