m;7
n;14
P;19
P1;2 4 6 8 10 12 14 16 18
Q;20
M;100
h;1 1 1 1 1 1 1 1 1 1 1 1 1 1 1 1 1 1 1
Vmin;40 40 40 40 40 40 40 40 40 40 40 40 40 40 40 40 40 40 40;40 40 40 40 40 40 40 40 40 40 40 40 40 40 40 40 40 40 40;40 40 40 40 40 40 40 40 40 40 40 40 40 40 40 40 40 40 40;40 40 40 40 40 40 40 40 40 40 40 40 40 40 40 40 40 40 40;40 40 40 40 40 40 40 40 40 40 40 40 40 40 40 40 40 40 40;40 40 40 40 40 40 40 40 40 40 40 40 40 40 40 40 40 40 40;40 40 40 40 40 40 40 40 40 40 40 40 40 40 40 40 40 40 40;40 40 40 40 40 40 40 40 40 40 40 40 40 40 40 40 40 40 40;40 40 40 40 40 40 40 40 40 40 40 40 40 40 40 40 40 40 40;40 40 40 40 40 40 40 40 40 40 40 40 40 40 40 40 40 40 40;40 40 40 40 40 40 40 40 40 40 40 40 40 40 40 40 40 40 40;40 40 40 40 40 40 40 40 40 40 40 40 40 40 40 40 40 40 40;40 40 40 40 40 40 40 40 40 40 40 40 40 40 40 40 40 40 40;40 40 40 40 40 40 40 40 40 40 40 40 40 40 40 40 40 40 40;
Vmax;40 40 40 40 40 40 40 40 40 40 40 40 40 40 40 40 40 40 40;40 40 40 40 40 40 40 40 40 40 40 40 40 40 40 40 40 40 40;40 40 40 40 40 40 40 40 40 40 40 40 40 40 40 40 40 40 40;40 40 40 40 40 40 40 40 40 40 40 40 40 40 40 40 40 40 40;40 40 40 40 40 40 40 40 40 40 40 40 40 40 40 40 40 40 40;40 40 40 40 40 40 40 40 40 40 40 40 40 40 40 40 40 40 40;40 40 40 40 40 40 40 40 40 40 40 40 40 40 40 40 40 40 40;40 40 40 40 40 40 40 40 40 40 40 40 40 40 40 40 40 40 40;40 40 40 40 40 40 40 40 40 40 40 40 40 40 40 40 40 40 40;40 40 40 40 40 40 40 40 40 40 40 40 40 40 40 40 40 40 40;40 40 40 40 40 40 40 40 40 40 40 40 40 40 40 40 40 40 40;40 40 40 40 40 40 40 40 40 40 40 40 40 40 40 40 40 40 40;40 40 40 40 40 40 40 40 40 40 40 40 40 40 40 40 40 40 40;40 40 40 40 40 40 40 40 40 40 40 40 40 40 40 40 40 40 40;
d;3 56.6666666666667 3 56.6666666666667 3 56.6666666666667 3 56.6666666666667 3 56.6666666666667 3 56.6666666666667 3 56.6666666666667 3 56.6666666666667 3 56.6666666666667 3
S;13.499999999999996 13.424999999999997 12.008333333333331 11.933333333333332 10.516666666666666 10.441666666666666 9.0250000000000004 8.9500000000000011 7.5333333333333341 7.4583333333333339 6.041666666666667 5.9666666666666668 4.5499999999999998 4.4749999999999996 3.0583333333333331 2.9833333333333329 1.5666666666666664 1.4916666666666665 0.074999999999999997 0;13.83333333333333 13.758333333333331 12.341666666666665 12.266666666666666 10.85 10.775 9.3583333333333343 9.283333333333335 7.866666666666668 7.7916666666666679 6.3750000000000009 6.3000000000000007 4.8833333333333337 4.8083333333333336 3.3916666666666666 3.3166666666666664 1.8999999999999997 1.8249999999999997 0.40833333333333333 0.33333333333333331;14.166666666666661 14.091666666666661 12.674999999999995 12.599999999999996 11.18333333333333 11.108333333333331 9.6916666666666647 9.6166666666666654 8.1999999999999993 8.125 6.708333333333333 6.6333333333333329 5.2166666666666668 5.1416666666666666 3.7250000000000001 3.6499999999999999 2.2333333333333334 2.1583333333333332 0.74166666666666659 0.66666666666666663;14.499999999999995 14.424999999999995 13.008333333333329 12.93333333333333 11.516666666666664 11.441666666666665 10.024999999999999 9.9499999999999993 8.5333333333333332 8.4583333333333339 7.041666666666667 6.9666666666666668 5.5499999999999998 5.4749999999999996 4.0583333333333327 3.9833333333333329 2.5666666666666664 2.4916666666666663 1.075 1;14.833333333333329 14.758333333333329 13.341666666666663 13.266666666666664 11.849999999999998 11.774999999999999 10.358333333333333 10.283333333333333 8.8666666666666671 8.7916666666666679 7.3750000000000009 7.3000000000000007 5.8833333333333337 5.8083333333333336 4.3916666666666666 4.3166666666666664 2.8999999999999999 2.8249999999999997 1.4083333333333332 1.3333333333333333;15.166666666666663 15.091666666666663 13.674999999999997 13.599999999999998 12.183333333333332 12.108333333333333 10.691666666666666 10.616666666666667 9.2000000000000011 9.1250000000000018 7.7083333333333348 7.6333333333333346 6.2166666666666677 6.1416666666666675 4.7250000000000005 4.6500000000000004 3.2333333333333334 3.1583333333333332 1.7416666666666667 1.6666666666666667;15.499999999999993 15.424999999999994 14.008333333333328 13.933333333333328 12.516666666666662 12.441666666666663 11.024999999999997 10.949999999999998 9.5333333333333314 9.4583333333333321 8.0416666666666661 7.9666666666666668 6.5499999999999998 6.4749999999999996 5.0583333333333336 4.9833333333333334 3.5666666666666669 3.4916666666666667 2.0750000000000002 2;0 0.074999999999999997 1.4916666666666665 1.5666666666666664 2.9833333333333329 3.0583333333333331 4.4749999999999996 4.5499999999999998 5.9666666666666668 6.041666666666667 7.4583333333333339 7.5333333333333341 8.9500000000000011 9.0250000000000004 10.441666666666666 10.516666666666666 11.933333333333332 12.008333333333331 13.424999999999997 13.499999999999996;0.33333333333333331 0.40833333333333333 1.8249999999999997 1.8999999999999997 3.3166666666666664 3.3916666666666666 4.8083333333333336 4.8833333333333337 6.3000000000000007 6.3750000000000009 7.7916666666666679 7.866666666666668 9.283333333333335 9.3583333333333343 10.775 10.85 12.266666666666666 12.341666666666665 13.758333333333331 13.83333333333333;0.66666666666666663 0.74166666666666659 2.1583333333333332 2.2333333333333334 3.6499999999999999 3.7250000000000001 5.1416666666666666 5.2166666666666668 6.6333333333333329 6.708333333333333 8.125 8.1999999999999993 9.6166666666666654 9.6916666666666647 11.108333333333331 11.18333333333333 12.599999999999996 12.674999999999995 14.091666666666661 14.166666666666661;1 1.075 2.4916666666666663 2.5666666666666664 3.9833333333333329 4.0583333333333327 5.4749999999999996 5.5499999999999998 6.9666666666666668 7.041666666666667 8.4583333333333339 8.5333333333333332 9.9499999999999993 10.024999999999999 11.441666666666665 11.516666666666664 12.93333333333333 13.008333333333329 14.424999999999995 14.499999999999995;1.3333333333333333 1.4083333333333332 2.8249999999999997 2.8999999999999999 4.3166666666666664 4.3916666666666666 5.8083333333333336 5.8833333333333337 7.3000000000000007 7.3750000000000009 8.7916666666666679 8.8666666666666671 10.283333333333333 10.358333333333333 11.774999999999999 11.849999999999998 13.266666666666664 13.341666666666663 14.758333333333329 14.833333333333329;1.6666666666666667 1.7416666666666667 3.1583333333333332 3.2333333333333334 4.6500000000000004 4.7250000000000005 6.1416666666666675 6.2166666666666677 7.6333333333333346 7.7083333333333348 9.1250000000000018 9.2000000000000011 10.616666666666667 10.691666666666666 12.108333333333333 12.183333333333332 13.599999999999998 13.674999999999997 15.091666666666663 15.166666666666663;2 2.0750000000000002 3.4916666666666667 3.5666666666666669 4.9833333333333334 5.0583333333333336 6.4749999999999996 6.5499999999999998 7.9666666666666668 8.0416666666666661 9.4583333333333321 9.5333333333333314 10.949999999999998 11.024999999999997 12.441666666666663 12.516666666666662 13.933333333333328 14.008333333333328 15.424999999999994 15.499999999999993;
