m;3
n;6
P;19
P1;2 4 6 8 10 12 14 16 18
Q;20
M;100
h;1 1 1 1 1 1 1 1 1 1 1 1 1 1 1 1 1 1 1
Vmin;40 40 40 40 40 40 40 40 40 40 40 40 40 40 40 40 40 40 40;40 40 40 40 40 40 40 40 40 40 40 40 40 40 40 40 40 40 40;40 40 40 40 40 40 40 40 40 40 40 40 40 40 40 40 40 40 40;40 40 40 40 40 40 40 40 40 40 40 40 40 40 40 40 40 40 40;40 40 40 40 40 40 40 40 40 40 40 40 40 40 40 40 40 40 40;40 40 40 40 40 40 40 40 40 40 40 40 40 40 40 40 40 40 40;
Vmax;40 40 40 40 40 40 40 40 40 40 40 40 40 40 40 40 40 40 40;40 40 40 40 40 40 40 40 40 40 40 40 40 40 40 40 40 40 40;40 40 40 40 40 40 40 40 40 40 40 40 40 40 40 40 40 40 40;40 40 40 40 40 40 40 40 40 40 40 40 40 40 40 40 40 40 40;40 40 40 40 40 40 40 40 40 40 40 40 40 40 40 40 40 40 40;40 40 40 40 40 40 40 40 40 40 40 40 40 40 40 40 40 40 40;
d;3 56.6666666666667 3 56.6666666666667 3 56.6666666666667 3 56.6666666666667 3 56.6666666666667 3 56.6666666666667 3 56.6666666666667 3 56.6666666666667 3 56.6666666666667 3
S;13.499999999999996 13.424999999999997 12.008333333333331 11.933333333333332 10.516666666666666 10.441666666666666 9.0250000000000004 8.9500000000000011 7.5333333333333341 7.4583333333333339 6.041666666666667 5.9666666666666668 4.5499999999999998 4.4749999999999996 3.0583333333333331 2.9833333333333329 1.5666666666666664 1.4916666666666665 0.074999999999999997 0;13.83333333333333 13.758333333333331 12.341666666666665 12.266666666666666 10.85 10.775 9.3583333333333343 9.283333333333335 7.866666666666668 7.7916666666666679 6.3750000000000009 6.3000000000000007 4.8833333333333337 4.8083333333333336 3.3916666666666666 3.3166666666666664 1.8999999999999997 1.8249999999999997 0.40833333333333333 0.33333333333333331;14.166666666666661 14.091666666666661 12.674999999999995 12.599999999999996 11.18333333333333 11.108333333333331 9.6916666666666647 9.6166666666666654 8.1999999999999993 8.125 6.708333333333333 6.6333333333333329 5.2166666666666668 5.1416666666666666 3.7250000000000001 3.6499999999999999 2.2333333333333334 2.1583333333333332 0.74166666666666659 0.66666666666666663;0 0.074999999999999997 1.4916666666666665 1.5666666666666664 2.9833333333333329 3.0583333333333331 4.4749999999999996 4.5499999999999998 5.9666666666666668 6.041666666666667 7.4583333333333339 7.5333333333333341 8.9500000000000011 9.0250000000000004 10.441666666666666 10.516666666666666 11.933333333333332 12.008333333333331 13.424999999999997 13.499999999999996;0.33333333333333331 0.40833333333333333 1.8249999999999997 1.8999999999999997 3.3166666666666664 3.3916666666666666 4.8083333333333336 4.8833333333333337 6.3000000000000007 6.3750000000000009 7.7916666666666679 7.866666666666668 9.283333333333335 9.3583333333333343 10.775 10.85 12.266666666666666 12.341666666666665 13.758333333333331 13.83333333333333;0.66666666666666663 0.74166666666666659 2.1583333333333332 2.2333333333333334 3.6499999999999999 3.7250000000000001 5.1416666666666666 5.2166666666666668 6.6333333333333329 6.708333333333333 8.125 8.1999999999999993 9.6166666666666654 9.6916666666666647 11.108333333333331 11.18333333333333 12.599999999999996 12.674999999999995 14.091666666666661 14.166666666666661;
