m;3
n;6
P;19
P1;2 4 6 8 10 12 14 16 18
Q;20
M;100
h;1 1 1 1 1 1 1 1 1 1 1 1 1 1 1 1 1 1 1
Vmin;47 47 47 47 47 47 47 47 47 47 47 47 47 47 47 47 47 47 47;32 32 32 32 32 32 32 32 32 32 32 32 32 32 32 32 32 32 32;52 52 52 52 52 52 52 52 52 52 52 52 52 52 52 52 52 52 52;37 37 37 37 37 37 37 37 37 37 37 37 37 37 37 37 37 37 37;28 28 28 28 28 28 28 28 28 28 28 28 28 28 28 28 28 28 28;44 44 44 44 44 44 44 44 44 44 44 44 44 44 44 44 44 44 44;
Vmax;47 47 47 47 47 47 47 47 47 47 47 47 47 47 47 47 47 47 47;32 32 32 32 32 32 32 32 32 32 32 32 32 32 32 32 32 32 32;52 52 52 52 52 52 52 52 52 52 52 52 52 52 52 52 52 52 52;37 37 37 37 37 37 37 37 37 37 37 37 37 37 37 37 37 37 37;28 28 28 28 28 28 28 28 28 28 28 28 28 28 28 28 28 28 28;44 44 44 44 44 44 44 44 44 44 44 44 44 44 44 44 44 44 44;
d;3.000 25.464 3.000 8.435 3.000 77.914 3.000 51.774 3.000 97.494 3.000 4.576 3.000 17.034 3.000 20.672 3.000 19.472 3.000
S;0.92685733607056142 0.92579350628332735 0.91888838214688662 0.91782455235965255 0.9104940038335444 0.90943017404631032 0.90338985799162053 0.90232602820438657 0.90070324906807209 0.89963941928083802 0.86506705346964685 0.86400322368241289 0.84564368764926034 0.84457985786202627 0.81695086202042622 0.81588703223319214 0.81289605975108625 0.81183222996385218 0.80280243710778798 0.80173860732055391;1.1853425804732287 1.1837800804732288 1.1736381793978312 1.1720756793978313 1.1613089362501099 1.15974643625011 1.1508747220447844 1.1493122220447844 1.1469287651883227 1.1453662651883225 1.0945881029031355 1.0930256029031356 1.0660600343544426 1.0644975343544427 1.0239174467120926 1.0223549467120925 1.0179619558789996 1.0163994558789995 1.0031369476216552 1.0015744476216553;1.6327871435222183 1.6318256050606799 1.6255844351681277 1.6246228967065892 1.6179972086156837 1.6170356701541453 1.6115761537200988 1.6106146152585603 1.6091478725776609 1.6081863341161224 1.5769382342483149 1.5759766957867767 1.5593824997568118 1.5584209612952733 1.5334485996692115 1.5324870612076731 1.5297836822334621 1.5288221437719236 1.5206606002289427 1.5196990617674042;1.7640286651725767 1.7650924949598106 1.774654202709492 1.7757180324967261 1.7787090049788319 1.779772834766066 1.807401830607666 1.8084656603949001 1.8268251964280526 1.8278890262152865 1.8624613920264779 1.8635252218137119 1.8651480009500263 1.8662118307372604 1.8722521467919502 1.8733159765791842 1.8806465251052922 1.8817103548925262 1.8886154790289671 1.8896793088162012;2.3244027238352714 2.3259652238352713 2.3400089820926158 2.3415714820926161 2.3459644729257088 2.3475269729257087 2.3881070605680592 2.3896695605680591 2.4166351291167518 2.4181976291167522 2.468975791401939 2.4705382914019389 2.4729217482584009 2.4744842482584009 2.4833559624637265 2.4849184624637264 2.4956852056114482 2.4972477056114482 2.5073896066868455 2.5089521066868459;2.4992884614460396 2.5002499999075782 2.5088923126813283 2.509853851142867 2.512557230117078 2.5135187685786167 2.5384911302046782 2.5394526686662169 2.556046864696182 2.5570084031577207 2.5882565030255278 2.5892180414870665 2.5906847841679665 2.5916463226295052 2.5971058390635515 2.5980673775250902 2.6046930656159959 2.6056546040775346 2.6118957739700863 2.612857312431625;
