m;2
n;4
P;19
P1;2 4 6 8 10 12 14 16 18
Q;20
M;100
h;1 1 1 1 1 1 1 1 1 1 1 1 1 1 1 1 1 1 1
Vmin;47 47 47 47 47 47 47 47 47 47 47 47 47 47 47 47 47 47 47;52 52 52 52 52 52 52 52 52 52 52 52 52 52 52 52 52 52 52;40 40 40 40 40 40 40 40 40 40 40 40 40 40 40 40 40 40 40;28 28 28 28 28 28 28 28 28 28 28 28 28 28 28 28 28 28 28;
Vmax;47 47 47 47 47 47 47 47 47 47 47 47 47 47 47 47 47 47 47;52 52 52 52 52 52 52 52 52 52 52 52 52 52 52 52 52 52 52;40 40 40 40 40 40 40 40 40 40 40 40 40 40 40 40 40 40 40;28 28 28 28 28 28 28 28 28 28 28 28 28 28 28 28 28 28 28;
d;3.000 3.146 3.000 18.614 3.000 28.488 3.000 20.525 3.000 54.681 3.000 17.253 3.000 78.622 3.000 41.122 3.000 30.698 3.000
S;0.62959150704484446 0.62852767725761038 0.61764182471014473 0.61657799492291077 0.60199569891077021 0.60093186912353624 0.57305164430651656 0.57198781451928249 0.565869684293135 0.56480585450590093 0.54541543051607111 0.54435160072883704 0.53707320384489488 0.53600937405766091 0.52590723887546797 0.5248434090882339 0.5182427927024772 0.51717896291524312 0.51606325784074902 0.51499942805351506;0.82169417216046059 0.82073263369892213 0.81089349774255892 0.80993195928102046 0.7967518071162013 0.79579026865466285 0.77059083468543355 0.76962929622389509 0.76409944775026173 0.76313790928872327 0.74561194914406947 0.74465041068253102 0.73807185965281408 0.73711032119127562 0.72797954516121666 0.7270180066996782 0.72105206496639807 0.72009052650485961 0.71908210076445145 0.71812056230291299;1.0021347882069984 1.0031986179942325 1.0048462379623435 1.0059100677495776 1.0125106841353344 1.0135745139225683 1.0236766491047613 1.0247404788919954 1.0320188757759374 1.0330827055631715 1.0524731295530014 1.0535369593402355 1.059655089566383 1.0607189193536171 1.0885991441706366 1.0896629739578707 1.1042452699700112 1.1053090997572452 1.1161949523047108 1.1172587820919448;1.4698462299148314 1.4708077683763698 1.4722969633475469 1.4732585018090854 1.4792244435423654 1.4801859820039038 1.4893167580339628 1.4902782964955013 1.4968568475252184 1.4978183859867569 1.5153443461314107 1.5163058845929491 1.5218357330665824 1.5227972715281208 1.5479967054973502 1.5489582439588887 1.5621383961237079 1.5630999345852463 1.5729390705416093 1.5739006090031478;
