m;8
n;16
P;19
P1;2 4 6 8 10 12 14 16 18
Q;20
M;100
h;1 1 1 1 1 1 1 1 1 1 1 1 1 1 1 1 1 1 1
Vmin;40 40 40 40 40 40 40 40 40 40 40 40 40 40 40 40 40 40 40;40 40 40 40 40 40 40 40 40 40 40 40 40 40 40 40 40 40 40;49 49 49 49 49 49 49 49 49 49 49 49 49 49 49 49 49 49 49;52 52 52 52 52 52 52 52 52 52 52 52 52 52 52 52 52 52 52;42 42 42 42 42 42 42 42 42 42 42 42 42 42 42 42 42 42 42;33 33 33 33 33 33 33 33 33 33 33 33 33 33 33 33 33 33 33;43 43 43 43 43 43 43 43 43 43 43 43 43 43 43 43 43 43 43;33 33 33 33 33 33 33 33 33 33 33 33 33 33 33 33 33 33 33;40 40 40 40 40 40 40 40 40 40 40 40 40 40 40 40 40 40 40;39 39 39 39 39 39 39 39 39 39 39 39 39 39 39 39 39 39 39;42 42 42 42 42 42 42 42 42 42 42 42 42 42 42 42 42 42 42;40 40 40 40 40 40 40 40 40 40 40 40 40 40 40 40 40 40 40;49 49 49 49 49 49 49 49 49 49 49 49 49 49 49 49 49 49 49;49 49 49 49 49 49 49 49 49 49 49 49 49 49 49 49 49 49 49;28 28 28 28 28 28 28 28 28 28 28 28 28 28 28 28 28 28 28;43 43 43 43 43 43 43 43 43 43 43 43 43 43 43 43 43 43 43;
Vmax;40 40 40 40 40 40 40 40 40 40 40 40 40 40 40 40 40 40 40;40 40 40 40 40 40 40 40 40 40 40 40 40 40 40 40 40 40 40;49 49 49 49 49 49 49 49 49 49 49 49 49 49 49 49 49 49 49;52 52 52 52 52 52 52 52 52 52 52 52 52 52 52 52 52 52 52;42 42 42 42 42 42 42 42 42 42 42 42 42 42 42 42 42 42 42;33 33 33 33 33 33 33 33 33 33 33 33 33 33 33 33 33 33 33;43 43 43 43 43 43 43 43 43 43 43 43 43 43 43 43 43 43 43;33 33 33 33 33 33 33 33 33 33 33 33 33 33 33 33 33 33 33;40 40 40 40 40 40 40 40 40 40 40 40 40 40 40 40 40 40 40;39 39 39 39 39 39 39 39 39 39 39 39 39 39 39 39 39 39 39;42 42 42 42 42 42 42 42 42 42 42 42 42 42 42 42 42 42 42;40 40 40 40 40 40 40 40 40 40 40 40 40 40 40 40 40 40 40;49 49 49 49 49 49 49 49 49 49 49 49 49 49 49 49 49 49 49;49 49 49 49 49 49 49 49 49 49 49 49 49 49 49 49 49 49 49;28 28 28 28 28 28 28 28 28 28 28 28 28 28 28 28 28 28 28;43 43 43 43 43 43 43 43 43 43 43 43 43 43 43 43 43 43 43;
d;3.000 43.295 3.000 82.976 3.000 57.742 3.000 18.554 3.000 64.202 3.000 31.649 3.000 31.549 3.000 11.778 3.000 3.376 3.000
S;0.24671464673750826 0.24546464673750826 0.24405795075537642 0.24280795075537645 0.23790027982136439 0.23665027982136438 0.22350495065604592 0.22225495065604592 0.20906802233147637 0.20781802233147637 0.18106704754788649 0.17981704754788649 0.17208604891111826 0.17083604891111825 0.14677698152803792 0.14552698152803792 0.11095384368256143 0.10970384368256143 0.09166424118440139 0.090414241184401389;0.39311803580294696 0.39186803580294699 0.39046133982081516 0.38921133982081518 0.38430366888680306 0.38305366888680309 0.36990833972148462 0.36865833972148465 0.35547141139691507 0.35422141139691504 0.32747043661332514 0.32622043661332517 0.31848943797655693 0.31723943797655696 0.29318037059347662 0.29193037059347665 0.25735723274800015 0.25610723274800018 0.23806763024984015 0.23681763024984015;0.64068853851353114 0.63966813035026582 0.63851980709954603 0.63749939893628071 0.63349313694933196 0.63247272878606664 0.62174184783478625 0.62072143967152094 0.60995660022289278 0.60893619205962746 0.58709866162404389 0.58607825346077858 0.5797672341654575 0.57874682600219218 0.55910677099559603 0.55808636283233071 0.52986339316255404 0.52884298499928872 0.51411677887834173 0.51309637071507641;1.1371713874052789 1.1362098489437404 1.1351277751113316 1.1341662366497931 1.1303911051620914 1.1294295667005529 1.1193177750349235 1.118356236573385 1.1082124455544855 1.107250907092947 1.0866732341824934 1.0857116957209549 1.0797647736926714 1.0788032352311332 1.0602962603210713 1.0593347218595328 1.0327400004399354 1.031778461978397 1.01790184467212 1.0169403062105815;1.4758585254953125 1.4746680493048363 1.4733283388456633 1.4721378626551871 1.4674638903370802 1.4662734141466041 1.4537540530367772 1.452563576846301 1.4400045974895681 1.4388141212990919 1.4133370024575778 1.4121465262671016 1.4047836704225605 1.4035931942320843 1.3806797967243889 1.3794893205339127 1.3465625225858397 1.3453720463953638 1.3281914725875921 1.3270009963971161;2.2541512364115719 2.2526360848964204 2.2509309988574726 2.2494158473423211 2.2434671553010945 2.2419520037859426 2.2260182714643451 2.2245031199491931 2.2085189644042607 2.2070038128891087 2.174578388909 2.1730632373938485 2.1636923299553414 2.16217717844019 2.1330146725213051 2.1314995210061536 2.0895926872540609 2.0880775357389094 2.066211350892655 2.064696199377503;2.6108638258033818 2.6097010351057071 2.6083924807037238 2.6072296900060494 2.6026644147185962 2.6015016240209214 2.5892734108438811 2.5881106201462063 2.5758437100768394 2.5746809193791647 2.5497962916734997 2.548633500975825 2.5414418743369707 2.5402790836392963 2.5178985558410818 2.5167357651434075 2.484574706682499 2.4834119159848242 2.4666308904051406 2.4654680997074658;2.7676936924330184 2.7661785409178665 2.7644734548789192 2.7629583033637677 2.7570096113225406 2.7554944598073892 2.7395607274857912 2.7380455759706397 2.7220614204257072 2.7205462689105553 2.6881208449304466 2.6866056934152951 2.677234785976788 2.6757196344616365 2.6465571285427516 2.6450419770276001 2.6031351432755074 2.601619991760356 2.5797538069141011 2.5782386553989496;2.7754494860377616 2.7766994860377614 2.795364088535921 2.7966140885359208 2.8311872263813971 2.8324372263813968 2.8564962937644776 2.8577462937644773 2.8654772924012453 2.866727292401245 2.8934782671848347 2.8947282671848344 2.9079151955094042 2.909165195509404 2.9223105246747223 2.923560524674722 2.9284681956087346 2.9297181956087344 2.9311248915908661 2.9323748915908658;3.1067534529092438 3.1080034529092435 3.1266680554074031 3.1279180554074033 3.1624911932528792 3.1637411932528794 3.1878002606359597 3.1890502606359594 3.1967812592727274 3.1980312592727271 3.2247822340563173 3.226032234056317 3.2392191623808864 3.2404691623808861 3.2536144915462044 3.2548644915462046 3.2597721624802167 3.2610221624802165 3.2624288584623482 3.263678858462348;3.3122598603240077 3.3132802684872731 3.3285166786898523 3.3295370868531173 3.3577600565228942 3.3587804646861597 3.3784205196927553 3.3794409278560207 3.3857519471513413 3.3867723553146063 3.4086098857501899 3.4096302939134548 3.4203951333620832 3.4214155415253482 3.4321464224766287 3.4331668306398937 3.4371730926268427 3.4381935007901077 3.4393418240408278 3.4403622322040928;3.5901606188326856 3.5911221572942242 3.6054795438312706 3.6064410822928092 3.6330358037124069 3.6339973421739455 3.6525043170840075 3.6534658555455461 3.659412777573829 3.6603743160353677 3.6809519889458215 3.6819135274073602 3.6920573184262597 3.6930188568877984 3.7031306485534281 3.7040921870149668 3.7078673185026689 3.7088288569642076 3.7099109307966165 3.7108724692581552;4.0109013429948615 4.0120918191853381 4.0298676310883472 4.0310581072788239 4.0639849052268966 4.0651753814173732 4.0880887789250684 4.089279255115545 4.0966421109600866 4.0978325871505623 4.1233097059920771 4.1245001821825538 4.1370591615392867 4.1382496377297624 4.1507689988395899 4.1519594750300666 4.156633447348173 4.1578239235386496 4.1591636339978226 4.1603541101882993;4.4829041125203783 4.4844192640355294 4.5070430246393602 4.5085581761545113 4.5504650099066044 4.5519801614217554 4.5811426673406412 4.5826578188557923 4.5920287262942994 4.5935438778094504 4.6259693017895591 4.627484453304711 4.643468608849644 4.644983760364795 4.6609174926863934 4.6624326442015445 4.6683813362427715 4.6698964877579225 4.6716015737968695 4.6731167253120214;4.877176341591233 4.8783391322889065 4.8957015532174273 4.8968643439151016 4.9290254023760101 4.9301881930736844 4.9525687208718985 4.9537315115695728 4.9609231382084271 4.9620859289061015 4.9869705566117659 4.9881333473094402 5.000400257378808 5.0015630480764814 5.0137912612535214 5.0149540519511957 5.0195193272386494 5.0206821179363228 5.0219906723383065 5.0231534630359809;5.2540372307259382 5.2555523822410892 5.2781761428449192 5.2796912943600711 5.3215981281121634 5.3231132796273153 5.3522757855462002 5.3537909370613512 5.3631618444998583 5.3646769960150094 5.397102419995119 5.39861757151027 5.4146017270552029 5.416116878570354 5.4320506108919524 5.4335657624071034 5.4395144544483305 5.4410296059634815 5.4427346920024293 5.4442498435175803;
