m;5
n;10
P;19
P1;2 4 6 8 10 12 14 16 18
Q;20
M;100
h;1 1 1 1 1 1 1 1 1 1 1 1 1 1 1 1 1 1 1
Vmin;52 52 52 52 52 52 52 52 52 52 52 52 52 52 52 52 52 52 52;50 50 50 50 50 50 50 50 50 50 50 50 50 50 50 50 50 50 50;42 42 42 42 42 42 42 42 42 42 42 42 42 42 42 42 42 42 42;38 38 38 38 38 38 38 38 38 38 38 38 38 38 38 38 38 38 38;32 32 32 32 32 32 32 32 32 32 32 32 32 32 32 32 32 32 32;47 47 47 47 47 47 47 47 47 47 47 47 47 47 47 47 47 47 47;28 28 28 28 28 28 28 28 28 28 28 28 28 28 28 28 28 28 28;48 48 48 48 48 48 48 48 48 48 48 48 48 48 48 48 48 48 48;35 35 35 35 35 35 35 35 35 35 35 35 35 35 35 35 35 35 35;37 37 37 37 37 37 37 37 37 37 37 37 37 37 37 37 37 37 37;
Vmax;52 52 52 52 52 52 52 52 52 52 52 52 52 52 52 52 52 52 52;50 50 50 50 50 50 50 50 50 50 50 50 50 50 50 50 50 50 50;42 42 42 42 42 42 42 42 42 42 42 42 42 42 42 42 42 42 42;38 38 38 38 38 38 38 38 38 38 38 38 38 38 38 38 38 38 38;32 32 32 32 32 32 32 32 32 32 32 32 32 32 32 32 32 32 32;47 47 47 47 47 47 47 47 47 47 47 47 47 47 47 47 47 47 47;28 28 28 28 28 28 28 28 28 28 28 28 28 28 28 28 28 28 28;48 48 48 48 48 48 48 48 48 48 48 48 48 48 48 48 48 48 48;35 35 35 35 35 35 35 35 35 35 35 35 35 35 35 35 35 35 35;37 37 37 37 37 37 37 37 37 37 37 37 37 37 37 37 37 37 37;
d;3.000 82.519 3.000 35.545 3.000 4.709 3.000 46.473 3.000 74.968 3.000 70.552 3.000 24.241 3.000 20.138 3.000 48.889 3.000
S;0.29096171795899395 0.29000017949745549 0.27433048453953146 0.27336894607799306 0.26691457612413255 0.26595303766259415 0.25818340528648975 0.2572218668249513 0.23460894444822628 0.23364740598668779 0.20961911654787654 0.20865757808633806 0.19376227366284107 0.19280073520130259 0.19129153777156233 0.19032999931002384 0.17893743798360559 0.1779758995220671 0.1515274215348176 0.15056588307327914;0.63296913587780312 0.63196913587780312 0.61567265312156216 0.61467265312156216 0.60796010836954717 0.60696010836954717 0.59887969069839864 0.59787969069839864 0.57436225142660458 0.57336225142660457 0.54837283041024076 0.54737283041024076 0.53188171380980387 0.53088171380980387 0.52931214848287389 0.528312148482874 0.51646388470339899 0.51546388470339899 0.48795746759665953 0.48695746759665953;0.74448085892605687 0.74329038273558068 0.72388980802577008 0.72269933183529389 0.71470820713051419 0.71351773094003812 0.70389818609343269 0.7027077099029565 0.67471075838891592 0.67352028219843985 0.64377097146467355 0.64258049527419736 0.62413868979748677 0.62294821360701058 0.62107968345590359 0.6198892072654274 0.6057841313374811 0.60459365514700492 0.57184792049612454 0.57065744430564846;0.96682995022572837 0.9655141607520441 0.94407142028330604 0.94275563080962177 0.9339233350832864 0.93260754560960224 0.92197541709493303 0.92065962762124876 0.88971562857941455 0.88839983910573028 0.85551902197893592 0.85420323250525176 0.83382018434678218 0.83250439487309791 0.83043917733766393 0.82912338786397966 0.81353356710151248 0.81221777762782821 0.77602512354001307 0.7747093340663288;1.0870310166583559 1.085468516658356 1.0600052623517293 1.0584427623517294 1.0479544111767061 1.0463919111767062 1.0337662585655365 1.0322037585655364 0.99545775970335826 0.99389525970335824 0.95484928936529001 0.95328678936528999 0.9290819196771074 0.92751941967710738 0.92506697385377945 0.92350447385377943 0.90499156169834971 0.9034290616983498 0.86045028496906928 0.85888778496906926;1.0621771667730193 1.0631387052345578 1.0900679524525765 1.0910294909141149 1.1024220522405332 1.1033835907020717 1.104892788131812 1.1058543265933503 1.1207496310168472 1.1217111694783857 1.1457394589171972 1.1467009973787357 1.1693139197554605 1.170275458216999 1.1780450905931033 1.1790066290546417 1.1854609990085023 1.1864225374700408 1.2020922324279648 1.2030537708895033;1.2624826409154257 1.2634826409154258 1.2914890580221652 1.2924890580221653 1.3043373218016401 1.3053373218016402 1.3069068871285701 1.3079068871285702 1.323398003729007 1.3243980037290071 1.3493874247453705 1.3503874247453707 1.3739048640171645 1.3749048640171646 1.3829852816883133 1.3839852816883134 1.390697826440328 1.3916978264403281 1.407994309196569 1.4089943091965691;1.6716818162133624 1.6728722924038386 1.7062132651499573 1.7074037413404333 1.7215088172683797 1.7226992934588559 1.7245678236099629 1.725758299800439 1.7442001052771494 1.7453905814676256 1.7751398922013919 1.7763303683918681 1.8043273199059087 1.8055177960963849 1.8151373409429901 1.8163278171334662 1.8243189418382459 1.8255094180287221 1.8449099927385328 1.846100468929009;1.8160183155869372 1.8173341050606213 1.8541846538852786 1.8555004433589628 1.87109026412143 1.8724060535951141 1.8744712711305482 1.8757870606042324 1.8961701087627021 1.8974858982363862 1.9303667153631807 1.9316825048368649 1.9626265038786992 1.9639422933523834 1.9745744218670527 1.9758902113407368 1.9847225070670722 1.9860382965407564 2.0074810370094949 2.008796826483179;2.0296690570365845 2.0312315570365849 2.0749915837658652 2.0765540837658651 2.0950669959212949 2.0966294959212948 2.0990819417446227 2.1006444417446226 2.1248493114328055 2.1264118114328054 2.1654577817708738 2.1670202817708737 2.2037662806330518 2.2053287806330517 2.2179544332442211 2.2195169332442211 2.2300052844192439 2.2315677844192439 2.2570310387258705 2.2585935387258704;
