m;4
n;8
P;19
P1;2 4 6 8 10 12 14 16 18
Q;20
M;100
h;1 1 1 1 1 1 1 1 1 1 1 1 1 1 1 1 1 1 1
Vmin;52 52 52 52 52 52 52 52 52 52 52 52 52 52 52 52 52 52 52;28 28 28 28 28 28 28 28 28 28 28 28 28 28 28 28 28 28 28;49 49 49 49 49 49 49 49 49 49 49 49 49 49 49 49 49 49 49;45 45 45 45 45 45 45 45 45 45 45 45 45 45 45 45 45 45 45;41 41 41 41 41 41 41 41 41 41 41 41 41 41 41 41 41 41 41;42 42 42 42 42 42 42 42 42 42 42 42 42 42 42 42 42 42 42;47 47 47 47 47 47 47 47 47 47 47 47 47 47 47 47 47 47 47;52 52 52 52 52 52 52 52 52 52 52 52 52 52 52 52 52 52 52;
Vmax;52 52 52 52 52 52 52 52 52 52 52 52 52 52 52 52 52 52 52;28 28 28 28 28 28 28 28 28 28 28 28 28 28 28 28 28 28 28;49 49 49 49 49 49 49 49 49 49 49 49 49 49 49 49 49 49 49;45 45 45 45 45 45 45 45 45 45 45 45 45 45 45 45 45 45 45;41 41 41 41 41 41 41 41 41 41 41 41 41 41 41 41 41 41 41;42 42 42 42 42 42 42 42 42 42 42 42 42 42 42 42 42 42 42;47 47 47 47 47 47 47 47 47 47 47 47 47 47 47 47 47 47 47;52 52 52 52 52 52 52 52 52 52 52 52 52 52 52 52 52 52 52;
d;3.000 141.009 3.000 85.107 3.000 5.161 3.000 15.354 3.000 23.331 3.000 18.232 3.000 51.934 3.000 163.712 3.000 7.636 3.000
S;0.49648926109985325 0.49552772263831479 0.49308033558521935 0.49211879712368095 0.43964712025484354 0.43868558179330513 0.42203995626388291 0.42107841780234445 0.41523474523024195 0.41427320676870349 0.40679519550028981 0.40583365703875141 0.40091247392894042 0.39995093546740196 0.39829669579835231 0.39733515733681385 0.37005739227348605 0.36909585381194765 0.32390053378289235 0.32293899532135389;0.80739383692658173 0.80560812264086745 0.80106297525654735 0.79927726097083307 0.70182986107156375 0.70004414678584947 0.66913084223120822 0.66734512794549394 0.65649259316873221 0.65470687888301804 0.64081914367024972 0.63903342938453556 0.62989408932345792 0.62810837503774375 0.62503621565236567 0.6232505013666515 0.57259179482047129 0.57080608053475701 0.48687191476651148 0.4850862004807972;0.73653181408964652 0.7355114059263812 0.73291417884962695 0.73189377068636163 0.67620954217249341 0.67518913400922809 0.65752438854943307 0.65650398038616775 0.65030253194230392 0.6492821237790386 0.64134627508602826 0.64032586692276294 0.6351033868878615 0.63408297872459618 0.63232745907580878 0.63130705091254347 0.6023592186004405 0.60133881043717519 0.55337642999817771 0.55235602183491239;0.87930241138496534 0.87819130027385417 0.87536320856805494 0.87425209745694377 0.81361815974184282 0.81250704863073164 0.79327210357451039 0.79216099246339922 0.78540830415785856 0.78429719304674739 0.77565593558102486 0.77454482446991368 0.76885812398746545 0.76774701287635427 0.76583544703656348 0.7647243359254523 0.73320336296338462 0.73209225185227345 0.67986654870758723 0.67875543759647605;0.86388305340752392 0.86484459186906237 0.91052068112888684 0.9114822195904253 0.9387599846537531 0.93972152311529156 0.94137576278434121 0.94233730124587967 0.94725848435569071 0.94822002281722917 0.9556980340856428 0.95665957254718126 0.96250324511928365 0.9634647835808221 0.98011040911024438 0.98107194757178284 1.0335436244406202 1.0345051629021587 1.0369525499552541 1.0379140884167926;0.93477753783912454 0.93656325212483871 1.0213902750359414 1.0231759893216557 1.0738346958678358 1.0756204101535503 1.078692569538928 1.0804782838246425 1.0896176238857198 1.0914033381714343 1.1052910733842025 1.107076787669917 1.1179293224466786 1.1197150367323931 1.1506283412870344 1.1524140555727487 1.249861455472018 1.2516471697577323 1.2561923171420524 1.2579780314277669;1.06479064993822 1.0658110581014852 1.1142836426221154 1.1153040507853806 1.1442518830974835 1.1452722912607489 1.1470278109095362 1.1480482190728016 1.1532706991077031 1.1542911072709683 1.1622269559639788 1.1632473641272441 1.169448812571108 1.1704692207343732 1.1881339661941683 1.1891543743574335 1.2448386028713019 1.2458590110345673 1.2484562381113216 1.249476646274587;1.1759314355514026 1.1770425466625136 1.2298238053627553 1.2309349164738663 1.2624558894359339 1.263567000547045 1.2654785663868358 1.2665896774979468 1.2722763779803949 1.273387489091506 1.2820287465572284 1.2831398576683395 1.2898925459738804 1.2910036570849914 1.3102386021412125 1.3113497132523235 1.3719836509674246 1.3730947620785356 1.3759228537843347 1.3770339648954457;
