m;1
n;2
P;19
P1;2 4 6 8 10 12 14 16 18
Q;20
M;100
h;1 1 1 1 1 1 1 1 1 1 1 1 1 1 1 1 1 1 1
Vmin;28 28 28 28 28 28 28 28 28 28 28 28 28 28 28 28 28 28 28;52 52 52 52 52 52 52 52 52 52 52 52 52 52 52 52 52 52 52;
Vmax;28 28 28 28 28 28 28 28 28 28 28 28 28 28 28 28 28 28 28;52 52 52 52 52 52 52 52 52 52 52 52 52 52 52 52 52 52 52;
d;3.000 104.637 3.000 46.850 3.000 39.550 3.000 104.297 3.000 5.529 3.000 60.128 3.000 93.217 3.000 49.821 3.000 134.389 3.000
S;0.64333986876921545 0.64155415448350117 0.56156068393542913 0.55977496964971485 0.53011968153919253 0.52833396725347825 0.47284774159506338 0.4710620273093491 0.43527165839425636 0.43348594410854202 0.43019481063878884 0.4284090963530745 0.366327269223861 0.36454155493814672 0.34099978576935819 0.33921407148364391 0.31132693861820626 0.30954122433249193 0.24725730388035791 0.2454715895946436;0.30224554035797074 0.30403125464368502 0.36720803223867626 0.36899374652439054 0.39688087938982819 0.39866659367554252 0.422208362844331 0.42399407713004528 0.48607590425925884 0.48786161854497312 0.49115275201472636 0.49293846630044064 0.52872883521553338 0.53051454950124766 0.58600077515966253 0.5877864894453767 0.61744177755589902 0.6192274918416133 0.69922096238968534 0.70100667667539962;
