m;6
n;12
P;19
P1;2 4 6 8 10 12 14 16 18
Q;20
M;100
h;1 1 1 1 1 1 1 1 1 1 1 1 1 1 1 1 1 1 1
Vmin;52 52 52 52 52 52 52 52 52 52 52 52 52 52 52 52 52 52 52;51 51 51 51 51 51 51 51 51 51 51 51 51 51 51 51 51 51 51;28 28 28 28 28 28 28 28 28 28 28 28 28 28 28 28 28 28 28;40 40 40 40 40 40 40 40 40 40 40 40 40 40 40 40 40 40 40;46 46 46 46 46 46 46 46 46 46 46 46 46 46 46 46 46 46 46;39 39 39 39 39 39 39 39 39 39 39 39 39 39 39 39 39 39 39;35 35 35 35 35 35 35 35 35 35 35 35 35 35 35 35 35 35 35;49 49 49 49 49 49 49 49 49 49 49 49 49 49 49 49 49 49 49;49 49 49 49 49 49 49 49 49 49 49 49 49 49 49 49 49 49 49;47 47 47 47 47 47 47 47 47 47 47 47 47 47 47 47 47 47 47;43 43 43 43 43 43 43 43 43 43 43 43 43 43 43 43 43 43 43;50 50 50 50 50 50 50 50 50 50 50 50 50 50 50 50 50 50 50;
Vmax;52 52 52 52 52 52 52 52 52 52 52 52 52 52 52 52 52 52 52;51 51 51 51 51 51 51 51 51 51 51 51 51 51 51 51 51 51 51;28 28 28 28 28 28 28 28 28 28 28 28 28 28 28 28 28 28 28;40 40 40 40 40 40 40 40 40 40 40 40 40 40 40 40 40 40 40;46 46 46 46 46 46 46 46 46 46 46 46 46 46 46 46 46 46 46;39 39 39 39 39 39 39 39 39 39 39 39 39 39 39 39 39 39 39;35 35 35 35 35 35 35 35 35 35 35 35 35 35 35 35 35 35 35;49 49 49 49 49 49 49 49 49 49 49 49 49 49 49 49 49 49 49;49 49 49 49 49 49 49 49 49 49 49 49 49 49 49 49 49 49 49;47 47 47 47 47 47 47 47 47 47 47 47 47 47 47 47 47 47 47;43 43 43 43 43 43 43 43 43 43 43 43 43 43 43 43 43 43 43;50 50 50 50 50 50 50 50 50 50 50 50 50 50 50 50 50 50 50;
d;3.000 43.087 3.000 26.217 3.000 5.526 3.000 5.221 3.000 29.335 3.000 34.033 3.000 28.517 3.000 55.533 3.000 16.703 3.000
S;0.17713697625793692 0.17617543779639844 0.17082178778822973 0.16986024932669125 0.15206126258659758 0.15109972412505909 0.1419595188851405 0.14099798042360201 0.13008988189504417 0.12912834343350571 0.11972618056844771 0.11876464210690925 0.11709116012219163 0.11612962166065317 0.11435857354751043 0.11339703508597197 0.10499419034875965 0.10403265188722119 0.090222619289406919 0.089261080827868461;0.61400978794499861 0.61302939578813576 0.60757077225039502 0.60659038009353228 0.58844239361343686 0.58746200145657401 0.57814257650606882 0.57716218434920596 0.56604020153577439 0.56505980937891165 0.55547329037924464 0.55449289822238179 0.55278660286541492 0.55180621070855207 0.55000043616181826 0.54902004400495541 0.54045243760622907 0.53947204544936633 0.52539122789865378 0.52441083574179104;1.4140418049323056 1.4122560906465911 1.4023135977742778 1.4005278834885635 1.3674726223998179 1.3656869081141036 1.3487122412399692 1.346926526954255 1.326668629686933 1.3248829154012187 1.3074217557946823 1.3056360415089681 1.3025281463944924 1.3007424321087779 1.2974533427557986 1.2956676284700843 1.2800623453866899 1.2782766311009757 1.2526294277050349 1.2508437134193207;1.5945533298078969 1.5933033298078967 1.5863435847972773 1.5850935847972774 1.5619549020351555 1.5607049020351556 1.5488226352232612 1.5475726352232613 1.5333921071361363 1.5321421071361361 1.5199192954115608 1.5186692954115606 1.5164937688314277 1.5152437688314278 1.512941406284342 1.5116914062843421 1.500767708125966 1.4995177081259661 1.4815646657488073 1.4803146657488073;1.8690184473779652 1.8679314908562261 1.8618795386730789 1.8607925821513398 1.840671988445147 1.8395850319234079 1.8292526260000215 1.8281656694782824 1.8158347754894779 1.8147478189677388 1.8041192870333256 1.8030323305115865 1.8011405682679926 1.8000536117462536 1.7980515573574833 1.7969646008357443 1.7874657328719392 1.7863787763502001 1.770767435152671 1.7696804786309319;2.6561764909194587 2.6548944396374079 2.6477562396265162 2.6464741883444649 2.6227422060243404 2.6214601547422891 2.6092732144223976 2.6079911631403467 2.5934470317689362 2.5921649804868849 2.5796287633334742 2.578346712051423 2.5761154027384663 2.574833351456415 2.5724719539722249 2.5711899026901737 2.5599861097072241 2.5587040584251728 2.540290681628087 2.5390086303460362;3.028746858931338 3.0297083973928767 3.0439991992214606 3.0449607376829992 3.0533635824202117 3.0543251208817503 3.0560961689948929 3.0570577074564316 3.0587311894411493 3.059692727902688 3.069094890767746 3.0700564292292847 3.0809645277578426 3.0819260662193813 3.0910662714592996 3.0920278099208383 3.1098267966609323 3.110788335122471 3.1161419851306396 3.1171035235921782;3.2498664335747107 3.2508468257315735 3.2654178393607176 3.2663982315175804 3.2749658379163069 3.2759462300731697 3.2777520046199036 3.2787323967767663 3.2804386921337332 3.2814190842905959 3.2910056032902628 3.2919859954471256 3.3031079782605568 3.3040883704174195 3.3134077953679246 3.3143881875247874 3.3325361740048831 3.3335165661617459 3.3389751896994864 3.3399555818563491;3.8392219829304168 3.8410076972161309 3.8675477577549291 3.8693334720406436 3.884938755124038 3.886724469409752 3.8900135587627318 3.8917992730484463 3.8949071681629217 3.8966928824486358 3.9141540420551721 3.9159397563408862 3.9361976536082084 3.9379833678939224 3.9549580347680569 3.9567437490537714 3.9897990101425167 3.9915847244282308 4.0015272173005441 4.003312931586259;4.111240344785192 4.1124903447851917 4.1310683871623501 4.1323183871623499 4.1432420853207255 4.1444920853207252 4.1467944478678112 4.1480444478678109 4.1502199744479435 4.1514699744479433 4.1636927861725193 4.164942786172519 4.1791233142596438 4.1803733142596435 4.1922555810715378 4.1935055810715376 4.2166442638336594 4.2178942638336592 4.2248540088442788 4.2261040088442785;4.6374078972036417 4.6384948537253807 4.6546496731837799 4.6557366297055189 4.6652354976693244 4.6663224541910635 4.6683245085798335 4.6694114651015735 4.6713032273451667 4.6723901838669066 4.6830187158013201 4.6841056723230592 4.6964365663118635 4.6975235228336034 4.707855928756989 4.708942885278729 4.729063478984922 4.730150435506661 4.7362023876898087 4.7372893442115478;5.2118026100519153 5.2130846613339665 5.2321390637720784 5.2334211150541297 5.2446249080370793 5.2459069593191305 5.2482683568033215 5.2495504080853728 5.2517817173983294 5.2530637686803807 5.2655999858337914 5.2668820371158436 5.2814261684872541 5.2827082197693054 5.2948951600891974 5.2961772113712486 5.319909193691374 5.3211912449734253 5.328329444984317 5.3296114962663683;
