m;5
n;10
P;19
P1;2 4 6 8 10 12 14 16 18
Q;20
M;100
h;1 1 1 1 1 1 1 1 1 1 1 1 1 1 1 1 1 1 1
Vmin;44 44 44 44 44 44 44 44 44 44 44 44 44 44 44 44 44 44 44;52 52 52 52 52 52 52 52 52 52 52 52 52 52 52 52 52 52 52;36 36 36 36 36 36 36 36 36 36 36 36 36 36 36 36 36 36 36;51 51 51 51 51 51 51 51 51 51 51 51 51 51 51 51 51 51 51;28 28 28 28 28 28 28 28 28 28 28 28 28 28 28 28 28 28 28;46 46 46 46 46 46 46 46 46 46 46 46 46 46 46 46 46 46 46;34 34 34 34 34 34 34 34 34 34 34 34 34 34 34 34 34 34 34;46 46 46 46 46 46 46 46 46 46 46 46 46 46 46 46 46 46 46;37 37 37 37 37 37 37 37 37 37 37 37 37 37 37 37 37 37 37;28 28 28 28 28 28 28 28 28 28 28 28 28 28 28 28 28 28 28;
Vmax;44 44 44 44 44 44 44 44 44 44 44 44 44 44 44 44 44 44 44;52 52 52 52 52 52 52 52 52 52 52 52 52 52 52 52 52 52 52;36 36 36 36 36 36 36 36 36 36 36 36 36 36 36 36 36 36 36;51 51 51 51 51 51 51 51 51 51 51 51 51 51 51 51 51 51 51;28 28 28 28 28 28 28 28 28 28 28 28 28 28 28 28 28 28 28;46 46 46 46 46 46 46 46 46 46 46 46 46 46 46 46 46 46 46;34 34 34 34 34 34 34 34 34 34 34 34 34 34 34 34 34 34 34;46 46 46 46 46 46 46 46 46 46 46 46 46 46 46 46 46 46 46;37 37 37 37 37 37 37 37 37 37 37 37 37 37 37 37 37 37 37;28 28 28 28 28 28 28 28 28 28 28 28 28 28 28 28 28 28 28;
d;3.000 118.760 3.000 103.534 3.000 48.089 3.000 44.721 3.000 17.467 3.000 101.206 3.000 56.611 3.000 22.895 3.000 80.341 3.000
S;14.17322730545083 14.105045487269011 12.27912100545219 12.210939187270371 11.690606796499017 11.622424978317198 10.335821611962839 10.26763979378102 7.9675065682816406 7.8993247500998223 7.5023562608785275 7.4341744426967091 6.4177811860052607 6.3495993678234424 5.256678272807326 5.1884964546255077 2.8354500808293976 2.7672682626475793 0.068181818181818177 0;12.326064130253265 12.268371822560956 10.723358799485185 10.665666491792877 10.22538523806327 10.167692930370961 9.079028543455733 9.0213362357634246 7.0750696603408736 7.0173773526485661 6.6814809386920855 6.623788630999778 5.7637635676454755 5.706071259953168 4.7812918718626083 4.7235995641703008 2.7325603248043615 2.674868017112054 0.39102564102564102 0.33333333333333331;17.989500039995459 17.906166706662127 15.674481228886012 15.591147895552679 14.955186084609911 14.871852751276577 13.299337525732359 13.216004192399025 10.404730250122006 10.321396916788672 9.836213207740423 9.752879874407089 8.5106214495619845 8.4272881162286506 7.0914956667645086 7.0081623334311756 4.1322167654581525 4.0488834321248195 0.75 0.66666666666666663;13.227882381173261 13.169058851761497 11.59375145568424 11.534927926272475 11.086013706783463 11.027190177371699 9.917179429928721 9.8583559005169565 7.8739272353802372 7.8151037059684727 7.4726210878167674 7.4137975584050029 6.5369092585143411 6.4780857291025766 5.535173411833771 5.4763498824220065 3.4462706579704605 3.387447128558696 1.0588235294117647 1;23.605547670470351 23.498404813327493 20.629094913329631 20.521952056186773 19.704286870688932 19.597144013546075 17.575338723560652 17.468195866417794 13.853700797775911 13.746557940633053 13.122750314713876 13.015607457571019 11.418418054198742 11.311275197055885 9.5938277620305588 9.4866849048877011 5.7890406032081003 5.6818977460652436 1.4404761904761905 1.3333333333333333;0 0.068181818181818177 2.8013591717384885 2.8695409899203068 5.222587363716416 5.2907691818982343 6.3836902769143506 6.451872095096169 7.4682653517876174 7.5364471699694358 7.9334156591907306 8.0015974773725489 10.301730702871929 10.369912521053747 11.656515887408109 11.724697705589927 12.245030096361281 12.3132119145431 14.139136396359921 14.20731821454174;0.33333333333333331 0.39102564102564102 2.7037141709582078 2.7614064786505153 4.7524457180164541 4.8101380257087616 5.7349174137993213 5.7926097214916288 6.6526347848459313 6.7103270925382388 7.0462235064947194 7.1039158141870269 9.0501823896095779 9.1078746973018863 10.196539084217115 10.254231391909423 10.69451264563903 10.752204953331338 12.29721797640711 12.354910284099418;0.66666666666666663 0.75 4.0905500987914856 4.1738834321248186 7.0498290000978416 7.1331623334311747 8.4689547828953167 8.5522881162286506 9.7945465410737533 9.8778798744070873 10.363063583455336 10.44639691678867 13.257670859065689 13.341004192399023 14.913519417943242 14.996852751276576 15.632814562219343 15.716147895552677 17.947833373328791 18.031166706662123;1 1.0588235294117647 3.4168588932645783 3.4756824226763428 5.5057616471278887 5.5645851765396532 6.5074974938084589 6.5663210232202234 7.4432093231108851 7.5020328525226496 7.844515470674355 7.9033390000861194 9.8877676652228388 9.9465911946346033 11.056601942077581 11.115425471489345 11.564339690978358 11.623163220390122 13.198470616467379 13.257294145879143;1.3333333333333333 1.4404761904761905 5.7354691746366724 5.8426120317795291 9.5402563334591299 9.6473991906019876 11.364846625627314 11.471989482770171 13.069178886142447 13.176321743285305 13.800129369204482 13.90727222634734 17.521767294989221 17.628910152132079 19.650715442117502 19.757858299260359 20.5755234847582 20.682666341901058 23.55197624189892 23.659119099041778;
