m;1
n;2
P;19
P1;2 4 6 8 10 12 14 16 18
Q;20
M;100
h;1 1 1 1 1 1 1 1 1 1 1 1 1 1 1 1 1 1 1
Vmin;31 31 31 31 31 31 31 31 31 31 31 31 31 31 31 31 31 31 31;28 28 28 28 28 28 28 28 28 28 28 28 28 28 28 28 28 28 28;
Vmax;31 31 31 31 31 31 31 31 31 31 31 31 31 31 31 31 31 31 31;28 28 28 28 28 28 28 28 28 28 28 28 28 28 28 28 28 28 28;
d;3.000 15.643 3.000 34.073 3.000 38.267 3.000 9.214 3.000 129.623 3.000 75.188 3.000 39.082 3.000 8.881 3.000 35.019 3.000
S;13.386738669026434 13.289964475478046 12.160308355059628 12.063534161511241 11.777063136418382 11.680288942869995 10.419583243278769 10.322809049730381 7.8974044956364251 7.8006303020880381 3.6192573092256199 3.5224831156772329 3.2252556339751486 3.1284814404267616 1.8940758437793166 1.7973016502309296 0.69817388876272202 0.6013996952143349 0.096774193548387094 0;0 0.096774193548387094 0.6497867919885284 0.74656098553691552 1.8456887470051231 1.9424629405535101 3.1768685372009555 3.2736427307493425 3.5708702124514269 3.6676444059998139 7.849017398862232 7.9457915924106191 10.371196146504575 10.467970340052963 11.728676039644188 11.825450233192576 12.111921258285435 12.208695451833822 13.33835157225224 13.435125765800628;
