m;4
n;8
P;19
P1;2 4 6 8 10 12 14 16 18
Q;20
M;100
h;1 1 1 1 1 1 1 1 1 1 1 1 1 1 1 1 1 1 1
Vmin;52 52 52 52 52 52 52 52 52 52 52 52 52 52 52 52 52 52 52;49 49 49 49 49 49 49 49 49 49 49 49 49 49 49 49 49 49 49;28 28 28 28 28 28 28 28 28 28 28 28 28 28 28 28 28 28 28;43 43 43 43 43 43 43 43 43 43 43 43 43 43 43 43 43 43 43;34 34 34 34 34 34 34 34 34 34 34 34 34 34 34 34 34 34 34;45 45 45 45 45 45 45 45 45 45 45 45 45 45 45 45 45 45 45;40 40 40 40 40 40 40 40 40 40 40 40 40 40 40 40 40 40 40;45 45 45 45 45 45 45 45 45 45 45 45 45 45 45 45 45 45 45;
Vmax;52 52 52 52 52 52 52 52 52 52 52 52 52 52 52 52 52 52 52;49 49 49 49 49 49 49 49 49 49 49 49 49 49 49 49 49 49 49;28 28 28 28 28 28 28 28 28 28 28 28 28 28 28 28 28 28 28;43 43 43 43 43 43 43 43 43 43 43 43 43 43 43 43 43 43 43;34 34 34 34 34 34 34 34 34 34 34 34 34 34 34 34 34 34 34;45 45 45 45 45 45 45 45 45 45 45 45 45 45 45 45 45 45 45;40 40 40 40 40 40 40 40 40 40 40 40 40 40 40 40 40 40 40;45 45 45 45 45 45 45 45 45 45 45 45 45 45 45 45 45 45 45;
d;3.000 134.701 3.000 69.922 3.000 54.207 3.000 12.109 3.000 40.316 3.000 28.824 3.000 6.738 3.000 37.800 3.000 49.251 3.000
S;8.9205499594210913 8.8628576517287829 7.9157179828594622 7.8580256751671547 7.1310930152667593 7.0734007075744518 6.9438225590258975 6.88613025133359 6.3318290828147026 6.2741367751223951 5.4988200377660146 5.4411277300737071 5.2082711946880149 5.1505788869957074 4.1081453121324625 4.050453004440155 2.7057903072090608 2.6480979995167533 0.057692307692307696 0;9.8000394127189843 9.7388149229230656 8.7336871110617462 8.6724626212658276 7.9010238801470409 7.8397993903511223 7.7022878857689827 7.6410633959730641 7.0528254212183272 6.9916009314224086 6.1688158223911476 6.1075913325952289 5.860478274634902 5.7992537848389833 4.6929977462086008 4.6317732564126821 3.2047842715960102 3.143559781800092 0.39455782312925169 0.33333333333333331;17.233402305591557 17.1262594484487 15.367285777691389 15.260142920548532 13.910125123590655 13.802982266447797 13.562337133429054 13.455194276286196 12.425777820465406 12.318634963322548 10.878761022517841 10.771618165374983 10.339170313944411 10.232027456801553 8.2960793891983844 8.1889365320555267 5.6917058086263514 5.5845629514834947 0.77380952380952372 0.66666666666666663;11.78764181139295 11.717874369532485 10.572496165318423 10.502728723457958 9.6236473672993412 9.553879925438876 9.397180769054577 9.3274133271941118 8.6570956350317374 8.5873281931712722 7.6497358596240206 7.5799684177635553 7.2983744679948108 7.2286070261343456 5.9679896797880954 5.8982222379276301 4.2721185110435158 4.2023510691830506 1.069767441860465 1;0 0.057692307692307696 2.676944153362907 2.7346364610552145 4.0792991582863092 4.1369914659786167 5.1794250408418616 5.2371173485341691 5.4699738839198613 5.5276661916121688 6.3029829289685493 6.3606752366608568 6.9149764051797433 6.9726687128720508 7.1022468614206051 7.1599391691129126 7.886871829013308 7.9445641367056155 8.8917038055749362 8.9493961132672446;0.33333333333333331 0.39455782312925169 3.1741720266980513 3.2353965164939695 4.6623855013106414 4.7236099911065601 5.8298660297369427 5.8910905195328613 6.1382035774931882 6.1994280672891069 7.0222131763203679 7.0834376661162866 7.6716756408710234 7.732900130666942 7.8704116352490816 7.9316361250450003 8.7030748661637869 8.7642993559597056 9.7694271678210249 9.8306516576169436;0.66666666666666663 0.77380952380952372 5.6381343800549226 5.7452772371977794 8.2425079606269556 8.3496508177698132 10.285598885372982 10.39274174251584 10.825189593946412 10.93233245108927 12.372206391893977 12.479349249036835 13.508765704857625 13.615908562000483 13.856553695019226 13.963696552162084 15.313714349119961 15.420857206262818 17.179830877020127 17.286973734162984;1 1.069767441860465 4.2372347901132832 4.3070022319737484 5.9331059588578627 6.002873400718328 7.2634907470645782 7.3332581889250434 7.614852138693788 7.6846195805542532 8.6222119141015039 8.6919793559619691 9.3622970481243435 9.4320644899848087 9.5887636463691077 9.658531088229573 10.53761244438819 10.607379886248655 11.752758090462716 11.822525532323182;
