m;3
n;6
P;19
P1;2 4 6 8 10 12 14 16 18
Q;20
M;100
h;1 1 1 1 1 1 1 1 1 1 1 1 1 1 1 1 1 1 1
Vmin;52 52 52 52 52 52 52 52 52 52 52 52 52 52 52 52 52 52 52;48 48 48 48 48 48 48 48 48 48 48 48 48 48 48 48 48 48 48;28 28 28 28 28 28 28 28 28 28 28 28 28 28 28 28 28 28 28;42 42 42 42 42 42 42 42 42 42 42 42 42 42 42 42 42 42 42;44 44 44 44 44 44 44 44 44 44 44 44 44 44 44 44 44 44 44;52 52 52 52 52 52 52 52 52 52 52 52 52 52 52 52 52 52 52;
Vmax;52 52 52 52 52 52 52 52 52 52 52 52 52 52 52 52 52 52 52;48 48 48 48 48 48 48 48 48 48 48 48 48 48 48 48 48 48 48;28 28 28 28 28 28 28 28 28 28 28 28 28 28 28 28 28 28 28;42 42 42 42 42 42 42 42 42 42 42 42 42 42 42 42 42 42 42;44 44 44 44 44 44 44 44 44 44 44 44 44 44 44 44 44 44 44;52 52 52 52 52 52 52 52 52 52 52 52 52 52 52 52 52 52 52;
d;3.000 27.814 3.000 47.626 3.000 33.641 3.000 3.425 3.000 35.794 3.000 110.279 3.000 6.597 3.000 17.429 3.000 25.325 3.000
S;6.4986310299488013 6.4409387222564938 5.9539174633112335 5.896225155618926 5.5610582268292168 5.5033659191369093 5.3765016133777852 5.3188093056854777 3.1980677376548519 3.1403754299625444 2.4520300582657191 2.3943377505734116 2.3284733838069167 2.2707810761146092 1.6238353819936833 1.5661430743013756 0.65026049858505519 0.59256819089274748 0.057692307692307696 0;7.3735169491112025 7.3110169491112025 6.7834105852538364 6.7209105852538364 6.3578130790649849 6.2953130790649849 6.1578767478259344 6.0953767478259344 3.7979067157927568 3.7354067157927568 2.9896992297878628 2.9271992297878628 2.855846165790827 2.793346165790827 2.0924883304931567 2.0299883304931567 1.0377822068004765 0.9752822068004765 0.39583333333333331 0.33333333333333331;12.735552865143015 12.628410008000158 11.723941955673245 11.616799098530388 10.994346230778071 10.887203373635213 10.651598234368269 10.544455377225411 6.6059353223113915 6.4987924651685347 5.2204367748744307 5.1132939177315739 4.9909743794509405 4.8838315223080837 3.6823609475120782 3.575218090369221 1.8742933068960548 1.7671504497531976 0.77380952380952372 0.66666666666666663;0 0.057692307692307696 0.62141434473890134 0.67910665243120905 1.5949892281475295 1.6526815358398372 2.2996272299607634 2.3573195376530709 2.4231839044195658 2.4808762121118733 3.1692215838086986 3.226913891501006 5.3476554595316319 5.4053477672239394 5.5322120729830635 5.589904380675371 5.9250713094650802 5.9827636171573877 6.469784876102648 6.5274771837949555;0.33333333333333331 0.39583333333333331 1.0065322068004765 1.0690322068004765 2.0612383304931567 2.1237383304931567 2.824596165790827 2.887096165790827 2.9584492297878628 3.0209492297878628 3.7666567157927568 3.8291567157927568 6.1266267478259344 6.1891267478259344 6.3265630790649849 6.3890630790649849 6.7521605852538364 6.8146605852538364 7.3422669491112025 7.4047669491112025;0.66666666666666663 0.77380952380952372 1.8207218783246262 1.9278647354674834 3.6287895189406498 3.735932376083507 4.9374029508795125 5.0445458080223693 5.1668653463030028 5.2740082034458595 6.5523638937399635 6.6595067508828203 10.59802680579684 10.705169662939698 10.940774802206642 11.047917659349499 11.670370527101817 11.777513384244674 12.681981436571586 12.789124293714444;
