m;8
n;16
P;19
P1;2 4 6 8 10 12 14 16 18
Q;20
M;100
h;1 1 1 1 1 1 1 1 1 1 1 1 1 1 1 1 1 1 1
Vmin;48 48 48 48 48 48 48 48 48 48 48 48 48 48 48 48 48 48 48;28 28 28 28 28 28 28 28 28 28 28 28 28 28 28 28 28 28 28;50 50 50 50 50 50 50 50 50 50 50 50 50 50 50 50 50 50 50;44 44 44 44 44 44 44 44 44 44 44 44 44 44 44 44 44 44 44;43 43 43 43 43 43 43 43 43 43 43 43 43 43 43 43 43 43 43;48 48 48 48 48 48 48 48 48 48 48 48 48 48 48 48 48 48 48;45 45 45 45 45 45 45 45 45 45 45 45 45 45 45 45 45 45 45;47 47 47 47 47 47 47 47 47 47 47 47 47 47 47 47 47 47 47;51 51 51 51 51 51 51 51 51 51 51 51 51 51 51 51 51 51 51;52 52 52 52 52 52 52 52 52 52 52 52 52 52 52 52 52 52 52;33 33 33 33 33 33 33 33 33 33 33 33 33 33 33 33 33 33 33;44 44 44 44 44 44 44 44 44 44 44 44 44 44 44 44 44 44 44;42 42 42 42 42 42 42 42 42 42 42 42 42 42 42 42 42 42 42;52 52 52 52 52 52 52 52 52 52 52 52 52 52 52 52 52 52 52;34 34 34 34 34 34 34 34 34 34 34 34 34 34 34 34 34 34 34;52 52 52 52 52 52 52 52 52 52 52 52 52 52 52 52 52 52 52;
Vmax;48 48 48 48 48 48 48 48 48 48 48 48 48 48 48 48 48 48 48;28 28 28 28 28 28 28 28 28 28 28 28 28 28 28 28 28 28 28;50 50 50 50 50 50 50 50 50 50 50 50 50 50 50 50 50 50 50;44 44 44 44 44 44 44 44 44 44 44 44 44 44 44 44 44 44 44;43 43 43 43 43 43 43 43 43 43 43 43 43 43 43 43 43 43 43;48 48 48 48 48 48 48 48 48 48 48 48 48 48 48 48 48 48 48;45 45 45 45 45 45 45 45 45 45 45 45 45 45 45 45 45 45 45;47 47 47 47 47 47 47 47 47 47 47 47 47 47 47 47 47 47 47;51 51 51 51 51 51 51 51 51 51 51 51 51 51 51 51 51 51 51;52 52 52 52 52 52 52 52 52 52 52 52 52 52 52 52 52 52 52;33 33 33 33 33 33 33 33 33 33 33 33 33 33 33 33 33 33 33;44 44 44 44 44 44 44 44 44 44 44 44 44 44 44 44 44 44 44;42 42 42 42 42 42 42 42 42 42 42 42 42 42 42 42 42 42 42;52 52 52 52 52 52 52 52 52 52 52 52 52 52 52 52 52 52 52;34 34 34 34 34 34 34 34 34 34 34 34 34 34 34 34 34 34 34;52 52 52 52 52 52 52 52 52 52 52 52 52 52 52 52 52 52 52;
d;3.000 36.959 3.000 177.462 3.000 14.485 3.000 4.788 3.000 59.659 3.000 30.602 3.000 61.568 3.000 44.866 3.000 61.174 3.000
S;10.865878157866112 10.803378157866112 9.5289129501604748 9.4664129501604748 8.5317143953589518 8.4692143953589518 7.1865534586506579 7.1240534586506579 6.4865163983181509 6.4240163983181509 5.1811262706895533 5.1186262706895533 5.0188708425572681 4.9563708425572681 4.6546000910353715 4.5921000910353715 0.89498006052715862 0.83248006052715862 0.0625 0;18.960553032532381 18.853410175389524 16.668612676465575 16.561469819322717 14.959129439662966 14.851986582520109 12.653139262448748 12.545996405305891 11.453075730450164 11.345932873307307 9.2152640830868542 9.1081212259439965 8.937111920574365 8.8299690634315073 8.3126477751082568 8.2055049179653992 1.8675848656656053 1.7604420085227481 0.44047619047619047 0.33333333333333331;11.09790969821813 11.03790969821813 9.8144230988207184 9.7544230988207179 8.8571124862112569 8.7971124862112564 7.5657579869712945 7.5057579869712949 6.8937224090520877 6.8337224090520881 5.6405478865286351 5.5805478865286355 5.4847826755216422 5.4247826755216426 5.1350827540606225 5.0750827540606229 1.5258475247727388 1.4658475247727387 0.72666666666666657 0.66666666666666663;12.853685263126669 12.785503444944851 11.395177763811429 11.32699594562961 10.30732479493704 10.239142976755222 8.8398765003461737 8.7716946821643553 8.0761997072561655 8.0080178890743472 6.65213774984315 6.5839559316613316 6.4751318282442929 6.4069500100624746 6.0777455538567695 6.0095637356749512 1.9763418842114457 1.9081600660296276 1.0681818181818181 1;13.462685695602483 13.392918253742017 11.970259417233398 11.900491975372933 10.857107542106117 10.787340100245652 9.3555325429898826 9.2857651011294173 8.5740958244791763 8.504328382618711 7.1169161471263234 7.0471487052658581 6.935793808746098 6.8660263668856327 6.5291659930937485 6.4593985512332832 2.3323808427589987 2.2626134008985335 1.4031007751937983 1.3333333333333333;12.532544824532776 12.470044824532776 11.195579616827139 11.133079616827139 10.198381062025618 10.135881062025618 8.8532201253173231 8.7907201253173231 8.153183064984816 8.090683064984816 6.8477929373562194 6.7852929373562194 6.6855375092239342 6.6230375092239342 6.3212667577020376 6.2587667577020376 2.5616467271938252 2.4991467271938252 1.7291666666666667 1.6666666666666667;13.590270035057184 13.523603368390518 12.164173813504505 12.097507146837838 11.100495355049548 11.033828688382881 9.6656570225607013 9.5989903558940348 8.9189508248726934 8.852284158206027 7.5265346887355227 7.4598680220688562 7.3534622320610854 7.286795565394419 6.9649067637710633 6.8982400971043969 2.9546453978956362 2.8879787312289693 2.0666666666666669 2;13.430400388175324 13.36657060094128 12.06498911222063 12.001159324986586 11.046573566891414 10.982743779657371 9.6727921847212404 9.6089623974871969 8.9578607188497426 8.8940309316156991 7.6246963331864936 7.5608665459524511 7.4589886619024579 7.3951588746684154 7.0869674688588189 7.0231376816247764 3.2473555228078785 3.183525735573836 2.397163120567376 2.3333333333333335;0 0.0625 0.86373006052715862 0.92623006052715862 4.6233500910353715 4.6858500910353715 4.9876208425572681 5.0501208425572681 5.1498762706895533 5.2123762706895533 6.4552663983181509 6.5177663983181509 7.1553034586506579 7.2178034586506579 8.5004643953589518 8.5629643953589518 9.4976629501604748 9.5601629501604748 10.834628157866112 10.897128157866112;0.33333333333333331 0.44047619047619047 1.8140134370941765 1.9211562942370337 8.2590763465368262 8.3662192036796839 8.8835404920029344 8.990683349145792 9.1616926545154236 9.2688355116582812 11.399504301878734 11.506647159021592 12.599567833877318 12.706710691020175 14.905558011091536 15.012700868234393 16.615041247894144 16.722184105037002 18.906981603960951 19.014124461103808;0.66666666666666663 0.72666666666666657 1.495847524772739 1.555847524772739 5.1050827540606232 5.1650827540606228 5.4547826755216429 5.5147826755216425 5.6105478865286358 5.6705478865286354 6.8637224090520892 6.9237224090520888 7.5357579869712961 7.5957579869712957 8.8271124862112575 8.887112486211258 9.784423098820719 9.8444230988207195 11.067909698218131 11.127909698218131;1 1.0681818181818181 1.9422509751205366 2.0104327933023547 6.0436546447658603 6.1118364629476787 6.4410409191533837 6.5092227373352021 6.6180468407522408 6.6862286589340592 8.0421087981652555 8.1102906163470738 8.8057855912552636 8.873967409437082 10.27323388584613 10.341415704027948 11.361086854720519 11.429268672902337 12.819594354035759 12.887776172217578;1.3333333333333333 1.4031007751937983 2.2974971218287661 2.3672645636892313 6.4942822721635149 6.5640497140239802 6.9009100878158645 6.9706775296763297 7.0820324261960899 7.1517998680565551 8.5392121035489428 8.608979545409408 9.3206488220596491 9.3904162639201143 10.822223821175884 10.891991263036349 11.935375696303165 12.00514313816363 13.427801974672249 13.497569416532714;1.6666666666666667 1.7291666666666667 2.5303967271938252 2.5928967271938252 6.2900167577020376 6.3525167577020376 6.6542875092239342 6.7167875092239342 6.8165429373562194 6.8790429373562194 8.121933064984816 8.184433064984816 8.8219701253173231 8.8844701253173231 10.167131062025618 10.229631062025618 11.164329616827139 11.226829616827139 12.501294824532776 12.563794824532776;2 2.0666666666666669 2.9213120645623025 2.9879787312289694 6.9315734304377301 6.9982400971043965 7.3201288987277522 7.3867955653944186 7.4932013554021895 7.5598680220688559 8.8856174915393602 8.9522841582060266 9.632323689227368 9.6989903558940345 11.067162021716214 11.133828688382881 12.130840480171171 12.197507146837838 13.556936701723851 13.623603368390517;2.3333333333333335 2.397163120567376 3.2154406291908573 3.2792704164248998 7.0550525752417981 7.1188823624758406 7.4270737682854371 7.4909035555194796 7.5927814395694728 7.6566112268035154 8.9259458252327217 8.9897756124667652 9.6408772911042195 9.704707078338263 11.014658673274393 11.078488460508437 12.033074218603609 12.096904005837652 13.398485494558303 13.462315281792346;
