m;3
n;6
P;39
P1;2 4 6 8 10 12 14 16 18 20 22 24 26 28 30 32 34 36 38
Q;40
M;100
h;1 1 1 1 1 1 1 1 1 1 1 1 1 1 1 1 1 1 1 1 1 1 1 1 1 1 1 1 1 1 1 1 1 1 1 1 1 1 1
Vmin;40 40 40 40 40 40 40 40 40 40 40 40 40 40 40 40 40 40 40 40 40 40 40 40 40 40 40 40 40 40 40 40 40 40 40 40 40 40 40;40 40 40 40 40 40 40 40 40 40 40 40 40 40 40 40 40 40 40 40 40 40 40 40 40 40 40 40 40 40 40 40 40 40 40 40 40 40 40;40 40 40 40 40 40 40 40 40 40 40 40 40 40 40 40 40 40 40 40 40 40 40 40 40 40 40 40 40 40 40 40 40 40 40 40 40 40 40;40 40 40 40 40 40 40 40 40 40 40 40 40 40 40 40 40 40 40 40 40 40 40 40 40 40 40 40 40 40 40 40 40 40 40 40 40 40 40;40 40 40 40 40 40 40 40 40 40 40 40 40 40 40 40 40 40 40 40 40 40 40 40 40 40 40 40 40 40 40 40 40 40 40 40 40 40 40;40 40 40 40 40 40 40 40 40 40 40 40 40 40 40 40 40 40 40 40 40 40 40 40 40 40 40 40 40 40 40 40 40 40 40 40 40 40 40;
Vmax;40 40 40 40 40 40 40 40 40 40 40 40 40 40 40 40 40 40 40 40 40 40 40 40 40 40 40 40 40 40 40 40 40 40 40 40 40 40 40;40 40 40 40 40 40 40 40 40 40 40 40 40 40 40 40 40 40 40 40 40 40 40 40 40 40 40 40 40 40 40 40 40 40 40 40 40 40 40;40 40 40 40 40 40 40 40 40 40 40 40 40 40 40 40 40 40 40 40 40 40 40 40 40 40 40 40 40 40 40 40 40 40 40 40 40 40 40;40 40 40 40 40 40 40 40 40 40 40 40 40 40 40 40 40 40 40 40 40 40 40 40 40 40 40 40 40 40 40 40 40 40 40 40 40 40 40;40 40 40 40 40 40 40 40 40 40 40 40 40 40 40 40 40 40 40 40 40 40 40 40 40 40 40 40 40 40 40 40 40 40 40 40 40 40 40;40 40 40 40 40 40 40 40 40 40 40 40 40 40 40 40 40 40 40 40 40 40 40 40 40 40 40 40 40 40 40 40 40 40 40 40 40 40 40;
d;3 56.8421052631579 3 56.8421052631579 3 56.8421052631579 3 56.8421052631579 3 56.8421052631579 3 56.8421052631579 3 56.8421052631579 3 56.8421052631579 3 56.8421052631579 3 56.8421052631579 3 56.8421052631579 3 56.8421052631579 3 56.8421052631579 3 56.8421052631579 3 56.8421052631579 3 56.8421052631579 3 56.8421052631579 3 56.8421052631579 3 56.8421052631579 3
S;28.5 28.425000000000001 27.003947368421052 26.928947368421053 25.507894736842104 25.432894736842105 24.011842105263156 23.936842105263157 22.515789473684208 22.440789473684209 21.01973684210526 20.944736842105261 19.523684210526312 19.448684210526313 18.027631578947364 17.952631578947365 16.531578947368416 16.456578947368417 15.03552631578947 14.960526315789471 13.539473684210524 13.464473684210525 12.043421052631578 11.968421052631578 10.547368421052632 10.472368421052632 9.0513157894736853 8.976315789473686 7.5552631578947382 7.4802631578947381 6.0592105263157903 5.9842105263157901 4.5631578947368423 4.4881578947368421 3.0671052631578948 2.9921052631578946 1.5710526315789473 1.4960526315789473 0.074999999999999997 0;28.666666666666668 28.591666666666669 27.17061403508772 27.095614035087721 25.674561403508772 25.599561403508773 24.178508771929824 24.103508771929825 22.682456140350876 22.607456140350877 21.186403508771928 21.111403508771929 19.69035087719298 19.615350877192981 18.194298245614032 18.119298245614033 16.698245614035084 16.623245614035085 15.202192982456136 15.127192982456137 13.70614035087719 13.631140350877191 12.210087719298244 12.135087719298244 10.714035087719298 10.639035087719298 9.2179824561403514 9.1429824561403521 7.7219298245614043 7.6469298245614041 6.2258771929824563 6.1508771929824562 4.7298245614035084 4.6548245614035082 3.2337719298245613 3.1587719298245611 1.737719298245614 1.662719298245614 0.24166666666666664 0.16666666666666666;28.833333333333336 28.758333333333336 27.337280701754388 27.262280701754388 25.84122807017544 25.76622807017544 24.345175438596492 24.270175438596493 22.849122807017544 22.774122807017545 21.353070175438596 21.278070175438597 19.857017543859648 19.782017543859649 18.3609649122807 18.285964912280701 16.864912280701752 16.789912280701753 15.368859649122804 15.293859649122805 13.872807017543858 13.797807017543859 12.376754385964912 12.301754385964912 10.880701754385965 10.805701754385966 9.3846491228070192 9.3096491228070199 7.8885964912280722 7.813596491228072 6.3925438596491242 6.317543859649124 4.8964912280701762 4.821491228070176 3.4004385964912283 3.3254385964912281 1.9043859649122805 1.8293859649122806 0.40833333333333333 0.33333333333333331;0 0.074999999999999997 1.4960526315789473 1.5710526315789473 2.9921052631578946 3.0671052631578948 4.4881578947368421 4.5631578947368423 5.9842105263157901 6.0592105263157903 7.4802631578947381 7.5552631578947382 8.976315789473686 9.0513157894736853 10.472368421052632 10.547368421052632 11.968421052631578 12.043421052631578 13.464473684210525 13.539473684210524 14.960526315789471 15.03552631578947 16.456578947368417 16.531578947368416 17.952631578947365 18.027631578947364 19.448684210526313 19.523684210526312 20.944736842105261 21.01973684210526 22.440789473684209 22.515789473684208 23.936842105263157 24.011842105263156 25.432894736842105 25.507894736842104 26.928947368421053 27.003947368421052 28.425000000000001 28.5;0.16666666666666666 0.24166666666666664 1.662719298245614 1.737719298245614 3.1587719298245611 3.2337719298245613 4.6548245614035082 4.7298245614035084 6.1508771929824562 6.2258771929824563 7.6469298245614041 7.7219298245614043 9.1429824561403521 9.2179824561403514 10.639035087719298 10.714035087719298 12.135087719298244 12.210087719298244 13.631140350877191 13.70614035087719 15.127192982456137 15.202192982456136 16.623245614035085 16.698245614035084 18.119298245614033 18.194298245614032 19.615350877192981 19.69035087719298 21.111403508771929 21.186403508771928 22.607456140350877 22.682456140350876 24.103508771929825 24.178508771929824 25.599561403508773 25.674561403508772 27.095614035087721 27.17061403508772 28.591666666666669 28.666666666666668;0.33333333333333331 0.40833333333333333 1.8293859649122806 1.9043859649122805 3.3254385964912281 3.4004385964912283 4.821491228070176 4.8964912280701762 6.317543859649124 6.3925438596491242 7.813596491228072 7.8885964912280722 9.3096491228070199 9.3846491228070192 10.805701754385966 10.880701754385965 12.301754385964912 12.376754385964912 13.797807017543859 13.872807017543858 15.293859649122805 15.368859649122804 16.789912280701753 16.864912280701752 18.285964912280701 18.3609649122807 19.782017543859649 19.857017543859648 21.278070175438597 21.353070175438596 22.774122807017545 22.849122807017544 24.270175438596493 24.345175438596492 25.76622807017544 25.84122807017544 27.262280701754388 27.337280701754388 28.758333333333336 28.833333333333336;
