m;8
n;16
P;39
P1;2 4 6 8 10 12 14 16 18 20 22 24 26 28 30 32 34 36 38
Q;40
M;100
h;1 1 1 1 1 1 1 1 1 1 1 1 1 1 1 1 1 1 1 1 1 1 1 1 1 1 1 1 1 1 1 1 1 1 1 1 1 1 1
Vmin;40 40 40 40 40 40 40 40 40 40 40 40 40 40 40 40 40 40 40 40 40 40 40 40 40 40 40 40 40 40 40 40 40 40 40 40 40 40 40;40 40 40 40 40 40 40 40 40 40 40 40 40 40 40 40 40 40 40 40 40 40 40 40 40 40 40 40 40 40 40 40 40 40 40 40 40 40 40;40 40 40 40 40 40 40 40 40 40 40 40 40 40 40 40 40 40 40 40 40 40 40 40 40 40 40 40 40 40 40 40 40 40 40 40 40 40 40;40 40 40 40 40 40 40 40 40 40 40 40 40 40 40 40 40 40 40 40 40 40 40 40 40 40 40 40 40 40 40 40 40 40 40 40 40 40 40;40 40 40 40 40 40 40 40 40 40 40 40 40 40 40 40 40 40 40 40 40 40 40 40 40 40 40 40 40 40 40 40 40 40 40 40 40 40 40;40 40 40 40 40 40 40 40 40 40 40 40 40 40 40 40 40 40 40 40 40 40 40 40 40 40 40 40 40 40 40 40 40 40 40 40 40 40 40;40 40 40 40 40 40 40 40 40 40 40 40 40 40 40 40 40 40 40 40 40 40 40 40 40 40 40 40 40 40 40 40 40 40 40 40 40 40 40;40 40 40 40 40 40 40 40 40 40 40 40 40 40 40 40 40 40 40 40 40 40 40 40 40 40 40 40 40 40 40 40 40 40 40 40 40 40 40;40 40 40 40 40 40 40 40 40 40 40 40 40 40 40 40 40 40 40 40 40 40 40 40 40 40 40 40 40 40 40 40 40 40 40 40 40 40 40;40 40 40 40 40 40 40 40 40 40 40 40 40 40 40 40 40 40 40 40 40 40 40 40 40 40 40 40 40 40 40 40 40 40 40 40 40 40 40;40 40 40 40 40 40 40 40 40 40 40 40 40 40 40 40 40 40 40 40 40 40 40 40 40 40 40 40 40 40 40 40 40 40 40 40 40 40 40;40 40 40 40 40 40 40 40 40 40 40 40 40 40 40 40 40 40 40 40 40 40 40 40 40 40 40 40 40 40 40 40 40 40 40 40 40 40 40;40 40 40 40 40 40 40 40 40 40 40 40 40 40 40 40 40 40 40 40 40 40 40 40 40 40 40 40 40 40 40 40 40 40 40 40 40 40 40;40 40 40 40 40 40 40 40 40 40 40 40 40 40 40 40 40 40 40 40 40 40 40 40 40 40 40 40 40 40 40 40 40 40 40 40 40 40 40;40 40 40 40 40 40 40 40 40 40 40 40 40 40 40 40 40 40 40 40 40 40 40 40 40 40 40 40 40 40 40 40 40 40 40 40 40 40 40;40 40 40 40 40 40 40 40 40 40 40 40 40 40 40 40 40 40 40 40 40 40 40 40 40 40 40 40 40 40 40 40 40 40 40 40 40 40 40;
Vmax;40 40 40 40 40 40 40 40 40 40 40 40 40 40 40 40 40 40 40 40 40 40 40 40 40 40 40 40 40 40 40 40 40 40 40 40 40 40 40;40 40 40 40 40 40 40 40 40 40 40 40 40 40 40 40 40 40 40 40 40 40 40 40 40 40 40 40 40 40 40 40 40 40 40 40 40 40 40;40 40 40 40 40 40 40 40 40 40 40 40 40 40 40 40 40 40 40 40 40 40 40 40 40 40 40 40 40 40 40 40 40 40 40 40 40 40 40;40 40 40 40 40 40 40 40 40 40 40 40 40 40 40 40 40 40 40 40 40 40 40 40 40 40 40 40 40 40 40 40 40 40 40 40 40 40 40;40 40 40 40 40 40 40 40 40 40 40 40 40 40 40 40 40 40 40 40 40 40 40 40 40 40 40 40 40 40 40 40 40 40 40 40 40 40 40;40 40 40 40 40 40 40 40 40 40 40 40 40 40 40 40 40 40 40 40 40 40 40 40 40 40 40 40 40 40 40 40 40 40 40 40 40 40 40;40 40 40 40 40 40 40 40 40 40 40 40 40 40 40 40 40 40 40 40 40 40 40 40 40 40 40 40 40 40 40 40 40 40 40 40 40 40 40;40 40 40 40 40 40 40 40 40 40 40 40 40 40 40 40 40 40 40 40 40 40 40 40 40 40 40 40 40 40 40 40 40 40 40 40 40 40 40;40 40 40 40 40 40 40 40 40 40 40 40 40 40 40 40 40 40 40 40 40 40 40 40 40 40 40 40 40 40 40 40 40 40 40 40 40 40 40;40 40 40 40 40 40 40 40 40 40 40 40 40 40 40 40 40 40 40 40 40 40 40 40 40 40 40 40 40 40 40 40 40 40 40 40 40 40 40;40 40 40 40 40 40 40 40 40 40 40 40 40 40 40 40 40 40 40 40 40 40 40 40 40 40 40 40 40 40 40 40 40 40 40 40 40 40 40;40 40 40 40 40 40 40 40 40 40 40 40 40 40 40 40 40 40 40 40 40 40 40 40 40 40 40 40 40 40 40 40 40 40 40 40 40 40 40;40 40 40 40 40 40 40 40 40 40 40 40 40 40 40 40 40 40 40 40 40 40 40 40 40 40 40 40 40 40 40 40 40 40 40 40 40 40 40;40 40 40 40 40 40 40 40 40 40 40 40 40 40 40 40 40 40 40 40 40 40 40 40 40 40 40 40 40 40 40 40 40 40 40 40 40 40 40;40 40 40 40 40 40 40 40 40 40 40 40 40 40 40 40 40 40 40 40 40 40 40 40 40 40 40 40 40 40 40 40 40 40 40 40 40 40 40;40 40 40 40 40 40 40 40 40 40 40 40 40 40 40 40 40 40 40 40 40 40 40 40 40 40 40 40 40 40 40 40 40 40 40 40 40 40 40;
d;3 56.8421052631579 3 56.8421052631579 3 56.8421052631579 3 56.8421052631579 3 56.8421052631579 3 56.8421052631579 3 56.8421052631579 3 56.8421052631579 3 56.8421052631579 3 56.8421052631579 3 56.8421052631579 3 56.8421052631579 3 56.8421052631579 3 56.8421052631579 3 56.8421052631579 3 56.8421052631579 3 56.8421052631579 3 56.8421052631579 3 56.8421052631579 3
S;28.5 28.425000000000001 27.003947368421052 26.928947368421053 25.507894736842104 25.432894736842105 24.011842105263156 23.936842105263157 22.515789473684208 22.440789473684209 21.01973684210526 20.944736842105261 19.523684210526312 19.448684210526313 18.027631578947364 17.952631578947365 16.531578947368416 16.456578947368417 15.03552631578947 14.960526315789471 13.539473684210524 13.464473684210525 12.043421052631578 11.968421052631578 10.547368421052632 10.472368421052632 9.0513157894736853 8.976315789473686 7.5552631578947382 7.4802631578947381 6.0592105263157903 5.9842105263157901 4.5631578947368423 4.4881578947368421 3.0671052631578948 2.9921052631578946 1.5710526315789473 1.4960526315789473 0.074999999999999997 0;28.666666666666668 28.591666666666669 27.17061403508772 27.095614035087721 25.674561403508772 25.599561403508773 24.178508771929824 24.103508771929825 22.682456140350876 22.607456140350877 21.186403508771928 21.111403508771929 19.69035087719298 19.615350877192981 18.194298245614032 18.119298245614033 16.698245614035084 16.623245614035085 15.202192982456136 15.127192982456137 13.70614035087719 13.631140350877191 12.210087719298244 12.135087719298244 10.714035087719298 10.639035087719298 9.2179824561403514 9.1429824561403521 7.7219298245614043 7.6469298245614041 6.2258771929824563 6.1508771929824562 4.7298245614035084 4.6548245614035082 3.2337719298245613 3.1587719298245611 1.737719298245614 1.662719298245614 0.24166666666666664 0.16666666666666666;28.833333333333336 28.758333333333336 27.337280701754388 27.262280701754388 25.84122807017544 25.76622807017544 24.345175438596492 24.270175438596493 22.849122807017544 22.774122807017545 21.353070175438596 21.278070175438597 19.857017543859648 19.782017543859649 18.3609649122807 18.285964912280701 16.864912280701752 16.789912280701753 15.368859649122804 15.293859649122805 13.872807017543858 13.797807017543859 12.376754385964912 12.301754385964912 10.880701754385965 10.805701754385966 9.3846491228070192 9.3096491228070199 7.8885964912280722 7.813596491228072 6.3925438596491242 6.317543859649124 4.8964912280701762 4.821491228070176 3.4004385964912283 3.3254385964912281 1.9043859649122805 1.8293859649122806 0.40833333333333333 0.33333333333333331;29 28.925000000000001 27.503947368421052 27.428947368421053 26.007894736842104 25.932894736842105 24.511842105263156 24.436842105263157 23.015789473684208 22.940789473684209 21.51973684210526 21.444736842105261 20.023684210526312 19.948684210526313 18.527631578947364 18.452631578947365 17.031578947368416 16.956578947368417 15.535526315789468 15.460526315789469 14.039473684210522 13.964473684210523 12.543421052631576 12.468421052631577 11.04736842105263 10.97236842105263 9.5513157894736835 9.4763157894736842 8.0552631578947373 7.9802631578947381 6.5592105263157903 6.4842105263157901 5.0631578947368423 4.9881578947368421 3.5671052631578948 3.4921052631578946 2.0710526315789473 1.9960526315789473 0.57499999999999996 0.5;29.166666666666664 29.091666666666665 27.670614035087716 27.595614035087717 26.174561403508768 26.099561403508769 24.67850877192982 24.603508771929821 23.182456140350872 23.107456140350873 21.686403508771924 21.611403508771925 20.190350877192976 20.115350877192977 18.694298245614029 18.619298245614029 17.198245614035081 17.123245614035081 15.702192982456134 15.627192982456135 14.206140350877188 14.131140350877189 12.710087719298242 12.635087719298243 11.214035087719296 11.139035087719297 9.7179824561403496 9.6429824561403503 8.2219298245614034 8.1469298245614041 6.7258771929824563 6.6508771929824562 5.2298245614035093 5.1548245614035091 3.7337719298245617 3.6587719298245616 2.2377192982456142 2.162719298245614 0.74166666666666659 0.66666666666666663;29.333333333333332 29.258333333333333 27.837280701754384 27.762280701754385 26.341228070175436 26.266228070175437 24.845175438596488 24.770175438596489 23.34912280701754 23.274122807017541 21.853070175438592 21.778070175438593 20.357017543859644 20.282017543859645 18.860964912280696 18.785964912280697 17.364912280701748 17.289912280701749 15.868859649122802 15.793859649122803 14.372807017543856 14.297807017543857 12.87675438596491 12.801754385964911 11.380701754385964 11.305701754385964 9.8846491228070175 9.8096491228070182 8.3885964912280713 8.313596491228072 6.8925438596491242 6.817543859649124 5.3964912280701762 5.321491228070176 3.9004385964912283 3.8254385964912281 2.4043859649122807 2.3293859649122806 0.90833333333333333 0.83333333333333337;29.5 29.425000000000001 28.003947368421052 27.928947368421053 26.507894736842104 26.432894736842105 25.011842105263156 24.936842105263157 23.515789473684208 23.440789473684209 22.01973684210526 21.944736842105261 20.523684210526312 20.448684210526313 19.027631578947364 18.952631578947365 17.531578947368416 17.456578947368417 16.035526315789468 15.960526315789469 14.539473684210522 14.464473684210523 13.043421052631576 12.968421052631577 11.54736842105263 11.47236842105263 10.051315789473684 9.9763157894736842 8.5552631578947373 8.4802631578947381 7.0592105263157903 6.9842105263157901 5.5631578947368423 5.4881578947368421 4.0671052631578943 3.9921052631578946 2.5710526315789473 2.4960526315789471 1.075 1;29.666666666666668 29.591666666666669 28.17061403508772 28.095614035087721 26.674561403508772 26.599561403508773 25.178508771929824 25.103508771929825 23.682456140350876 23.607456140350877 22.186403508771928 22.111403508771929 20.69035087719298 20.615350877192981 19.194298245614032 19.119298245614033 17.698245614035084 17.623245614035085 16.202192982456136 16.127192982456137 14.70614035087719 14.631140350877191 13.210087719298244 13.135087719298244 11.714035087719298 11.639035087719298 10.217982456140351 10.142982456140352 8.7219298245614052 8.6469298245614059 7.2258771929824581 7.1508771929824579 5.7298245614035102 5.65482456140351 4.2337719298245622 4.158771929824562 2.7377192982456142 2.662719298245614 1.2416666666666667 1.1666666666666667;0 0.074999999999999997 1.4960526315789473 1.5710526315789473 2.9921052631578946 3.0671052631578948 4.4881578947368421 4.5631578947368423 5.9842105263157901 6.0592105263157903 7.4802631578947381 7.5552631578947382 8.976315789473686 9.0513157894736853 10.472368421052632 10.547368421052632 11.968421052631578 12.043421052631578 13.464473684210525 13.539473684210524 14.960526315789471 15.03552631578947 16.456578947368417 16.531578947368416 17.952631578947365 18.027631578947364 19.448684210526313 19.523684210526312 20.944736842105261 21.01973684210526 22.440789473684209 22.515789473684208 23.936842105263157 24.011842105263156 25.432894736842105 25.507894736842104 26.928947368421053 27.003947368421052 28.425000000000001 28.5;0.16666666666666666 0.24166666666666664 1.662719298245614 1.737719298245614 3.1587719298245611 3.2337719298245613 4.6548245614035082 4.7298245614035084 6.1508771929824562 6.2258771929824563 7.6469298245614041 7.7219298245614043 9.1429824561403521 9.2179824561403514 10.639035087719298 10.714035087719298 12.135087719298244 12.210087719298244 13.631140350877191 13.70614035087719 15.127192982456137 15.202192982456136 16.623245614035085 16.698245614035084 18.119298245614033 18.194298245614032 19.615350877192981 19.69035087719298 21.111403508771929 21.186403508771928 22.607456140350877 22.682456140350876 24.103508771929825 24.178508771929824 25.599561403508773 25.674561403508772 27.095614035087721 27.17061403508772 28.591666666666669 28.666666666666668;0.33333333333333331 0.40833333333333333 1.8293859649122806 1.9043859649122805 3.3254385964912281 3.4004385964912283 4.821491228070176 4.8964912280701762 6.317543859649124 6.3925438596491242 7.813596491228072 7.8885964912280722 9.3096491228070199 9.3846491228070192 10.805701754385966 10.880701754385965 12.301754385964912 12.376754385964912 13.797807017543859 13.872807017543858 15.293859649122805 15.368859649122804 16.789912280701753 16.864912280701752 18.285964912280701 18.3609649122807 19.782017543859649 19.857017543859648 21.278070175438597 21.353070175438596 22.774122807017545 22.849122807017544 24.270175438596493 24.345175438596492 25.76622807017544 25.84122807017544 27.262280701754388 27.337280701754388 28.758333333333336 28.833333333333336;0.5 0.57499999999999996 1.9960526315789473 2.0710526315789473 3.4921052631578946 3.5671052631578948 4.9881578947368421 5.0631578947368423 6.4842105263157901 6.5592105263157903 7.9802631578947381 8.0552631578947373 9.4763157894736842 9.5513157894736835 10.97236842105263 11.04736842105263 12.468421052631577 12.543421052631576 13.964473684210523 14.039473684210522 15.460526315789469 15.535526315789468 16.956578947368417 17.031578947368416 18.452631578947365 18.527631578947364 19.948684210526313 20.023684210526312 21.444736842105261 21.51973684210526 22.940789473684209 23.015789473684208 24.436842105263157 24.511842105263156 25.932894736842105 26.007894736842104 27.428947368421053 27.503947368421052 28.925000000000001 29;0.66666666666666663 0.74166666666666659 2.162719298245614 2.2377192982456142 3.6587719298245616 3.7337719298245617 5.1548245614035091 5.2298245614035093 6.6508771929824562 6.7258771929824563 8.1469298245614041 8.2219298245614034 9.6429824561403503 9.7179824561403496 11.139035087719297 11.214035087719296 12.635087719298243 12.710087719298242 14.131140350877189 14.206140350877188 15.627192982456135 15.702192982456134 17.123245614035081 17.198245614035081 18.619298245614029 18.694298245614029 20.115350877192977 20.190350877192976 21.611403508771925 21.686403508771924 23.107456140350873 23.182456140350872 24.603508771929821 24.67850877192982 26.099561403508769 26.174561403508768 27.595614035087717 27.670614035087716 29.091666666666665 29.166666666666664;0.83333333333333337 0.90833333333333333 2.3293859649122806 2.4043859649122807 3.8254385964912281 3.9004385964912283 5.321491228070176 5.3964912280701762 6.817543859649124 6.8925438596491242 8.313596491228072 8.3885964912280713 9.8096491228070182 9.8846491228070175 11.305701754385964 11.380701754385964 12.801754385964911 12.87675438596491 14.297807017543857 14.372807017543856 15.793859649122803 15.868859649122802 17.289912280701749 17.364912280701748 18.785964912280697 18.860964912280696 20.282017543859645 20.357017543859644 21.778070175438593 21.853070175438592 23.274122807017541 23.34912280701754 24.770175438596489 24.845175438596488 26.266228070175437 26.341228070175436 27.762280701754385 27.837280701754384 29.258333333333333 29.333333333333332;1 1.075 2.4960526315789471 2.5710526315789473 3.9921052631578946 4.0671052631578943 5.4881578947368421 5.5631578947368423 6.9842105263157901 7.0592105263157903 8.4802631578947381 8.5552631578947373 9.9763157894736842 10.051315789473684 11.47236842105263 11.54736842105263 12.968421052631577 13.043421052631576 14.464473684210523 14.539473684210522 15.960526315789469 16.035526315789468 17.456578947368417 17.531578947368416 18.952631578947365 19.027631578947364 20.448684210526313 20.523684210526312 21.944736842105261 22.01973684210526 23.440789473684209 23.515789473684208 24.936842105263157 25.011842105263156 26.432894736842105 26.507894736842104 27.928947368421053 28.003947368421052 29.425000000000001 29.5;1.1666666666666667 1.2416666666666667 2.662719298245614 2.7377192982456142 4.158771929824562 4.2337719298245622 5.65482456140351 5.7298245614035102 7.1508771929824579 7.2258771929824581 8.6469298245614059 8.7219298245614052 10.142982456140352 10.217982456140351 11.639035087719298 11.714035087719298 13.135087719298244 13.210087719298244 14.631140350877191 14.70614035087719 16.127192982456137 16.202192982456136 17.623245614035085 17.698245614035084 19.119298245614033 19.194298245614032 20.615350877192981 20.69035087719298 22.111403508771929 22.186403508771928 23.607456140350877 23.682456140350876 25.103508771929825 25.178508771929824 26.599561403508773 26.674561403508772 28.095614035087721 28.17061403508772 29.591666666666669 29.666666666666668;
