m;1
n;2
P;39
P1;2 4 6 8 10 12 14 16 18 20 22 24 26 28 30 32 34 36 38
Q;40
M;100
h;1 1 1 1 1 1 1 1 1 1 1 1 1 1 1 1 1 1 1 1 1 1 1 1 1 1 1 1 1 1 1 1 1 1 1 1 1 1 1
Vmin;52 52 52 52 52 52 52 52 52 52 52 52 52 52 52 52 52 52 52 52 52 52 52 52 52 52 52 52 52 52 52 52 52 52 52 52 52 52 52;47 47 47 47 47 47 47 47 47 47 47 47 47 47 47 47 47 47 47 47 47 47 47 47 47 47 47 47 47 47 47 47 47 47 47 47 47 47 47;
Vmax;52 52 52 52 52 52 52 52 52 52 52 52 52 52 52 52 52 52 52 52 52 52 52 52 52 52 52 52 52 52 52 52 52 52 52 52 52 52 52;47 47 47 47 47 47 47 47 47 47 47 47 47 47 47 47 47 47 47 47 47 47 47 47 47 47 47 47 47 47 47 47 47 47 47 47 47 47 47;
d;3.000 40.678 3.000 60.361 3.000 84.700 3.000 4.971 3.000 150.763 3.000 63.749 3.000 115.980 3.000 42.520 3.000 8.896 3.000 139.475 3.000 99.441 3.000 5.577 3.000 46.276 3.000 35.713 3.000 30.440 3.000 14.539 3.000 56.713 3.000 44.282 3.000 72.106 3.000
S;0.51794026748307287 0.51697872902153441 0.49386783537061657 0.49290629690907811 0.47871333079249284 0.47775179233095438 0.45957451250587689 0.45861297404433843 0.45395290166367358 0.45299136320213512 0.44323500587344067 0.44227346741190221 0.43082693619950957 0.42986539773797111 0.41503329093881525 0.41407175247727679 0.41228424537292335 0.41132270691138489 0.37945053307669024 0.37848899461515179 0.3337853142793723 0.3328237758178339 0.32997237084598779 0.32901083238444939 0.31538262032111486 0.3144210818595764 0.27724810412080125 0.27628656565926285 0.25585432071743613 0.25489278225589768 0.20657144857624679 0.20560991011470833 0.20401657488697603 0.20305503642543757 0.17590750328546959 0.1749459648239311 0.15559949742833573 0.15463795896679725 0.14160019551859174 0.14063865705705325;0.32038146622253255 0.32134300468407095 0.33486153736304575 0.33582307582458421 0.35516954322017952 0.35613108168171798 0.38327861482168596 0.38424015328322442 0.38583348851095672 0.38679502697249518 0.43511636065214604 0.4360778991136845 0.45651014405551116 0.45747168251704962 0.49464466025582471 0.49560619871736317 0.50923441078069775 0.5101959492422361 0.51304735421408221 0.51400889267562067 0.55871257301140009 0.55967411147293855 0.5915462853076332 0.59250782376917166 0.59429533087352515 0.59525686933506361 0.61008897613421953 0.61105051459575799 0.62249704580815057 0.62345858426968903 0.63321494159838343 0.63417648005992189 0.63883655244058679 0.63979809090212525 0.65797537072720269 0.65893690918874115 0.67312987530532642 0.67409141376686488 0.69720230741778277 0.69816384587932123;
