m;6
n;12
P;39
P1;2 4 6 8 10 12 14 16 18 20 22 24 26 28 30 32 34 36 38
Q;40
M;100
h;1 1 1 1 1 1 1 1 1 1 1 1 1 1 1 1 1 1 1 1 1 1 1 1 1 1 1 1 1 1 1 1 1 1 1 1 1 1 1
Vmin;28 28 28 28 28 28 28 28 28 28 28 28 28 28 28 28 28 28 28 28 28 28 28 28 28 28 28 28 28 28 28 28 28 28 28 28 28 28 28;40 40 40 40 40 40 40 40 40 40 40 40 40 40 40 40 40 40 40 40 40 40 40 40 40 40 40 40 40 40 40 40 40 40 40 40 40 40 40;43 43 43 43 43 43 43 43 43 43 43 43 43 43 43 43 43 43 43 43 43 43 43 43 43 43 43 43 43 43 43 43 43 43 43 43 43 43 43;52 52 52 52 52 52 52 52 52 52 52 52 52 52 52 52 52 52 52 52 52 52 52 52 52 52 52 52 52 52 52 52 52 52 52 52 52 52 52;45 45 45 45 45 45 45 45 45 45 45 45 45 45 45 45 45 45 45 45 45 45 45 45 45 45 45 45 45 45 45 45 45 45 45 45 45 45 45;51 51 51 51 51 51 51 51 51 51 51 51 51 51 51 51 51 51 51 51 51 51 51 51 51 51 51 51 51 51 51 51 51 51 51 51 51 51 51;34 34 34 34 34 34 34 34 34 34 34 34 34 34 34 34 34 34 34 34 34 34 34 34 34 34 34 34 34 34 34 34 34 34 34 34 34 34 34;42 42 42 42 42 42 42 42 42 42 42 42 42 42 42 42 42 42 42 42 42 42 42 42 42 42 42 42 42 42 42 42 42 42 42 42 42 42 42;39 39 39 39 39 39 39 39 39 39 39 39 39 39 39 39 39 39 39 39 39 39 39 39 39 39 39 39 39 39 39 39 39 39 39 39 39 39 39;40 40 40 40 40 40 40 40 40 40 40 40 40 40 40 40 40 40 40 40 40 40 40 40 40 40 40 40 40 40 40 40 40 40 40 40 40 40 40;41 41 41 41 41 41 41 41 41 41 41 41 41 41 41 41 41 41 41 41 41 41 41 41 41 41 41 41 41 41 41 41 41 41 41 41 41 41 41;35 35 35 35 35 35 35 35 35 35 35 35 35 35 35 35 35 35 35 35 35 35 35 35 35 35 35 35 35 35 35 35 35 35 35 35 35 35 35;
Vmax;28 28 28 28 28 28 28 28 28 28 28 28 28 28 28 28 28 28 28 28 28 28 28 28 28 28 28 28 28 28 28 28 28 28 28 28 28 28 28;40 40 40 40 40 40 40 40 40 40 40 40 40 40 40 40 40 40 40 40 40 40 40 40 40 40 40 40 40 40 40 40 40 40 40 40 40 40 40;43 43 43 43 43 43 43 43 43 43 43 43 43 43 43 43 43 43 43 43 43 43 43 43 43 43 43 43 43 43 43 43 43 43 43 43 43 43 43;52 52 52 52 52 52 52 52 52 52 52 52 52 52 52 52 52 52 52 52 52 52 52 52 52 52 52 52 52 52 52 52 52 52 52 52 52 52 52;45 45 45 45 45 45 45 45 45 45 45 45 45 45 45 45 45 45 45 45 45 45 45 45 45 45 45 45 45 45 45 45 45 45 45 45 45 45 45;51 51 51 51 51 51 51 51 51 51 51 51 51 51 51 51 51 51 51 51 51 51 51 51 51 51 51 51 51 51 51 51 51 51 51 51 51 51 51;34 34 34 34 34 34 34 34 34 34 34 34 34 34 34 34 34 34 34 34 34 34 34 34 34 34 34 34 34 34 34 34 34 34 34 34 34 34 34;42 42 42 42 42 42 42 42 42 42 42 42 42 42 42 42 42 42 42 42 42 42 42 42 42 42 42 42 42 42 42 42 42 42 42 42 42 42 42;39 39 39 39 39 39 39 39 39 39 39 39 39 39 39 39 39 39 39 39 39 39 39 39 39 39 39 39 39 39 39 39 39 39 39 39 39 39 39;40 40 40 40 40 40 40 40 40 40 40 40 40 40 40 40 40 40 40 40 40 40 40 40 40 40 40 40 40 40 40 40 40 40 40 40 40 40 40;41 41 41 41 41 41 41 41 41 41 41 41 41 41 41 41 41 41 41 41 41 41 41 41 41 41 41 41 41 41 41 41 41 41 41 41 41 41 41;35 35 35 35 35 35 35 35 35 35 35 35 35 35 35 35 35 35 35 35 35 35 35 35 35 35 35 35 35 35 35 35 35 35 35 35 35 35 35;
d;3.000 31.834 3.000 23.263 3.000 4.714 3.000 35.126 3.000 97.629 3.000 78.803 3.000 96.262 3.000 18.210 3.000 110.479 3.000 13.088 3.000 14.722 3.000 33.293 3.000 115.433 3.000 121.404 3.000 64.283 3.000 32.321 3.000 53.457 3.000 4.076 3.000 62.265 3.000
S;0.85564192486386559 0.85385621057815131 0.81679366027538203 0.81500794598966786 0.81258194848418142 0.81079623419846714 0.77897654985429454 0.77719083556858037 0.75795206343563648 0.7561663491499222 0.7179026677164857 0.71611695343077153 0.64385291609569972 0.64206720180998544 0.57335698234735721 0.57157126806164293 0.5517539044265789 0.54996819014086462 0.54120490815057942 0.53941919386486525 0.53162857672417274 0.52984286243845846 0.46408179039006242 0.46229607610434814 0.45145660837710261 0.44967089409138833 0.39237203022511202 0.39058631593939774 0.34367994170632238 0.3418942274206081 0.28378190031835859 0.28199618603264426 0.26108767540095662 0.25930196111524234 0.25649585144454085 0.25471013715882651 0.24086322681146013 0.23907751252574583 0.22012898975056347 0.21834327546484916;0.92848056708368809 0.92723056708368801 0.9012867818717496 0.90003678187174951 0.89833858361790897 0.897088583617909 0.87481480457698813 0.87356480457698804 0.86009766408392729 0.85884766408392721 0.83206308708052179 0.83081308708052171 0.78022826094597153 0.77897826094597145 0.73088110732213163 0.72963110732213154 0.71575895277758661 0.71450895277758664 0.70837465538438704 0.70712465538438696 0.70167122338590227 0.70042122338590218 0.65438847295202496 0.65313847295202487 0.64555084554295306 0.64430084554295297 0.60419164083655952 0.60294164083655954 0.57010717887340678 0.5688571788734067 0.528178549901832 0.52692854990183202 0.51229259245965075 0.51104259245965067 0.50907831569015971 0.50782831569015974 0.49813547844700323 0.49688547844700326 0.48362151250437557 0.4823715125043756;1.490488417020333 1.4893256263226584 1.4651918726371345 1.4640290819394601 1.462449362633562 1.4612865719358874 1.4405667774792168 1.4394039867815425 1.4268764142298582 1.4257136235321837 1.4007977379476204 1.3996349472499461 1.3525792950317597 1.3514165043340853 1.3066749660793504 1.3055121753816761 1.2926078455727972 1.2914450548751228 1.2857387317186582 1.2845759410209836 1.2795029810223932 1.2783401903247189 1.2355190271304146 1.2343562364327403 1.2272979783777898 1.2261351876801152 1.1888242995811447 1.1876615088834701 1.1571178233363513 1.1559550326386769 1.1181144475488403 1.1169516568511659 1.103336812718904 1.1021740220212297 1.1003467878170519 1.0991839971193775 1.0901674043350458 1.0890046136373714 1.0766660406674853 1.0755032499698107;1.5576719741187963 1.5567104356572579 1.5367536778019206 1.5357921393403822 1.5344858329912738 1.5335242945297354 1.5163906183444118 1.5154290798828733 1.5050697410420573 1.5041082025805188 1.4835046818086683 1.4825431433471299 1.4436317386282451 1.4426702001667067 1.4056723896868299 1.4047108512252915 1.3940399631141032 1.3930784246525647 1.3883597343501035 1.3873981958885651 1.3832032481974228 1.3822417097358843 1.3468319017098251 1.3458703632482867 1.3400337267797697 1.3390721883182313 1.3082189539286979 1.3072574154671595 1.2820001370339651 1.2810385985724266 1.2497473455173693 1.2487858070558309 1.2375273782541529 1.2365658397926145 1.2350548576622369 1.2340933192006984 1.2266372905521163 1.2256757520905779 1.2154727013654798 1.2145111629039413;1.8305664571569971 1.829455346045886 1.806394203635274 1.805283092524163 1.8037735829651935 1.8026624718540825 1.7828635571510418 1.7817524460399308 1.7697816544905434 1.7686705433794323 1.7448620304875164 1.7437509193764054 1.6987866294790273 1.6976755183679162 1.654922492924503 1.6538113818133919 1.6414805777737966 1.6403694666626856 1.6349167578687303 1.6338056467576192 1.6289581516478548 1.6278470405367438 1.5869290401510754 1.5858179290399643 1.5790733713430114 1.5779622602319003 1.5423096338262174 1.5411985227151064 1.5120123343034151 1.510901223192304 1.4747424418842379 1.4736313307731268 1.460621590824521 1.45951047971341 1.4577644559183069 1.4566533448071959 1.4480374894799455 1.4469263783688346 1.4351361864198322 1.4340250753087211;1.8384462047999399 1.8374658126430772 1.8171177458101841 1.8161373536533214 1.814805433454231 1.813825041297368 1.7963554106770381 1.7953750185201753 1.7848125553883629 1.7838321632315002 1.76282465185628 1.761844259699417 1.7221698862605543 1.7211894941036914 1.6834662363595034 1.6824858442026407 1.6716057229912329 1.6706253308343699 1.6658141171926448 1.6648337250357819 1.660556523468343 1.6595761313114801 1.6234720133241256 1.6224916211672629 1.6165405408464222 1.6155601486895594 1.5841019489198389 1.5831215567629762 1.5573690375761897 1.5563886454193268 1.5244838383827977 1.5235034462259349 1.5120242639183417 1.5110438717614789 1.5095032625305054 1.5085228703736426 1.5009206450848924 1.4999402529280297 1.4895371423847921 1.4885567502279293;1.5671843477506493 1.5689700620363636 1.588811441954403 1.5905971562401175 1.604444066587484 1.6062297808731985 1.6090358905438999 1.6108216048296142 1.631730115461302 1.6335158297470163 1.6916281568492657 1.69341387113498 1.7403202453680555 1.7421059596537698 1.7994048235200462 1.8011905378057604 1.8120300055330061 1.8138157198187204 1.8795767918671165 1.8813625061528307 1.8891531232935235 1.8909388375792378 1.899702119569523 1.9014878338552375 1.9213051974903015 1.9230909117760158 1.9918011312386443 1.9935868455243586 2.0658508828594302 2.0676365971451447 2.1059002785785812 2.1076859928642953 2.1269247649972391 2.1287104792829536 2.1605301636271266 2.1623158779128406 2.1647418754183274 2.1665275897040415 2.2035901400068107 2.2053758542925253;1.6471660909103116 1.6484160909103118 1.6623050568529394 1.6635550568529394 1.673247894096096 1.674497894096096 1.6764621708655871 1.6777121708655871 1.6923481283077684 1.6935981283077686 1.7342767572793432 1.7355267572793431 1.768361219242496 1.769611219242496 1.8097204239488893 1.8109704239488893 1.8185580513579613 1.8198080513579613 1.8658408017918384 1.8670908017918386 1.8725442337903233 1.8737942337903235 1.8799285311835232 1.8811785311835232 1.8950506857280682 1.8963006857280682 1.9443978393519079 1.9456478393519079 1.9962326654864584 1.9974826654864584 2.0242672424898638 2.025517242489864 2.0389843829829246 2.0402343829829248 2.0625081620238452 2.0637581620238454 2.0654563602776861 2.0667063602776863 2.0926501454896247 2.0939001454896249;1.7316902273199237 1.7328530180175981 1.7457729863363214 1.7469357770339959 1.7559523698183275 1.7571151605160018 1.7589423947201797 1.760105185417854 1.7737200295501159 1.7748828202477902 1.8127234053376271 1.8138861960353014 1.8444298815824203 1.8455926722800946 1.8829035603790654 1.8840663510767397 1.8911246091316902 1.8922873998293646 1.9351085630236688 1.9362713537213432 1.9413443137199338 1.9425071044176081 1.9482134275740728 1.9493762182717473 1.9622805480806262 1.9634433387783006 2.0081848770330355 2.0093476677307098 2.0564033199488962 2.0575661106465706 2.0824819962311336 2.0836447869288084 2.0961723594804926 2.097335150178167 2.1180549446348373 2.1192177353325117 2.1207974546384101 2.1219602453360844 2.1460939990216086 2.1472567897192834;1.8974315059239539 1.8983930443854924 1.9090768643413596 1.910038402802898 1.9174944314514801 1.9184559699130186 1.9199669520433962 1.9209284905049346 1.9321869193066126 1.933148457768151 1.9644397108232083 1.9654012492847468 1.9906585277179412 1.9916200661794796 2.022473300569013 2.0234348390305517 2.0292714754990682 2.0302330139606068 2.0656428219866663 2.0666043604482045 2.070799308139347 2.0717608466008852 2.0764795369033466 2.0774410753648849 2.0881119634760732 2.0890735019376114 2.1260713124174884 2.127032850879027 2.1659442555979118 2.1669057940594505 2.187509314831301 2.1884708532928396 2.1988301921336553 2.199791730595194 2.2169254067805175 2.2178869452420562 2.2191932515911641 2.2201547900527028 2.24011154790804 2.2410730863695787;2.0549273236926404 2.0560384348037513 2.0683841823083093 2.0694952934194202 2.0781111487466704 2.0792222598577816 2.0809682836528847 2.0820793947639959 2.0950891347126013 2.0962002458237126 2.1323590271317787 2.13347013824289 2.1626563266545813 2.1637674377656921 2.1994200641713753 2.2005311752824861 2.207275732979439 2.2083868440905499 2.2493048444762187 2.2504159555873295 2.2552634506970937 2.2563745618082049 2.26182727060216 2.2629383817132709 2.2752691857528666 2.2763802968639775 2.3191333223073909 2.3202444334185017 2.3652087233158796 2.3663198344269905 2.3901283473189068 2.3912394584300176 2.4032102499794048 2.4043213610905161 2.4241202757935567 2.425231386904668 2.4267408964636372 2.4278520075747485 2.4509131499853605 2.4520242610964713;2.2650620787219373 2.2660424708788001 2.2769357775004688 2.2779161696573316 2.2855183949460818 2.2864987871029445 2.2880393963339176 2.2890197884907808 2.3004989707983738 2.3014793629552366 2.3333841699917661 2.3343645621486289 2.3601170813354155 2.3610974734922783 2.3925556732619984 2.3935360654188615 2.3994871457397022 2.400467537896565 2.4365716558839194 2.4375520480407826 2.4418292496082215 2.4428096417650846 2.4476208554068095 2.4486012475636723 2.4594813687750801 2.4604617609319428 2.4981850186761312 2.4991654108329939 2.5388397842718571 2.5398201764287198 2.5608276878039402 2.561808079960803 2.5723705430926151 2.5733509352494779 2.5908205658698078 2.591800958026671 2.5931328782257612 2.594113270382624 2.6144613372155172 2.61544172937238;
