m;5
n;10
P;39
P1;2 4 6 8 10 12 14 16 18 20 22 24 26 28 30 32 34 36 38
Q;40
M;100
h;1 1 1 1 1 1 1 1 1 1 1 1 1 1 1 1 1 1 1 1 1 1 1 1 1 1 1 1 1 1 1 1 1 1 1 1 1 1 1
Vmin;28 28 28 28 28 28 28 28 28 28 28 28 28 28 28 28 28 28 28 28 28 28 28 28 28 28 28 28 28 28 28 28 28 28 28 28 28 28 28;35 35 35 35 35 35 35 35 35 35 35 35 35 35 35 35 35 35 35 35 35 35 35 35 35 35 35 35 35 35 35 35 35 35 35 35 35 35 35;42 42 42 42 42 42 42 42 42 42 42 42 42 42 42 42 42 42 42 42 42 42 42 42 42 42 42 42 42 42 42 42 42 42 42 42 42 42 42;51 51 51 51 51 51 51 51 51 51 51 51 51 51 51 51 51 51 51 51 51 51 51 51 51 51 51 51 51 51 51 51 51 51 51 51 51 51 51;46 46 46 46 46 46 46 46 46 46 46 46 46 46 46 46 46 46 46 46 46 46 46 46 46 46 46 46 46 46 46 46 46 46 46 46 46 46 46;45 45 45 45 45 45 45 45 45 45 45 45 45 45 45 45 45 45 45 45 45 45 45 45 45 45 45 45 45 45 45 45 45 45 45 45 45 45 45;44 44 44 44 44 44 44 44 44 44 44 44 44 44 44 44 44 44 44 44 44 44 44 44 44 44 44 44 44 44 44 44 44 44 44 44 44 44 44;43 43 43 43 43 43 43 43 43 43 43 43 43 43 43 43 43 43 43 43 43 43 43 43 43 43 43 43 43 43 43 43 43 43 43 43 43 43 43;52 52 52 52 52 52 52 52 52 52 52 52 52 52 52 52 52 52 52 52 52 52 52 52 52 52 52 52 52 52 52 52 52 52 52 52 52 52 52;33 33 33 33 33 33 33 33 33 33 33 33 33 33 33 33 33 33 33 33 33 33 33 33 33 33 33 33 33 33 33 33 33 33 33 33 33 33 33;
Vmax;28 28 28 28 28 28 28 28 28 28 28 28 28 28 28 28 28 28 28 28 28 28 28 28 28 28 28 28 28 28 28 28 28 28 28 28 28 28 28;35 35 35 35 35 35 35 35 35 35 35 35 35 35 35 35 35 35 35 35 35 35 35 35 35 35 35 35 35 35 35 35 35 35 35 35 35 35 35;42 42 42 42 42 42 42 42 42 42 42 42 42 42 42 42 42 42 42 42 42 42 42 42 42 42 42 42 42 42 42 42 42 42 42 42 42 42 42;51 51 51 51 51 51 51 51 51 51 51 51 51 51 51 51 51 51 51 51 51 51 51 51 51 51 51 51 51 51 51 51 51 51 51 51 51 51 51;46 46 46 46 46 46 46 46 46 46 46 46 46 46 46 46 46 46 46 46 46 46 46 46 46 46 46 46 46 46 46 46 46 46 46 46 46 46 46;45 45 45 45 45 45 45 45 45 45 45 45 45 45 45 45 45 45 45 45 45 45 45 45 45 45 45 45 45 45 45 45 45 45 45 45 45 45 45;44 44 44 44 44 44 44 44 44 44 44 44 44 44 44 44 44 44 44 44 44 44 44 44 44 44 44 44 44 44 44 44 44 44 44 44 44 44 44;43 43 43 43 43 43 43 43 43 43 43 43 43 43 43 43 43 43 43 43 43 43 43 43 43 43 43 43 43 43 43 43 43 43 43 43 43 43 43;52 52 52 52 52 52 52 52 52 52 52 52 52 52 52 52 52 52 52 52 52 52 52 52 52 52 52 52 52 52 52 52 52 52 52 52 52 52 52;33 33 33 33 33 33 33 33 33 33 33 33 33 33 33 33 33 33 33 33 33 33 33 33 33 33 33 33 33 33 33 33 33 33 33 33 33 33 33;
d;3.000 85.553 3.000 69.676 3.000 27.253 3.000 8.922 3.000 49.551 3.000 15.484 3.000 128.033 3.000 58.675 3.000 83.398 3.000 61.964 3.000 55.335 3.000 40.799 3.000 49.365 3.000 18.497 3.000 84.403 3.000 49.820 3.000 64.092 3.000 3.215 3.000 31.918 3.000
S;0.80028985884947035 0.79850414456375607 0.77950536474201615 0.77771965045630187 0.77580573572872591 0.77402002144301163 0.73587003030685472 0.73408431602114055 0.70442935517821381 0.70264364089249964 0.65240381841437833 0.65061810412866417 0.63960778436971966 0.63782207008400549 0.60843831762127853 0.60665260333556437 0.58236751394545261 0.58058179965973833 0.54764409525229973 0.54585838096658545 0.50897504676399552 0.50718933247828124 0.4575476111698355 0.45576189688412122 0.42083657373217748 0.41905085944646314 0.34284100609161333 0.34105529180589905 0.33183877111424182 0.33005305682852748 0.30055843261617626 0.29877271833046198 0.29346229161131804 0.29167657732560376 0.27545471173603125 0.27366899745031698 0.23219544132314809 0.23040972703743379 0.17948507928067112 0.17769936499495684;0.77407784475118036 0.7726492733226088 0.75745024946521688 0.75602167803664544 0.75449054625458467 0.75306197482601311 0.72254198191708763 0.72111341048851618 0.69738944181417473 0.69596087038560328 0.65576901240310626 0.65434044097453481 0.64553218516737931 0.64410361373880787 0.62059661176862635 0.6191680403400549 0.59973996882796554 0.5983113973993941 0.57196123387344322 0.57053266244487177 0.5410259950827998 0.53959742365422836 0.49988404660747171 0.49845547517890032 0.4705152166573453 0.46908664522877391 0.40811876254489404 0.40669019111632265 0.39931697456299686 0.39788840313442542 0.37429270376454438 0.37286413233597299 0.36861579096065783 0.36718721953208638 0.35420972706042841 0.35278115563185697 0.31960231073012185 0.31817373930155041 0.27743402109614024 0.27600544966756879;1.0203618688784892 1.019171392688013 1.0065055394735198 1.0053150632830437 1.0040391201313263 1.0028486439408502 0.97741531651674551 0.97622484032626933 0.95645486643098487 0.95526439024050869 0.92177117525509467 0.92058069906461848 0.91324048589198881 0.91205000970151273 0.89246084139302817 0.89127036520255198 0.87508030560914418 0.873889829418668 0.85193135981370893 0.85074088362323286 0.82615199415483953 0.82496151796436334 0.79186703709206618 0.79067656090159 0.76739301213362754 0.76620253594315135 0.71539596703991815 0.71420549084944207 0.70806114372167051 0.70687066753119443 0.68720758472296029 0.6860171085324841 0.68247682405305476 0.68128634786257858 0.67047177080286369 0.6692812946123875 0.64163225719427486 0.64044178100379878 0.60649201583262358 0.60530153964214739;1.1895299713970853 1.1885495792402225 1.1781188765929926 1.1771384844361299 1.1760877077229508 1.1751073155660881 1.1541622223932961 1.1531818302364334 1.1369006752638462 1.1359202831069835 1.1083376354719365 1.1073572433150738 1.1013123618787906 1.1003319697219278 1.0841997134678818 1.0832193213110191 1.0698863310576243 1.0689059389007616 1.0508224933437365 1.0498421011868737 1.0295924275070203 1.0286120353501575 1.0013577569847363 1.0003773648278735 0.98120267760719859 0.98022228545033585 0.93838158164767316 0.9374011894908103 0.93234113891499848 0.93136074675813574 0.91516761973958993 0.91418722758272719 0.91127169918790307 0.91029130703104022 0.90138518474656915 0.90040479258970629 0.87763499706890769 0.87665460491204483 0.84869597477107717 0.84771558261421431;1.4150809836282963 1.4139940271065572 1.4024295524324546 1.4013425959107155 1.4001776043374083 1.3990906478156693 1.3758689140806173 1.3747819575588782 1.3567311118284013 1.3556441553066623 1.3250633937982406 1.3239764372765015 1.3172745035101874 1.3161875469884483 1.2983017846198319 1.2972148280980929 1.2824325997736772 1.2813456432519381 1.2612966057865407 1.2602096492648016 1.2377589240980076 1.2366719675762685 1.2064552676493885 1.2053683111276494 1.1841094187742922 1.1830224622525531 1.1366338558626445 1.1355468993409055 1.1299368432677228 1.1288498867459837 1.1108966372254223 1.1098096807036832 1.1065772470485522 1.1054902905268131 1.0956161114722909 1.0945291549505518 1.0692843816557531 1.0681974251340141 1.0371998134559848 1.0361128569342455;1.0970187439568002 1.0988044582425147 1.1506219631421346 1.1524076774278489 1.1938812335550177 1.195666947840732 1.2118888134303047 1.213674527716019 1.218984954435163 1.2207706687208773 1.2502652929332285 1.2520510072189428 1.2612675279106 1.2630532421963143 1.3392630955511642 1.3410488098368785 1.3759741329888224 1.3777598472745367 1.4274015685829826 1.4291872828686969 1.4660706170712869 1.4678563313570012 1.5007940357644398 1.5025797500501541 1.5268648394402657 1.5286505537259802 1.558034306188707 1.5598200204744215 1.5708303402333657 1.5726160545190802 1.6228558769972012 1.6246415912829157 1.6542965521258424 1.6560822664115566 1.6942322575477136 1.6960179718334278 1.697931886561004 1.6997176008467183 1.7187163806684582 1.7205020949541727;1.3788742035989767 1.3803027750275483 1.4217567789472443 1.4231853503758158 1.4563641952775508 1.4577927667061223 1.4707702591777803 1.4721988306063518 1.476447171981667 1.4778757434102383 1.5014714427801195 1.502900014208691 1.5102732307620168 1.5117018021905884 1.5726696848744681 1.5740982563030395 1.6020385148245946 1.6034670862531659 1.6431804632999227 1.6446090347284941 1.6741157020905661 1.6755442735191375 1.7018944370450884 1.7033230084736599 1.7227510799857493 1.7241796514143208 1.7476866533845024 1.7491152248130739 1.7579234806202293 1.7593520520488009 1.7995439100312978 1.8009724814598693 1.8246964501342107 1.826125021562782 1.8566450144717075 1.858073585900279 1.85960471768234 1.8610332891109114 1.8762323129683032 1.8776608843968747;1.4674544510312453 1.4686449272217215 1.5031899304881347 1.5043804066786108 1.5320294440967237 1.5332199202871997 1.5440344973469147 1.5452249735373909 1.5487652580168203 1.5499557342072963 1.5696188170155305 1.5708092932060067 1.5769536403337781 1.5781441165242542 1.6289506854274876 1.6301411616179637 1.6534247103859263 1.6546151865764025 1.6877096674486995 1.6889001436391757 1.7134890331075687 1.7146795092980449 1.736637978903004 1.7378284550934802 1.7540185146868879 1.755208990877364 1.7747981591858486 1.7759886353763248 1.7833288485489545 1.7845193247394306 1.8180125397248448 1.819203015915321 1.8389729898106055 1.8401634660010815 1.8655967934251863 1.8667872696156624 1.8680632127673795 1.8692536889578557 1.8819195421723489 1.8831100183628251;1.5514343256866348 1.5524147178434975 1.5808635440628966 1.5818439362197594 1.604613731740558 1.605594123897421 1.614500246181892 1.615480638338755 1.6183961667335791 1.6193765588904419 1.6355696859089877 1.6365500780658506 1.6416101286416624 1.6425905207985252 1.6844312246011879 1.6854116167580506 1.7045863039787257 1.7055666961355884 1.7328209745010097 1.7338013666578724 1.7540510403377256 1.7550314324945886 1.7731148780516137 1.7740952702084765 1.7874282604618712 1.7884086526187339 1.80454090887278 1.8055213010296427 1.8115661824659257 1.8125465746227887 1.8401292222578356 1.8411096144146983 1.8573907693872855 1.8583711615441483 1.8793162547169402 1.8802966468738029 1.8813474235869818 1.8823278157438448 1.8927585183910745 1.8937389105479374;1.9146835576665773 1.9157705141883163 1.9473116041272154 1.9483985606489544 1.9736433339437529 1.974730290465492 1.9846044695200145 1.9856914260417535 1.9889238596968846 1.9900108162186236 2.0079640657391851 2.0090510222609241 2.0146610783341066 2.0157480348558456 2.0621366412457545 2.0632235977674935 2.0844824901208505 2.0855694466425896 2.1157861465694698 2.1168731030912089 2.1393238282580027 2.1404107847797418 2.1604598222451394 2.1615467787668785 2.1763290070912946 2.1774159636130337 2.1953017259816501 2.1963886825033891 2.2030906162697033 2.2041775727914423 2.2347583342998636 2.2358452908216027 2.25389613655208 2.2549830930738191 2.2782048268088713 2.2792917833306103 2.2804567749039175 2.2815437314256566 2.2931082060997592 2.2941951626214983;
