m;8
n;16
P;39
P1;2 4 6 8 10 12 14 16 18 20 22 24 26 28 30 32 34 36 38
Q;40
M;100
h;1 1 1 1 1 1 1 1 1 1 1 1 1 1 1 1 1 1 1 1 1 1 1 1 1 1 1 1 1 1 1 1 1 1 1 1 1 1 1
Vmin;34 34 34 34 34 34 34 34 34 34 34 34 34 34 34 34 34 34 34 34 34 34 34 34 34 34 34 34 34 34 34 34 34 34 34 34 34 34 34;40 40 40 40 40 40 40 40 40 40 40 40 40 40 40 40 40 40 40 40 40 40 40 40 40 40 40 40 40 40 40 40 40 40 40 40 40 40 40;32 32 32 32 32 32 32 32 32 32 32 32 32 32 32 32 32 32 32 32 32 32 32 32 32 32 32 32 32 32 32 32 32 32 32 32 32 32 32;52 52 52 52 52 52 52 52 52 52 52 52 52 52 52 52 52 52 52 52 52 52 52 52 52 52 52 52 52 52 52 52 52 52 52 52 52 52 52;52 52 52 52 52 52 52 52 52 52 52 52 52 52 52 52 52 52 52 52 52 52 52 52 52 52 52 52 52 52 52 52 52 52 52 52 52 52 52;42 42 42 42 42 42 42 42 42 42 42 42 42 42 42 42 42 42 42 42 42 42 42 42 42 42 42 42 42 42 42 42 42 42 42 42 42 42 42;52 52 52 52 52 52 52 52 52 52 52 52 52 52 52 52 52 52 52 52 52 52 52 52 52 52 52 52 52 52 52 52 52 52 52 52 52 52 52;28 28 28 28 28 28 28 28 28 28 28 28 28 28 28 28 28 28 28 28 28 28 28 28 28 28 28 28 28 28 28 28 28 28 28 28 28 28 28;50 50 50 50 50 50 50 50 50 50 50 50 50 50 50 50 50 50 50 50 50 50 50 50 50 50 50 50 50 50 50 50 50 50 50 50 50 50 50;34 34 34 34 34 34 34 34 34 34 34 34 34 34 34 34 34 34 34 34 34 34 34 34 34 34 34 34 34 34 34 34 34 34 34 34 34 34 34;45 45 45 45 45 45 45 45 45 45 45 45 45 45 45 45 45 45 45 45 45 45 45 45 45 45 45 45 45 45 45 45 45 45 45 45 45 45 45;43 43 43 43 43 43 43 43 43 43 43 43 43 43 43 43 43 43 43 43 43 43 43 43 43 43 43 43 43 43 43 43 43 43 43 43 43 43 43;37 37 37 37 37 37 37 37 37 37 37 37 37 37 37 37 37 37 37 37 37 37 37 37 37 37 37 37 37 37 37 37 37 37 37 37 37 37 37;45 45 45 45 45 45 45 45 45 45 45 45 45 45 45 45 45 45 45 45 45 45 45 45 45 45 45 45 45 45 45 45 45 45 45 45 45 45 45;42 42 42 42 42 42 42 42 42 42 42 42 42 42 42 42 42 42 42 42 42 42 42 42 42 42 42 42 42 42 42 42 42 42 42 42 42 42 42;38 38 38 38 38 38 38 38 38 38 38 38 38 38 38 38 38 38 38 38 38 38 38 38 38 38 38 38 38 38 38 38 38 38 38 38 38 38 38;
Vmax;34 34 34 34 34 34 34 34 34 34 34 34 34 34 34 34 34 34 34 34 34 34 34 34 34 34 34 34 34 34 34 34 34 34 34 34 34 34 34;40 40 40 40 40 40 40 40 40 40 40 40 40 40 40 40 40 40 40 40 40 40 40 40 40 40 40 40 40 40 40 40 40 40 40 40 40 40 40;32 32 32 32 32 32 32 32 32 32 32 32 32 32 32 32 32 32 32 32 32 32 32 32 32 32 32 32 32 32 32 32 32 32 32 32 32 32 32;52 52 52 52 52 52 52 52 52 52 52 52 52 52 52 52 52 52 52 52 52 52 52 52 52 52 52 52 52 52 52 52 52 52 52 52 52 52 52;52 52 52 52 52 52 52 52 52 52 52 52 52 52 52 52 52 52 52 52 52 52 52 52 52 52 52 52 52 52 52 52 52 52 52 52 52 52 52;42 42 42 42 42 42 42 42 42 42 42 42 42 42 42 42 42 42 42 42 42 42 42 42 42 42 42 42 42 42 42 42 42 42 42 42 42 42 42;52 52 52 52 52 52 52 52 52 52 52 52 52 52 52 52 52 52 52 52 52 52 52 52 52 52 52 52 52 52 52 52 52 52 52 52 52 52 52;28 28 28 28 28 28 28 28 28 28 28 28 28 28 28 28 28 28 28 28 28 28 28 28 28 28 28 28 28 28 28 28 28 28 28 28 28 28 28;50 50 50 50 50 50 50 50 50 50 50 50 50 50 50 50 50 50 50 50 50 50 50 50 50 50 50 50 50 50 50 50 50 50 50 50 50 50 50;34 34 34 34 34 34 34 34 34 34 34 34 34 34 34 34 34 34 34 34 34 34 34 34 34 34 34 34 34 34 34 34 34 34 34 34 34 34 34;45 45 45 45 45 45 45 45 45 45 45 45 45 45 45 45 45 45 45 45 45 45 45 45 45 45 45 45 45 45 45 45 45 45 45 45 45 45 45;43 43 43 43 43 43 43 43 43 43 43 43 43 43 43 43 43 43 43 43 43 43 43 43 43 43 43 43 43 43 43 43 43 43 43 43 43 43 43;37 37 37 37 37 37 37 37 37 37 37 37 37 37 37 37 37 37 37 37 37 37 37 37 37 37 37 37 37 37 37 37 37 37 37 37 37 37 37;45 45 45 45 45 45 45 45 45 45 45 45 45 45 45 45 45 45 45 45 45 45 45 45 45 45 45 45 45 45 45 45 45 45 45 45 45 45 45;42 42 42 42 42 42 42 42 42 42 42 42 42 42 42 42 42 42 42 42 42 42 42 42 42 42 42 42 42 42 42 42 42 42 42 42 42 42 42;38 38 38 38 38 38 38 38 38 38 38 38 38 38 38 38 38 38 38 38 38 38 38 38 38 38 38 38 38 38 38 38 38 38 38 38 38 38 38;
d;3.000 18.224 3.000 42.625 3.000 11.111 3.000 9.278 3.000 131.338 3.000 15.971 3.000 105.174 3.000 70.344 3.000 118.387 3.000 73.329 3.000 17.528 3.000 13.477 3.000 77.619 3.000 19.218 3.000 22.002 3.000 84.088 3.000 22.017 3.000 105.583 3.000 75.023 3.000
S;0.66406285989641822 0.66259227166112411 0.62581620295679707 0.62434561472150307 0.57258937712316282 0.57111878888786871 0.56032601847447916 0.55885543023918516 0.51763564074608182 0.5161650525107877 0.50537975427705173 0.50390916604175762 0.49448872784254677 0.49301813960725266 0.45496940007350511 0.45349881183821095 0.44689227203848153 0.44542168380318736 0.43682941372459172 0.43535882548929755 0.39941334326592148 0.39794275503062732 0.33991005186933859 0.33843946363404442 0.30395700099017497 0.30248641275488086 0.25093048903110388 0.24945990079580976 0.24163094020532869 0.24016035197003457 0.17577874982741776 0.17430816159212364 0.16976019299088221 0.1682896047555881 0.16284293244227019 0.16137234420697608 0.14047756853777321 0.1390069803024791 0.13007384312691836 0.12860325489162425;0.69020406365632203 0.68895406365632195 0.657694405257644 0.65644440525764403 0.61245160329905479 0.61120160329905471 0.60202774844767359 0.60077774844767362 0.56574092737853587 0.56449092737853579 0.55532342387986022 0.55407342387986014 0.54606605141053099 0.54481605141053102 0.51247462280684553 0.51122462280684555 0.5056090639770755 0.50435906397707553 0.49705563441026929 0.49580563441026926 0.46525197452039962 0.46400197452039965 0.41467417683330421 0.41342417683330424 0.38411408358601518 0.3828640835860152 0.33904154842080475 0.33779154842080478 0.33113693191889587 0.3298869319188959 0.27516257009767153 0.27391257009767156 0.27004679678661636 0.26879679678661639 0.26416712532029618 0.26291712532029615 0.24515656600147373 0.24390656600147373 0.2363133994022471 0.2350633994022471;1.0783957446038961 1.0768332446038962 1.0377586716055487 1.0361961716055488 0.98120516915731237 0.97964266915731235 0.96817535059308601 0.96661285059308599 0.92281682425666378 0.92125432425666376 0.90979494488331936 0.90823244488331933 0.89822322929665788 0.89666072929665785 0.85623394354205118 0.85467144354205116 0.84765199500483868 0.84608949500483865 0.83696020804633087 0.83539770804633084 0.79720563318399373 0.79564313318399371 0.73398338607512437 0.73242088607512434 0.6957832695160131 0.69422076951601308 0.63944260055949997 0.63788010055949995 0.62956182993211385 0.62799932993211394 0.55959387765558344 0.55803137765558342 0.55319916101676436 0.55163666101676445 0.54584957168386405 0.54428707168386414 0.52208637253533607 0.52052387253533605 0.51103241428630275 0.50946991428630273;1.2236208385788869 1.2226593001173485 1.1986134090414422 1.1976518705799037 1.1638112536886813 1.1628497152271429 1.1557929038030037 1.1548313653414652 1.1278799645190516 1.1269184260575131 1.1198665002893011 1.1189049618277627 1.1127454445436633 1.1117839060821249 1.08690588407929 1.0859443456177515 1.0816246849794668 1.0806631465179284 1.0750451237742313 1.0740835853126929 1.0505807700127932 1.0496192315512547 1.0116747717919505 1.0107132333304121 0.98816700775557442 0.98720546929403596 0.95349582685925871 0.95253428839772025 0.94741535262702103 0.94645381416548269 0.90435815122607932 0.90339661276454086 0.90042294098680609 0.89946140252526763 0.89590011678194448 0.89493857832040602 0.88127660961361953 0.88031507115208107 0.87447417376806058 0.87351263530652212;1.5611710762829141 1.5602095378213756 1.5361636467454693 1.5352021082839309 1.5013614913927085 1.50039995293117 1.4933431415070308 1.4923816030454924 1.4654302022230787 1.4644686637615403 1.4574167379933283 1.4564551995317898 1.4502956822476907 1.4493341437861522 1.4244561217833174 1.4234945833217789 1.4191749226834942 1.4182133842219558 1.4125953614782587 1.4116338230167202 1.3881310077168203 1.3871694692552821 1.3492250094959777 1.3482634710344392 1.3257172454596013 1.3247557069980629 1.2910460645632857 1.2900845261017473 1.2849655903310482 1.2840040518695097 1.2419083889301064 1.2409468504685679 1.2379731786908332 1.2370116402292948 1.2334503544859714 1.2324888160244329 1.2188268473176465 1.217865308856108 1.2120244114720875 1.211062873010549;1.7540958646684817 1.7529053884780055 1.7231342852411693 1.7219438090506931 1.6800459024234653 1.6788554262329891 1.6701184216126264 1.6689279454221502 1.6355595444039237 1.6343690682134475 1.6256381125004231 1.6244476363099472 1.6168215672915383 1.6156310911010621 1.5848297305261236 1.5836392543356475 1.5782911030692 1.5771006268787238 1.5701449796722415 1.5689545034817654 1.5398557797771275 1.5386653035866513 1.4916864486465604 1.4904959724560842 1.4625815979348566 1.4613911217443805 1.4196553739679894 1.4184648977775134 1.4121271677756952 1.4109366915852193 1.3588182517554819 1.3576277755650057 1.3539460866973341 1.3527556105068579 1.348346399586553 1.3471559233960768 1.3302411049971983 1.3290506288067221 1.3218190415693634 1.3206285653788872;1.91402436118126 1.9130628227197215 1.8890169316438155 1.888055393182277 1.8542147762910546 1.8532532378295161 1.846196426405377 1.8452348879438385 1.8182834871214246 1.8173219486598862 1.8102700228916744 1.8093084844301359 1.8031489671460366 1.8021874286844981 1.7773094066816633 1.7763478682201248 1.7720282075818401 1.7710666691203016 1.7654486463766046 1.7644871079150661 1.7409842926151664 1.7400227541536279 1.7020782943943236 1.7011167559327851 1.6785705303579475 1.677608991896409 1.6438993494616316 1.6429378110000932 1.6378188752293943 1.6368573367678558 1.5947616738284522 1.5938001353669138 1.5908264635891791 1.5898649251276409 1.5863036393843175 1.5853421009227791 1.5716801322159923 1.5707185937544539 1.5648776963704336 1.5639161579088952;2.5133831577492343 2.5115974434635202 2.4669407886082655 2.4651550743225514 2.4023082143817098 2.4005225000959953 2.3874169931654512 2.3856312788797367 2.3355786773523968 2.3337929630666827 2.320696529497146 2.3189108152114315 2.3074717116838181 2.3056859973981036 2.2594839565356963 2.2576982422499818 2.2496760153503104 2.2478903010645959 2.2374568302548727 2.2356711159691587 2.1920230304122019 2.1902373161264874 2.1197690337163513 2.1179833194306372 2.0761117576487957 2.0743260433630812 2.011722421698495 2.009936707412781 2.0004301124100539 1.9986443981243396 1.9204667383797334 1.9186810240940191 1.9131584907925117 1.9113727765067974 1.9047589601263399 1.9029732458406257 1.877601018242308 1.8758153039565935 1.8649679231005554 1.8631822088148411;2.0452068296592811 2.0466774178945752 2.0563458491877831 2.0578164374230772 2.0787112130922805 2.0801818013275746 2.0856284736408925 2.0870990618761867 2.0916470304774277 2.0931176187127223 2.1574992208553385 2.1589698090906331 2.166798769681114 2.1682693579164081 2.2198252816401851 2.2212958698754792 2.2557783325193488 2.2572489207546429 2.3152816239159315 2.3167522121512261 2.3526976943746023 2.3541682826098964 2.3627605526884921 2.3642311409237862 2.3708376807235156 2.3723082689588098 2.4103570084925567 2.4118275967278513 2.421248034927062 2.4227186231623561 2.4335039213960923 2.4349745096313864 2.4761942991244892 2.4776648873597837 2.4884576577731732 2.4899282460084673 2.5416844836068075 2.5431550718421017 2.5799311405464285 2.5814017287817226;2.1339806823380849 2.1352306823380847 2.1434488489373114 2.1446988489373111 2.1624594082561335 2.1637094082561332 2.1683390797224535 2.1695890797224537 2.1734548530335092 2.1747048530335089 2.2294292148547332 2.230679214854733 2.2373338313566422 2.238583831356642 2.2824063665218524 2.2836563665218521 2.3129664597691413 2.314216459769141 2.3635442574562364 2.3647942574562366 2.3953479173461063 2.3965979173461061 2.403901346912912 2.4051513469129118 2.4107669057426819 2.4120169057426817 2.4443583343463673 2.445608334346367 2.4536157068156963 2.454865706815696 2.4640332103143714 2.4652832103143711 2.500320031383509 2.5015700313835088 2.5107438862348901 2.5119938862348898 2.555986688193479 2.5572366881934787 2.5884963465921569 2.5897463465921566;2.2160686422665483 2.2176311422665482 2.2279038505155815 2.2294663505155814 2.2516670496641096 2.2532295496641099 2.2590166389970099 2.2605791389970098 2.2654113556358286 2.2669738556358285 2.3353793079123593 2.3369418079123592 2.3452600785397451 2.346822578539745 2.4016007474962584 2.4031632474962583 2.4398008640553694 2.4413633640553694 2.5030231111642385 2.5045856111642384 2.5427776860265756 2.5443401860265755 2.5534694729850838 2.5550319729850837 2.5620514215222965 2.5636139215222964 2.6040407072769032 2.6056032072769031 2.6156124228635647 2.6171749228635646 2.6286343022369092 2.6301968022369091 2.6739928285733314 2.6755553285733313 2.687022647137558 2.6885851471375579 2.743576149585794 2.7451386495857943 2.7842132225841416 2.7857757225841415;2.2799479232964837 2.2809094617580223 2.2872311283728117 2.2881926668343504 2.3018546355411371 2.3028161740026758 2.3063774597459985 2.3073389982075372 2.3103126699852723 2.311274208446811 2.3533698713862141 2.3543314098477528 2.3594503456184523 2.360411884079991 2.394121526514768 2.3950830649763066 2.4176292905511447 2.4185908290126834 2.4565352887719873 2.457496827233526 2.4809996425334258 2.4819611809949644 2.4875792037386617 2.4885407422002004 2.4928604028384851 2.4938219413000238 2.5186999633028586 2.5196615017643973 2.5258210190484971 2.5267825575100358 2.5338344832782478 2.5347960217397865 2.5617474225621999 2.5627089610237386 2.569765772447878 2.5707273109094166 2.6045679278006388 2.6055294662621775 2.6295753573380836 2.6305368957996222;2.3318840162934351 2.3328455547549738 2.3391672213697632 2.3401287598313019 2.3537907285380881 2.3547522669996268 2.35831355274295 2.3592750912044886 2.3622487629822237 2.3632103014437624 2.4053059643831656 2.4062675028447043 2.4113864386154034 2.412347977076942 2.4460576195117194 2.4470191579732581 2.4695653835480957 2.4705269220096344 2.5084713817689388 2.5094329202304775 2.5329357355303772 2.5338972739919159 2.5395152967356132 2.5404768351971518 2.5447964958354361 2.5457580342969748 2.5706360562998101 2.5715975947613487 2.5777571120454481 2.5787186505069868 2.5857705762751992 2.5867321147367379 2.6136835155591513 2.61464505402069 2.621701865444829 2.6226634039063677 2.6565040207975903 2.657465559259129 2.681511450335035 2.6824729887965737;2.3830760241406201 2.3842665003310963 2.3920933256636934 2.3932838018541696 2.4101986202530483 2.4113890964435245 2.4157983073638296 2.4169887835543062 2.4206704724219774 2.421860948612454 2.4739793884421912 2.4751698646326679 2.4815075946344858 2.482698070824962 2.5244338186013531 2.5256242947918297 2.5535386693130571 2.5547291455035337 2.6017080004436242 2.6028984766341008 2.6319972003387386 2.6331876765292153 2.6401433237356975 2.6413337999261737 2.6466819511926212 2.6478724273830978 2.678673787958036 2.6798642641485126 2.6874903331669211 2.6886808093573977 2.6974117650704219 2.6986022412608985 2.7319706422791246 2.7331611184696012 2.7418981230899644 2.7430885992804406 2.7849865059076682 2.7861769820981448 2.8159480853349805 2.8171385615254567;2.5311063831985092 2.5320679216600479 2.5383895882748373 2.539351126736376 2.5530130954431622 2.5539746339047009 2.5575359196480241 2.5584974581095627 2.5614711298872974 2.5624326683488361 2.6045283312882392 2.6054898697497779 2.6106088055204775 2.6115703439820162 2.6452799864167935 2.6462415248783322 2.6687877504531698 2.6697492889147085 2.7076937486740125 2.7086552871355511 2.7321581024354509 2.7331196408969896 2.7387376636406868 2.7396992021022255 2.7440188627405102 2.7449804012020489 2.7698584232048842 2.7708199616664229 2.7769794789505222 2.7779410174120609 2.7849929431802729 2.7859544816418116 2.8129058824642255 2.8138674209257641 2.8209242323499031 2.8218857708114418 2.8557263877026644 2.8566879261642031 2.8807338172401087 2.8816953557016474;2.678881985466393 2.6806676997521075 2.6924079377510024 2.6941936520367169 2.7195658796350348 2.7213515939207493 2.727965410301207 2.729751124586921 2.7352736578884285 2.737059372174143 2.8152370319187492 2.8170227462044637 2.8265293412071908 2.8283150554929053 2.8909186771574915 2.8927043914432056 2.9345759532250475 2.9363616675107616 3.0068299499208981 3.0086156642066126 3.052263749763569 3.0540494640492835 3.0644829348590066 3.0662686491447206 3.0742908760443926 3.0760765903301066 3.1222786311925144 3.1240643454782289 3.1355034490058418 3.1372891632915563 3.150385596861093 3.1521713111468075 3.2022239126741474 3.2040096269598615 3.2171151338904056 3.2189008481761201 3.2817477081169617 3.2835334224026762 3.3281900772579305 3.329975791543645;
