m;3
n;6
P;39
P1;2 4 6 8 10 12 14 16 18 20 22 24 26 28 30 32 34 36 38
Q;40
M;100
h;1 1 1 1 1 1 1 1 1 1 1 1 1 1 1 1 1 1 1 1 1 1 1 1 1 1 1 1 1 1 1 1 1 1 1 1 1 1 1
Vmin;52 52 52 52 52 52 52 52 52 52 52 52 52 52 52 52 52 52 52 52 52 52 52 52 52 52 52 52 52 52 52 52 52 52 52 52 52 52 52;44 44 44 44 44 44 44 44 44 44 44 44 44 44 44 44 44 44 44 44 44 44 44 44 44 44 44 44 44 44 44 44 44 44 44 44 44 44 44;52 52 52 52 52 52 52 52 52 52 52 52 52 52 52 52 52 52 52 52 52 52 52 52 52 52 52 52 52 52 52 52 52 52 52 52 52 52 52;28 28 28 28 28 28 28 28 28 28 28 28 28 28 28 28 28 28 28 28 28 28 28 28 28 28 28 28 28 28 28 28 28 28 28 28 28 28 28;40 40 40 40 40 40 40 40 40 40 40 40 40 40 40 40 40 40 40 40 40 40 40 40 40 40 40 40 40 40 40 40 40 40 40 40 40 40 40;52 52 52 52 52 52 52 52 52 52 52 52 52 52 52 52 52 52 52 52 52 52 52 52 52 52 52 52 52 52 52 52 52 52 52 52 52 52 52;
Vmax;52 52 52 52 52 52 52 52 52 52 52 52 52 52 52 52 52 52 52 52 52 52 52 52 52 52 52 52 52 52 52 52 52 52 52 52 52 52 52;44 44 44 44 44 44 44 44 44 44 44 44 44 44 44 44 44 44 44 44 44 44 44 44 44 44 44 44 44 44 44 44 44 44 44 44 44 44 44;52 52 52 52 52 52 52 52 52 52 52 52 52 52 52 52 52 52 52 52 52 52 52 52 52 52 52 52 52 52 52 52 52 52 52 52 52 52 52;28 28 28 28 28 28 28 28 28 28 28 28 28 28 28 28 28 28 28 28 28 28 28 28 28 28 28 28 28 28 28 28 28 28 28 28 28 28 28;40 40 40 40 40 40 40 40 40 40 40 40 40 40 40 40 40 40 40 40 40 40 40 40 40 40 40 40 40 40 40 40 40 40 40 40 40 40 40;52 52 52 52 52 52 52 52 52 52 52 52 52 52 52 52 52 52 52 52 52 52 52 52 52 52 52 52 52 52 52 52 52 52 52 52 52 52 52;
d;3.000 116.464 3.000 82.718 3.000 91.525 3.000 40.867 3.000 23.386 3.000 27.523 3.000 57.274 3.000 67.487 3.000 68.332 3.000 67.689 3.000 17.821 3.000 77.584 3.000 29.068 3.000 14.448 3.000 5.080 3.000 81.815 3.000 18.043 3.000 27.333 3.000 16.477 3.000
S;0.47573670158927422 0.47477516312773577 0.46949406797272941 0.46853252951119095 0.45977197565897931 0.45881043719744086 0.45302727202456178 0.45206573356302332 0.42584284620180113 0.42488130774026267 0.42325325807294145 0.42229171961140299 0.41766089766388387 0.41669935920234541 0.40738273354255405 0.4064211950810156 0.38155453196841227 0.38059299350687387 0.37488111030420151 0.37391957184266306 0.35222422253926305 0.3512626840777246 0.32936133130694489 0.32839979284540644 0.30676920619344661 0.30580766773190821 0.28745050062715449 0.28648896216561603 0.27766744728221332 0.27670590882067486 0.26921028598092861 0.26824874751939015 0.25515031782707143 0.25418877936553297 0.22485381088974904 0.22389227242821055 0.19738024179857799 0.19641870333703954 0.15909059777315002 0.15812905931161153;0.65624547978092707 0.65510911614456346 0.64886782187046499 0.64773145823410139 0.63737807640876032 0.63624171277239661 0.6294070630226305 0.62827069938626678 0.59728001432300415 0.59614365068664044 0.59421959198889718 0.59308322835253346 0.58761043877819263 0.58647407514182903 0.5754635175438938 0.5743271539075302 0.54493927931990815 0.54380291568354444 0.53705250826220441 0.5359161446258407 0.51027618635818617 0.50913982272182257 0.48325640581090101 0.48212004217453741 0.45655662158585758 0.45542025794949398 0.43372542409842146 0.43258906046205786 0.42216363378167288 0.42102727014530927 0.4121688067892455 0.4110324431528819 0.3955524807892325 0.39441611715286889 0.35974751804512428 0.35861115440876062 0.32727875457374034 0.32614239093737674 0.28202735708914367 0.28089099345278007;0.76286262487858714 0.76190108641704879 0.75661999126204238 0.75565845280050392 0.74689789894829228 0.74593636048675382 0.74015319531387469 0.73919165685233623 0.71296876949111399 0.71200723102957553 0.71037918136225431 0.70941764290071585 0.70478682095319678 0.70382528249165832 0.69450865683186691 0.69354711837032856 0.66868045525772513 0.66771891679618667 0.66200703359351443 0.66104549513197597 0.63935014582857597 0.63838860736703751 0.61648725459625775 0.61552571613471929 0.59389512948275935 0.59293359102122101 0.57457642391646724 0.57361488545492878 0.56479337057152612 0.56383183210998777 0.55633620927024152 0.55537467080870306 0.54227624111638439 0.54131470265484594 0.51197973417906195 0.51101819571752349 0.48450616508789096 0.48354462662635256 0.44621652106246301 0.44525498260092455;0.68731900217970388 0.68828054064124233 0.726089415435901 0.72705095389743946 0.75356298452707204 0.7545245229886105 0.78385949146439438 0.78482102992593283 0.7979194596182515 0.79888099807978996 0.80637662091953621 0.80733815938107467 0.81615967426447733 0.81712121272601579 0.83547837983076945 0.8364399182923079 0.85807050494426773 0.85903204340580619 0.88093339617658595 0.88189493463812441 0.90359028394152441 0.90455182240306287 0.91026370560573511 0.91122524406727357 0.93609190717987689 0.93705344564141535 0.94637007130120665 0.94733160976274511 0.95196243171026418 0.95292397017180264 0.95455201983912386 0.95551355830066231 0.98173644566188456 0.98269798412342302 0.98848114929630215 0.98944268775784061 0.99820324161005236 0.99916478007159071 1.004445875226597 1.0054074136881355;0.84755862542563487 0.84869498906199858 0.89337820472841345 0.89451456836477705 0.92584696819979739 0.926983331836161 0.96165193094390566 0.96278829458026938 0.97826825694391883 0.97940462058028255 0.98826308393634632 0.98939944757271003 0.99982487425309508 1.0009612378894588 1.0226560717405313 1.023792435376895 1.0493558559655749 1.0504922196019384 1.0763756365128601 1.0775120001492235 1.1031519584168781 1.1042883220532418 1.1110387294745818 1.1121750931109453 1.1415629676985675 1.142699331334931 1.1537098889328661 1.1548462525692296 1.1603190421435703 1.1614554057799338 1.1633794644776771 1.1645158281140406 1.1955065131773033 1.1966428768136668 1.203477526563433 1.2046138901997965 1.2149672720251377 1.2161036356615011 1.2223449299355995 1.2234812935719632;1.1930991916628091 1.1940607301243475 1.2318696049190061 1.2328311433805446 1.259343174010177 1.2603047124717155 1.2896396809474995 1.2906012194090379 1.3036996491013568 1.3046611875628953 1.3121568104026415 1.31311834886418 1.3219398637475828 1.3229014022091212 1.3412585693138748 1.3422201077754132 1.3638506944273729 1.3648122328889114 1.3867135856596911 1.3876751241212295 1.4093704734246295 1.410332011886168 1.4160438950888403 1.4170054335503788 1.4418720966629821 1.4428336351245206 1.4521502607843118 1.4531117992458502 1.4577426211933693 1.4587041596549077 1.4603322093222291 1.4612937477837675 1.4875166351449898 1.4884781736065282 1.4942613387794073 1.4952228772409457 1.5039834310931575 1.5049449695546959 1.5102260647097023 1.5111876031712408;
