m;7
n;14
P;39
P1;2 4 6 8 10 12 14 16 18 20 22 24 26 28 30 32 34 36 38
Q;40
M;100
h;1 1 1 1 1 1 1 1 1 1 1 1 1 1 1 1 1 1 1 1 1 1 1 1 1 1 1 1 1 1 1 1 1 1 1 1 1 1 1
Vmin;52 52 52 52 52 52 52 52 52 52 52 52 52 52 52 52 52 52 52 52 52 52 52 52 52 52 52 52 52 52 52 52 52 52 52 52 52 52 52;41 41 41 41 41 41 41 41 41 41 41 41 41 41 41 41 41 41 41 41 41 41 41 41 41 41 41 41 41 41 41 41 41 41 41 41 41 41 41;43 43 43 43 43 43 43 43 43 43 43 43 43 43 43 43 43 43 43 43 43 43 43 43 43 43 43 43 43 43 43 43 43 43 43 43 43 43 43;46 46 46 46 46 46 46 46 46 46 46 46 46 46 46 46 46 46 46 46 46 46 46 46 46 46 46 46 46 46 46 46 46 46 46 46 46 46 46;51 51 51 51 51 51 51 51 51 51 51 51 51 51 51 51 51 51 51 51 51 51 51 51 51 51 51 51 51 51 51 51 51 51 51 51 51 51 51;50 50 50 50 50 50 50 50 50 50 50 50 50 50 50 50 50 50 50 50 50 50 50 50 50 50 50 50 50 50 50 50 50 50 50 50 50 50 50;40 40 40 40 40 40 40 40 40 40 40 40 40 40 40 40 40 40 40 40 40 40 40 40 40 40 40 40 40 40 40 40 40 40 40 40 40 40 40;46 46 46 46 46 46 46 46 46 46 46 46 46 46 46 46 46 46 46 46 46 46 46 46 46 46 46 46 46 46 46 46 46 46 46 46 46 46 46;42 42 42 42 42 42 42 42 42 42 42 42 42 42 42 42 42 42 42 42 42 42 42 42 42 42 42 42 42 42 42 42 42 42 42 42 42 42 42;47 47 47 47 47 47 47 47 47 47 47 47 47 47 47 47 47 47 47 47 47 47 47 47 47 47 47 47 47 47 47 47 47 47 47 47 47 47 47;43 43 43 43 43 43 43 43 43 43 43 43 43 43 43 43 43 43 43 43 43 43 43 43 43 43 43 43 43 43 43 43 43 43 43 43 43 43 43;49 49 49 49 49 49 49 49 49 49 49 49 49 49 49 49 49 49 49 49 49 49 49 49 49 49 49 49 49 49 49 49 49 49 49 49 49 49 49;28 28 28 28 28 28 28 28 28 28 28 28 28 28 28 28 28 28 28 28 28 28 28 28 28 28 28 28 28 28 28 28 28 28 28 28 28 28 28;29 29 29 29 29 29 29 29 29 29 29 29 29 29 29 29 29 29 29 29 29 29 29 29 29 29 29 29 29 29 29 29 29 29 29 29 29 29 29;
Vmax;52 52 52 52 52 52 52 52 52 52 52 52 52 52 52 52 52 52 52 52 52 52 52 52 52 52 52 52 52 52 52 52 52 52 52 52 52 52 52;41 41 41 41 41 41 41 41 41 41 41 41 41 41 41 41 41 41 41 41 41 41 41 41 41 41 41 41 41 41 41 41 41 41 41 41 41 41 41;43 43 43 43 43 43 43 43 43 43 43 43 43 43 43 43 43 43 43 43 43 43 43 43 43 43 43 43 43 43 43 43 43 43 43 43 43 43 43;46 46 46 46 46 46 46 46 46 46 46 46 46 46 46 46 46 46 46 46 46 46 46 46 46 46 46 46 46 46 46 46 46 46 46 46 46 46 46;51 51 51 51 51 51 51 51 51 51 51 51 51 51 51 51 51 51 51 51 51 51 51 51 51 51 51 51 51 51 51 51 51 51 51 51 51 51 51;50 50 50 50 50 50 50 50 50 50 50 50 50 50 50 50 50 50 50 50 50 50 50 50 50 50 50 50 50 50 50 50 50 50 50 50 50 50 50;40 40 40 40 40 40 40 40 40 40 40 40 40 40 40 40 40 40 40 40 40 40 40 40 40 40 40 40 40 40 40 40 40 40 40 40 40 40 40;46 46 46 46 46 46 46 46 46 46 46 46 46 46 46 46 46 46 46 46 46 46 46 46 46 46 46 46 46 46 46 46 46 46 46 46 46 46 46;42 42 42 42 42 42 42 42 42 42 42 42 42 42 42 42 42 42 42 42 42 42 42 42 42 42 42 42 42 42 42 42 42 42 42 42 42 42 42;47 47 47 47 47 47 47 47 47 47 47 47 47 47 47 47 47 47 47 47 47 47 47 47 47 47 47 47 47 47 47 47 47 47 47 47 47 47 47;43 43 43 43 43 43 43 43 43 43 43 43 43 43 43 43 43 43 43 43 43 43 43 43 43 43 43 43 43 43 43 43 43 43 43 43 43 43 43;49 49 49 49 49 49 49 49 49 49 49 49 49 49 49 49 49 49 49 49 49 49 49 49 49 49 49 49 49 49 49 49 49 49 49 49 49 49 49;28 28 28 28 28 28 28 28 28 28 28 28 28 28 28 28 28 28 28 28 28 28 28 28 28 28 28 28 28 28 28 28 28 28 28 28 28 28 28;29 29 29 29 29 29 29 29 29 29 29 29 29 29 29 29 29 29 29 29 29 29 29 29 29 29 29 29 29 29 29 29 29 29 29 29 29 29 29;
d;3.000 17.425 3.000 4.330 3.000 58.828 3.000 38.830 3.000 68.239 3.000 9.820 3.000 52.001 3.000 14.384 3.000 44.326 3.000 66.610 3.000 93.784 3.000 136.504 3.000 76.575 3.000 5.822 3.000 27.943 3.000 51.750 3.000 46.398 3.000 20.777 3.000 107.670 3.000
S;0.61919161984244708 0.61823008138090862 0.58372052629150273 0.58275898782996427 0.57609975927182033 0.57513822081028187 0.5602670313790904 0.55930549291755194 0.54271882696374729 0.54175728850220883 0.532801126631817 0.53183958817027865 0.52997371925197112 0.52901218079043266 0.50446883731729952 0.50350729885576107 0.4597559652196137 0.45879442675807525 0.4287355557500423 0.42777401728850389 0.40642457225315548 0.40546303379161702 0.39125612735887522 0.39029458889733681 0.38568437025722724 0.38472283179568884 0.36805596046405348 0.36709442200251508 0.36394695654590087 0.36298541808436247 0.34111378396779329 0.34015224550625489 0.32770675347574668 0.32674521501420822 0.30789023007800809 0.30692869161646968 0.30554098559237869 0.30457944713084023 0.29899461686037143 0.29803307839883303;0.89000219593830887 0.88878268374318703 0.84501446753223308 0.84379495533711124 0.83534910448287991 0.83412959228775796 0.81526857154575905 0.81404905935063709 0.79301231228727498 0.79179280009215314 0.78043376552482691 0.77921425332970506 0.77684778543331512 0.77562827323819328 0.74450013029665851 0.74328061810153656 0.68779112178252033 0.68657160958739838 0.64844816343086875 0.6472286512357468 0.62015130631286597 0.61893179411774402 0.60091327864207145 0.59969376644694949 0.59384665987900576 0.5926271476838838 0.57148867672668779 0.57026916453156595 0.56627725712317722 0.56505774492805527 0.53731811141435792 0.53609859921923608 0.5203140727415182 0.51909456054639624 0.49518092111511802 0.49396140891999607 0.49220139152358799 0.49098187932846599 0.48389867996104213 0.48267916776592018;1.0973417298427723 1.096178939145098 1.0544464539207001 1.0532836632230258 1.0452306426410842 1.0440678519434099 1.0260840879801085 1.024921297282434 1.0048630035708563 1.0037002128731818 0.99286950549503361 0.99170671479735928 0.98945031517522009 0.98828752447754564 0.9586072021379427 0.95744441144026837 0.90453582192678761 0.90337303122911328 0.86702276861474781 0.86585997791707348 0.84004204438595453 0.83887925368828009 0.82169880869984813 0.82053601800217379 0.81496086987925054 0.8137980791815761 0.79364279292006368 0.79248000222238923 0.78867376492601859 0.78751097422834415 0.76106155622691174 0.75989876552923741 0.74484840307373901 0.74368561237606456 0.72088423524391554 0.71972144454624121 0.7180432884240846 0.71688049772641027 0.71012674949235499 0.70896395879468055;1.2720920032764556 1.2710050467547165 1.2319942453493011 1.2309072888275621 1.2233794652400951 1.222292508718356 1.2054815989265741 1.2043946424048351 1.1856444982831427 1.1845575417614036 1.1744331848644392 1.1733462283427001 1.1712369852176567 1.1701500286959177 1.1424053795523759 1.1413184230306368 1.091860393702818 1.0907734371810789 1.0567938438676505 1.0557068873459112 1.0315727320885608 1.0304857755668217 1.0144257943819832 1.0133388378602439 1.0081272863540331 1.0070403298322941 0.98819951876174972 0.98711256224001054 0.98355455781079448 0.9824676012890553 0.95774314533119453 0.95665618880945535 0.94258737173148954 0.94150041520975036 0.92018608441230676 0.91909912789056747 0.91753041673289948 0.9164434602111603 0.9101301738184564 0.90904321729671722;1.4710787088634967 1.4700983167066337 1.4349121036742984 1.4339317115174355 1.4271419098503084 1.4261615176934455 1.4109987363126228 1.4100183441557599 1.3931064494577632 1.3921260573009002 1.382994284413442 1.3820138922565792 1.3801114376732069 1.3791310455163441 1.3541064600143258 1.353126067857463 1.3085168649343324 1.3075364727774696 1.2768882121418281 1.2759078199849654 1.2541397583802965 1.2531593662234335 1.2386738929978931 1.2376935008410301 1.2329928857569969 1.2320124936001342 1.2150188208698394 1.2140384287129764 1.2108292482474092 1.2098488560905463 1.1875483664030642 1.1865679742462014 1.1738784529601929 1.1728980608033301 1.1536733702801456 1.1526929781232829 1.1512780621771508 1.1502976700202878 1.1446033332739276 1.1436229411170649;1.605720234185597 1.6047202341855968 1.5688302968926147 1.5678302968926148 1.5609046991921451 1.559904699192145 1.5444386621837058 1.543438662183706 1.526188529591749 1.5251885295917489 1.5158741212465414 1.5148741212465415 1.5129336175715018 1.5119336175715017 1.4864085403594431 1.4854085403594433 1.4399071533778498 1.4389071533778499 1.4076459275294957 1.4066459275294956 1.3844425046927331 1.3834425046927332 1.3686673220026817 1.3676673220026816 1.3628726946169676 1.3618726946169675 1.3445391484320668 1.3435391484320669 1.3402657843571881 1.339265784357188 1.3165192848759562 1.3155192848759563 1.3025759731642277 1.3015759731642276 1.2819667888305795 1.2809667888305794 1.2795235745655247 1.2785235745655248 1.2727153510842373 1.2717153510842372;1.765303194610788 1.764053194610788 1.7191907729945604 1.7179407729945602 1.709283775868973 1.708033775868973 1.6887012296084238 1.6874512296084239 1.6658885638684777 1.6646385638684777 1.6529955534369685 1.6517455534369683 1.6493199238431686 1.6480699238431684 1.6161635773280953 1.6149135773280954 1.5580368436011038 1.5567868436011036 1.5177103112906609 1.5164603112906609 1.4887060327447081 1.4874560327447079 1.4689870543821437 1.4677370543821437 1.4617437701500011 1.4604937701500011 1.4388268374188753 1.4375768374188751 1.4334851323252769 1.4322351323252769 1.403802007973737 1.4025520079737368 1.3863728683340761 1.3851228683340762 1.3606113879170159 1.3593613879170159 1.3575573700856975 1.3563073700856976 1.3490470907340881 1.3477970907340879;1.4557204743068943 1.4566820127684328 1.4627476122696708 1.4637091507312092 1.4650968567553002 1.4660583952168387 1.484913380153039 1.4858749186145774 1.4983204106450856 1.499281949106624 1.5211535832231931 1.5221151216847315 1.5252625871413457 1.5262241256028841 1.5428909969345195 1.5438525353960579 1.5484627540361673 1.5494242924977057 1.5636311989304477 1.5645927373919861 1.5859421824273345 1.586903720888873 1.6169625918969059 1.6179241303584442 1.6616754639945917 1.6626370024561301 1.6871803459292634 1.6881418843908018 1.6900077533091094 1.6909692917706478 1.6999254536410395 1.700886992102578 1.7174736580563825 1.718435196517921 1.7333063859491127 1.7342679244106511 1.7409271529687949 1.7418886914303333 1.7763982465197392 1.7773597849812777;1.6019419277580176 1.6031614399531398 1.6108543954181245 1.6120739076132466 1.6138339250096547 1.6150534372047767 1.6389670766360551 1.6401865888311771 1.6559711153088947 1.6571906275040169 1.6849302610177144 1.6861497732128363 1.6901416806212251 1.6913611928163472 1.712499663773543 1.7137191759686652 1.7195662825366089 1.7207857947317311 1.7388043102074036 1.7400238224025257 1.7671011673254065 1.7683206795205284 1.806444125677058 1.8076636378721802 1.8631531341911964 1.8643726463863184 1.8955007893278533 1.8967203015229752 1.8990867694193652 1.9003062816144871 1.9116653161818133 1.9128848283769353 1.9339215754402974 1.9351410876354194 1.9540021083774186 1.9552216205725406 1.9636674714267717 1.9648869836218938 2.0086551998328477 2.0098747120279699;1.75571094823411 1.7568737389317843 1.7642088825146769 1.7653716732123512 1.7670498293345078 1.7682126200321824 1.7910139971643313 1.7921767878620056 1.8072271503175041 1.8083899410151785 1.834839359016611 1.8360021497142853 1.8398083870106559 1.8409711777083302 1.8611264639698428 1.8622892546675172 1.8678644027904405 1.8690271934881149 1.8862076384765467 1.8873704291742213 1.9131883627053403 1.9143511534030146 1.9507014160173801 1.9518642067150545 2.0047727962285351 2.0059355869262094 2.0356159092658124 2.0367786999634867 2.0390350995856261 2.0401978902833005 2.0510285976614484 2.0521913883591227 2.0722496820707006 2.0734124727683754 2.0913962367316765 2.0925590274293508 2.1006120480112922 2.101774838708967 2.1435073239333646 2.1446701146310394;1.9280693179309447 1.9291562744526838 1.9360130391062571 1.9370999956279962 1.9386687067856641 1.9397556633074031 1.9610699941048468 1.9621569506265859 1.9762257677045518 1.9773127242262909 2.0020371801841517 2.0031241367058907 2.0066821411351068 2.0077690976568459 2.0266099087273899 2.027696865249129 2.03290841675534 2.033995373277079 2.0500553544619176 2.0511423109836566 2.0752764662410068 2.0763634227627459 2.1103430160761745 2.1114299725979135 2.1608880019257328 2.1619749584474719 2.1897196075910137 2.1908065641127528 2.1929158072377959 2.194002763759535 2.2041271206564996 2.2052140771782387 2.2239642212999309 2.2250511778216699 2.2418620876134514 2.2429490441351905 2.2504768677226581 2.2515638242443972 2.2905746256498123 2.2916615821715514;2.0689375641601058 2.0699179563169685 2.0761024891417601 2.0770828812986228 2.0784977972447551 2.0794781894016179 2.0987028799248022 2.0996832720816649 2.1123727933676735 2.1133531855245362 2.1356536752120188 2.1366340673688815 2.1398432478344489 2.1408236399913116 2.1578173127216065 2.1587977048784692 2.1634983199625024 2.1644787121193656 2.1789641853449058 2.179944577501769 2.2017126391064377 2.2026930312633004 2.2333412918989421 2.2343216840558049 2.2789308869789355 2.2799112791357983 2.3049358646378169 2.3059162567946796 2.3078187113780522 2.3087991035349149 2.3179308764223729 2.3189112685792357 2.3358231632772326 2.3368035554340953 2.3519663368149182 2.3529467289717809 2.3597365306389078 2.3607169227957709 2.3959031358281062 2.396883527984969;2.2132562681533243 2.2142562681533247 2.2205644916346121 2.221564491634612 2.2230077058996671 2.224007705899667 2.2436168902333149 2.2446168902333152 2.257560201945044 2.2585602019450439 2.2813067014262756 2.2823067014262759 2.2855800655011547 2.2865800655011546 2.3039136116860552 2.3049136116860551 2.3097082390717691 2.3107082390717695 2.3254834217618208 2.3264834217618207 2.3486868445985829 2.3496868445985828 2.3809480704469377 2.3819480704469376 2.4274494574285308 2.4284494574285307 2.4539745346405892 2.4549745346405896 2.4569150383156293 2.4579150383156292 2.4672294466608369 2.4682294466608368 2.4854795792527939 2.4864795792527938 2.5019456162612328 2.5029456162612331 2.5098712139617025 2.5108712139617024 2.5467611512546848 2.5477611512546847;2.3589984209262385 2.3602484209262382 2.3681337002778475 2.3693837002778477 2.3711877181091654 2.3724377181091656 2.3969491985262255 2.3981991985262257 2.4143783381658865 2.4156283381658863 2.4440614625174257 2.4453114625174255 2.4494031676110239 2.4506531676110237 2.47232010034215 2.4735701003421497 2.4795633845742922 2.4808133845742919 2.4992823629368561 2.5005323629368563 2.5282866414828091 2.5295366414828089 2.5686131737932518 2.5698631737932516 2.6267399075202436 2.6279899075202433 2.6598962540353162 2.6611462540353159 2.6635718836291158 2.6648218836291155 2.6764648940606248 2.677714894060625 2.6992775598005707 2.7005275598005705 2.7198601060611196 2.7211101060611194 2.7297671031867066 2.7310171031867063 2.7758795248029338 2.7771295248029335;
