m;2
n;4
P;39
P1;2 4 6 8 10 12 14 16 18 20 22 24 26 28 30 32 34 36 38
Q;40
M;100
h;1 1 1 1 1 1 1 1 1 1 1 1 1 1 1 1 1 1 1 1 1 1 1 1 1 1 1 1 1 1 1 1 1 1 1 1 1 1 1
Vmin;28 28 28 28 28 28 28 28 28 28 28 28 28 28 28 28 28 28 28 28 28 28 28 28 28 28 28 28 28 28 28 28 28 28 28 28 28 28 28;52 52 52 52 52 52 52 52 52 52 52 52 52 52 52 52 52 52 52 52 52 52 52 52 52 52 52 52 52 52 52 52 52 52 52 52 52 52 52;40 40 40 40 40 40 40 40 40 40 40 40 40 40 40 40 40 40 40 40 40 40 40 40 40 40 40 40 40 40 40 40 40 40 40 40 40 40 40;43 43 43 43 43 43 43 43 43 43 43 43 43 43 43 43 43 43 43 43 43 43 43 43 43 43 43 43 43 43 43 43 43 43 43 43 43 43 43;
Vmax;28 28 28 28 28 28 28 28 28 28 28 28 28 28 28 28 28 28 28 28 28 28 28 28 28 28 28 28 28 28 28 28 28 28 28 28 28 28 28;52 52 52 52 52 52 52 52 52 52 52 52 52 52 52 52 52 52 52 52 52 52 52 52 52 52 52 52 52 52 52 52 52 52 52 52 52 52 52;40 40 40 40 40 40 40 40 40 40 40 40 40 40 40 40 40 40 40 40 40 40 40 40 40 40 40 40 40 40 40 40 40 40 40 40 40 40 40;43 43 43 43 43 43 43 43 43 43 43 43 43 43 43 43 43 43 43 43 43 43 43 43 43 43 43 43 43 43 43 43 43 43 43 43 43 43 43;
d;3.000 44.137 3.000 58.557 3.000 39.189 3.000 41.787 3.000 23.953 3.000 25.758 3.000 44.960 3.000 63.974 3.000 60.167 3.000 63.187 3.000 32.905 3.000 4.473 3.000 5.317 3.000 54.199 3.000 158.105 3.000 66.893 3.000 33.828 3.000 24.768 3.000 29.663 3.000
S;33.422118095125697 33.314975237982843 32.255581038398468 32.148438181255614 31.263875285522335 31.156732428379478 29.948584864191499 29.841442007048641 27.452409665558193 27.345266808415335 21.698666046970008 21.59152318982715 19.655833515920111 19.548690658777254 19.358789734260235 19.251646877117377 19.09189330121724 18.984750444074383 17.809580876651264 17.702438019508406 15.445755526704902 15.338612669562044 13.189795096166216 13.082652239023359 10.79788179013239 10.690738932989532 9.0850248442936916 8.977881987150834 8.0579567196216288 7.9508138624787721 7.0953333351053365 6.9881904779624797 5.495811444445768 5.3886685873029112 3.9890483594141775 3.8819055022713203 1.7906018888305935 1.6834590316877363 0.10714285714285714 0;18.163191794811279 18.105499487118973 17.535056456573539 17.477364148881232 17.001061051178695 16.943368743486388 16.292827747385168 16.235135439692861 14.948733409659543 14.891041101967234 11.850563768881289 11.79287146118898 10.750577021392882 10.692884713700574 10.590630369729871 10.532938062037562 10.446916905783642 10.389224598091333 9.7564409848635005 9.6987486771711922 8.4836119502769982 8.4259196425846898 7.2688640261407826 7.2111717184484752 5.9809107075071841 5.9232183998148766 5.0586031212863469 5.0009108135940394 4.5055664387706207 4.4478741310783132 3.9872307701849246 3.9295384624926171 3.1259497521374646 3.0682574444451571 2.3146157832743004 2.2569234755819929 1.1308369144985246 1.0731446068062169 0.22435897435897434 0.16666666666666666;0 0.10714285714285714 1.7370304602591649 1.8441733174020221 3.9354769308427491 4.0426197879856058 5.44224001587434 5.5493828730171968 7.0417619065339085 7.1489047636767653 8.0043852910502018 8.1115281481930595 9.0314534157222646 9.1385962728651222 10.744310361560963 10.851453218703821 13.136223667594789 13.243366524737647 15.392184098133475 15.499326955276333 17.756009448079837 17.863152305222695 19.038321872645813 19.145464729788671 19.305218305688808 19.412361162831665 19.602262087348684 19.709404944491542 21.645094618398581 21.752237475541438 27.398838236986766 27.505981094129623 29.895013435620072 30.00215629276293 31.210303856950908 31.317446714093766 32.202009609827044 32.309152466969898 33.368546666554273 33.475689523697127;0.16666666666666666 0.22435897435897434 1.1019907606523707 1.1596830683446784 2.2857696294281471 2.3434619371204546 3.0971035982913113 3.1547959059836188 3.9583846163387713 4.0160769240310792 4.4767202849244674 4.5344125926167749 5.0297569674401936 5.0874492751325011 5.9520645536610308 6.0097568613533383 7.2400178722946293 7.2977101799869368 8.4547657964308449 8.5124581041231533 9.7275948310173472 9.7852871387096556 10.418070751937488 10.475763059629797 10.561784215883717 10.619476523576026 10.721730867546729 10.779423175239037 11.821717615035135 11.879409922727444 14.919887255813389 14.977579563505698 16.263981593539015 16.321673901231321 16.972214897332542 17.029907205024848 17.506210302727386 17.563902610419692 18.134345640965126 18.192037948657433;
