m;6
n;12
P;39
P1;2 4 6 8 10 12 14 16 18 20 22 24 26 28 30 32 34 36 38
Q;40
M;100
h;1 1 1 1 1 1 1 1 1 1 1 1 1 1 1 1 1 1 1 1 1 1 1 1 1 1 1 1 1 1 1 1 1 1 1 1 1 1 1
Vmin;39 39 39 39 39 39 39 39 39 39 39 39 39 39 39 39 39 39 39 39 39 39 39 39 39 39 39 39 39 39 39 39 39 39 39 39 39 39 39;47 47 47 47 47 47 47 47 47 47 47 47 47 47 47 47 47 47 47 47 47 47 47 47 47 47 47 47 47 47 47 47 47 47 47 47 47 47 47;48 48 48 48 48 48 48 48 48 48 48 48 48 48 48 48 48 48 48 48 48 48 48 48 48 48 48 48 48 48 48 48 48 48 48 48 48 48 48;42 42 42 42 42 42 42 42 42 42 42 42 42 42 42 42 42 42 42 42 42 42 42 42 42 42 42 42 42 42 42 42 42 42 42 42 42 42 42;50 50 50 50 50 50 50 50 50 50 50 50 50 50 50 50 50 50 50 50 50 50 50 50 50 50 50 50 50 50 50 50 50 50 50 50 50 50 50;38 38 38 38 38 38 38 38 38 38 38 38 38 38 38 38 38 38 38 38 38 38 38 38 38 38 38 38 38 38 38 38 38 38 38 38 38 38 38;49 49 49 49 49 49 49 49 49 49 49 49 49 49 49 49 49 49 49 49 49 49 49 49 49 49 49 49 49 49 49 49 49 49 49 49 49 49 49;34 34 34 34 34 34 34 34 34 34 34 34 34 34 34 34 34 34 34 34 34 34 34 34 34 34 34 34 34 34 34 34 34 34 34 34 34 34 34;39 39 39 39 39 39 39 39 39 39 39 39 39 39 39 39 39 39 39 39 39 39 39 39 39 39 39 39 39 39 39 39 39 39 39 39 39 39 39;49 49 49 49 49 49 49 49 49 49 49 49 49 49 49 49 49 49 49 49 49 49 49 49 49 49 49 49 49 49 49 49 49 49 49 49 49 49 49;28 28 28 28 28 28 28 28 28 28 28 28 28 28 28 28 28 28 28 28 28 28 28 28 28 28 28 28 28 28 28 28 28 28 28 28 28 28 28;52 52 52 52 52 52 52 52 52 52 52 52 52 52 52 52 52 52 52 52 52 52 52 52 52 52 52 52 52 52 52 52 52 52 52 52 52 52 52;
Vmax;39 39 39 39 39 39 39 39 39 39 39 39 39 39 39 39 39 39 39 39 39 39 39 39 39 39 39 39 39 39 39 39 39 39 39 39 39 39 39;47 47 47 47 47 47 47 47 47 47 47 47 47 47 47 47 47 47 47 47 47 47 47 47 47 47 47 47 47 47 47 47 47 47 47 47 47 47 47;48 48 48 48 48 48 48 48 48 48 48 48 48 48 48 48 48 48 48 48 48 48 48 48 48 48 48 48 48 48 48 48 48 48 48 48 48 48 48;42 42 42 42 42 42 42 42 42 42 42 42 42 42 42 42 42 42 42 42 42 42 42 42 42 42 42 42 42 42 42 42 42 42 42 42 42 42 42;50 50 50 50 50 50 50 50 50 50 50 50 50 50 50 50 50 50 50 50 50 50 50 50 50 50 50 50 50 50 50 50 50 50 50 50 50 50 50;38 38 38 38 38 38 38 38 38 38 38 38 38 38 38 38 38 38 38 38 38 38 38 38 38 38 38 38 38 38 38 38 38 38 38 38 38 38 38;49 49 49 49 49 49 49 49 49 49 49 49 49 49 49 49 49 49 49 49 49 49 49 49 49 49 49 49 49 49 49 49 49 49 49 49 49 49 49;34 34 34 34 34 34 34 34 34 34 34 34 34 34 34 34 34 34 34 34 34 34 34 34 34 34 34 34 34 34 34 34 34 34 34 34 34 34 34;39 39 39 39 39 39 39 39 39 39 39 39 39 39 39 39 39 39 39 39 39 39 39 39 39 39 39 39 39 39 39 39 39 39 39 39 39 39 39;49 49 49 49 49 49 49 49 49 49 49 49 49 49 49 49 49 49 49 49 49 49 49 49 49 49 49 49 49 49 49 49 49 49 49 49 49 49 49;28 28 28 28 28 28 28 28 28 28 28 28 28 28 28 28 28 28 28 28 28 28 28 28 28 28 28 28 28 28 28 28 28 28 28 28 28 28 28;52 52 52 52 52 52 52 52 52 52 52 52 52 52 52 52 52 52 52 52 52 52 52 52 52 52 52 52 52 52 52 52 52 52 52 52 52 52 52;
d;3.000 52.520 3.000 35.115 3.000 14.291 3.000 72.397 3.000 31.149 3.000 8.138 3.000 5.757 3.000 36.736 3.000 37.867 3.000 66.051 3.000 53.460 3.000 41.546 3.000 47.214 3.000 72.811 3.000 3.186 3.000 28.371 3.000 62.095 3.000 29.211 3.000 77.429 3.000
S;21.419071488947989 21.342148412024912 19.356796206889825 19.279873129966749 18.530865385106363 18.453942308183287 16.861757475906579 16.784834398983502 16.057378883971516 15.98045580704844 15.898760010388051 15.821836933464974 13.954878273187276 13.8779551962642 12.667338295359432 12.590415218436355 11.525142853682224 11.448219776759148 10.077458873180737 10.00053579625766 8.3069328861317242 8.2300098092086476 7.2590525286966727 7.1821294517735961 6.2401833245640592 6.1632602476409826 6.0156485285722807 5.9387254516492041 5.7300672609643586 5.6531441840412819 4.8544400232556395 4.7775169463325629 2.9211849052193397 2.8442618282962626 2.4778322375954001 2.400909160672323 1.5005190787011986 1.4235960017781217 0.076923076923076927 0;17.939938753240536 17.876108966006495 16.228689051107168 16.164859263873126 15.543342198988976 15.479512411754932 14.158337763695537 14.094507976461493 13.490874676770696 13.427044889536653 13.359254760392925 13.295424973158882 11.746246510375261 11.682416723141218 10.677862273454284 10.614032486220241 9.7300830771689402 9.6662532899348967 8.528813391220897 8.4649836039868536 7.0596535296270337 6.9958237423929912 6.1901357862234807 6.1263059989894382 5.3446911274751416 5.2808613402410991 5.1583750201628149 5.0945452329287724 4.9214033300200706 4.857573542786028 4.1948190263894309 4.1309892391553884 2.5906286092954804 2.5267988220614379 2.2227402255224242 2.1589104382883817 1.4117782426102146 1.347948455376172 0.23049645390070922 0.16666666666666666;17.736328918103577 17.673828918103577 16.06073025143132 15.99823025143132 15.389661458732256 15.327161458732256 14.03351128250743 13.97101128250743 13.379953676560191 13.317453676560191 13.251075841773625 13.188575841773625 11.671671930297997 11.609171930297997 10.625545698312873 10.563045698312873 9.6975119019501417 9.6350119019501417 8.5212686677926825 8.4587686677926825 7.08271630331536 7.02021630331536 6.2313135128993808 6.1688135128993808 5.4034822845416324 5.3409822845416324 5.2210477627983121 5.1585477627983121 4.9890129828668748 4.9265129828668748 4.2775658522285402 4.2150658522285402 2.7067960688240467 2.6442960688240467 2.3465720263795959 2.2840720263795959 1.5525050847780573 1.4900050847780573 0.39583333333333331 0.33333333333333331;20.389137811165995 20.317709239737422 18.4741679063977 18.402739334969127 17.707232143313053 17.63580357188448 16.157346227627535 16.085917656198962 15.410423249402118 15.338994677973547 15.263134295360329 15.191705723931758 13.458101253673897 13.386672682245326 12.262528417119471 12.1910998456909 11.201918364133492 11.130489792704921 9.8576403822392553 9.7862118108106841 8.213580537122315 8.1421519656937438 7.2405487766469108 7.1691202052183396 6.294455944238055 6.2230273728094838 6.0859593479599754 6.0145307765314042 5.820776742324048 5.7493481708954768 5.0076943073088085 4.9362657358802373 3.2125288405608159 3.1411002691322443 2.8008442206243003 2.7294156491957287 1.8933391445082559 1.8219105730796845 0.5714285714285714 0.5;17.3735424280461 17.313542428046102 15.764967708040734 15.704967708040733 15.120741667049632 15.060741667049632 13.818837497873799 13.758837497873799 13.191422196164451 13.131422196164451 13.067699474769347 13.007699474769346 11.551471719752742 11.491471719752742 10.547190537047022 10.487190537047022 9.6562780925388001 9.5962780925387996 8.5270845877476393 8.4670845877476388 7.1460743178494086 7.086074317849409 6.3287276390500695 6.2687276390500699 5.5340096598266308 5.4740096598266312 5.358872518953044 5.2988725189530443 5.1361191302188649 5.0761191302188653 4.4531298848060645 4.3931298848060649 2.9451908927377515 2.8851908927377514 2.5993758119910786 2.5393758119910785 1.8370715480536017 1.7770715480536017 0.72666666666666657 0.66666666666666663;22.816064598306262 22.737117229885211 20.699518914088674 20.620571545667623 19.851853070679333 19.772905702258281 18.138821269132187 18.059873900711136 17.313274819514625 17.234327451093574 17.150481765047385 17.071534396626333 15.155445245288698 15.076497876867645 13.834022636465384 13.755075268044331 12.661769420007197 12.582822051586144 11.175988492650406 11.097041124229353 9.3588697164685239 9.2799223480474708 8.283413560153603 8.2044661917325499 7.2377320085438139 7.1587846401227617 7.0072884021311994 6.9283410337101472 6.7141918380072791 6.6352444695862269 5.8155217782535944 5.7365744098325422 3.8313915255321289 3.7524441571110763 3.3763716824444017 3.297424314023349 2.3733397562108793 2.2943923877898267 0.91228070175438603 0.83333333333333337;0 0.076923076923076927 1.4620575402396603 1.5389806171627372 2.4393706991338617 2.5162937760569388 2.8827233667578014 2.9596464436808785 4.8159784847941012 4.8929015617171778 5.6916057225028203 5.7685287994258969 5.9771869901107424 6.054110067033819 6.2017217861025209 6.2786448630255975 7.2205909902351344 7.297514067158211 8.2684713476701859 8.3453944245932625 10.038997334719198 10.115920411642275 11.486681315220686 11.563604392143763 12.628876756897894 12.70579983382097 13.916416734725738 13.993339811648815 15.860298471926512 15.937221548849589 16.018917345509976 16.095840422433053 16.823295937445039 16.900219014368115 18.492403846644823 18.5693269235679 19.318334668428285 19.395257745351362 21.380609950486448 21.457533027409525;0.16666666666666666 0.23049645390070922 1.3798633489931933 1.4436931362272358 2.190825331905403 2.2546551191394455 2.5587137156784592 2.6225435029125017 4.1629041327724101 4.2267339200064526 4.8894884364030498 4.9533182236370923 5.1264601265457941 5.1902899137798366 5.3127762338581208 5.3766060210921633 6.1582208926064599 6.2220506798405024 7.0277386360100129 7.0915684232440555 8.4968984976038744 8.5607282848379178 9.6981681835519176 9.761997970785961 10.645947379837262 10.709777167071305 11.714331616758239 11.778161403992282 13.327339866775903 13.391169654009946 13.458959783153674 13.522789570387717 14.126422870078514 14.190252657312557 15.511427305371953 15.575257092605996 16.196774157490147 16.260603944724188 17.908023859623516 17.971853646857557;0.33333333333333331 0.39583333333333331 1.5212550847780573 1.5837550847780573 2.3153220263795959 2.3778220263795959 2.6755460688240467 2.7380460688240467 4.2463158522285402 4.3088158522285402 4.9577629828668748 5.0202629828668748 5.1897977627983121 5.2522977627983121 5.3722322845416324 5.4347322845416324 6.2000635128993808 6.2625635128993808 7.05146630331536 7.11396630331536 8.4900186677926825 8.5525186677926825 9.6662619019501417 9.7287619019501417 10.594295698312873 10.656795698312873 11.640421930297997 11.702921930297997 13.219825841773625 13.282325841773625 13.348703676560191 13.411203676560191 14.00226128250743 14.06476128250743 15.358411458732256 15.420911458732256 16.02948025143132 16.09198025143132 17.705078918103577 17.767578918103577;0.5 0.5714285714285714 1.8576248587939703 1.9290534302225417 2.7651299349100142 2.8365585063385859 3.1768145548465299 3.2482431262751015 4.9719800215945229 5.0434085930230941 5.7850624566097615 5.8564910280383327 6.0502450622456889 6.1216736336742601 6.2587416585237685 6.3301702299523397 7.2048344909326243 7.2762630623611955 8.1778662514080285 8.2492948228365996 9.8219260965249688 9.89335466795354 11.166204078419206 11.237632649847777 12.226814131405185 12.298242702833756 13.422386967959611 13.493815539388182 15.227420009646043 15.298848581074614 15.374708963687832 15.446137535116403 16.121631941913247 16.19306051334182 17.671517857598765 17.742946429027338 18.438453620683411 18.509882192111984 20.353423525451706 20.424852096880279;0.66666666666666663 0.72666666666666657 1.8070715480536017 1.8670715480536018 2.5693758119910788 2.6293758119910788 2.9151908927377517 2.9751908927377517 4.4231298848060661 4.4831298848060657 5.1061191302188664 5.166119130218866 5.3288725189530455 5.3888725189530451 5.5040096598266324 5.564009659826632 6.298727639050071 6.3587276390500707 7.1160743178494101 7.1760743178494097 8.49708458774764 8.5570845877476405 9.6262780925388007 9.6862780925388012 10.517190537047023 10.577190537047024 11.521471719752743 11.581471719752743 13.037699474769347 13.097699474769348 13.161422196164452 13.221422196164452 13.7888374978738 13.8488374978738 15.090741667049633 15.150741667049633 15.734967708040735 15.794967708040735 17.343542428046103 17.403542428046102;0.83333333333333337 0.91228070175438603 2.3338660720003532 2.4128134404214059 3.3368979982338756 3.4158453666549282 3.7919178413216028 3.8708652097426555 5.7760480940430687 5.8549954624641209 6.6747181537967535 6.7536655222178057 6.9678147179206738 7.046762086341726 7.1982583243332883 7.2772056927543405 8.2439398759430755 8.3228872443641286 9.3193960322579965 9.3983434006790496 11.136514808439879 11.215462176860932 12.622295735796669 12.701243104217722 13.794548952254857 13.87349632067591 15.115971561078171 15.194918929499224 17.111008080836861 17.189955449257912 17.273801135304101 17.352748503725152 18.099347584921663 18.178294953342714 19.812379386468809 19.89132675488986 20.660045229878151 20.738992598299202 22.776590914095738 22.85553828251679;
