m;4
n;8
P;39
P1;2 4 6 8 10 12 14 16 18 20 22 24 26 28 30 32 34 36 38
Q;40
M;100
h;1 1 1 1 1 1 1 1 1 1 1 1 1 1 1 1 1 1 1 1 1 1 1 1 1 1 1 1 1 1 1 1 1 1 1 1 1 1 1
Vmin;28 28 28 28 28 28 28 28 28 28 28 28 28 28 28 28 28 28 28 28 28 28 28 28 28 28 28 28 28 28 28 28 28 28 28 28 28 28 28;52 52 52 52 52 52 52 52 52 52 52 52 52 52 52 52 52 52 52 52 52 52 52 52 52 52 52 52 52 52 52 52 52 52 52 52 52 52 52;38 38 38 38 38 38 38 38 38 38 38 38 38 38 38 38 38 38 38 38 38 38 38 38 38 38 38 38 38 38 38 38 38 38 38 38 38 38 38;49 49 49 49 49 49 49 49 49 49 49 49 49 49 49 49 49 49 49 49 49 49 49 49 49 49 49 49 49 49 49 49 49 49 49 49 49 49 49;46 46 46 46 46 46 46 46 46 46 46 46 46 46 46 46 46 46 46 46 46 46 46 46 46 46 46 46 46 46 46 46 46 46 46 46 46 46 46;51 51 51 51 51 51 51 51 51 51 51 51 51 51 51 51 51 51 51 51 51 51 51 51 51 51 51 51 51 51 51 51 51 51 51 51 51 51 51;40 40 40 40 40 40 40 40 40 40 40 40 40 40 40 40 40 40 40 40 40 40 40 40 40 40 40 40 40 40 40 40 40 40 40 40 40 40 40;47 47 47 47 47 47 47 47 47 47 47 47 47 47 47 47 47 47 47 47 47 47 47 47 47 47 47 47 47 47 47 47 47 47 47 47 47 47 47;
Vmax;28 28 28 28 28 28 28 28 28 28 28 28 28 28 28 28 28 28 28 28 28 28 28 28 28 28 28 28 28 28 28 28 28 28 28 28 28 28 28;52 52 52 52 52 52 52 52 52 52 52 52 52 52 52 52 52 52 52 52 52 52 52 52 52 52 52 52 52 52 52 52 52 52 52 52 52 52 52;38 38 38 38 38 38 38 38 38 38 38 38 38 38 38 38 38 38 38 38 38 38 38 38 38 38 38 38 38 38 38 38 38 38 38 38 38 38 38;49 49 49 49 49 49 49 49 49 49 49 49 49 49 49 49 49 49 49 49 49 49 49 49 49 49 49 49 49 49 49 49 49 49 49 49 49 49 49;46 46 46 46 46 46 46 46 46 46 46 46 46 46 46 46 46 46 46 46 46 46 46 46 46 46 46 46 46 46 46 46 46 46 46 46 46 46 46;51 51 51 51 51 51 51 51 51 51 51 51 51 51 51 51 51 51 51 51 51 51 51 51 51 51 51 51 51 51 51 51 51 51 51 51 51 51 51;40 40 40 40 40 40 40 40 40 40 40 40 40 40 40 40 40 40 40 40 40 40 40 40 40 40 40 40 40 40 40 40 40 40 40 40 40 40 40;47 47 47 47 47 47 47 47 47 47 47 47 47 47 47 47 47 47 47 47 47 47 47 47 47 47 47 47 47 47 47 47 47 47 47 47 47 47 47;
d;3.000 22.443 3.000 38.786 3.000 22.887 3.000 98.160 3.000 65.515 3.000 59.954 3.000 92.974 3.000 43.985 3.000 4.973 3.000 72.330 3.000 30.498 3.000 34.934 3.000 49.950 3.000 61.349 3.000 44.099 3.000 21.136 3.000 85.683 3.000 3.726 3.000 78.458 3.000
S;35.422831628437919 35.315688771295065 32.513620756161551 32.406477899018697 32.273410024745218 32.166267167602363 29.106177025428572 28.999034168285714 28.244181917399871 28.137039060257013 26.562080548686261 26.454937691543403 24.26388705130449 24.156744194161632 22.372798677656924 22.265655820514066 21.018027214463444 20.910884357320587 19.821661903209726 19.714519046066869 17.131294128573487 17.024151271430629 16.846551858417808 16.73940900127495 15.168515554155896 15.061372697013038 11.740879928093596 11.633737070950739 9.4925372265730612 9.3853943694302036 7.0455703797818883 6.9384275226390315 3.4327098760947292 3.325567018951872 2.5081614789414197 2.4010186217985625 1.0158059403937107 0.90866308325085354 0.10714285714285714 0;19.240499081979394 19.182806774287087 17.674000919984426 17.616308612292119 17.544656679991014 17.486964372298708 15.839223526512821 15.781531218820513 15.375072314497366 15.317380006805058 14.469325423651576 14.411633115959267 13.231836617369083 13.174144309676775 12.213558262328087 12.155865954635779 11.484065935993137 11.426373628300828 10.839869229933441 10.782176922241133 9.3912096589754661 9.3335173512831577 9.237886898122408 9.1801945904300997 8.3343288881352251 8.2766365804429167 6.4886789356401406 6.4309866279478332 5.2780328655906219 5.2203405578983144 3.9604353327030681 3.9027430250107606 2.0150489076407516 1.9573565999484439 1.5172151553274311 1.4595228476351234 0.71363909610943399 0.65594678841712628 0.22435897435897434 0.16666666666666666;26.434367164813903 26.355419796392852 24.290738101031312 24.211790732610261 24.113740719987696 24.034793351566645 21.779990088912271 21.70104272049122 21.144835798785859 21.065888430364808 19.905392684996887 19.826445316575835 18.211986950084004 18.133039581662953 16.818553411606853 16.739606043185802 15.820300754516923 15.74135338609587 14.93876841990892 14.859821051487867 12.956392164913797 12.877444796492744 12.746582071114876 12.667634702693823 11.51013426797452 11.431186899553467 8.9845080171917715 8.9055606487707184 7.3278344476503241 7.2488870792292719 5.5248062447515665 5.4458588763305142 2.8626985051926077 2.7837511367715551 2.1814523178164849 2.1025049493954322 1.0818219209918571 1.0028745525708045 0.41228070175438591 0.33333333333333331;20.741618073393106 20.680393583597187 19.079211860663751 19.017987370867832 18.941948585568699 18.880724095772781 17.132101157387758 17.07087666759184 16.6395325242285 16.578308034432581 15.678331742106435 15.617107252310516 14.365078315031138 14.303853825235219 13.284456387232529 13.223231897436611 12.510301265407684 12.449076775611765 11.826663944691273 11.765439454895354 10.289310930613421 10.228086440817503 10.126601061953034 10.065376572157115 9.1677231738033704 9.1064986840074518 7.2090742446249134 7.1478497548289948 5.9243069866131783 5.8630824968172597 4.5260402170182221 4.4648157272223035 2.4615485006255597 2.4003240108296415 1.9332351308236686 1.8720106410277502 1.0804605373678349 1.0192360475719164 0.56122448979591832 0.5;0 0.10714285714285714 0.96223451182228215 1.0693773689651394 2.4545900503699913 2.5617329075128485 3.3791384475233008 3.486281304666158 6.9919989512104603 7.0991418083533171 9.4389657980016324 9.54610865514449 11.687308499522167 11.794451356665025 15.114944125584469 15.222086982727326 16.792980429846381 16.900123286989238 17.077722700002059 17.184865557144917 19.768090474638299 19.875233331781157 20.964455785892017 21.071598643034875 22.319227249085497 22.426370106228354 24.210315622733063 24.317458479875921 26.508509120114834 26.615651977257691 28.190610488828444 28.297753345971302 29.052605596857145 29.159748454000002 32.219838596173794 32.326981453316648 32.460049327590127 32.567192184732981 35.369260199866495 35.47640305700935;0.16666666666666666 0.22435897435897434 0.68479294226328014 0.74248524995558784 1.4883690014812774 1.5460613091735851 1.9862027537945979 2.0438950614869054 3.9315891788569139 3.9892814865492214 5.2491867117444677 5.3068790194367752 6.4598327817939865 6.5175250894862939 8.30548273428907 8.3631750419813784 9.209040744276253 9.2667330519685613 9.362363505129311 9.4200558128216194 10.811023076087286 10.868715383779595 11.455219782146981 11.51291208983929 12.184712108481932 12.24240441617424 13.202990463522928 13.260682771215237 14.440479269805421 14.498171577497729 15.346226160651211 15.40391846834352 15.810377372666666 15.868069680358975 17.515810526144861 17.573502833837168 17.645154766138273 17.702847073830579 19.21165292813324 19.269345235825547;0.33333333333333331 0.41228070175438591 1.0423482367813306 1.1212956052023832 2.1419786336059583 2.220926002027011 2.8232248209820812 2.9021721894031338 5.4853325605410408 5.564279928962093 7.2883607634397993 7.3673081318608515 8.9450343329812458 9.0239817014022989 11.470660583763994 11.549607952185047 12.70710838690435 12.786055755325403 12.916918480703272 12.995865849124325 14.899294735698394 14.978242104119447 15.780827070306398 15.859774438727451 16.779079727396329 16.858027095817381 18.17251326587348 18.251460634294531 19.865919000786363 19.944866369207414 21.105362114575335 21.184309482996387 21.740516404701747 21.819463773122799 24.074267035777172 24.153214404198224 24.251264416820788 24.33021178524184 26.394893480603379 26.47384084902443;0.5 0.56122448979591832 1.0498482924698755 1.111072782265794 1.9026228859257093 1.9638473757216277 2.4309362557276004 2.4921607455235186 4.4954279721202628 4.5566524619161815 5.893694741715219 5.9549192315111377 7.1784619997269541 7.2396864895228727 9.1371109289054111 9.1983354187013298 10.095988817055074 10.157213306850993 10.258698685715462 10.319923175511381 11.796051699793313 11.857276189589232 12.479689020509724 12.540913510305643 13.25384414233457 13.315068632130489 14.334466070133178 14.395690559929097 15.647719497208476 15.708943987004394 16.60892027933054 16.670144769126459 17.101488912489799 17.162713402285718 18.91133634067074 18.972560830466659 19.048599615765792 19.10982410556171 20.711005828495146 20.772230318291065;
