m;8
n;16
P;39
P1;2 4 6 8 10 12 14 16 18 20 22 24 26 28 30 32 34 36 38
Q;40
M;100
h;1 1 1 1 1 1 1 1 1 1 1 1 1 1 1 1 1 1 1 1 1 1 1 1 1 1 1 1 1 1 1 1 1 1 1 1 1 1 1
Vmin;49 49 49 49 49 49 49 49 49 49 49 49 49 49 49 49 49 49 49 49 49 49 49 49 49 49 49 49 49 49 49 49 49 49 49 49 49 49 49;28 28 28 28 28 28 28 28 28 28 28 28 28 28 28 28 28 28 28 28 28 28 28 28 28 28 28 28 28 28 28 28 28 28 28 28 28 28 28;49 49 49 49 49 49 49 49 49 49 49 49 49 49 49 49 49 49 49 49 49 49 49 49 49 49 49 49 49 49 49 49 49 49 49 49 49 49 49;47 47 47 47 47 47 47 47 47 47 47 47 47 47 47 47 47 47 47 47 47 47 47 47 47 47 47 47 47 47 47 47 47 47 47 47 47 47 47;52 52 52 52 52 52 52 52 52 52 52 52 52 52 52 52 52 52 52 52 52 52 52 52 52 52 52 52 52 52 52 52 52 52 52 52 52 52 52;40 40 40 40 40 40 40 40 40 40 40 40 40 40 40 40 40 40 40 40 40 40 40 40 40 40 40 40 40 40 40 40 40 40 40 40 40 40 40;49 49 49 49 49 49 49 49 49 49 49 49 49 49 49 49 49 49 49 49 49 49 49 49 49 49 49 49 49 49 49 49 49 49 49 49 49 49 49;51 51 51 51 51 51 51 51 51 51 51 51 51 51 51 51 51 51 51 51 51 51 51 51 51 51 51 51 51 51 51 51 51 51 51 51 51 51 51;33 33 33 33 33 33 33 33 33 33 33 33 33 33 33 33 33 33 33 33 33 33 33 33 33 33 33 33 33 33 33 33 33 33 33 33 33 33 33;32 32 32 32 32 32 32 32 32 32 32 32 32 32 32 32 32 32 32 32 32 32 32 32 32 32 32 32 32 32 32 32 32 32 32 32 32 32 32;47 47 47 47 47 47 47 47 47 47 47 47 47 47 47 47 47 47 47 47 47 47 47 47 47 47 47 47 47 47 47 47 47 47 47 47 47 47 47;46 46 46 46 46 46 46 46 46 46 46 46 46 46 46 46 46 46 46 46 46 46 46 46 46 46 46 46 46 46 46 46 46 46 46 46 46 46 46;44 44 44 44 44 44 44 44 44 44 44 44 44 44 44 44 44 44 44 44 44 44 44 44 44 44 44 44 44 44 44 44 44 44 44 44 44 44 44;35 35 35 35 35 35 35 35 35 35 35 35 35 35 35 35 35 35 35 35 35 35 35 35 35 35 35 35 35 35 35 35 35 35 35 35 35 35 35;44 44 44 44 44 44 44 44 44 44 44 44 44 44 44 44 44 44 44 44 44 44 44 44 44 44 44 44 44 44 44 44 44 44 44 44 44 44 44;39 39 39 39 39 39 39 39 39 39 39 39 39 39 39 39 39 39 39 39 39 39 39 39 39 39 39 39 39 39 39 39 39 39 39 39 39 39 39;
Vmax;49 49 49 49 49 49 49 49 49 49 49 49 49 49 49 49 49 49 49 49 49 49 49 49 49 49 49 49 49 49 49 49 49 49 49 49 49 49 49;28 28 28 28 28 28 28 28 28 28 28 28 28 28 28 28 28 28 28 28 28 28 28 28 28 28 28 28 28 28 28 28 28 28 28 28 28 28 28;49 49 49 49 49 49 49 49 49 49 49 49 49 49 49 49 49 49 49 49 49 49 49 49 49 49 49 49 49 49 49 49 49 49 49 49 49 49 49;47 47 47 47 47 47 47 47 47 47 47 47 47 47 47 47 47 47 47 47 47 47 47 47 47 47 47 47 47 47 47 47 47 47 47 47 47 47 47;52 52 52 52 52 52 52 52 52 52 52 52 52 52 52 52 52 52 52 52 52 52 52 52 52 52 52 52 52 52 52 52 52 52 52 52 52 52 52;40 40 40 40 40 40 40 40 40 40 40 40 40 40 40 40 40 40 40 40 40 40 40 40 40 40 40 40 40 40 40 40 40 40 40 40 40 40 40;49 49 49 49 49 49 49 49 49 49 49 49 49 49 49 49 49 49 49 49 49 49 49 49 49 49 49 49 49 49 49 49 49 49 49 49 49 49 49;51 51 51 51 51 51 51 51 51 51 51 51 51 51 51 51 51 51 51 51 51 51 51 51 51 51 51 51 51 51 51 51 51 51 51 51 51 51 51;33 33 33 33 33 33 33 33 33 33 33 33 33 33 33 33 33 33 33 33 33 33 33 33 33 33 33 33 33 33 33 33 33 33 33 33 33 33 33;32 32 32 32 32 32 32 32 32 32 32 32 32 32 32 32 32 32 32 32 32 32 32 32 32 32 32 32 32 32 32 32 32 32 32 32 32 32 32;47 47 47 47 47 47 47 47 47 47 47 47 47 47 47 47 47 47 47 47 47 47 47 47 47 47 47 47 47 47 47 47 47 47 47 47 47 47 47;46 46 46 46 46 46 46 46 46 46 46 46 46 46 46 46 46 46 46 46 46 46 46 46 46 46 46 46 46 46 46 46 46 46 46 46 46 46 46;44 44 44 44 44 44 44 44 44 44 44 44 44 44 44 44 44 44 44 44 44 44 44 44 44 44 44 44 44 44 44 44 44 44 44 44 44 44 44;35 35 35 35 35 35 35 35 35 35 35 35 35 35 35 35 35 35 35 35 35 35 35 35 35 35 35 35 35 35 35 35 35 35 35 35 35 35 35;44 44 44 44 44 44 44 44 44 44 44 44 44 44 44 44 44 44 44 44 44 44 44 44 44 44 44 44 44 44 44 44 44 44 44 44 44 44 44;39 39 39 39 39 39 39 39 39 39 39 39 39 39 39 39 39 39 39 39 39 39 39 39 39 39 39 39 39 39 39 39 39 39 39 39 39 39 39;
d;3.000 86.936 3.000 33.506 3.000 8.542 3.000 63.552 3.000 9.172 3.000 26.018 3.000 130.703 3.000 14.350 3.000 127.379 3.000 56.745 3.000 8.597 3.000 18.894 3.000 3.653 3.000 13.724 3.000 20.819 3.000 93.020 3.000 12.104 3.000 78.456 3.000 83.856 3.000
S;19.388299192053697 19.327074702257779 17.615730206881114 17.554505717085195 15.953366905521424 15.892142415725505 15.645122802806139 15.58389831301022 13.685521974699896 13.624297484903977 13.199420117705973 13.138195627910054 12.858116637914362 12.796892148118443 12.722347035997783 12.661122546201865 12.275535517865762 12.214311028069844 12.038864954834459 11.97764046503854 10.819571594692114 10.758347104896195 8.1587683394388861 8.0975438496429675 7.8046893685987788 7.7434648788028602 5.0760491573693063 5.0148246675733876 4.483849787918154 4.4226252981222354 4.2354340749838109 4.1742095851878922 2.87722677197356 2.8160022821776418 2.6416736276660182 2.5804491378701 1.8966461450518171 1.8354216552558986 0.061224489795918366 0;34.096190252760636 33.989047395617781 30.994194528708618 30.887051671565761 28.085058751329161 27.977915894186303 27.54563157157741 27.438488714434552 24.116330122391485 24.009187265248627 23.265651872652121 23.158509015509264 22.668370783016801 22.561227925873943 22.430773979662789 22.323631122519931 21.648853822931752 21.541710965788894 21.234680337626969 21.127537480484111 19.100916957377866 18.993774100235008 14.444511260684713 14.337368403541856 13.824873061714527 13.717730204571669 9.0497526920629507 8.9426098349200931 8.0134037955234341 7.9062609383805773 7.5786762978883351 7.4715334407454783 5.2018135176203968 5.09467066047754 4.7895955150821985 4.6824526579393417 3.4857974205073465 3.3786545633644893 0.27380952380952378 0.16666666666666666;19.721632525387029 19.660408035591111 17.949063540214446 17.887839050418528 16.286700238854756 16.225475749058837 15.978456136139471 15.917231646343552 14.018855308033228 13.957630818237309 13.532753451039305 13.471528961243386 13.191449971247694 13.130225481451776 13.055680369331116 12.994455879535197 12.608868851199095 12.547644361403176 12.372198288167791 12.310973798371872 11.152904928025446 11.091680438229528 8.4921016727722183 8.4308771829762996 8.1380227019321119 8.0767982121361932 5.4093824907026393 5.3481580009067207 4.8171831212514871 4.7559586314555684 4.5687674083171439 4.5075429185212252 3.2105601053068931 3.1493356155109749 2.9750069609993512 2.913782471203433 2.2299794783851499 2.1687549885892317 0.39455782312925169 0.33333333333333331;20.713333200226199 20.649503412992157 18.865335747599463 18.801505960365422 17.132233582352129 17.068403795118087 16.810872709308534 16.747042922074492 14.767884611921174 14.70405482468713 14.261097569523253 14.197267782289209 13.905270537400083 13.84144075016604 13.763723505614713 13.69989371838067 13.297898731391967 13.234068944157924 13.051157080572096 12.987327293338053 11.779978896593907 11.716149109359863 9.0059499709043696 8.9421201836703261 8.6368038098157474 8.5729740225817039 5.7920512491722542 5.7282214619382117 5.1746519065529686 5.110822119318926 4.9156653122171647 4.8518355249831222 3.4996619537596692 3.4358321665256266 3.2540852713964874 3.1902554841624449 2.4773544916497667 2.4135247044157242 0.56382978723404253 0.5;18.936410136101884 18.878717828409577 17.266104746227722 17.208412438535415 15.699647019946477 15.641954712254169 15.409186230849381 15.351493923157072 13.562639296672344 13.504946988980036 13.104581777581917 13.046889469889608 12.782968883162898 12.725276575470589 12.655032142895351 12.597339835203043 12.233998212347869 12.17630590465556 12.010981720260677 11.953289412568369 10.862032207818851 10.804339900126543 8.3547368326763856 8.2970445249840772 8.0210854947693608 7.9633931870770525 5.4498668341877421 5.3921745264954346 4.8918328129741564 4.8341405052818489 4.6577487757860263 4.6000564680937188 3.3778995864109822 3.3202072787186747 3.1559360465827218 3.0982437388904143 2.4538909187347246 2.3961986110424172 0.72435897435897434 0.66666666666666663;24.583999843599099 24.508999843599099 22.412602836762687 22.337602836762688 20.376207792597068 20.301207792597069 19.998608766770843 19.923608766770844 17.598097752340696 17.523097752340696 17.002622977523142 16.927622977523143 16.584526214778421 16.509526214778422 16.418208452430612 16.343208452430613 15.870864342718887 15.795864342718888 15.580942903005541 15.505942903005542 14.08730853683117 14.012308536831171 10.827824549145966 10.752824549145966 10.394077809866836 10.319077809866837 7.0514935511107328 6.9764935511107327 6.3260493235330717 6.2510493235330715 6.021740075188502 5.9467400751885018 4.3579361290009446 4.2829361290009444 4.0693835272242058 3.9943835272242056 3.156724861021809 3.0817248610218089 0.90833333333333333 0.83333333333333337;20.388299192053697 20.327074702257779 18.615730206881114 18.554505717085195 16.953366905521424 16.892142415725505 16.645122802806139 16.58389831301022 14.685521974699896 14.624297484903977 14.199420117705973 14.138195627910054 13.858116637914362 13.796892148118443 13.722347035997783 13.661122546201865 13.275535517865762 13.214311028069844 13.038864954834459 12.97764046503854 11.819571594692114 11.758347104896195 9.1587683394388861 9.0975438496429675 8.8046893685987797 8.7434648788028611 6.0760491573693063 6.0148246675733876 5.483849787918154 5.4226252981222354 5.2354340749838109 5.1742095851878922 3.87722677197356 3.8160022821776418 3.6416736276660182 3.5804491378701 2.8966461450518168 2.8354216552558986 1.0612244897959184 1;19.794640400208444 19.735816870796679 18.091583924258316 18.032760394846552 16.494411340599008 16.435587811187244 16.198255241911774 16.139431712500009 14.315501505103816 14.256677975692051 13.848462466031224 13.789638936619459 13.52054343642752 13.461719907015755 13.390098132625317 13.331274603213553 12.960808634812199 12.901985105400435 12.733419270331144 12.674595740919379 11.561941336076734 11.503117806664969 9.0054833065197109 8.9466597771079464 8.665289785516471 8.6064662561047065 6.0436550727665868 5.9848315433548223 5.4746792079997935 5.415855678588029 5.2360052877295429 5.1771817583177784 3.9310610162098905 3.872237486798126 3.7047452501104878 3.6459217206987233 2.988934531520373 2.9301110021086085 1.2254901960784315 1.1666666666666667;0 0.061224489795918366 1.8660339001538579 1.9272583899497764 2.6110613827680593 2.6722858725639775 2.8466145270756011 2.9078390168715194 4.2048218300858515 4.2660463198817702 4.4532375430201947 4.5144620328161134 5.045436912471347 5.1066614022672656 7.7740771237008195 7.8353016134967381 8.1281560945409268 8.1893805843368455 10.788959349794155 10.850183839590073 12.0082527099365 12.069477199732418 12.244923272967803 12.306147762763722 12.691734791099824 12.752959280895743 12.827504393016403 12.888728882812321 13.168807872808014 13.230032362603932 13.654909729801936 13.716134219597855 15.614510557908179 15.675735047704098 15.922754660623465 15.983979150419383 17.585117961983155 17.646342451779073 19.357686947155738 19.418911436951657;0.16666666666666666 0.27380952380952378 3.4322259919359177 3.5393688490787749 4.7360240865107706 4.8431669436536273 5.1482420890489689 5.2553849461918256 7.5251048693169071 7.6322477264597639 7.9598323669520061 8.0669752240948629 8.9961812634915219 9.1033241206343796 13.7713016331431 13.878444490285958 14.390939832113286 14.498082689256144 19.047345528806439 19.154488385949296 21.181108909055542 21.2882517661984 21.595282394360325 21.702425251503183 22.377202551091361 22.484345408234219 22.614799354445374 22.721942211588232 23.212080444080694 23.319223301223552 24.062758693820058 24.169901550962916 27.492060143005983 27.59920300014884 28.031487322757734 28.138630179900591 30.940623100137191 31.047765957280049 34.042618824189212 34.149761681332066;0.33333333333333331 0.39455782312925169 2.199367233487191 2.2605917232831092 2.9443947161013924 3.0056192058973106 3.1799478604089342 3.2411723502048524 4.5381551634191846 4.5993796532151032 4.7865708763535277 4.8477953661494464 5.37877024580468 5.4399947356005987 8.1074104570341525 8.1686349468300712 8.461489427874259 8.5227139176701776 11.122292683127487 11.183517172923406 12.341586043269832 12.40281053306575 12.578256606301135 12.639481096097054 13.025068124433156 13.086292614229075 13.160837726349735 13.222062216145654 13.502141206141346 13.563365695937264 13.988243063135268 14.049467552931187 15.947843891241511 16.00906838103743 16.256087993956797 16.317312483752715 17.918451295316487 17.979675785112406 19.69102028048907 19.752244770284989;0.5 0.56382978723404253 2.4454395980327455 2.509269385266788 3.2221703777794657 3.2860001650135082 3.4677470601426474 3.53157684737669 4.883750418600143 4.9475802058341856 5.1427370129359469 5.2065668001699894 5.7601363555552325 5.823966142789275 8.6048889161987248 8.6687187034327682 8.974035077287347 9.0378648645213904 11.748064002976884 11.811893790210927 13.019242186955074 13.083071974189117 13.265983837774945 13.329813625008988 13.731808611997691 13.795638399231734 13.873355643783061 13.937185431017104 14.22918267590623 14.293012463140274 14.735969718304151 14.799799505538195 16.778957815691513 16.842787602925554 17.100318688735108 17.164148475969149 18.833420853982442 18.897250641216484 20.681418306609178 20.74524809384322;0.66666666666666663 0.72435897435897434 2.4250447648885713 2.4827370725808788 3.1270898927365685 3.1847822004288759 3.3490534325648289 3.4067457402571364 4.6289026219398721 4.6865949296321796 4.8629866591280022 4.9206789668203097 5.4210206803415879 5.4787129880338954 7.9922393409232058 8.0499316486155141 8.3258906788302305 8.3835829865225389 10.833186053972696 10.890878361665004 11.982135566414522 12.03982787410683 12.205152058501714 12.262844366194022 12.626185989049196 12.683878296741504 12.754122729316743 12.811815037009051 13.075735623735762 13.13342793142807 13.533793142826189 13.591485450518498 15.380340077003225 15.438032384695534 15.670800866100322 15.72849317379263 17.237258592381568 17.294950900073875 18.907563982255731 18.965256289948037;0.83333333333333337 0.90833333333333333 3.119224861021809 3.1942248610218091 4.0318835272242062 4.1068835272242064 4.320436129000945 4.3954361290009452 5.9842400751885023 6.0592400751885025 6.2885493235330721 6.3635493235330722 7.0139935511107332 7.0889935511107334 10.356577809866836 10.431577809866836 10.790324549145966 10.865324549145965 14.04980853683117 14.12480853683117 15.543442903005541 15.618442903005541 15.833364342718887 15.908364342718887 16.380708452430611 16.45570845243061 16.54702621477842 16.622026214778419 16.965122977523141 17.04012297752314 17.560597752340694 17.635597752340693 19.961108766770842 20.036108766770841 20.338707792597067 20.413707792597066 22.375102836762686 22.450102836762685 24.546499843599097 24.621499843599096;1 1.0612244897959184 2.8660339001538579 2.9272583899497762 3.6110613827680593 3.6722858725639775 3.8466145270756011 3.9078390168715194 5.2048218300858515 5.2660463198817702 5.4532375430201947 5.5144620328161134 6.045436912471347 6.1066614022672656 8.7740771237008204 8.835301613496739 9.1281560945409268 9.1893805843368455 11.788959349794155 11.850183839590073 13.0082527099365 13.069477199732418 13.244923272967803 13.306147762763722 13.691734791099824 13.752959280895743 13.827504393016403 13.888728882812321 14.168807872808014 14.230032362603932 14.654909729801936 14.716134219597855 16.614510557908179 16.675735047704098 16.922754660623465 16.983979150419383 18.585117961983155 18.646342451779073 20.357686947155738 20.418911436951657;1.1666666666666667 1.2254901960784315 2.9595227668144908 3.0183462962262553 3.6753334854046056 3.7341570148163701 3.9016492515040082 3.9604727809157727 5.2065935230236606 5.2654170524354251 5.4452674432939112 5.5040909727056757 6.0142433080607045 6.073066837472469 8.6358780208105905 8.694701550222355 8.9760715418138304 9.0348950712255949 11.532529571370853 11.591353100782618 12.704007505625263 12.762831035037028 12.931396870106319 12.990220399518083 13.360686367919437 13.419509897331201 13.491131671721639 13.549955201133404 13.819050701325343 13.877874230737108 14.286089740397935 14.3449132698097 16.168843477205893 16.227667006617658 16.464999575893128 16.523823105304892 18.062172159552436 18.1209956889642 19.765228635502563 19.824052164914328;
