m;7
n;14
P;39
P1;2 4 6 8 10 12 14 16 18 20 22 24 26 28 30 32 34 36 38
Q;40
M;100
h;1 1 1 1 1 1 1 1 1 1 1 1 1 1 1 1 1 1 1 1 1 1 1 1 1 1 1 1 1 1 1 1 1 1 1 1 1 1 1
Vmin;43 43 43 43 43 43 43 43 43 43 43 43 43 43 43 43 43 43 43 43 43 43 43 43 43 43 43 43 43 43 43 43 43 43 43 43 43 43 43;50 50 50 50 50 50 50 50 50 50 50 50 50 50 50 50 50 50 50 50 50 50 50 50 50 50 50 50 50 50 50 50 50 50 50 50 50 50 50;49 49 49 49 49 49 49 49 49 49 49 49 49 49 49 49 49 49 49 49 49 49 49 49 49 49 49 49 49 49 49 49 49 49 49 49 49 49 49;41 41 41 41 41 41 41 41 41 41 41 41 41 41 41 41 41 41 41 41 41 41 41 41 41 41 41 41 41 41 41 41 41 41 41 41 41 41 41;45 45 45 45 45 45 45 45 45 45 45 45 45 45 45 45 45 45 45 45 45 45 45 45 45 45 45 45 45 45 45 45 45 45 45 45 45 45 45;52 52 52 52 52 52 52 52 52 52 52 52 52 52 52 52 52 52 52 52 52 52 52 52 52 52 52 52 52 52 52 52 52 52 52 52 52 52 52;51 51 51 51 51 51 51 51 51 51 51 51 51 51 51 51 51 51 51 51 51 51 51 51 51 51 51 51 51 51 51 51 51 51 51 51 51 51 51;35 35 35 35 35 35 35 35 35 35 35 35 35 35 35 35 35 35 35 35 35 35 35 35 35 35 35 35 35 35 35 35 35 35 35 35 35 35 35;45 45 45 45 45 45 45 45 45 45 45 45 45 45 45 45 45 45 45 45 45 45 45 45 45 45 45 45 45 45 45 45 45 45 45 45 45 45 45;50 50 50 50 50 50 50 50 50 50 50 50 50 50 50 50 50 50 50 50 50 50 50 50 50 50 50 50 50 50 50 50 50 50 50 50 50 50 50;28 28 28 28 28 28 28 28 28 28 28 28 28 28 28 28 28 28 28 28 28 28 28 28 28 28 28 28 28 28 28 28 28 28 28 28 28 28 28;32 32 32 32 32 32 32 32 32 32 32 32 32 32 32 32 32 32 32 32 32 32 32 32 32 32 32 32 32 32 32 32 32 32 32 32 32 32 32;48 48 48 48 48 48 48 48 48 48 48 48 48 48 48 48 48 48 48 48 48 48 48 48 48 48 48 48 48 48 48 48 48 48 48 48 48 48 48;40 40 40 40 40 40 40 40 40 40 40 40 40 40 40 40 40 40 40 40 40 40 40 40 40 40 40 40 40 40 40 40 40 40 40 40 40 40 40;
Vmax;43 43 43 43 43 43 43 43 43 43 43 43 43 43 43 43 43 43 43 43 43 43 43 43 43 43 43 43 43 43 43 43 43 43 43 43 43 43 43;50 50 50 50 50 50 50 50 50 50 50 50 50 50 50 50 50 50 50 50 50 50 50 50 50 50 50 50 50 50 50 50 50 50 50 50 50 50 50;49 49 49 49 49 49 49 49 49 49 49 49 49 49 49 49 49 49 49 49 49 49 49 49 49 49 49 49 49 49 49 49 49 49 49 49 49 49 49;41 41 41 41 41 41 41 41 41 41 41 41 41 41 41 41 41 41 41 41 41 41 41 41 41 41 41 41 41 41 41 41 41 41 41 41 41 41 41;45 45 45 45 45 45 45 45 45 45 45 45 45 45 45 45 45 45 45 45 45 45 45 45 45 45 45 45 45 45 45 45 45 45 45 45 45 45 45;52 52 52 52 52 52 52 52 52 52 52 52 52 52 52 52 52 52 52 52 52 52 52 52 52 52 52 52 52 52 52 52 52 52 52 52 52 52 52;51 51 51 51 51 51 51 51 51 51 51 51 51 51 51 51 51 51 51 51 51 51 51 51 51 51 51 51 51 51 51 51 51 51 51 51 51 51 51;35 35 35 35 35 35 35 35 35 35 35 35 35 35 35 35 35 35 35 35 35 35 35 35 35 35 35 35 35 35 35 35 35 35 35 35 35 35 35;45 45 45 45 45 45 45 45 45 45 45 45 45 45 45 45 45 45 45 45 45 45 45 45 45 45 45 45 45 45 45 45 45 45 45 45 45 45 45;50 50 50 50 50 50 50 50 50 50 50 50 50 50 50 50 50 50 50 50 50 50 50 50 50 50 50 50 50 50 50 50 50 50 50 50 50 50 50;28 28 28 28 28 28 28 28 28 28 28 28 28 28 28 28 28 28 28 28 28 28 28 28 28 28 28 28 28 28 28 28 28 28 28 28 28 28 28;32 32 32 32 32 32 32 32 32 32 32 32 32 32 32 32 32 32 32 32 32 32 32 32 32 32 32 32 32 32 32 32 32 32 32 32 32 32 32;48 48 48 48 48 48 48 48 48 48 48 48 48 48 48 48 48 48 48 48 48 48 48 48 48 48 48 48 48 48 48 48 48 48 48 48 48 48 48;40 40 40 40 40 40 40 40 40 40 40 40 40 40 40 40 40 40 40 40 40 40 40 40 40 40 40 40 40 40 40 40 40 40 40 40 40 40 40;
d;3.000 84.970 3.000 74.894 3.000 24.921 3.000 5.731 3.000 31.457 3.000 59.269 3.000 97.432 3.000 42.410 3.000 23.647 3.000 68.078 3.000 35.470 3.000 49.114 3.000 96.946 3.000 62.754 3.000 21.239 3.000 55.500 3.000 11.899 3.000 36.979 3.000 53.085 3.000
S;23.157993937323127 23.088226495462663 21.853699016182503 21.78393157432204 20.92395270891355 20.854185267053087 20.577475857416438 20.507708415555975 19.21700660353364 19.147239161673177 18.653309574106309 18.583542132245846 17.124139910055145 17.054372468194682 14.79981234674092 14.730044904880454 13.587870170508928 13.518102728648463 12.693228851589042 12.623461409728577 11.040244378412059 10.970476936551593 10.420549069481519 10.350781627621053 9.3645127638230807 9.2947453219626155 7.0288921815747605 6.9591247397142952 5.5807712333540582 5.511003791493593 4.7794456200455206 4.7096781781850554 4.5763958103698901 4.5066283685094248 3.9270810915991063 3.8573136497386411 2.1155888487707784 2.0458214069103131 0.069767441860465115 0;20.082541452764566 20.022541452764568 18.960847820583631 18.900847820583632 18.161265996332329 18.10126599633233 17.863295904044811 17.803295904044813 16.693292345705604 16.633292345705605 16.208512900398098 16.148512900398099 14.893426989314099 14.833426989314098 12.894505284863861 12.834505284863861 11.852235013304348 11.792235013304348 11.082843479033246 11.022843479033245 9.6612768321010378 9.6012768321010373 9.1283388664207727 9.0683388664207722 8.2201476435545153 8.1601476435545148 6.2115139428209591 6.1515139428209595 4.9661299273511554 4.9061299273511558 4.2769898999058134 4.2169898999058137 4.1023670635847713 4.0423670635847717 3.5439564054418979 3.4839564054418979 1.9860730766095358 1.9260730766095358 0.22666666666666666 0.16666666666666666;20.655654543637322 20.594430053841403 19.511069204677181 19.449844714881262 18.695169384012587 18.633944894216668 18.391118269433484 18.329893779637565 17.197237087454699 17.13601259765878 16.702564184079691 16.641339694283772 15.360639785014381 15.299415295218463 13.32092376006516 13.259699270269241 12.257382666637085 12.196158176841166 11.472289264319635 11.411064774523716 10.021711053164323 9.9604865633684039 9.4778968024701751 9.4166723126742564 8.5511710648515464 8.4899465750556278 6.5015448396132252 6.4403203498173065 5.2307448238277106 5.1695203340317919 4.5275407141896062 4.4663162243936876 4.3493541465150729 4.2881296567191542 3.7795473524917322 3.718322862695814 2.189870486336261 2.1286459965403428 0.39455782312925169 0.33333333333333331;24.787652178168173 24.714481446460855 23.419733114532885 23.346562382825567 22.444633328860565 22.371462597153247 22.081255167534323 22.008084435827005 20.654421559803581 20.581250828096262 20.063227114306621 19.990056382599303 18.459463808106616 18.386293076399298 16.021754412435595 15.948583680728277 14.750693105655701 14.677522373948385 13.812410746788505 13.739240015081188 12.078792884676059 12.005622152968742 11.428868536285494 11.355697804578178 10.321318264497377 10.24814753279006 7.8717649709198714 7.7985942392125542 6.3530039764445005 6.2798332447371834 5.512589308828229 5.4394185771209118 5.2996346303879331 5.226463898680616 4.6186460228966233 4.5454752911893062 2.7187883048083772 2.64561757310106 0.57317073170731703 0.5;22.795416428997669 22.728749762331002 21.54909017101885 21.482423504352184 20.660665921850736 20.59399925518407 20.32958804153127 20.262921374864604 19.029584087821039 18.962917421154373 18.490940259701585 18.424273593034918 17.029733691830472 16.963067025163806 14.808709575774653 14.742042909107987 13.650631496264085 13.583964829597418 12.795752013740639 12.729085347073973 11.216233517149298 11.149566850482632 10.624080221949004 10.557413555282338 9.6149788632087194 9.548312196542053 7.3831636401714356 7.3164969735047691 5.999403622982765 5.9327369563160985 5.2336924813768295 5.1670258147101631 5.0396671076867827 4.9730004410201163 4.4192108208613678 4.3525441541947014 2.6882293443809662 2.6215626777142993 0.73333333333333328 0.66666666666666663;19.983212935350547 19.925520627658241 18.904661365945802 18.846969058253496 18.13583268878109 18.078140381088783 17.849322984658475 17.791630676966168 16.724319563178469 16.666627255486162 16.258185481152019 16.200493173459712 14.993679797417402 14.935987489725093 13.071639696984482 13.013947389292174 12.069456743561874 12.011764435869566 11.329657191378121 11.271964883685813 9.9627661847125371 9.9050738770202287 9.4503258330968976 9.3926335254045892 8.5770650418793419 8.5193727341870336 6.6456864834816924 6.587994175789385 5.4482018532222654 5.3905095455299579 4.7855672114478978 4.7278749037555903 4.6176606380622802 4.5599683303699727 4.0807273129249015 4.0230350052325941 2.5827625736630151 2.5250702659707076 0.89102564102564108 0.83333333333333337;20.525367437350884 20.466543907939119 19.425667797957807 19.366844268546043 18.641764048691826 18.582940519280061 18.349636507233473 18.290812977821709 17.202574195136211 17.143750665724447 16.727300229148458 16.668476699736694 15.438000316321004 15.379176786909239 13.478273155095282 13.419449625683518 12.456439555527133 12.397616026115369 11.702134129771151 11.643310600359387 10.308441338661146 10.249617809249381 9.7859531370138271 9.7271296076020626 8.8955695851841643 8.8367460557723998 6.9263208589747967 6.8674973295630322 5.7053561379259694 5.6465326085142049 5.029728660038379 4.9709051306266145 4.8585298009001026 4.7997062714883381 4.3110683713482656 4.2522448419365011 2.7837317744537931 2.7249082450420286 1.0588235294117647 1;0 0.069767441860465115 2.0807051278405457 2.150472569701011 3.8921973706688737 3.961964812529339 4.5415120894396575 4.6112795313001227 4.744561899115288 4.8143293409757533 5.5458875124238256 5.6156549542842908 6.9940084606445279 7.0637759025049931 9.3296290428928472 9.3993964847533125 10.385665348551285 10.45543279041175 11.005360657481825 11.07512809934229 12.658345130658809 12.728112572519274 13.552986449578695 13.62275389143916 14.764928625810686 14.834696067671151 17.089256189124914 17.159023630985377 18.618425853176078 18.688193295036541 19.182122882603409 19.251890324463872 20.542592136486206 20.61235957834667 20.889068987983318 20.958836429843782 21.818815295252271 21.888582737112735 23.123110216392895 23.192877658253359;0.16666666666666666 0.22666666666666666 1.9560730766095358 2.0160730766095356 3.5139564054418972 3.5739564054418973 4.0723670635847711 4.1323670635847707 4.2469898999058131 4.3069898999058127 4.9361299273511552 4.9961299273511548 6.1815139428209589 6.2415139428209585 8.1901476435545142 8.2501476435545147 9.0983388664207716 9.1583388664207721 9.6312768321010367 9.6912768321010372 11.052843479033244 11.112843479033245 11.822235013304347 11.882235013304348 12.86450528486386 12.92450528486386 14.863426989314096 14.923426989314097 16.178512900398097 16.238512900398096 16.663292345705603 16.723292345705602 17.83329590404481 17.893295904044809 18.131265996332328 18.191265996332326 18.930847820583629 18.990847820583628 20.052541452764565 20.112541452764564;0.33333333333333331 0.39455782312925169 2.1592582414383017 2.2204827312342199 3.7489351075937729 3.8101595973896911 4.3187419016171136 4.3799663914130322 4.4969284692916469 4.5581529590875656 5.2001325789297512 5.2613570687256699 6.4709325947152658 6.5321570845111845 8.5205588199535871 8.5817833097495058 9.4472845575722157 9.5085090473681344 9.9910988082663632 10.052323298062282 11.441677019421675 11.502901509217594 12.226770421739126 12.287994911535044 13.2903115151672 13.351536004963119 15.330027540116422 15.391252029912341 16.671951939181731 16.73317642897765 17.16662484255674 17.227849332352658 18.360506024535525 18.421730514331443 18.664557139114628 18.725781628910546 19.480456959779222 19.54168144957514 20.625042298739363 20.686266788535281;0.5 0.57317073170731703 2.6822029389547186 2.7553736706620358 4.5820606570429652 4.6552313887502823 5.263049264534275 5.3362199962415922 5.4760039429745708 5.549174674681888 6.3164186105908424 6.3895893422981596 7.8351796050662132 7.9083503367735304 10.284732898643719 10.357903630351036 11.392283170431837 11.465453902139153 12.042207518822401 12.115378250529718 13.775825380934847 13.848996112642164 14.714107739802044 14.78727847150936 15.985169046581936 16.058339778289252 18.422878442252955 18.496049173960273 20.02664174845296 20.099812480160278 20.61783619394992 20.691006925657238 22.044669801680662 22.11784053338798 22.408047963006904 22.481218694714222 23.383147748679225 23.456318480386543 24.751066812314512 24.82423754402183;0.66666666666666663 0.73333333333333328 2.6548960110476325 2.7215626777142994 4.3858774875280346 4.4525441541947011 5.0063337743534495 5.0730004410201159 5.2003591480434963 5.2670258147101627 5.9660702896494318 6.0327369563160982 7.3498303068381023 7.4164969735047688 9.5816455298753862 9.6483121965420526 10.590746888615671 10.657413555282337 11.182900183815965 11.249566850482632 12.762418680407306 12.829085347073972 13.617298162930751 13.683964829597418 14.77537624244132 14.842042909107986 16.996400358497137 17.063067025163804 18.45760692636825 18.524273593034916 18.996250754487704 19.062917421154371 20.296254708197935 20.362921374864602 20.627332588517401 20.693999255184067 21.515756837685515 21.582423504352182 22.762083095664334 22.828749762331;0.83333333333333337 0.89102564102564108 2.5539164198168613 2.6116087275091688 4.0518811590787474 4.1095734667710548 4.588814484216126 4.6465067919084335 4.7567210576017436 4.8144133652940511 5.4193556993761112 5.4770480070684187 6.6168403296355383 6.6745326373278457 8.5482188880331869 8.6059111957254952 9.4214796792507425 9.4791719869430509 9.933920030866382 9.9916123385586904 11.300811037531966 11.358503345224275 12.040610589715719 12.098302897408027 13.042793543138327 13.100485850830635 14.964833643571247 15.022525951263555 16.229339327305865 16.287031634998172 16.695473409332315 16.753165717024622 17.820476830812321 17.878169138504628 18.106986534934936 18.164678842627243 18.875815212099649 18.933507519791956 19.954366781504394 20.012059089196701;1 1.0588235294117647 2.7543200097479108 2.8131435391596753 4.2816566066423833 4.3404801360541478 4.8291180361942203 4.8879415656059848 5.0003168953324968 5.0591404247442613 5.6759443732200872 5.7347679026318517 6.8969090942689144 6.9557326236806789 8.866157820478282 8.9249813498900465 9.7565413723079448 9.8153649017197093 10.279029573955263 10.337853103367028 11.672722365065269 11.731545894477033 12.427027790821251 12.485851320233015 13.4488613903894 13.507684919801164 15.408588551615122 15.467412081026886 16.697888464442574 16.756711993854339 17.173162430430327 17.231985959842092 18.320224742527589 18.379048271939354 18.612352283985942 18.671175813397706 19.396256033251923 19.455079562663688 20.495955672644996 20.554779202056761;
