m;5
n;10
P;39
P1;2 4 6 8 10 12 14 16 18 20 22 24 26 28 30 32 34 36 38
Q;40
M;100
h;1 1 1 1 1 1 1 1 1 1 1 1 1 1 1 1 1 1 1 1 1 1 1 1 1 1 1 1 1 1 1 1 1 1 1 1 1 1 1
Vmin;52 52 52 52 52 52 52 52 52 52 52 52 52 52 52 52 52 52 52 52 52 52 52 52 52 52 52 52 52 52 52 52 52 52 52 52 52 52 52;36 36 36 36 36 36 36 36 36 36 36 36 36 36 36 36 36 36 36 36 36 36 36 36 36 36 36 36 36 36 36 36 36 36 36 36 36 36 36;31 31 31 31 31 31 31 31 31 31 31 31 31 31 31 31 31 31 31 31 31 31 31 31 31 31 31 31 31 31 31 31 31 31 31 31 31 31 31;49 49 49 49 49 49 49 49 49 49 49 49 49 49 49 49 49 49 49 49 49 49 49 49 49 49 49 49 49 49 49 49 49 49 49 49 49 49 49;35 35 35 35 35 35 35 35 35 35 35 35 35 35 35 35 35 35 35 35 35 35 35 35 35 35 35 35 35 35 35 35 35 35 35 35 35 35 35;28 28 28 28 28 28 28 28 28 28 28 28 28 28 28 28 28 28 28 28 28 28 28 28 28 28 28 28 28 28 28 28 28 28 28 28 28 28 28;38 38 38 38 38 38 38 38 38 38 38 38 38 38 38 38 38 38 38 38 38 38 38 38 38 38 38 38 38 38 38 38 38 38 38 38 38 38 38;44 44 44 44 44 44 44 44 44 44 44 44 44 44 44 44 44 44 44 44 44 44 44 44 44 44 44 44 44 44 44 44 44 44 44 44 44 44 44;46 46 46 46 46 46 46 46 46 46 46 46 46 46 46 46 46 46 46 46 46 46 46 46 46 46 46 46 46 46 46 46 46 46 46 46 46 46 46;30 30 30 30 30 30 30 30 30 30 30 30 30 30 30 30 30 30 30 30 30 30 30 30 30 30 30 30 30 30 30 30 30 30 30 30 30 30 30;
Vmax;52 52 52 52 52 52 52 52 52 52 52 52 52 52 52 52 52 52 52 52 52 52 52 52 52 52 52 52 52 52 52 52 52 52 52 52 52 52 52;36 36 36 36 36 36 36 36 36 36 36 36 36 36 36 36 36 36 36 36 36 36 36 36 36 36 36 36 36 36 36 36 36 36 36 36 36 36 36;31 31 31 31 31 31 31 31 31 31 31 31 31 31 31 31 31 31 31 31 31 31 31 31 31 31 31 31 31 31 31 31 31 31 31 31 31 31 31;49 49 49 49 49 49 49 49 49 49 49 49 49 49 49 49 49 49 49 49 49 49 49 49 49 49 49 49 49 49 49 49 49 49 49 49 49 49 49;35 35 35 35 35 35 35 35 35 35 35 35 35 35 35 35 35 35 35 35 35 35 35 35 35 35 35 35 35 35 35 35 35 35 35 35 35 35 35;28 28 28 28 28 28 28 28 28 28 28 28 28 28 28 28 28 28 28 28 28 28 28 28 28 28 28 28 28 28 28 28 28 28 28 28 28 28 28;38 38 38 38 38 38 38 38 38 38 38 38 38 38 38 38 38 38 38 38 38 38 38 38 38 38 38 38 38 38 38 38 38 38 38 38 38 38 38;44 44 44 44 44 44 44 44 44 44 44 44 44 44 44 44 44 44 44 44 44 44 44 44 44 44 44 44 44 44 44 44 44 44 44 44 44 44 44;46 46 46 46 46 46 46 46 46 46 46 46 46 46 46 46 46 46 46 46 46 46 46 46 46 46 46 46 46 46 46 46 46 46 46 46 46 46 46;30 30 30 30 30 30 30 30 30 30 30 30 30 30 30 30 30 30 30 30 30 30 30 30 30 30 30 30 30 30 30 30 30 30 30 30 30 30 30;
d;3.000 118.832 3.000 102.291 3.000 78.666 3.000 29.867 3.000 3.380 3.000 120.362 3.000 160.832 3.000 67.039 3.000 26.691 3.000 4.691 3.000 64.538 3.000 18.655 3.000 50.923 3.000 24.628 3.000 40.983 3.000 90.463 3.000 80.447 3.000 52.230 3.000 39.158 3.000
S;23.743785079618256 23.686092771925949 22.933047357214079 22.875355049521772 21.870935747729273 21.813243440036967 20.266190474335986 20.208498166643679 18.468825166884738 18.411132859192431 17.623002584815978 17.565310277123672 17.091687604688495 17.033995296996189 16.054710433945839 15.997018126253531 15.638258652651336 15.580566344959028 14.339458636358341 14.281766328666032 14.191560843413273 14.133868535720964 13.620574022970869 13.562881715278561 12.273674434502658 12.215982126810349 9.1230546877755661 9.0653623800832577 6.7507034384981219 6.6930111308058144 6.6280108988696851 6.5703185911773776 5.9959534413399611 5.9382611336476536 4.4254548339074899 4.3677625262151825 2.4006212136325593 2.3429289059402518 0.057692307692307696 0;34.463245115004156 34.37991178167082 33.292179515975896 33.20884618264256 31.758018302275616 31.674684968942284 29.440052907374199 29.356719574040866 26.84385857438906 26.760525241055728 25.622114844734181 25.538781511400849 24.854659873438926 24.771326540105594 23.356803960143981 23.273470626810649 22.755262498274146 22.671929164940813 20.879218030295377 20.795884696962045 20.665587884930279 20.582254551596947 19.840829144291256 19.757495810957924 17.895307516503841 17.811974183170509 13.344412326786934 13.2610789934536 9.9176827444972915 9.8343494111639576 9.7404601872562147 9.6571268539228807 8.8274883041577237 8.7441549708243897 6.5589903156441531 6.4756569823108201 3.6342306419136978 3.5508973085803643 0.25 0.16666666666666666;40.161617983015582 40.064843789467197 38.801670835756966 38.704896642208581 37.020064265008259 36.923290071459874 34.32823348383242 34.231459290284036 31.313298129398067 31.216523935849679 29.894498959476273 29.797724765927885 29.003260928294683 28.906486734746295 27.263815351565068 27.16704115801668 26.565251073264609 26.468476879716221 24.386618787869907 24.289844594321519 24.13853216744592 24.041757973897532 23.180747823478018 23.083973629929631 20.92143238475715 20.824658191208762 15.636521841860093 15.539747648311705 11.657093939846316 11.560319746297928 11.451287099179259 11.354512905630871 10.391061686548754 10.294287493000366 7.7566769256942854 7.6599027321458983 4.3601818207169822 4.2634076271685952 0.43010752688172038 0.33333333333333331;25.697486206941832 25.636261717145914 24.837111481125156 24.775886991329237 23.709972630243321 23.648748140447402 22.006977646234116 21.945753156438197 20.09956956485728 20.038345075061361 19.20196192674349 19.140737436947571 18.638117458036771 18.576892968240852 17.537651889085382 17.476427399289463 17.09570305995652 17.034478570160601 15.717384675319057 15.656160185523138 15.560431915458985 15.499207425663066 14.954486718254802 14.893262228458884 13.525123889676292 13.463899399880374 10.181609056414889 10.12038456661897 7.6640118122837233 7.6027873224878046 7.5338074845147691 7.4725829947188505 6.8630526316260827 6.801828141830164 5.196401048228358 5.1351765584324394 3.0475980226304715 2.9863735328345533 0.56122448979591832 0.5;35.943147356385239 35.85743307067095 34.738622740241887 34.652908454527598 33.160628349007311 33.074914063293022 30.77643537139442 30.690721085680135 28.106064057466849 28.020349771752564 26.849413364107544 26.763699078393259 26.060031107918139 25.974316822203853 24.519379311386196 24.43366502567191 23.90065095060579 23.814936664891505 21.97100521211334 21.885290926399055 21.751271348309238 21.665557062594953 20.902948072223385 20.8172337865091 18.90184011221347 18.816125826499185 14.220919345647506 14.13520505993322 10.696283203863876 10.610568918149591 10.513997144987341 10.428282859273056 9.5749403509431801 9.4892260652288947 7.2416281341863664 7.155913848472081 4.2333038983493267 4.1475896126350413 0.75238095238095237 0.66666666666666663;0 0.057692307692307696 2.371775059786406 2.4294673674787135 4.3966086800613366 4.4543009877536441 5.9671072874938078 6.0247995951861153 6.5991647450235309 6.6568570527158384 6.7218572846519677 6.7795495923442752 9.094208533929411 9.1519008416217194 12.244828280656503 12.302520588348811 13.591727869124714 13.649420176817022 14.162714689567117 14.220406997259426 14.310612482512186 14.368304790204494 15.609412498805181 15.667104806497489 16.025864280099686 16.083556587791993 17.062841450842342 17.120533758534648 17.594156430969825 17.651848738662132 18.439979013038585 18.497671320730891 20.237344320489832 20.295036628182139 21.84208959388312 21.899781901575427 22.904201203367926 22.961893511060232 23.714938925772103 23.772631233464409;0.16666666666666666 0.25 3.5925639752470309 3.6758973085803643 6.5173236489774862 6.6006569823108192 8.7858216374910558 8.8691549708243897 9.6987935205895468 9.7821268539228807 9.8760160778306236 9.9593494111639576 13.302745660120266 13.3860789934536 17.853640849837177 17.936974183170509 19.799162477624591 19.882495810957924 20.623921218263614 20.707254551596947 20.837551363628712 20.920884696962045 22.713595831607481 22.796929164940813 23.315137293477317 23.398470626810649 24.812993206772262 24.896326540105594 25.580448178067517 25.663781511400849 26.802191907722396 26.885525241055728 29.398386240707534 29.481719574040866 31.716351635608952 31.799684968942284 33.250512849309224 33.33384618264256 34.421578448337485 34.50491178167082;0.33333333333333331 0.43010752688172038 4.3117947239427883 4.4085689174911753 7.7082898289200914 7.8050640224684784 10.34267458977456 10.439448783322948 11.402900002405065 11.499674195953453 11.608706843072122 11.70548103662051 15.588134745085899 15.684908938634287 20.873045287982954 20.969819481531342 23.132360726703823 23.229134920252211 24.090145070671724 24.186919264220112 24.338231691095711 24.435005884644099 26.516863976490413 26.613638170038801 27.215428254790872 27.31220244833926 28.954873831520487 29.051648025068875 29.846111862702077 29.942886056250465 31.264911032623871 31.361685226172259 34.279846387058228 34.376620580606613 36.971677168234066 37.068451361782451 38.753283738982773 38.850057932531158 40.113230886241389 40.210005079789774;0.5 0.56122448979591832 3.0169857777325122 3.0782102675284304 5.1657888033303978 5.2270132931263165 6.8324403867281234 6.893664876524042 7.5031952396168098 7.5644197294127284 7.633399567385764 7.6946240571816826 10.150996811516929 10.212221301312848 13.494511644778333 13.555736134574252 14.923874473356843 14.985098963152762 15.529819670561025 15.591044160356944 15.686772430421097 15.747996920217016 17.065090815058561 17.126315304854479 17.507039644187422 17.568264133983341 18.607505213138811 18.66872970293473 19.17134968184553 19.232574171641449 20.068957319959321 20.130181809755239 21.976365401336157 22.037589891132075 23.679360385345362 23.74058487514128 24.806499236227197 24.867723726023115 25.666873962043873 25.728098451839791;0.66666666666666663 0.75238095238095237 4.190446755492184 4.2761610412064694 7.1987709913292237 7.2844852770435091 9.5320832080860391 9.6177974938003246 10.4711400021302 10.556854287844486 10.653426061006735 10.739140346721021 14.178062202790365 14.26377648850465 18.85898296935633 18.944697255070615 20.860090929366244 20.945805215080529 21.708414205452097 21.794128491166383 21.928148069256199 22.013862354970485 23.857793807748649 23.943508093462935 24.476522168529055 24.56223645424334 26.017173965060998 26.102888250775283 26.806556221250403 26.892270506964689 28.063206914609708 28.148921200323993 30.733578228537279 30.819292514251565 33.117771206150167 33.203485491864456 34.695765597384742 34.781479883099031 35.900290213528095 35.986004499242384;
