m;3
n;6
P;39
P1;2 4 6 8 10 12 14 16 18 20 22 24 26 28 30 32 34 36 38
Q;40
M;100
h;1 1 1 1 1 1 1 1 1 1 1 1 1 1 1 1 1 1 1 1 1 1 1 1 1 1 1 1 1 1 1 1 1 1 1 1 1 1 1
Vmin;29 29 29 29 29 29 29 29 29 29 29 29 29 29 29 29 29 29 29 29 29 29 29 29 29 29 29 29 29 29 29 29 29 29 29 29 29 29 29;39 39 39 39 39 39 39 39 39 39 39 39 39 39 39 39 39 39 39 39 39 39 39 39 39 39 39 39 39 39 39 39 39 39 39 39 39 39 39;39 39 39 39 39 39 39 39 39 39 39 39 39 39 39 39 39 39 39 39 39 39 39 39 39 39 39 39 39 39 39 39 39 39 39 39 39 39 39;47 47 47 47 47 47 47 47 47 47 47 47 47 47 47 47 47 47 47 47 47 47 47 47 47 47 47 47 47 47 47 47 47 47 47 47 47 47 47;52 52 52 52 52 52 52 52 52 52 52 52 52 52 52 52 52 52 52 52 52 52 52 52 52 52 52 52 52 52 52 52 52 52 52 52 52 52 52;28 28 28 28 28 28 28 28 28 28 28 28 28 28 28 28 28 28 28 28 28 28 28 28 28 28 28 28 28 28 28 28 28 28 28 28 28 28 28;
Vmax;29 29 29 29 29 29 29 29 29 29 29 29 29 29 29 29 29 29 29 29 29 29 29 29 29 29 29 29 29 29 29 29 29 29 29 29 29 29 29;39 39 39 39 39 39 39 39 39 39 39 39 39 39 39 39 39 39 39 39 39 39 39 39 39 39 39 39 39 39 39 39 39 39 39 39 39 39 39;39 39 39 39 39 39 39 39 39 39 39 39 39 39 39 39 39 39 39 39 39 39 39 39 39 39 39 39 39 39 39 39 39 39 39 39 39 39 39;47 47 47 47 47 47 47 47 47 47 47 47 47 47 47 47 47 47 47 47 47 47 47 47 47 47 47 47 47 47 47 47 47 47 47 47 47 47 47;52 52 52 52 52 52 52 52 52 52 52 52 52 52 52 52 52 52 52 52 52 52 52 52 52 52 52 52 52 52 52 52 52 52 52 52 52 52 52;28 28 28 28 28 28 28 28 28 28 28 28 28 28 28 28 28 28 28 28 28 28 28 28 28 28 28 28 28 28 28 28 28 28 28 28 28 28 28;
d;3.000 10.631 3.000 46.547 3.000 5.292 3.000 21.750 3.000 12.915 3.000 22.078 3.000 26.807 3.000 89.785 3.000 49.648 3.000 82.971 3.000 41.022 3.000 73.487 3.000 46.189 3.000 152.830 3.000 151.244 3.000 67.049 3.000 12.844 3.000 22.577 3.000 3.736 3.000
S;34.462123514913735 34.358675239051664 34.229858378812985 34.126410102950913 33.347908331309966 33.244460055447895 32.80157817251645 32.698129896654379 30.386096096876223 30.282647821014155 25.067342541884699 24.963894266022631 19.69389676626783 19.590448490405763 17.997710959110087 17.894262683248019 15.360225438997967 15.256777163135897 13.842217708415365 13.738769432553296 10.877695557365003 10.774247281502934 9.0622485934207209 8.9588003175586515 5.8627583871853863 5.7593101113233169 4.8349310049742771 4.7314827291122077 3.9701761167926741 3.8667278409306052 3.4213659776433807 3.3179177017813117 2.5679336912978781 2.4644854154358091 2.281994961745458 2.1785466858833891 0.57347337057387293 0.47002509471180393 0.10344827586206896 0;25.792348254679425 25.715425177756348 25.619638281681436 25.542715204758359 24.963829271999707 24.88690619507663 24.557583769307097 24.480660692384021 22.761456072036164 22.684532995113088 18.806485479862982 18.729562402939905 14.810846313378644 14.733923236455567 13.549579943953653 13.472656867030576 11.588372762331819 11.511449685408742 10.459597783180653 10.382674706257577 8.2552095170150004 8.1782864400919237 6.9052617745948943 6.8283386976718177 4.5261536725224669 4.4492305955993903 3.7618717729295912 3.6849486960065141 3.1188489073586556 3.0419258304355785 2.710759316709181 2.6338362397861039 2.0761558217343197 1.9992327448112426 1.8635347151440584 1.7866116382209816 0.59309558324723888 0.51617250632416189 0.24358974358974358 0.16666666666666666;25.959014921346093 25.882091844423016 25.786304948348103 25.709381871425027 25.130495938666375 25.053572861743298 24.724250435973765 24.647327359050689 22.928122738702832 22.851199661779756 18.97315214652965 18.896229069606573 14.977512980045312 14.900589903122235 13.71624661062032 13.639323533697244 11.755039428998487 11.67811635207541 10.626264449847321 10.549341372924244 8.4218761836816682 8.3449531067585916 7.0719284412615622 6.9950053643384855 4.6928203391891339 4.6158972622660572 3.9285384395962581 3.8516153626731811 3.2855155740253226 3.2085924971022455 2.877425983375848 2.8005029064527709 2.2428224884009866 2.1658994114779095 2.0302013818107252 1.9532783048876481 0.7597622499139054 0.68283917299082852 0.41025641025641024 0.33333333333333331;0 0.10344827586206896 0.52174923264283846 0.62519750850490741 2.2302708238144233 2.3337190996764923 2.5162095533668434 2.6196578292289123 3.3696418397123464 3.4730901155744154 3.9184519788616399 4.0219002547237093 4.7832068670432424 4.8866551429053118 5.8110342492543516 5.914482525116421 9.0105244554896871 9.1139727313517565 10.825971419433969 10.929419695296039 13.790493570484331 13.893941846346401 15.308501301066933 15.411949576929002 17.945986821179055 18.049435097041123 19.642172628336798 19.745620904198866 25.015618403953667 25.119066679815734 30.334371958945191 30.437820234807258 32.749854034585411 32.853302310447482 33.296184193378927 33.399632469240998 34.178134240881946 34.281582516744017 34.410399376982696 34.513847652844767;0.16666666666666666 0.24358974358974358 0.55463404478570033 0.6315571217087772 1.8250731766825199 1.9019962536055968 2.0376942832727809 2.114617360195858 2.6722977782476423 2.7492208551707193 3.0803873688971168 3.1573104458201939 3.7234102344680524 3.8003333113911295 4.4876921340609286 4.5646152109840052 6.866800236133356 6.9437233130564326 8.2167479785534638 8.2936710554765405 10.421136244719117 10.498059321642193 11.549911223870282 11.626834300793359 13.511118405492116 13.588041482415193 14.772384774917107 14.849307851840184 18.768023941401445 18.844947018324522 22.722994533574628 22.799917610497705 24.519122230845561 24.596045307768637 24.92536773353817 25.002290810461247 25.581176743219899 25.658099820142976 25.753886716217888 25.830809793140965;0.33333333333333331 0.41025641025641024 0.72130071145236707 0.79822378837544394 1.9917398433491866 2.0686629202722635 2.2043609499394479 2.281284026862525 2.8389644449143092 2.9158875218373863 3.2470540355637838 3.3239771124868609 3.8900769011347194 3.9669999780577965 4.6543588007275956 4.7312818776506722 7.0334669028000238 7.1103899797231005 8.3834146452201317 8.4603377221432083 10.587802911385785 10.664725988308861 11.71657789053695 11.793500967460027 13.677785072158784 13.754708149081861 14.939051441583775 15.015974518506852 18.934690608068113 19.01161368499119 22.889661200241296 22.966584277164372 24.685788897512229 24.762711974435305 25.092034400204838 25.168957477127915 25.747843409886567 25.824766486809644 25.920553382884556 25.997476459807633;
