Vermelho 1 2 0 5 2020-01-01T00:05:00 40 50
Azul 1 2 0 5 2020-01-01T00:30:14 20 52
Verde 1 2 0 5 2020-01-01T00:55:05 130 44
Amarelo 1 2 0 5 2020-01-01T00:59:28 50 50
Laranja 1 2 0 5 2020-01-01T01:03:11 20 52
Preto 1 2 0 5 2020-01-01T01:17:24 180 41
Roxo 1 2 0 5 2020-01-01T01:21:18 20 52
Rosa 1 2 0 5 2020-01-01T01:40:35 50 50
Branco 5 4 0 1 2020-01-01T02:00:07 180 41
Abobora 5 4 0 1 2020-01-01T02:18:27 70 48
Acafrao 5 4 0 1 2020-01-01T02:26:49 120 45
Ambar 5 4 0 1 2020-01-01T02:33:51 80 48
Ameixa 5 4 0 1 2020-01-01T02:38:26 250 28
Amendoa 5 4 0 1 2020-01-01T02:54:38 80 48
Ametista 5 4 0 1 2020-01-01T02:59:06 210 38
Anil 5 4 0 1 2020-01-01T03:11:26 70 48
