Vermelho 1 2 0 5 2020-01-01T00:09:48 30 52
Azul 1 2 0 5 2020-01-01T00:25:01 60 49
Verde 1 2 0 5 2020-01-01T00:36:07 140 44
Amarelo 1 2 0 5 2020-01-01T00:42:59 160 42
Laranja 1 2 0 5 2020-01-01T01:01:37 120 45
Preto 1 2 0 5 2020-01-01T01:19:10 40 51
Roxo 1 2 0 5 2020-01-01T01:30:59 40 51
Rosa 5 4 0 1 2020-01-01T01:44:38 220 36
Branco 5 4 0 1 2020-01-01T01:57:20 90 47
Abobora 5 4 0 1 2020-01-01T02:02:45 100 47
Acafrao 5 4 0 1 2020-01-01T02:12:44 260 28
Ambar 5 4 0 1 2020-01-01T02:20:50 40 51
Ameixa 5 4 0 1 2020-01-01T02:28:53 250 30
Amendoa 5 4 0 1 2020-01-01T02:43:23 110 46
