Vermelho 1 2 0 5 2020-01-01T00:00:00 50 50
Azul 1 2 0 5 2020-01-01T00:10:00 140 44
Verde 1 2 0 5 2020-01-01T00:20:00 40 50
Amarelo 1 2 0 5 2020-01-01T00:30:00 50 50
Laranja 1 2 0 5 2020-01-01T00:40:00 130 44
Preto 1 2 0 5 2020-01-01T00:50:00 100 46
Roxo 1 2 0 5 2020-01-01T01:00:00 100 46
Rosa 1 2 0 5 2020-01-01T01:10:00 90 47
Branco 5 4 0 1 2020-01-01T00:00:00 370 28
Abobora 5 4 0 1 2020-01-01T00:10:00 50 50
Acafrao 5 4 0 1 2020-01-01T00:20:00 100 46
Ambar 5 4 0 1 2020-01-01T00:30:00 160 42
Ameixa 5 4 0 1 2020-01-01T00:40:00 20 52
Amendoa 5 4 0 1 2020-01-01T00:50:00 50 50
Ametista 5 4 0 1 2020-01-01T01:00:00 160 42
Anil 5 4 0 1 2020-01-01T01:10:00 60 49
