Vermelho 1 2 0 5 2020-01-01T00:00:00 310 35
Azul 1 2 0 5 2020-01-01T00:10:00 120 46
Verde 1 2 0 5 2020-01-01T00:20:00 440 28
Amarelo 1 2 0 5 2020-01-01T00:30:00 220 39
Laranja 1 2 0 5 2020-01-01T00:40:00 110 46
Preto 1 2 0 5 2020-01-01T00:50:00 120 46
Roxo 1 2 0 5 2020-01-01T01:00:00 110 46
Rosa 5 4 0 1 2020-01-01T00:00:00 210 40
Branco 5 4 0 1 2020-01-01T00:10:00 40 52
Abobora 5 4 0 1 2020-01-01T00:20:00 350 33
Acafrao 5 4 0 1 2020-01-01T00:30:00 70 49
Ambar 5 4 0 1 2020-01-01T00:40:00 150 43
Ameixa 5 4 0 1 2020-01-01T00:50:00 130 45
Amendoa 5 4 0 1 2020-01-01T01:00:00 90 48
