Vermelho 1 2 0 20 2020-01-01T00:14:13 180 41
Azul 1 2 0 20 2020-01-01T00:17:20 320 34
Verde 1 2 0 20 2020-01-01T00:25:47 90 47
Amarelo 1 2 0 20 2020-01-01T00:30:41 50 50
Laranja 1 2 0 20 2020-01-01T00:45:10 410 30
Preto 1 2 0 20 2020-01-01T00:51:50 380 31
Roxo 1 2 0 20 2020-01-01T01:08:49 430 28
Rosa 20 19 0 1 2020-01-01T01:12:56 30 52
Branco 20 19 0 1 2020-01-01T01:28:32 250 38
Abobora 20 19 0 1 2020-01-01T01:53:44 250 38
Acafrao 20 19 0 1 2020-01-01T02:01:07 230 39
Ambar 20 19 0 1 2020-01-01T02:12:31 270 37
Ameixa 20 19 0 1 2020-01-01T02:18:44 210 40
Amendoa 20 19 0 1 2020-01-01T02:22:35 320 34
