Vermelho 1 2 0 20 2020-01-01T00:08:50 110 46
Azul 1 2 0 20 2020-01-01T00:13:16 360 29
Verde 1 2 0 20 2020-01-01T00:16:38 280 35
Amarelo 1 2 0 20 2020-01-01T00:20:26 70 48
Laranja 1 2 0 20 2020-01-01T00:26:22 160 42
Preto 1 2 0 20 2020-01-01T00:43:33 160 42
Roxo 1 2 0 20 2020-01-01T00:52:09 370 28
Rosa 1 2 0 20 2020-01-01T01:08:20 20 52
Branco 20 19 0 1 2020-01-01T01:13:52 90 47
Abobora 20 19 0 1 2020-01-01T01:23:47 80 48
Acafrao 20 19 0 1 2020-01-01T01:36:01 80 48
Ambar 20 19 0 1 2020-01-01T01:39:55 70 48
Ameixa 20 19 0 1 2020-01-01T01:56:14 350 30
Amendoa 20 19 0 1 2020-01-01T02:10:15 50 50
Ametista 20 19 0 1 2020-01-01T02:24:25 60 49
Anil 20 19 0 1 2020-01-01T02:29:16 220 39
