Vermelho 1 2 0 20 2020-01-01T00:04:03 330 32
Azul 1 2 0 20 2020-01-01T00:14:14 170 42
Verde 1 2 0 20 2020-01-01T00:28:04 280 35
Amarelo 1 2 0 20 2020-01-01T00:35:51 380 28
Laranja 1 2 0 20 2020-01-01T00:39:15 70 49
Preto 1 2 0 20 2020-01-01T00:51:01 90 47
Roxo 20 19 0 1 2020-01-01T01:02:36 50 50
Rosa 20 19 0 1 2020-01-01T01:15:37 170 42
Branco 20 19 0 1 2020-01-01T01:31:10 210 40
Abobora 20 19 0 1 2020-01-01T01:45:38 40 51
Acafrao 20 19 0 1 2020-01-01T01:51:50 180 41
Ambar 20 19 0 1 2020-01-01T02:08:56 30 52
