Vermelho 1 2 0 20 2020-01-01T00:00:00 310 34
Azul 1 2 0 20 2020-01-01T00:10:00 200 40
Verde 1 2 0 20 2020-01-01T00:20:00 80 48
Amarelo 1 2 0 20 2020-01-01T00:30:00 250 37
Laranja 1 2 0 20 2020-01-01T00:40:00 130 44
Preto 1 2 0 20 2020-01-01T00:50:00 150 43
Roxo 1 2 0 20 2020-01-01T01:00:00 50 50
Rosa 20 19 0 1 2020-01-01T00:00:00 130 44
Branco 20 19 0 1 2020-01-01T00:10:00 30 51
Abobora 20 19 0 1 2020-01-01T00:20:00 390 28
Acafrao 20 19 0 1 2020-01-01T00:30:00 190 40
Ambar 20 19 0 1 2020-01-01T00:40:00 20 52
Ameixa 20 19 0 1 2020-01-01T00:50:00 170 42
Amendoa 20 19 0 1 2020-01-01T01:00:00 150 43
