Vermelho 1 2 0 20 2020-01-01T00:00:00 230 38
Azul 1 2 0 20 2020-01-01T00:10:00 60 49
Verde 1 2 0 20 2020-01-01T00:20:00 120 45
Amarelo 1 2 0 20 2020-01-01T00:30:00 260 36
Laranja 1 2 0 20 2020-01-01T00:40:00 150 43
Preto 1 2 0 20 2020-01-01T00:50:00 250 37
Roxo 20 19 0 1 2020-01-01T00:00:00 20 52
Rosa 20 19 0 1 2020-01-01T00:10:00 120 45
Branco 20 19 0 1 2020-01-01T00:20:00 130 44
Abobora 20 19 0 1 2020-01-01T00:30:00 20 52
Acafrao 20 19 0 1 2020-01-01T00:40:00 360 28
Ambar 20 19 0 1 2020-01-01T00:50:00 250 37
