Vermelho 1 2 0 20 2020-01-01T00:00:00 50 50
Azul 1 2 0 20 2020-01-01T00:10:00 240 38
Verde 1 2 0 20 2020-01-01T00:20:00 50 50
Amarelo 1 2 0 20 2020-01-01T00:30:00 250 37
Laranja 1 2 0 20 2020-01-01T00:40:00 170 42
Preto 1 2 0 20 2020-01-01T00:50:00 20 52
Roxo 1 2 0 20 2020-01-01T01:00:00 370 30
Rosa 1 2 0 20 2020-01-01T01:10:00 160 42
Branco 20 19 0 1 2020-01-01T00:00:00 40 50
Abobora 20 19 0 1 2020-01-01T00:10:00 240 38
Acafrao 20 19 0 1 2020-01-01T00:20:00 290 35
Ambar 20 19 0 1 2020-01-01T00:30:00 100 46
Ameixa 20 19 0 1 2020-01-01T00:40:00 310 34
Amendoa 20 19 0 1 2020-01-01T00:50:00 390 28
Ametista 20 19 0 1 2020-01-01T01:00:00 220 39
Anil 20 19 0 1 2020-01-01T01:10:00 40 50
