m;3
n;6
P;39
P1;2 4 6 8 10 12 14 16 18 20 22 24 26 28 30 32 34 36 38
Q;40
M;100
h;1 1 1 1 1 1 1 1 1 1 1 1 1 1 1 1 1 1 1 1 1 1 1 1 1 1 1 1 1 1 1 1 1 1 1 1 1 1 1
Vmin;40 40 40 40 40 40 40 40 40 40 40 40 40 40 40 40 40 40 40 40 40 40 40 40 40 40 40 40 40 40 40 40 40 40 40 40 40 40 40;40 40 40 40 40 40 40 40 40 40 40 40 40 40 40 40 40 40 40 40 40 40 40 40 40 40 40 40 40 40 40 40 40 40 40 40 40 40 40;40 40 40 40 40 40 40 40 40 40 40 40 40 40 40 40 40 40 40 40 40 40 40 40 40 40 40 40 40 40 40 40 40 40 40 40 40 40 40;40 40 40 40 40 40 40 40 40 40 40 40 40 40 40 40 40 40 40 40 40 40 40 40 40 40 40 40 40 40 40 40 40 40 40 40 40 40 40;40 40 40 40 40 40 40 40 40 40 40 40 40 40 40 40 40 40 40 40 40 40 40 40 40 40 40 40 40 40 40 40 40 40 40 40 40 40 40;40 40 40 40 40 40 40 40 40 40 40 40 40 40 40 40 40 40 40 40 40 40 40 40 40 40 40 40 40 40 40 40 40 40 40 40 40 40 40;
Vmax;40 40 40 40 40 40 40 40 40 40 40 40 40 40 40 40 40 40 40 40 40 40 40 40 40 40 40 40 40 40 40 40 40 40 40 40 40 40 40;40 40 40 40 40 40 40 40 40 40 40 40 40 40 40 40 40 40 40 40 40 40 40 40 40 40 40 40 40 40 40 40 40 40 40 40 40 40 40;40 40 40 40 40 40 40 40 40 40 40 40 40 40 40 40 40 40 40 40 40 40 40 40 40 40 40 40 40 40 40 40 40 40 40 40 40 40 40;40 40 40 40 40 40 40 40 40 40 40 40 40 40 40 40 40 40 40 40 40 40 40 40 40 40 40 40 40 40 40 40 40 40 40 40 40 40 40;40 40 40 40 40 40 40 40 40 40 40 40 40 40 40 40 40 40 40 40 40 40 40 40 40 40 40 40 40 40 40 40 40 40 40 40 40 40 40;40 40 40 40 40 40 40 40 40 40 40 40 40 40 40 40 40 40 40 40 40 40 40 40 40 40 40 40 40 40 40 40 40 40 40 40 40 40 40;
d;3 56.8421052631579 3 56.8421052631579 3 56.8421052631579 3 56.8421052631579 3 56.8421052631579 3 56.8421052631579 3 56.8421052631579 3 56.8421052631579 3 56.8421052631579 3 56.8421052631579 3 56.8421052631579 3 56.8421052631579 3 56.8421052631579 3 56.8421052631579 3 56.8421052631579 3 56.8421052631579 3 56.8421052631579 3 56.8421052631579 3 56.8421052631579 3
S;28.5 28.425000000000001 27.003947368421052 26.928947368421053 25.507894736842104 25.432894736842105 24.011842105263156 23.936842105263157 22.515789473684208 22.440789473684209 21.01973684210526 20.944736842105261 19.523684210526312 19.448684210526313 18.027631578947364 17.952631578947365 16.531578947368416 16.456578947368417 15.03552631578947 14.960526315789471 13.539473684210524 13.464473684210525 12.043421052631578 11.968421052631578 10.547368421052632 10.472368421052632 9.0513157894736853 8.976315789473686 7.5552631578947382 7.4802631578947381 6.0592105263157903 5.9842105263157901 4.5631578947368423 4.4881578947368421 3.0671052631578948 2.9921052631578946 1.5710526315789473 1.4960526315789473 0.074999999999999997 0;28.833333333333336 28.758333333333336 27.337280701754388 27.262280701754388 25.84122807017544 25.76622807017544 24.345175438596492 24.270175438596493 22.849122807017544 22.774122807017545 21.353070175438596 21.278070175438597 19.857017543859648 19.782017543859649 18.3609649122807 18.285964912280701 16.864912280701752 16.789912280701753 15.368859649122804 15.293859649122805 13.872807017543858 13.797807017543859 12.376754385964912 12.301754385964912 10.880701754385965 10.805701754385966 9.3846491228070192 9.3096491228070199 7.8885964912280722 7.813596491228072 6.3925438596491242 6.317543859649124 4.8964912280701762 4.821491228070176 3.4004385964912283 3.3254385964912281 1.9043859649122805 1.8293859649122806 0.40833333333333333 0.33333333333333331;29.166666666666664 29.091666666666665 27.670614035087716 27.595614035087717 26.174561403508768 26.099561403508769 24.67850877192982 24.603508771929821 23.182456140350872 23.107456140350873 21.686403508771924 21.611403508771925 20.190350877192976 20.115350877192977 18.694298245614029 18.619298245614029 17.198245614035081 17.123245614035081 15.702192982456134 15.627192982456135 14.206140350877188 14.131140350877189 12.710087719298242 12.635087719298243 11.214035087719296 11.139035087719297 9.7179824561403496 9.6429824561403503 8.2219298245614034 8.1469298245614041 6.7258771929824563 6.6508771929824562 5.2298245614035093 5.1548245614035091 3.7337719298245617 3.6587719298245616 2.2377192982456142 2.162719298245614 0.74166666666666659 0.66666666666666663;0 0.074999999999999997 1.4960526315789473 1.5710526315789473 2.9921052631578946 3.0671052631578948 4.4881578947368421 4.5631578947368423 5.9842105263157901 6.0592105263157903 7.4802631578947381 7.5552631578947382 8.976315789473686 9.0513157894736853 10.472368421052632 10.547368421052632 11.968421052631578 12.043421052631578 13.464473684210525 13.539473684210524 14.960526315789471 15.03552631578947 16.456578947368417 16.531578947368416 17.952631578947365 18.027631578947364 19.448684210526313 19.523684210526312 20.944736842105261 21.01973684210526 22.440789473684209 22.515789473684208 23.936842105263157 24.011842105263156 25.432894736842105 25.507894736842104 26.928947368421053 27.003947368421052 28.425000000000001 28.5;0.33333333333333331 0.40833333333333333 1.8293859649122806 1.9043859649122805 3.3254385964912281 3.4004385964912283 4.821491228070176 4.8964912280701762 6.317543859649124 6.3925438596491242 7.813596491228072 7.8885964912280722 9.3096491228070199 9.3846491228070192 10.805701754385966 10.880701754385965 12.301754385964912 12.376754385964912 13.797807017543859 13.872807017543858 15.293859649122805 15.368859649122804 16.789912280701753 16.864912280701752 18.285964912280701 18.3609649122807 19.782017543859649 19.857017543859648 21.278070175438597 21.353070175438596 22.774122807017545 22.849122807017544 24.270175438596493 24.345175438596492 25.76622807017544 25.84122807017544 27.262280701754388 27.337280701754388 28.758333333333336 28.833333333333336;0.66666666666666663 0.74166666666666659 2.162719298245614 2.2377192982456142 3.6587719298245616 3.7337719298245617 5.1548245614035091 5.2298245614035093 6.6508771929824562 6.7258771929824563 8.1469298245614041 8.2219298245614034 9.6429824561403503 9.7179824561403496 11.139035087719297 11.214035087719296 12.635087719298243 12.710087719298242 14.131140350877189 14.206140350877188 15.627192982456135 15.702192982456134 17.123245614035081 17.198245614035081 18.619298245614029 18.694298245614029 20.115350877192977 20.190350877192976 21.611403508771925 21.686403508771924 23.107456140350873 23.182456140350872 24.603508771929821 24.67850877192982 26.099561403508769 26.174561403508768 27.595614035087717 27.670614035087716 29.091666666666665 29.166666666666664;
