m;1
n;2
P;39
P1;2 4 6 8 10 12 14 16 18 20 22 24 26 28 30 32 34 36 38
Q;40
M;100
h;1 1 1 1 1 1 1 1 1 1 1 1 1 1 1 1 1 1 1 1 1 1 1 1 1 1 1 1 1 1 1 1 1 1 1 1 1 1 1
Vmin;40 40 40 40 40 40 40 40 40 40 40 40 40 40 40 40 40 40 40 40 40 40 40 40 40 40 40 40 40 40 40 40 40 40 40 40 40 40 40;40 40 40 40 40 40 40 40 40 40 40 40 40 40 40 40 40 40 40 40 40 40 40 40 40 40 40 40 40 40 40 40 40 40 40 40 40 40 40;
Vmax;40 40 40 40 40 40 40 40 40 40 40 40 40 40 40 40 40 40 40 40 40 40 40 40 40 40 40 40 40 40 40 40 40 40 40 40 40 40 40;40 40 40 40 40 40 40 40 40 40 40 40 40 40 40 40 40 40 40 40 40 40 40 40 40 40 40 40 40 40 40 40 40 40 40 40 40 40 40;
d;3 56.8421052631579 3 56.8421052631579 3 56.8421052631579 3 56.8421052631579 3 56.8421052631579 3 56.8421052631579 3 56.8421052631579 3 56.8421052631579 3 56.8421052631579 3 56.8421052631579 3 56.8421052631579 3 56.8421052631579 3 56.8421052631579 3 56.8421052631579 3 56.8421052631579 3 56.8421052631579 3 56.8421052631579 3 56.8421052631579 3 56.8421052631579 3
S;28.5 28.425000000000001 27.003947368421052 26.928947368421053 25.507894736842104 25.432894736842105 24.011842105263156 23.936842105263157 22.515789473684208 22.440789473684209 21.01973684210526 20.944736842105261 19.523684210526312 19.448684210526313 18.027631578947364 17.952631578947365 16.531578947368416 16.456578947368417 15.03552631578947 14.960526315789471 13.539473684210524 13.464473684210525 12.043421052631578 11.968421052631578 10.547368421052632 10.472368421052632 9.0513157894736853 8.976315789473686 7.5552631578947382 7.4802631578947381 6.0592105263157903 5.9842105263157901 4.5631578947368423 4.4881578947368421 3.0671052631578948 2.9921052631578946 1.5710526315789473 1.4960526315789473 0.074999999999999997 0;0 0.074999999999999997 1.4960526315789473 1.5710526315789473 2.9921052631578946 3.0671052631578948 4.4881578947368421 4.5631578947368423 5.9842105263157901 6.0592105263157903 7.4802631578947381 7.5552631578947382 8.976315789473686 9.0513157894736853 10.472368421052632 10.547368421052632 11.968421052631578 12.043421052631578 13.464473684210525 13.539473684210524 14.960526315789471 15.03552631578947 16.456578947368417 16.531578947368416 17.952631578947365 18.027631578947364 19.448684210526313 19.523684210526312 20.944736842105261 21.01973684210526 22.440789473684209 22.515789473684208 23.936842105263157 24.011842105263156 25.432894736842105 25.507894736842104 26.928947368421053 27.003947368421052 28.425000000000001 28.5;
