m;1
n;2
P;39
P1;2 4 6 8 10 12 14 16 18 20 22 24 26 28 30 32 34 36 38
Q;40
M;100
h;1 1 1 1 1 1 1 1 1 1 1 1 1 1 1 1 1 1 1 1 1 1 1 1 1 1 1 1 1 1 1 1 1 1 1 1 1 1 1
Vmin;52 52 52 52 52 52 52 52 52 52 52 52 52 52 52 52 52 52 52 52 52 52 52 52 52 52 52 52 52 52 52 52 52 52 52 52 52 52 52;43 43 43 43 43 43 43 43 43 43 43 43 43 43 43 43 43 43 43 43 43 43 43 43 43 43 43 43 43 43 43 43 43 43 43 43 43 43 43;
Vmax;52 52 52 52 52 52 52 52 52 52 52 52 52 52 52 52 52 52 52 52 52 52 52 52 52 52 52 52 52 52 52 52 52 52 52 52 52 52 52;43 43 43 43 43 43 43 43 43 43 43 43 43 43 43 43 43 43 43 43 43 43 43 43 43 43 43 43 43 43 43 43 43 43 43 43 43 43 43;
d;3.000 55.546 3.000 33.365 3.000 67.722 3.000 9.108 3.000 20.674 3.000 47.101 3.000 58.151 3.000 35.024 3.000 17.981 3.000 23.306 3.000 9.173 3.000 59.141 3.000 15.768 3.000 5.611 3.000 44.389 3.000 117.723 3.000 13.414 3.000 4.097 3.000 67.690 3.000
S;0.57750892574087154 0.57654738727933308 0.55485201530621064 0.5538904768446723 0.55257720770391006 0.5516156692423716 0.5473161534116493 0.54635461495011084 0.50862280561137707 0.50766126714983861 0.49343392005347469 0.49247238159193624 0.49067406806102459 0.48971252959948613 0.48465856974325294 0.48369703128171448 0.46474160130586867 0.46378006284433027 0.46084002852513312 0.45987849006359466 0.45240850585741244 0.45144696739587403 0.44568374807023403 0.44472220960869557 0.43349667414605247 0.43253513568451402 0.41389708046961021 0.41293554200807175 0.39783908896994652 0.39687755050840806 0.39025115519362352 0.38928961673208506 0.38637050423881292 0.38540896577727446 0.36370309380830962 0.36274155534677116 0.35204753479730083 0.35108599633576243 0.33328291603619975 0.33232137757466135;0.52200131289905927 0.52296285136059772 0.54124670089092963 0.54220823935246798 0.55290225990193831 0.55386379836347677 0.57556967033244166 0.57653120879398012 0.57945032128725227 0.58041185974879073 0.58703825506357532 0.58799979352511378 0.60309624656323912 0.60405778502477747 0.62269584023968128 0.62365737870121973 0.63488291416386289 0.63584445262540135 0.6416076719510414 0.64256921041257986 0.65003919461876203 0.65100073308030049 0.65394076739949769 0.65490230586103615 0.67385773583688191 0.67481927429842037 0.67987323415465362 0.68083477261619207 0.68263308614710361 0.68359462460864207 0.69782197170500593 0.69878351016654439 0.73651531950527815 0.73747685796681661 0.74177637379753891 0.74273791225907737 0.74405118139983961 0.74501271986137807 0.76670809183450039 0.76766963029603885;
