m;4
n;8
P;39
P1;2 4 6 8 10 12 14 16 18 20 22 24 26 28 30 32 34 36 38
Q;40
M;100
h;1 1 1 1 1 1 1 1 1 1 1 1 1 1 1 1 1 1 1 1 1 1 1 1 1 1 1 1 1 1 1 1 1 1 1 1 1 1 1
Vmin;34 34 34 34 34 34 34 34 34 34 34 34 34 34 34 34 34 34 34 34 34 34 34 34 34 34 34 34 34 34 34 34 34 34 34 34 34 34 34;28 28 28 28 28 28 28 28 28 28 28 28 28 28 28 28 28 28 28 28 28 28 28 28 28 28 28 28 28 28 28 28 28 28 28 28 28 28 28;52 52 52 52 52 52 52 52 52 52 52 52 52 52 52 52 52 52 52 52 52 52 52 52 52 52 52 52 52 52 52 52 52 52 52 52 52 52 52;50 50 50 50 50 50 50 50 50 50 50 50 50 50 50 50 50 50 50 50 50 50 50 50 50 50 50 50 50 50 50 50 50 50 50 50 50 50 50;35 35 35 35 35 35 35 35 35 35 35 35 35 35 35 35 35 35 35 35 35 35 35 35 35 35 35 35 35 35 35 35 35 35 35 35 35 35 35;51 51 51 51 51 51 51 51 51 51 51 51 51 51 51 51 51 51 51 51 51 51 51 51 51 51 51 51 51 51 51 51 51 51 51 51 51 51 51;42 42 42 42 42 42 42 42 42 42 42 42 42 42 42 42 42 42 42 42 42 42 42 42 42 42 42 42 42 42 42 42 42 42 42 42 42 42 42;45 45 45 45 45 45 45 45 45 45 45 45 45 45 45 45 45 45 45 45 45 45 45 45 45 45 45 45 45 45 45 45 45 45 45 45 45 45 45;
Vmax;34 34 34 34 34 34 34 34 34 34 34 34 34 34 34 34 34 34 34 34 34 34 34 34 34 34 34 34 34 34 34 34 34 34 34 34 34 34 34;28 28 28 28 28 28 28 28 28 28 28 28 28 28 28 28 28 28 28 28 28 28 28 28 28 28 28 28 28 28 28 28 28 28 28 28 28 28 28;52 52 52 52 52 52 52 52 52 52 52 52 52 52 52 52 52 52 52 52 52 52 52 52 52 52 52 52 52 52 52 52 52 52 52 52 52 52 52;50 50 50 50 50 50 50 50 50 50 50 50 50 50 50 50 50 50 50 50 50 50 50 50 50 50 50 50 50 50 50 50 50 50 50 50 50 50 50;35 35 35 35 35 35 35 35 35 35 35 35 35 35 35 35 35 35 35 35 35 35 35 35 35 35 35 35 35 35 35 35 35 35 35 35 35 35 35;51 51 51 51 51 51 51 51 51 51 51 51 51 51 51 51 51 51 51 51 51 51 51 51 51 51 51 51 51 51 51 51 51 51 51 51 51 51 51;42 42 42 42 42 42 42 42 42 42 42 42 42 42 42 42 42 42 42 42 42 42 42 42 42 42 42 42 42 42 42 42 42 42 42 42 42 42 42;45 45 45 45 45 45 45 45 45 45 45 45 45 45 45 45 45 45 45 45 45 45 45 45 45 45 45 45 45 45 45 45 45 45 45 45 45 45 45;
d;3.000 16.909 3.000 60.169 3.000 67.224 3.000 125.027 3.000 12.577 3.000 66.652 3.000 27.791 3.000 6.953 3.000 49.205 3.000 84.592 3.000 28.727 3.000 28.614 3.000 40.651 3.000 29.058 3.000 22.429 3.000 116.002 3.000 88.000 3.000 57.680 3.000 19.618 3.000
S;0.65940945801064721 0.65793886977535321 0.64832223514948306 0.64685164691418906 0.6185773445904531 0.6171067563551591 0.57396952176424065 0.57249893352894654 0.51563537291652806 0.51416478468123394 0.50317020123764133 0.50169961300234722 0.48745528188333881 0.4859846936480447 0.46605757225959416 0.46458698402429999 0.45056075039116572 0.44909016215587161 0.43500834767965046 0.43353775944435635 0.3920710933258636 0.39060050509056943 0.36648025893188158 0.36500967069658746 0.36160143184093296 0.3601308436056388 0.34650758508903662 0.34503699685374245 0.31236423308293371 0.31089364484763954 0.30472839403868934 0.30325780580339518 0.24196993500209835 0.24049934676680423 0.20754646185968989 0.20607587362439578 0.17658121857542408 0.17511063034012997 0.16682178865470182 0.16535120041940771;0.81972835828463841 0.81794264399892413 0.80626530195322477 0.80447958766751049 0.77014650627440273 0.76836079198868856 0.71597986427114468 0.71419414998543052 0.6451455406703509 0.64335982638463673 0.6300092607745601 0.62822354648884582 0.61092685870147856 0.60914114441576428 0.58494392558693142 0.58315821130121726 0.56612635617526841 0.56434064188955424 0.54724129573985714 0.54545558145414286 0.49510320116740164 0.49331748688168736 0.46402861654613781 0.46224290226042353 0.45810432650712879 0.45631861222141451 0.43977608402268326 0.43799036973696898 0.39831629944384406 0.39653058515812972 0.38904420917583304 0.38725849489011871 0.31283750891711543 0.31105179463140115 0.27103757724419086 0.26925186295847658 0.23343692468472524 0.23165121039901093 0.22158618835241964 0.21980047406670533;0.94312062281772679 0.94215908435618834 0.93587128479311943 0.93490974633158097 0.91642270250452296 0.9154611640429845 0.88725604911815326 0.8862945106566148 0.84911449025618735 0.84815295179464889 0.84096418569691533 0.84000264723537688 0.83068904611910221 0.82972750765756376 0.81669823598049995 0.8157366975189615 0.80656569860498917 0.80560416014345071 0.79639681990899847 0.79543528144746001 0.76832246129306081 0.76736092283152246 0.75158999265084192 0.75062845418930346 0.74839999032214477 0.74743845186060631 0.73853093667667413 0.73756939821513567 0.71620643728806843 0.71524489882652997 0.71121377329760094 0.71025223483606248 0.67017939623521461 0.66921785777367615 0.64767174071902456 0.6467102022574861 0.62742523549469686 0.62646369703315841 0.62104406977730164 0.62008253131576319;1.6706305293320605 1.6696305293320604 1.6630912177864687 1.6620912177864686 1.6428646922063281 1.6418646922063282 1.6125313726845036 1.6115313726845035 1.572864151468059 1.5718641514680589 1.5643878347264162 1.5633878347264161 1.5537016895654903 1.5527016895654904 1.539151247021344 1.5381512470213439 1.5286134081508125 1.5276134081508126 1.5180377743069822 1.5170377743069821 1.4888404413464071 1.487840441346407 1.4714386739584993 1.4704386739584991 1.4681210715366542 1.4671210715366541 1.4578572557453646 1.4568572557453647 1.4346397763812146 1.4336397763812145 1.4294474058311286 1.4284474058311285 1.3867716536862467 1.3857716536862468 1.363363691949409 1.3623636919494089 1.3423073265161081 1.3413073265161082 1.3356709141700169 1.3346709141700168;1.4060726706014046 1.407543258836699 1.4165673946397741 1.4180379828750682 1.4475326379240401 1.4490032261593342 1.4819561110664485 1.4834266993017426 1.5447145701030396 1.5461851583383337 1.5523504091472839 1.5538209973825781 1.5864937611533869 1.587964349388681 1.6015876079052833 1.6030581961405774 1.6064664349962321 1.6079370232315262 1.632057269390214 1.6335278576255083 1.6749945237440009 1.676465111979295 1.6905469264555164 1.6920175146908105 1.7060437483239448 1.7075143365592389 1.7274414579476896 1.7289120461829837 1.743156377301992 1.7446269655372861 1.7556215489808786 1.7570921372161727 1.8139556978285911 1.8154262860638855 1.8585635206548039 1.860034108890098 1.888308411213834 1.8897789994491281 1.8993956340749982 1.9008662223102923;1.9158074752195284 1.9175931895052429 1.9285510686946914 1.9303367829804057 1.966151721254157 1.9679374355398713 2.0079516529270816 2.0097373672127961 2.0841583531857992 2.0859440674715137 2.0934304434538102 2.0952161577395247 2.1348902280326501 2.1366759423183641 2.1532184705170954 2.1550041848028099 2.159142760556104 2.1609284748418185 2.1902173451773681 2.1920030594630826 2.2423554397498235 2.244141154035538 2.2612405001852354 2.2630262144709494 2.2800580695968984 2.2818437838826129 2.3060410027114457 2.3078267169971602 2.3251234047845273 2.3269091190702418 2.3402596846803183 2.3420453989660328 2.4110940082811121 2.4128797225668266 2.4652606502843706 2.4670463645700851 2.5013794459631931 2.5031651602489071 2.5148425022946066 2.5166282165803211;2.354769274375617 2.3557308128371557 2.3616312093237815 2.3625927477853201 2.3818777145481094 2.3828392530096481 2.4043853700642996 2.4053469085258383 2.4454197471266865 2.4463812855882252 2.4504124111171546 2.4513739495786933 2.4727369105057604 2.4736984489672991 2.4826059641512317 2.4835675026127704 2.485795966479929 2.4867575049414676 2.5025284351221484 2.5034899735836871 2.5306027937380859 2.5315643321996246 2.5407716724340772 2.5417332108956159 2.5509042098095884 2.5518657482711271 2.564895019948191 2.5658565584097297 2.5751701595260044 2.576131697987543 2.5833204640852765 2.5842820025468152 2.6214620229472425 2.6224235614087812 2.6506286763336124 2.6515902147951511 2.670077258622209 2.6710387970837477 2.6773265966468167 2.6782881351083554;2.5856961336162008 2.5866961336162007 2.5928325459622914 2.5938325459622917 2.6138889113955925 2.6148889113955929 2.6372968731324304 2.6382968731324308 2.6799726252773128 2.6809726252773127 2.6851649958273991 2.686164995827399 2.7083824751915491 2.709382475191549 2.7186462909828388 2.7196462909828387 2.7219638934046837 2.7229638934046836 2.7393656607925916 2.7403656607925915 2.7685629937531666 2.7695629937531669 2.7791386275969971 2.780138627596997 2.7896764664675282 2.7906764664675285 2.8042269090116747 2.8052269090116746 2.8149130541726004 2.8159130541726003 2.8233893709142435 2.8243893709142438 2.8630565921306883 2.8640565921306882 2.8933899116525126 2.8943899116525125 2.913616437232653 2.9146164372326528 2.9211557487782449 2.9221557487782448;
