m;8
n;16
P;39
P1;2 4 6 8 10 12 14 16 18 20 22 24 26 28 30 32 34 36 38
Q;40
M;100
h;1 1 1 1 1 1 1 1 1 1 1 1 1 1 1 1 1 1 1 1 1 1 1 1 1 1 1 1 1 1 1 1 1 1 1 1 1 1 1
Vmin;33 33 33 33 33 33 33 33 33 33 33 33 33 33 33 33 33 33 33 33 33 33 33 33 33 33 33 33 33 33 33 33 33 33 33 33 33 33 33;40 40 40 40 40 40 40 40 40 40 40 40 40 40 40 40 40 40 40 40 40 40 40 40 40 40 40 40 40 40 40 40 40 40 40 40 40 40 40;46 46 46 46 46 46 46 46 46 46 46 46 46 46 46 46 46 46 46 46 46 46 46 46 46 46 46 46 46 46 46 46 46 46 46 46 46 46 46;45 45 45 45 45 45 45 45 45 45 45 45 45 45 45 45 45 45 45 45 45 45 45 45 45 45 45 45 45 45 45 45 45 45 45 45 45 45 45;38 38 38 38 38 38 38 38 38 38 38 38 38 38 38 38 38 38 38 38 38 38 38 38 38 38 38 38 38 38 38 38 38 38 38 38 38 38 38;40 40 40 40 40 40 40 40 40 40 40 40 40 40 40 40 40 40 40 40 40 40 40 40 40 40 40 40 40 40 40 40 40 40 40 40 40 40 40;48 48 48 48 48 48 48 48 48 48 48 48 48 48 48 48 48 48 48 48 48 48 48 48 48 48 48 48 48 48 48 48 48 48 48 48 48 48 48;44 44 44 44 44 44 44 44 44 44 44 44 44 44 44 44 44 44 44 44 44 44 44 44 44 44 44 44 44 44 44 44 44 44 44 44 44 44 44;39 39 39 39 39 39 39 39 39 39 39 39 39 39 39 39 39 39 39 39 39 39 39 39 39 39 39 39 39 39 39 39 39 39 39 39 39 39 39;31 31 31 31 31 31 31 31 31 31 31 31 31 31 31 31 31 31 31 31 31 31 31 31 31 31 31 31 31 31 31 31 31 31 31 31 31 31 31;51 51 51 51 51 51 51 51 51 51 51 51 51 51 51 51 51 51 51 51 51 51 51 51 51 51 51 51 51 51 51 51 51 51 51 51 51 51 51;48 48 48 48 48 48 48 48 48 48 48 48 48 48 48 48 48 48 48 48 48 48 48 48 48 48 48 48 48 48 48 48 48 48 48 48 48 48 48;28 28 28 28 28 28 28 28 28 28 28 28 28 28 28 28 28 28 28 28 28 28 28 28 28 28 28 28 28 28 28 28 28 28 28 28 28 28 28;40 40 40 40 40 40 40 40 40 40 40 40 40 40 40 40 40 40 40 40 40 40 40 40 40 40 40 40 40 40 40 40 40 40 40 40 40 40 40;45 45 45 45 45 45 45 45 45 45 45 45 45 45 45 45 45 45 45 45 45 45 45 45 45 45 45 45 45 45 45 45 45 45 45 45 45 45 45;52 52 52 52 52 52 52 52 52 52 52 52 52 52 52 52 52 52 52 52 52 52 52 52 52 52 52 52 52 52 52 52 52 52 52 52 52 52 52;
Vmax;33 33 33 33 33 33 33 33 33 33 33 33 33 33 33 33 33 33 33 33 33 33 33 33 33 33 33 33 33 33 33 33 33 33 33 33 33 33 33;40 40 40 40 40 40 40 40 40 40 40 40 40 40 40 40 40 40 40 40 40 40 40 40 40 40 40 40 40 40 40 40 40 40 40 40 40 40 40;46 46 46 46 46 46 46 46 46 46 46 46 46 46 46 46 46 46 46 46 46 46 46 46 46 46 46 46 46 46 46 46 46 46 46 46 46 46 46;45 45 45 45 45 45 45 45 45 45 45 45 45 45 45 45 45 45 45 45 45 45 45 45 45 45 45 45 45 45 45 45 45 45 45 45 45 45 45;38 38 38 38 38 38 38 38 38 38 38 38 38 38 38 38 38 38 38 38 38 38 38 38 38 38 38 38 38 38 38 38 38 38 38 38 38 38 38;40 40 40 40 40 40 40 40 40 40 40 40 40 40 40 40 40 40 40 40 40 40 40 40 40 40 40 40 40 40 40 40 40 40 40 40 40 40 40;48 48 48 48 48 48 48 48 48 48 48 48 48 48 48 48 48 48 48 48 48 48 48 48 48 48 48 48 48 48 48 48 48 48 48 48 48 48 48;44 44 44 44 44 44 44 44 44 44 44 44 44 44 44 44 44 44 44 44 44 44 44 44 44 44 44 44 44 44 44 44 44 44 44 44 44 44 44;39 39 39 39 39 39 39 39 39 39 39 39 39 39 39 39 39 39 39 39 39 39 39 39 39 39 39 39 39 39 39 39 39 39 39 39 39 39 39;31 31 31 31 31 31 31 31 31 31 31 31 31 31 31 31 31 31 31 31 31 31 31 31 31 31 31 31 31 31 31 31 31 31 31 31 31 31 31;51 51 51 51 51 51 51 51 51 51 51 51 51 51 51 51 51 51 51 51 51 51 51 51 51 51 51 51 51 51 51 51 51 51 51 51 51 51 51;48 48 48 48 48 48 48 48 48 48 48 48 48 48 48 48 48 48 48 48 48 48 48 48 48 48 48 48 48 48 48 48 48 48 48 48 48 48 48;28 28 28 28 28 28 28 28 28 28 28 28 28 28 28 28 28 28 28 28 28 28 28 28 28 28 28 28 28 28 28 28 28 28 28 28 28 28 28;40 40 40 40 40 40 40 40 40 40 40 40 40 40 40 40 40 40 40 40 40 40 40 40 40 40 40 40 40 40 40 40 40 40 40 40 40 40 40;45 45 45 45 45 45 45 45 45 45 45 45 45 45 45 45 45 45 45 45 45 45 45 45 45 45 45 45 45 45 45 45 45 45 45 45 45 45 45;52 52 52 52 52 52 52 52 52 52 52 52 52 52 52 52 52 52 52 52 52 52 52 52 52 52 52 52 52 52 52 52 52 52 52 52 52 52 52;
d;3.000 24.118 3.000 64.216 3.000 63.542 3.000 18.437 3.000 3.859 3.000 42.987 3.000 8.068 3.000 16.869 3.000 28.743 3.000 3.495 3.000 98.272 3.000 69.127 3.000 9.197 3.000 35.356 3.000 107.804 3.000 102.729 3.000 24.334 3.000 54.115 3.000 126.634 3.000
S;0.59299433454133887 0.59147918302618729 0.52752247140961184 0.52600731989446037 0.49867663423922426 0.49716148272407273 0.48487140207982632 0.48335625056467479 0.43147294606739378 0.42995779455224231 0.37551146666237484 0.37399631514722331 0.35613967651392003 0.35462452499876851 0.34997970709954446 0.34846455558439293 0.31355202539713167 0.31203687388198015 0.26240460332047877 0.26088945180532724 0.25912405598938271 0.25760890447423118 0.24309244982521178 0.24157729831006025 0.2330577905917178 0.23154263907656628 0.22746767727964701 0.22595252576449548 0.20424209802132889 0.20272694650617734 0.20077817494399511 0.19926302342884358 0.18995120723331166 0.18843605571816013 0.15634414029408034 0.15482898877892881 0.12239683834111878 0.12088168682596727 0.10870110480798753 0.10718595329283602;0.82402963103425153 0.82277963103425145 0.7700153439505768 0.76876534395057672 0.74621752828500687 0.7449675282850069 0.73482821175350355 0.73357821175350346 0.69077448554324661 0.68952448554324663 0.64460626503410601 0.64335626503410592 0.62862453816163077 0.62737453816163069 0.62354256339477088 0.62229256339477079 0.59348972599028016 0.59223972599028019 0.55129310277704147 0.55004310277704138 0.54858665122888728 0.54733665122888719 0.53536057614344623 0.53411057614344615 0.52708198227581371 0.52583198227581363 0.52247013879335524 0.52122013879335527 0.50330903590524279 0.50205903590524281 0.5004512993664425 0.49920129936644247 0.49151905100512866 0.49026905100512869 0.4637932207802628 0.46254322078026283 0.43578669666906955 0.43453669666906958 0.42448771650423628 0.42323771650423631;1.426702983744188 1.425616027222449 1.3797340384540362 1.3786470819322971 1.359040285701367 1.357953329179628 1.3491365321957118 1.3480495756739728 1.3108289441867929 1.3097419876650538 1.2706826654831924 1.2695957089614534 1.2567855116810402 1.2556985551593012 1.2523664031881188 1.2512794466663797 1.2262335010972574 1.2251465445755183 1.1895407852596587 1.1884538287379196 1.1871873491308291 1.1861003926090901 1.1756864142739238 1.1745994577521848 1.1684876369977217 1.1674006804759827 1.1644773383173233 1.1633903817955842 1.1478155097189646 1.1467285531972256 1.1453305214243557 1.1442435649026166 1.1375633489362569 1.1364763924145178 1.1134539313494172 1.1123669748276781 1.0891004321222926 1.0880134756005535 1.0792752319789591 1.0781882754572201;1.6095329050067 1.6084217938955889 1.5615202053767669 1.5604090942656559 1.5403665914518163 1.5392554803407053 1.5302427545349244 1.5291316434238134 1.4910838867924738 1.4899727756813628 1.4500454685621267 1.4489343574510156 1.4358394891199266 1.4347283780088156 1.431322178216051 1.4302110671049399 1.4046085449676151 1.4034974338565041 1.3671004354447365 1.3659893243336254 1.3646947007352661 1.363583589624155 1.3529381895482075 1.3518270784370965 1.3455794394436453 1.3444683283325343 1.3414800230147934 1.3403689119036823 1.3244479315586937 1.3233368204475826 1.3219077213019823 1.3207966101908712 1.3139679449808144 1.3128568338697033 1.2893227625587116 1.2882116514476005 1.264428074459873 1.263316963348762 1.254384536535577 1.253273425424466;1.9351401625787574 1.933824373105073 1.8782830182801524 1.876967228806468 1.8532326860006052 1.8519168965269208 1.8412439317569174 1.8399281422832332 1.7948715883776996 1.7935557989040154 1.7462734615259725 1.7449576720522881 1.7294505911338933 1.7281348016602089 1.7241011440108829 1.7227853545371985 1.6924665783219452 1.6911507888482611 1.6480490802027468 1.6467332907290626 1.6452001838362686 1.6438843943625843 1.6312779995358042 1.6299622100621201 1.622563690201454 1.6212479007277698 1.6177091181146559 1.6163933286409715 1.5975395361271689 1.5962237466534848 1.5945313924021158 1.5932156029284317 1.585129025705996 1.5838132362323118 1.5559439412587688 1.5546281517850846 1.5264633895627757 1.5251476000890916 1.5145697262313722 1.513253936757688;2.1168536346622329 2.1156036346622327 2.0628393475785582 2.0615893475785581 2.0390415319129884 2.0377915319129882 2.0276522153814849 2.0264022153814851 1.9835984891712282 1.9823484891712282 1.9374302686620875 1.9361802686620875 1.9214485417896121 1.9201985417896121 1.9163665670227523 1.9151165670227523 1.8863137296182617 1.8850637296182617 1.844117106405023 1.842867106405023 1.8414106548568687 1.8401606548568687 1.8281845797714276 1.8269345797714276 1.8199059859037949 1.818655985903795 1.8152941424213365 1.8140441424213365 1.796133039533224 1.794883039533224 1.7932753029944237 1.7920253029944238 1.7843430546331098 1.7830930546331099 1.7566172244082441 1.7553672244082439 1.7286107002970506 1.7273607002970506 1.7173117201322172 1.7160617201322172;2.2481321234711595 2.2470904568044929 2.2031202175680975 2.2020785509014309 2.1832887045134561 2.1822470378467895 2.1737976074038698 2.1727559407372032 2.1370861688953227 2.1360445022286561 2.0986126518043724 2.0975709851377058 2.0852945460773098 2.0842528794106432 2.0810595671049268 2.0800179004382597 2.056015535934518 2.0549738692678514 2.0208516832568191 2.0198100165901525 2.0185963069666908 2.0175546403000242 2.007574577728823 2.0065329110621564 2.0006757495057959 1.9996340828391292 1.9968325466037473 1.9957908799370805 1.9808649608636535 1.9798232941969869 1.9784835137479866 1.97744184708132 1.9710399734468917 1.9699983067802251 1.9479351149261703 1.9468934482595037 1.9245963448335093 1.9235546781668424 1.9151805280294814 1.9141388613628147;2.3421600443333159 2.341023680696952 2.2930561469845205 2.291919783348157 2.27142176910673 2.2702854054703665 2.2610678449871817 2.2599314813508182 2.2210190029778571 2.2198826393414937 2.1790478934240931 2.1779115297877296 2.1645190508127521 2.1633826871763886 2.159899073751971 2.1587627101156075 2.1325783124751614 2.1314419488387975 2.0942177459176716 2.0930813822813081 2.0917573354193499 2.0906209717829864 2.0797336307962215 2.078597267159858 2.0722076363711013 2.0710712727347378 2.0680150513870483 2.0668786877506848 2.05059586694331 2.0494595033069465 2.0479979246353097 2.0468615609989462 2.0398776988522971 2.0387413352159336 2.0146723986478734 2.0135360350115099 1.9892119221831523 1.9880755585467889 1.978940122033304 1.9778037583969406;2.1475702487091932 2.1490854002243447 2.1620235579999005 2.163538709515052 2.1959708599528622 2.1974860114680137 2.2295779268920932 2.2310930784072451 2.2404048946027766 2.2419200461179281 2.2438688176801103 2.2453839691952617 2.2670943969384281 2.26860954845358 2.2726845102504991 2.2741996617656506 2.2827191694839928 2.2842343209991447 2.298750775648164 2.3002659271633155 2.3020313229792602 2.3035464744944116 2.3531787450559132 2.3546938965710646 2.3896064267583261 2.3911215782734776 2.3957663961727018 2.3972815476878533 2.4151381863211565 2.416653337836308 2.4710996657261757 2.4726148172413271 2.524498121738608 2.5260132732537595 2.538303353898006 2.5398185054131575 2.5671491910683937 2.5686643425835451 2.6326210542001207 2.6341362057152722;2.7108989352665844 2.7121489352665842 2.7228229154314172 2.7240729154314169 2.7508294395426107 2.7520794395426105 2.7785552697674758 2.779805269767476 2.7874875181287897 2.7887375181287894 2.79034525466759 2.7915952546675897 2.8095063575557022 2.810756357555702 2.8141182010381605 2.8153682010381602 2.8223967949057926 2.8236467949057924 2.8356228699912336 2.8368728699912333 2.8383293215393879 2.8395793215393876 2.8805259447526264 2.8817759447526261 2.9105787821571165 2.9118287821571163 2.9156607569239763 2.9169107569239761 2.9316424837964514 2.9328924837964512 2.9778107043055919 2.9790607043055917 3.0218644305158486 3.0231144305158484 3.0332537470473517 3.0345037470473515 3.0570515627129211 3.0583015627129209 3.1110658497965957 3.1123158497965955;3.3497332967832354 3.3508202533049745 3.3601019751874381 3.3611889317091772 3.3844554744145627 3.3855424309363018 3.4085648920014022 3.4096518485231413 3.4163320644895014 3.4174190210112405 3.4188170527841106 3.4199040093058497 3.4354788813824686 3.4365658379042077 3.4394891800628673 3.4405761365846064 3.4466879573390696 3.4477749138608087 3.4581888921959747 3.4592758487177138 3.4605423283248045 3.4616292848465435 3.4972350441624029 3.498322000684142 3.5233679462532645 3.5244549027750036 3.5277870547461858 3.5288740112679249 3.5416842085483382 3.5427711650700773 3.5818304872519389 3.5829174437736779 3.6201380752608574 3.6212250317825965 3.6300418287665126 3.6311287852882517 3.6507355815191818 3.6518225380409208 3.6977045268093338 3.6987914833310729;3.7832690654265284 3.7843801765376393 3.7938681589063799 3.7949792700174911 3.8187628470052184 3.8198739581163297 3.8434080294273216 3.8445191405384325 3.8513478057484893 3.8524589168596006 3.8538880160052007 3.854999127116312 3.8709201074613007 3.8720312185724115 3.8750195238901526 3.8761306350012634 3.882378273994715 3.8834893851058259 3.8941347851817736 3.8952458962928844 3.8965405198912437 3.8976516310023546 3.9340486294141224 3.9351597405252337 3.9607622626625583 3.9618733737736695 3.9652795735664337 3.9663906846775445 3.9794855530086339 3.9805966641197448 4.0205239712389806 4.0216350823500919 4.0596828389814315 4.0607939500925418 4.0698066758983229 4.0709177870094333 4.0909602898232738 4.0920714009343842 4.1389729894532064 4.1400841005643176;3.8551771689371348 3.856492958410819 3.8677287270053804 3.8690445164790646 3.8972092787013732 3.898525068175057 3.9263943631486002 3.927710152622284 3.9357967298447196 3.9371125193184038 3.9388048735697727 3.9401206630434569 3.9589744555572595 3.9602902450309432 3.9638290276440578 3.9651448171177415 3.9725433369784073 3.9738591264520915 3.9864655212788715 3.9877813107525553 3.9893144176453492 3.9906302071190334 4.0337319157645473 4.0350477052382319 4.0653664814534851 4.0666822709271688 4.0707159285764947 4.0720317180501793 4.0875387989685743 4.088854588442258 4.1361369258203009 4.1374527152939846 4.1825092691995183 4.183825058673202 4.1944980234432059 4.1958138129168896 4.2195483557227531 4.2208641451964368 4.2764055000213572 4.2777212894950418;4.1512734150184549 4.1525234150184547 4.1631973951832881 4.1644473951832879 4.1912039192944812 4.192453919294481 4.2189297495193463 4.2201797495193469 4.2278619978806606 4.2291119978806604 4.2307197344194609 4.2319697344194607 4.2498808373075727 4.2511308373075725 4.2544926807900314 4.2557426807900312 4.2627712746576636 4.2640212746576633 4.2759973497431041 4.2772473497431038 4.2787038012912575 4.2799538012912572 4.3209004245044964 4.3221504245044962 4.3509532619089866 4.3522032619089863 4.3560352366758464 4.3572852366758461 4.3720169635483206 4.3732669635483203 4.4181851840574611 4.4194351840574608 4.4622389102677174 4.4634889102677171 4.4736282267992209 4.4748782267992206 4.4974260424647907 4.4986760424647905 4.5514403295484653 4.5526903295484651;4.2727011476355878 4.2737428143022544 4.2826377977729493 4.2836794644396159 4.3059765678656108 4.3070182345322774 4.3290814263863329 4.3301230930529995 4.3365249666874268 4.3375666333540943 4.3389064138030937 4.3399480804697612 4.3548739995431882 4.3559156662098548 4.358717202445237 4.3597588691119036 4.3656160306682645 4.3666576973349311 4.3766377599061324 4.377679426572799 4.3788931361962602 4.3799348028629277 4.41405698887396 4.4150986555406266 4.4391010200443679 4.4401426867110354 4.4433359990167514 4.444377665683418 4.456654104743814 4.4576957714104806 4.4951276218347642 4.4961692885014308 4.5318390603433114 4.532880727009978 4.5413301574528964 4.5423718241195639 4.5611616705075386 4.5622033371742052 4.6061735764106002 4.6072152430772668;4.3854873723815029 4.3866237360178664 4.3963273543495331 4.3974637179858966 4.421787830814254 4.4229241944506175 4.4469931310186768 4.4481294946550403 4.4551133568016894 4.4562497204380529 4.4577112991096897 4.4588476627460532 4.4751304835534285 4.476266847189792 4.4793230685374814 4.4804594321738449 4.4868490629626017 4.4879854265989652 4.4988727675857287 4.5000091312220922 4.5013331780840513 4.5024695417204148 4.5396937446415411 4.5408301082779046 4.5670145059183511 4.5681508695547146 4.5716344829791327 4.5727708466154962 4.5861633255904737 4.5872996892268372 4.6281344351442373 4.6292707987806008 4.6681832771535614 4.6693196407899249 4.6785372012731106 4.6796735649094741 4.7001715791509007 4.7013079427872642 4.7492754764996956 4.7504118401360591;
