m;6
n;12
P;39
P1;2 4 6 8 10 12 14 16 18 20 22 24 26 28 30 32 34 36 38
Q;40
M;100
h;1 1 1 1 1 1 1 1 1 1 1 1 1 1 1 1 1 1 1 1 1 1 1 1 1 1 1 1 1 1 1 1 1 1 1 1 1 1 1
Vmin;44 44 44 44 44 44 44 44 44 44 44 44 44 44 44 44 44 44 44 44 44 44 44 44 44 44 44 44 44 44 44 44 44 44 44 44 44 44 44;52 52 52 52 52 52 52 52 52 52 52 52 52 52 52 52 52 52 52 52 52 52 52 52 52 52 52 52 52 52 52 52 52 52 52 52 52 52 52;47 47 47 47 47 47 47 47 47 47 47 47 47 47 47 47 47 47 47 47 47 47 47 47 47 47 47 47 47 47 47 47 47 47 47 47 47 47 47;33 33 33 33 33 33 33 33 33 33 33 33 33 33 33 33 33 33 33 33 33 33 33 33 33 33 33 33 33 33 33 33 33 33 33 33 33 33 33;41 41 41 41 41 41 41 41 41 41 41 41 41 41 41 41 41 41 41 41 41 41 41 41 41 41 41 41 41 41 41 41 41 41 41 41 41 41 41;28 28 28 28 28 28 28 28 28 28 28 28 28 28 28 28 28 28 28 28 28 28 28 28 28 28 28 28 28 28 28 28 28 28 28 28 28 28 28;47 47 47 47 47 47 47 47 47 47 47 47 47 47 47 47 47 47 47 47 47 47 47 47 47 47 47 47 47 47 47 47 47 47 47 47 47 47 47;50 50 50 50 50 50 50 50 50 50 50 50 50 50 50 50 50 50 50 50 50 50 50 50 50 50 50 50 50 50 50 50 50 50 50 50 50 50 50;33 33 33 33 33 33 33 33 33 33 33 33 33 33 33 33 33 33 33 33 33 33 33 33 33 33 33 33 33 33 33 33 33 33 33 33 33 33 33;44 44 44 44 44 44 44 44 44 44 44 44 44 44 44 44 44 44 44 44 44 44 44 44 44 44 44 44 44 44 44 44 44 44 44 44 44 44 44;35 35 35 35 35 35 35 35 35 35 35 35 35 35 35 35 35 35 35 35 35 35 35 35 35 35 35 35 35 35 35 35 35 35 35 35 35 35 35;52 52 52 52 52 52 52 52 52 52 52 52 52 52 52 52 52 52 52 52 52 52 52 52 52 52 52 52 52 52 52 52 52 52 52 52 52 52 52;
Vmax;44 44 44 44 44 44 44 44 44 44 44 44 44 44 44 44 44 44 44 44 44 44 44 44 44 44 44 44 44 44 44 44 44 44 44 44 44 44 44;52 52 52 52 52 52 52 52 52 52 52 52 52 52 52 52 52 52 52 52 52 52 52 52 52 52 52 52 52 52 52 52 52 52 52 52 52 52 52;47 47 47 47 47 47 47 47 47 47 47 47 47 47 47 47 47 47 47 47 47 47 47 47 47 47 47 47 47 47 47 47 47 47 47 47 47 47 47;33 33 33 33 33 33 33 33 33 33 33 33 33 33 33 33 33 33 33 33 33 33 33 33 33 33 33 33 33 33 33 33 33 33 33 33 33 33 33;41 41 41 41 41 41 41 41 41 41 41 41 41 41 41 41 41 41 41 41 41 41 41 41 41 41 41 41 41 41 41 41 41 41 41 41 41 41 41;28 28 28 28 28 28 28 28 28 28 28 28 28 28 28 28 28 28 28 28 28 28 28 28 28 28 28 28 28 28 28 28 28 28 28 28 28 28 28;47 47 47 47 47 47 47 47 47 47 47 47 47 47 47 47 47 47 47 47 47 47 47 47 47 47 47 47 47 47 47 47 47 47 47 47 47 47 47;50 50 50 50 50 50 50 50 50 50 50 50 50 50 50 50 50 50 50 50 50 50 50 50 50 50 50 50 50 50 50 50 50 50 50 50 50 50 50;33 33 33 33 33 33 33 33 33 33 33 33 33 33 33 33 33 33 33 33 33 33 33 33 33 33 33 33 33 33 33 33 33 33 33 33 33 33 33;44 44 44 44 44 44 44 44 44 44 44 44 44 44 44 44 44 44 44 44 44 44 44 44 44 44 44 44 44 44 44 44 44 44 44 44 44 44 44;35 35 35 35 35 35 35 35 35 35 35 35 35 35 35 35 35 35 35 35 35 35 35 35 35 35 35 35 35 35 35 35 35 35 35 35 35 35 35;52 52 52 52 52 52 52 52 52 52 52 52 52 52 52 52 52 52 52 52 52 52 52 52 52 52 52 52 52 52 52 52 52 52 52 52 52 52 52;
d;3.000 25.967 3.000 80.504 3.000 63.854 3.000 6.285 3.000 31.407 3.000 49.768 3.000 21.618 3.000 21.077 3.000 5.408 3.000 16.115 3.000 14.868 3.000 49.854 3.000 39.610 3.000 55.549 3.000 70.720 3.000 35.140 3.000 80.596 3.000 14.589 3.000 38.671 3.000
S;0.70254124838238041 0.70140488474601681 0.68675679879818763 0.68562043516182392 0.68009441827106143 0.67895805463469783 0.6484293083802396 0.647292944743876 0.63398248214711483 0.63284611851075112 0.60605822210500349 0.60492185846863977 0.58388072739322749 0.58274436375686389 0.56774074332909263 0.56660437969272892 0.5477201288028436 0.54658376516647988 0.54095209874125016 0.53981573510488645 0.53371174670267407 0.53257538306631047 0.53052694714670734 0.52939058351034374 0.52140695474863963 0.52027059111227603 0.51208194670002449 0.51094558306366089 0.49209393565633497 0.49095757201997137 0.47906086798419728 0.47792450434783368 0.47554367840805084 0.47440731477168724 0.45022015981017915 0.44908379617381555 0.41858999989530044 0.41745363625893683 0.40761781474458214 0.40648145110821854;1.3066004313986721 1.3056388929371336 1.293244358673586 1.2922828202120475 1.2876069597660176 1.2866454213044791 1.2608134052430144 1.259851866781476 1.2485891676611398 1.2476276291996014 1.224960947625507 1.2239994091639685 1.2061953751770811 1.2052338367155426 1.1925384655843516 1.1915769271228132 1.1755979456006025 1.174636407139064 1.1698711509331003 1.1689096124715619 1.1637446992081515 1.162783160746613 1.1610498688146411 1.1600883303531027 1.1533329521701223 1.1523714137085839 1.1454425607443712 1.1444810222828328 1.1285296283227879 1.1275680898612495 1.1175016479848252 1.1165401095232868 1.1145255644973167 1.1135640260357782 1.0930979718375791 1.0921364333760406 1.0663339903711431 1.0653724519096046 1.0570498337051508 1.0560882952436124;1.4432721607571646 1.4422083309699305 1.4284952292315374 1.4274313994443033 1.4222581070359299 1.4211942772486958 1.3926141743721818 1.391550344584948 1.3790894859837246 1.3780256561964908 1.3529476255187693 1.3518837957315353 1.3321857155758301 1.3311218857885962 1.31707594326047 1.3160121134732359 1.2983332402997263 1.2972694105124922 1.2919972121569578 1.2909333823697238 1.2852190102485039 1.2841551804612699 1.2822374957705776 1.2811736659833435 1.2736996305468546 1.2726358007596206 1.2649698357779384 1.2639060059907044 1.2462576552263991 1.2451938254391652 1.234056485490781 1.2329926557035469 1.2307637973769416 1.2296999675897076 1.2070566735831894 1.2059928437959553 1.1774454600458562 1.1763816302586221 1.1671736271388007 1.1661097973515666;2.202381081257097 2.2008659297419455 2.1813351484781736 2.1798199969630216 2.172451974442005 2.1709368229268535 2.1302318279209089 2.1287166764057575 2.1109693929434092 2.1094542414282578 2.073737046220594 2.0722218947054425 2.0441670532715595 2.042651901756408 2.0226470745193796 2.0211319230042282 1.9959529218177143 1.9944377703025629 1.9869288817355897 1.985413730220438 1.9772750790174884 1.975759927502337 1.9730286796095329 1.9715135280943812 1.9608686897454424 1.9593535382302909 1.948435345680622 1.9469201941654706 1.9217846642890359 1.9202695127738845 1.9044072407261858 1.9028920892110341 1.899717654624657 1.8982025031095056 1.8659529631608283 1.8644378116456766 1.8237794166076564 1.8222642650925047 1.8091498364066987 1.807634684891547;2.2236757280406274 2.2224562158455057 2.2067363187307625 2.2055168065356408 2.1995864469455539 2.1983669347504322 2.1656043777944283 2.1643848655993065 2.150100466714977 2.1488809545198553 2.1201329681331993 2.1189134559380771 2.0963327299059271 2.0951132177108054 2.0790117713980751 2.077792259202953 2.0575262338577103 2.0563067216625881 2.0502629820842926 2.0490434698891709 2.0424928481892355 2.0412733359941138 2.0390750145194176 2.0378555023242955 2.0292877056044181 2.0280681934092959 2.0192803798937091 2.0180608676985869 1.9978298314565786 1.9966103192614566 1.9838431246864796 1.9826236124913577 1.9800685797754931 1.9788490675803709 1.9528921207924113 1.9516726085972891 1.9189475589325411 1.9177280467374191 1.9071725309659164 1.9059530187707945;3.1712950927484824 3.1695093784627684 3.1464909576876083 3.1447052434018938 3.1360215025735529 3.1342357882878384 3.0862620441736897 3.0844763298879756 3.0635598886644937 3.0617741743787792 3.0196789085983182 3.0178931943126042 2.9848285597655275 2.9830428454798135 2.9594657276647443 2.9576800133790302 2.9280047619806386 2.9262190476949241 2.917369286169563 2.915583571883849 2.9059915901089441 2.9042058758232296 2.9009869050924246 2.8992011908067101 2.8866554884668898 2.8848697741811753 2.8720019043904945 2.87021619010478 2.8405921727504109 2.8388064584646964 2.8201116378370514 2.8183259235513369 2.8145846256459639 2.8127989113602494 2.7747905249921652 2.7730048107064511 2.72508598798307 2.7233002736973555 2.7078439827462266 2.7060582684605121;2.9481825459623057 2.9493189095986692 2.9597229129312059 2.9608592765675694 2.9913530728460844 2.9924894364824484 3.0166765914439559 3.0178129550803194 3.0201937810201027 3.0213301446564662 3.03322684869224 3.034363212328604 3.0532148597359297 3.0543512233722931 3.0625398677845443 3.0636762314209078 3.0716598601826122 3.0727962238189757 3.074844659738579 3.0759810233749425 3.0820850117771545 3.083221375413518 3.0888530418387479 3.0899894054751114 3.108873656364997 3.1100100200013605 3.1250136404291315 3.126150004065495 3.1471911351409076 3.1483274987772711 3.1751153951830191 3.1762517588193826 3.1895622214161437 3.1906985850525071 3.2212273313069653 3.2223636949433287 3.2278897118340919 3.2290260754704554 3.2436741614182845 3.244810525054648;3.4280832452755301 3.4290447837370688 3.4378481711722917 3.4388097096338304 3.4646121526387277 3.4655736911002664 3.4860397452984651 3.4870012837600037 3.4890158287859738 3.4899773672475125 3.500043809123937 3.5010053475854757 3.5169567415455205 3.5179182800070592 3.5248471329712721 3.5258086714328107 3.5325640496157913 3.53352558807733 3.5352588800093017 3.5362204184708403 3.5413853317342512 3.5423468701957899 3.5471121264017538 3.5480736648632925 3.5640526463855031 3.5650141848470418 3.5777095559782324 3.578671094439771 3.5964751284266585 3.5974366668881972 3.6201033484622913 3.62106488692383 3.6323275860441657 3.6332891245057044 3.6591211405671689 3.6600826790287075 3.6647585394747377 3.6657200779362764 3.6781146121998236 3.6790761506613623;3.8275131778749651 3.8285770076621994 3.8383169256756378 3.8393807554628721 3.8679281392129714 3.8689919690002057 3.8916352630067239 3.8926990927939582 3.8949279511205632 3.8959917809077975 3.9071291208561818 3.9081929506434161 3.9258413014077211 3.9269051311949554 3.9345710961766378 3.9356349259638721 3.9431089614003612 3.9441727911875955 3.9460904758782878 3.9471543056655221 3.9528686777867419 3.9539325075739762 3.9592047059295106 3.9602685357167449 3.9779474088902544 3.9790112386774887 3.9930571812056153 3.9941210109928496 4.0138190911485543 4.014882920935789 4.0399609516135104 4.0410247814007443 4.0534856400019672 4.0545494697892019 4.0831295726657153 4.08419340245295 4.0893666948613232 4.0904305246485571 4.1041436263869508 4.1052074561741847;4.0064624723413775 4.0079776238565286 4.0218496282999103 4.0233647798150622 4.064023174853082 4.0655383263682339 4.0977878663169109 4.0993030178320629 4.10247745241844 4.1039926039335919 4.1198548759812903 4.1213700274964422 4.1465055573728771 4.1480207088880281 4.158938901437697 4.160454052952848 4.1710988913017868 4.1726140428169387 4.1753452907097435 4.1768604422248945 4.1849990934278445 4.1865142449429955 4.1940231335099689 4.1955382850251199 4.2207172862116344 4.2222324377267855 4.2422372649638138 4.2437524164789657 4.2718072579128492 4.2733224094280002 4.3090396046356636 4.3105547561508155 4.3283020396131633 4.3298171911283143 4.3705221861342585 4.3720373376494104 4.3794053601704261 4.3809205116855772 4.4004512929493504 4.4019664444645015;4.1484602642159851 4.1496797764111069 4.1608450482801702 4.1620645604752919 4.1947896101400399 4.1960091223351617 4.2219660691231216 4.2231855813182433 4.2257406140341081 4.2269601262292298 4.2397273208042066 4.2409468329993283 4.2611778692413367 4.2623973814364584 4.2711851949520447 4.2724047071471665 4.2809725038670443 4.282192016062166 4.2843903375368617 4.2856098497319834 4.2921604714319184 4.2933799836270401 4.2994237232053356 4.3006432354004573 4.3209092607457 4.3221287729408226 4.3382302192535516 4.3394497314486733 4.3620304574808237 4.3632499696759455 4.3919979560626015 4.3932174682577232 4.4075018671420532 4.4087213793371749 4.4414839362931788 4.4427034484883006 4.4486338080783865 4.4498533202735082 4.4655732173882523 4.466792729583374;4.405172288553052 4.406958002838766 4.4233071509327528 4.425092865218466 4.4730116879418471 4.4747974022275612 4.512805788595645 4.514591502881359 4.5183328007867321 4.5201185150724452 4.5388133357000902 4.5405990499858042 4.5702230673401738 4.572008781625887 4.5848766514165682 4.5866623657022823 4.5992080680421026 4.6009937823278166 4.6042127530586212 4.6059984673443353 4.6155904491192405 4.6173761634049546 4.6262259249303153 4.6280116392160293 4.6576868906144204 4.6594726049001345 4.6830497227152046 4.6848354370009178 4.7179000715479953 4.7196857858337085 4.761781051614169 4.763566765899883 4.7844832071233645 4.7862689214090786 4.8342426655232282 4.8360283798089414 4.8447121206372827 4.8464978349229968 4.8695162556981568 4.8713019699838709;
