m;5
n;10
P;39
P1;2 4 6 8 10 12 14 16 18 20 22 24 26 28 30 32 34 36 38
Q;40
M;100
h;1 1 1 1 1 1 1 1 1 1 1 1 1 1 1 1 1 1 1 1 1 1 1 1 1 1 1 1 1 1 1 1 1 1 1 1 1 1 1
Vmin;48 48 48 48 48 48 48 48 48 48 48 48 48 48 48 48 48 48 48 48 48 48 48 48 48 48 48 48 48 48 48 48 48 48 48 48 48 48 48;34 34 34 34 34 34 34 34 34 34 34 34 34 34 34 34 34 34 34 34 34 34 34 34 34 34 34 34 34 34 34 34 34 34 34 34 34 34 34;52 52 52 52 52 52 52 52 52 52 52 52 52 52 52 52 52 52 52 52 52 52 52 52 52 52 52 52 52 52 52 52 52 52 52 52 52 52 52;51 51 51 51 51 51 51 51 51 51 51 51 51 51 51 51 51 51 51 51 51 51 51 51 51 51 51 51 51 51 51 51 51 51 51 51 51 51 51;46 46 46 46 46 46 46 46 46 46 46 46 46 46 46 46 46 46 46 46 46 46 46 46 46 46 46 46 46 46 46 46 46 46 46 46 46 46 46;51 51 51 51 51 51 51 51 51 51 51 51 51 51 51 51 51 51 51 51 51 51 51 51 51 51 51 51 51 51 51 51 51 51 51 51 51 51 51;28 28 28 28 28 28 28 28 28 28 28 28 28 28 28 28 28 28 28 28 28 28 28 28 28 28 28 28 28 28 28 28 28 28 28 28 28 28 28;42 42 42 42 42 42 42 42 42 42 42 42 42 42 42 42 42 42 42 42 42 42 42 42 42 42 42 42 42 42 42 42 42 42 42 42 42 42 42;46 46 46 46 46 46 46 46 46 46 46 46 46 46 46 46 46 46 46 46 46 46 46 46 46 46 46 46 46 46 46 46 46 46 46 46 46 46 46;45 45 45 45 45 45 45 45 45 45 45 45 45 45 45 45 45 45 45 45 45 45 45 45 45 45 45 45 45 45 45 45 45 45 45 45 45 45 45;
Vmax;48 48 48 48 48 48 48 48 48 48 48 48 48 48 48 48 48 48 48 48 48 48 48 48 48 48 48 48 48 48 48 48 48 48 48 48 48 48 48;34 34 34 34 34 34 34 34 34 34 34 34 34 34 34 34 34 34 34 34 34 34 34 34 34 34 34 34 34 34 34 34 34 34 34 34 34 34 34;52 52 52 52 52 52 52 52 52 52 52 52 52 52 52 52 52 52 52 52 52 52 52 52 52 52 52 52 52 52 52 52 52 52 52 52 52 52 52;51 51 51 51 51 51 51 51 51 51 51 51 51 51 51 51 51 51 51 51 51 51 51 51 51 51 51 51 51 51 51 51 51 51 51 51 51 51 51;46 46 46 46 46 46 46 46 46 46 46 46 46 46 46 46 46 46 46 46 46 46 46 46 46 46 46 46 46 46 46 46 46 46 46 46 46 46 46;51 51 51 51 51 51 51 51 51 51 51 51 51 51 51 51 51 51 51 51 51 51 51 51 51 51 51 51 51 51 51 51 51 51 51 51 51 51 51;28 28 28 28 28 28 28 28 28 28 28 28 28 28 28 28 28 28 28 28 28 28 28 28 28 28 28 28 28 28 28 28 28 28 28 28 28 28 28;42 42 42 42 42 42 42 42 42 42 42 42 42 42 42 42 42 42 42 42 42 42 42 42 42 42 42 42 42 42 42 42 42 42 42 42 42 42 42;46 46 46 46 46 46 46 46 46 46 46 46 46 46 46 46 46 46 46 46 46 46 46 46 46 46 46 46 46 46 46 46 46 46 46 46 46 46 46;45 45 45 45 45 45 45 45 45 45 45 45 45 45 45 45 45 45 45 45 45 45 45 45 45 45 45 45 45 45 45 45 45 45 45 45 45 45 45;
d;3.000 21.923 3.000 41.068 3.000 18.028 3.000 25.932 3.000 39.459 3.000 56.983 3.000 48.786 3.000 63.885 3.000 44.366 3.000 7.264 3.000 29.277 3.000 24.296 3.000 86.976 3.000 21.060 3.000 92.967 3.000 37.854 3.000 30.271 3.000 32.813 3.000 32.180 3.000
S;0.46897442844846121 0.46793276178179455 0.45675911375647227 0.45571744708980561 0.44432416151645165 0.44328249484978499 0.43277186910258919 0.43173020243592253 0.41858636023803597 0.41754469357136931 0.38526437967579413 0.38422271300912747 0.37691005498462166 0.37586838831795499 0.34566827207275969 0.34462660540609302 0.33619045922719232 0.33514879256052565 0.32498321817441089 0.32394155150774423 0.32141938782143215 0.32037772115476548 0.30497283504752942 0.30393116838086276 0.28174893414476077 0.2807072674780941 0.26376775081706294 0.26272608415039628 0.24294021418635703 0.24189854751969037 0.2281976261616207 0.22715595949495404 0.21815186875363102 0.21711020208696435 0.21085056443714112 0.20980889777047446 0.19554916780111309 0.19450750113444643 0.18689544535596525 0.18585377868929859;0.67456970883839262 0.67309912060309851 0.6573245586849964 0.65585397044970228 0.63976933199320263 0.63829874375790863 0.62346021329127932 0.62198962505598521 0.60343361254132177 0.60196302430602766 0.55639081645345101 0.5549202282181569 0.54459647571297221 0.5431258874776782 0.5004904292491672 0.49901984101387303 0.48710998758483676 0.48563939934954264 0.47128800021620421 0.46981741198091004 0.46625671030611654 0.46478612207082237 0.44303804756648918 0.44156745933119507 0.41025136393905104 0.40878077570375687 0.38486616394700707 0.38339557571171295 0.35546258282130455 0.35399199458601044 0.33464951737461796 0.33317892913932384 0.32046727162216193 0.31899668338686776 0.31015954788123495 0.30868895964594079 0.28855757615978361 0.28708698792448945 0.27634055623722192 0.27486996800192781;0.76625136150764539 0.76528982304610693 0.75497568640734791 0.75401414794580945 0.74349726895502122 0.74253573049348276 0.73283361441914818 0.73187207595760972 0.71973929854417606 0.71877776008263761 0.68898054725595281 0.68801900879441436 0.68126886292563971 0.68030732446410125 0.65243029408392095 0.65146875562238249 0.6436815437649358 0.64272000530339735 0.633336398177753 0.63237485971621454 0.63004670862115719 0.62908517015961884 0.61486527529140089 0.61390373682986243 0.59342782830422991 0.59246628984269145 0.57682981292481661 0.57586827446327815 0.55760439449647259 0.55664285603493413 0.54399585170440834 0.54303431324286988 0.53472284486626398 0.53376130640472552 0.52798317934335015 0.52702164088181169 0.51385881321778593 0.51289727475624747 0.50587076172995715 0.50490922326841869;1.2812684307946622 1.2802880386377995 1.2697716640257315 1.2687912718688685 1.2580681795645354 1.2570877874076727 1.2471954337632531 1.2462150416063904 1.2338443665966148 1.232863974439752 1.2024825025380343 1.2015021103811714 1.1946196087110483 1.1936392165541856 1.1652155777351783 1.1642351855783155 1.1562952832922913 1.1553148911354285 1.1457472917132028 1.14476689955634 1.142393098439811 1.1414127062829482 1.126913989946726 1.1259335977898632 1.1050562008617673 1.1040758087049045 1.0881327342004046 1.0871523420435418 1.0685303467832696 1.0675499546264069 1.0546549698188119 1.0536745776619489 1.0452001393171744 1.0442197471603116 1.0383283234898897 1.0373479313330269 1.0239270090089221 1.0229466168520593 1.0157823290605477 1.0148019369036847;1.5624194565169094 1.5613324999951703 1.5496730411861384 1.5485860846643993 1.5366974388487256 1.5356104823269865 1.5246428728516517 1.5235559163299126 1.5098406027321181 1.508753646210379 1.4750698404063003 1.4739828838845612 1.4663522842068162 1.4652653276850771 1.4337521629074819 1.4326652063857428 1.4238622712425419 1.4227753147208029 1.4121677588396397 1.4110808023179007 1.4084489793408792 1.4073620228191401 1.3912873590550678 1.3902004025333288 1.3670537233304398 1.3659667668087008 1.348290749423277 1.3472037929015379 1.3265576677216706 1.3254707111999315 1.3111740976089024 1.3100871410871633 1.300691568139696 1.2996046116179569 1.2930728158094456 1.2919858592877065 1.2771061410588078 1.2760191845370688 1.2680761698116969 1.2669892132899578;1.4114552026627254 1.412496869329392 1.4206297584412064 1.4216714251078733 1.4359311550772345 1.4369728217439011 1.4432324593937242 1.4442741260603911 1.453278216801714 1.4543198834683806 1.4680208048264505 1.4690624714931171 1.4888483414571563 1.4898900081238229 1.5068295247848542 1.5078711914515208 1.5300534256876228 1.5310950923542894 1.5464999784615256 1.5475416451281923 1.5500638088145042 1.5511054754811711 1.5612710498672857 1.5623127165339523 1.570748862712853 1.5717905293795196 1.6019906456247148 1.6030323122913817 1.6103449703158874 1.6113866369825542 1.6436669508781292 1.644708617544796 1.6578524597426825 1.6588941264093493 1.6694047521565449 1.6704464188232115 1.6818397043965656 1.6828813710632322 1.6940550190885546 1.6950966857552212;1.5293086740937432 1.5307792623290373 1.5422609881339517 1.5437315763692461 1.5638629598554032 1.5653335480906976 1.5741706835963305 1.5756412718316246 1.5883529293487866 1.5898235175840807 1.6091659947954731 1.6106365830307674 1.6385695759211756 1.6400401641564699 1.6639547759132196 1.6654253641485139 1.6967414595406578 1.6982120477759521 1.7199601222802852 1.7214307105155795 1.7249914121903731 1.7264620004256672 1.7408133995590058 1.7422839877942999 1.7541938412233364 1.7556644294586305 1.7982998876871414 1.7997704759224358 1.8100942284276205 1.8115648166629148 1.8571370245154915 1.8586076127507856 1.8771636252654491 1.8786342135007432 1.8934727439673726 1.894943332202667 1.9110279706591664 1.9124985588944605 1.9282731208125627 1.9297437090478569;1.7365263442288634 1.7374878826904019 1.7449951649474613 1.7459567034089998 1.7591195310730257 1.7600810695345641 1.7658591965959394 1.7668207350574778 1.7751322034340835 1.776093741895622 1.7887407462261478 1.7897022846876862 1.8079661646544918 1.8089277031160302 1.8245641800339052 1.8255257184954437 1.846001627021076 1.8469631654826144 1.8611830603508324 1.8621445988123708 1.8644727499074281 1.8654342883689665 1.8748178954946109 1.8757794339561493 1.883566645813596 1.8845281842751345 1.9124052146553148 1.9133667531168532 1.9201168989856279 1.9210784374471663 1.9508756502738509 1.9518371887353894 1.9639699661488232 1.9649315046103617 1.9746336206846962 1.9755951591462346 1.986112038137023 1.9870735765985614 1.9973877132373203 1.9983492516988588;2.0943528617238494 2.0953332538807121 2.102987737750655 2.1039681299075181 2.1173890522316228 2.1183694443884855 2.1242608680589075 2.1252412602157702 2.1337156985605445 2.1346960907174073 2.1475910755250021 2.1485714676818648 2.1671934629421372 2.168173855099 2.1841169296034999 2.1850973217603626 2.2059747186884588 2.2069551108453216 2.2214538271815436 2.2224342193384063 2.2248080204549359 2.2257884126117986 2.2353560120340243 2.2363364041908871 2.2442763064769116 2.2452566986337743 2.2736803374527814 2.2746607296096442 2.2815432312797674 2.2825236234366302 2.3129050953383481 2.3138854874952108 2.3262561625049867 2.3272365546618494 2.3371289083062687 2.3381093004631315 2.3488323927674646 2.3498127849243273 2.3603291595363958 2.3613095516932585;2.2473273209112778 2.2484142774330169 2.2569007704192581 2.2579877269409971 2.2728674451698958 2.2739544016916349 2.2804861975001463 2.2815731540218853 2.2909687269693531 2.2920556834910921 2.3063522970821211 2.3074392536038602 2.3280853787837272 2.3291723353054663 2.3468483526908903 2.3479353092126294 2.3710819884155185 2.3721689449372576 2.3882436087013299 2.389330565223069 2.3919623882000902 2.3930493447218293 2.403656900602992 2.404743857124731 2.4135467922679319 2.414633748789671 2.4461469135672664 2.4472338700890055 2.454864469766751 2.4559514262884901 2.4896352320925681 2.4907221886143072 2.5044375022121019 2.505524458733841 2.516492068209176 2.5175790247309151 2.5294676705465888 2.5305546270683279 2.5422140858773599 2.5433010423990989;
