m;2
n;4
P;39
P1;2 4 6 8 10 12 14 16 18 20 22 24 26 28 30 32 34 36 38
Q;40
M;100
h;1 1 1 1 1 1 1 1 1 1 1 1 1 1 1 1 1 1 1 1 1 1 1 1 1 1 1 1 1 1 1 1 1 1 1 1 1 1 1
Vmin;52 52 52 52 52 52 52 52 52 52 52 52 52 52 52 52 52 52 52 52 52 52 52 52 52 52 52 52 52 52 52 52 52 52 52 52 52 52 52;28 28 28 28 28 28 28 28 28 28 28 28 28 28 28 28 28 28 28 28 28 28 28 28 28 28 28 28 28 28 28 28 28 28 28 28 28 28 28;40 40 40 40 40 40 40 40 40 40 40 40 40 40 40 40 40 40 40 40 40 40 40 40 40 40 40 40 40 40 40 40 40 40 40 40 40 40 40;47 47 47 47 47 47 47 47 47 47 47 47 47 47 47 47 47 47 47 47 47 47 47 47 47 47 47 47 47 47 47 47 47 47 47 47 47 47 47;
Vmax;52 52 52 52 52 52 52 52 52 52 52 52 52 52 52 52 52 52 52 52 52 52 52 52 52 52 52 52 52 52 52 52 52 52 52 52 52 52 52;28 28 28 28 28 28 28 28 28 28 28 28 28 28 28 28 28 28 28 28 28 28 28 28 28 28 28 28 28 28 28 28 28 28 28 28 28 28 28;40 40 40 40 40 40 40 40 40 40 40 40 40 40 40 40 40 40 40 40 40 40 40 40 40 40 40 40 40 40 40 40 40 40 40 40 40 40 40;47 47 47 47 47 47 47 47 47 47 47 47 47 47 47 47 47 47 47 47 47 47 47 47 47 47 47 47 47 47 47 47 47 47 47 47 47 47 47;
d;3.000 29.117 3.000 6.729 3.000 44.439 3.000 35.162 3.000 39.101 3.000 19.579 3.000 62.130 3.000 5.960 3.000 120.743 3.000 50.104 3.000 62.039 3.000 44.379 3.000 4.444 3.000 7.413 3.000 47.855 3.000 18.339 3.000 33.995 3.000 59.450 3.000 13.876 3.000
S;0.65291908323878045 0.65195754477724199 0.64750996946744566 0.6465484310059072 0.6274938208824552 0.62653228242091674 0.61563645180783044 0.61467491334629198 0.60879708606180438 0.60783554760026592 0.59249751801420836 0.5915359795526699 0.58916010285494036 0.5881985643934019 0.58677418534483283 0.58581264688329437 0.57158853560640599 0.57062699714486753 0.55074282202491742 0.54978128356337896 0.53372227528503946 0.532760736823501 0.49406100108719792 0.49309946262565946 0.49118929628584762 0.49022775782430916 0.47031430422176096 0.4693527657602225 0.46307736790068954 0.46211582943915108 0.44958346098156998 0.44862192252003152 0.43735199629628591 0.43639045783474745 0.42214717133186508 0.42118563287032662 0.41902881743574688 0.41806727897420848 0.40873499812193426 0.4077734596603958;1.0448599510690217 1.0430742367833075 1.0348144540651141 1.0330287397793998 0.99764160669298918 0.99585589240727501 0.97562077841154304 0.97383506412582888 0.96291909916892338 0.96113338488320921 0.93264847279481644 0.93086275850910216 0.92645041607046175 0.92466470178474747 0.92201942640883339 0.92023371212311911 0.89381750546604077 0.89203179118032649 0.8551040373861335 0.85331832310041922 0.8234944505835029 0.82170873629778862 0.74983779850179721 0.74805208421608294 0.74450463244214682 0.74271891815643254 0.70573679003741452 0.70395107575170024 0.69229676544113894 0.69051105115542477 0.66723665259134546 0.66545093830563118 0.64452107531867509 0.64273536103296081 0.61628354324189361 0.61449782895617944 0.61049231457767417 0.60870660029195989 0.59137522156630773 0.58958950728059345;1.0605708486528955 1.061532387114434 1.0713454371974775 1.0723069756590158 1.0744637910935957 1.0754253295551341 1.0896686160580165 1.0906301545195549 1.1019000807433004 1.1028616192048388 1.1153939876624199 1.1163555261239584 1.1226309239834913 1.1235924624450297 1.143505916047578 1.1444674545091165 1.1463776208489282 1.1473391593104667 1.18603889504677 1.1870004335083084 1.203059441786648 1.2040209802481863 1.2239051553681366 1.2248666938296751 1.2390908051065634 1.2400523435681019 1.241476722616671 1.2424382610782094 1.244814137775939 1.2457756762374774 1.2611137058235351 1.2620752442850736 1.2679530715695611 1.2689146100310995 1.2798104406441859 1.2807719791057244 1.2998265892291763 1.3007881276907147 1.3052357030005113 1.3061972414620497;1.3120639772883214 1.3138496915740356 1.3320739274425448 1.3338596417282593 1.3378651561067647 1.339650870392479 1.3661026881835461 1.3678884024692606 1.3888182654562167 1.3906039797419312 1.4138783783060103 1.4156640925917248 1.4273184029022861 1.4291041171880003 1.4660862453070183 1.4678719595927325 1.4714194113666688 1.4732051256523833 1.5450760634483747 1.5468617777340892 1.5766856502510054 1.5784713645367199 1.6153991183309129 1.6171848326166272 1.6436010392737055 1.64538675355942 1.6480320289353338 1.6498177432210483 1.6542300856596885 1.656015799945403 1.6845007120337956 1.6862864263195099 1.6972023912764156 1.6989881055621299 1.7192232195578616 1.7210089338435759 1.7563960669299867 1.758181781215701 1.7664415639338944 1.7682272782196087;
