m;1
n;2
P;39
P1;2 4 6 8 10 12 14 16 18 20 22 24 26 28 30 32 34 36 38
Q;40
M;100
h;1 1 1 1 1 1 1 1 1 1 1 1 1 1 1 1 1 1 1 1 1 1 1 1 1 1 1 1 1 1 1 1 1 1 1 1 1 1 1
Vmin;52 52 52 52 52 52 52 52 52 52 52 52 52 52 52 52 52 52 52 52 52 52 52 52 52 52 52 52 52 52 52 52 52 52 52 52 52 52 52;46 46 46 46 46 46 46 46 46 46 46 46 46 46 46 46 46 46 46 46 46 46 46 46 46 46 46 46 46 46 46 46 46 46 46 46 46 46 46;
Vmax;52 52 52 52 52 52 52 52 52 52 52 52 52 52 52 52 52 52 52 52 52 52 52 52 52 52 52 52 52 52 52 52 52 52 52 52 52 52 52;46 46 46 46 46 46 46 46 46 46 46 46 46 46 46 46 46 46 46 46 46 46 46 46 46 46 46 46 46 46 46 46 46 46 46 46 46 46 46;
d;3.000 23.705 3.000 42.000 3.000 12.141 3.000 58.779 3.000 71.287 3.000 42.628 3.000 62.523 3.000 30.933 3.000 44.363 3.000 48.744 3.000 23.633 3.000 3.379 3.000 29.776 3.000 34.675 3.000 12.448 3.000 43.056 3.000 7.319 3.000 34.575 3.000 18.798 3.000
S;13.553123432591796 13.495431124899488 13.133923120614297 13.076230812921988 12.411329313137722 12.353637005445414 12.212883934156974 12.155191626464665 11.327184583205632 11.269492275513324 11.030108534680354 10.972416226988045 10.305588536841126 10.247896229148818 9.6752737790819268 9.6175814713896184 9.5526098170098717 9.4949175093175633 9.0404409032778172 8.9827485955855089 8.0453695222190138 7.9876772145267054 7.134542740035501 7.0768504323431936 6.4819774869562341 6.4242851792639266 5.2219205429601425 5.164228235267835 4.3444611954399797 4.2867688877476722 2.9158614790828996 2.8581691713905921 1.7278048024649506 1.6701124947726429 1.4366221906330741 1.3789298829407663 0.57124652506538298 0.51355421737307527 0.057692307692307696 0;0 0.057692307692307696 0.54240037121922913 0.60009267891153684 1.4077760367869203 1.465468344479228 1.6989586486187969 1.7566509563111046 2.8870153252367459 2.9447076329290534 4.3156150415938255 4.373307349286133 5.1930743891139883 5.2507666968062958 6.4531313331100799 6.5108236408023874 7.1056965861893469 7.1633888938816543 8.0165233683728587 8.0742156760651671 9.0115947494316622 9.0692870571239705 9.5237636631637166 9.581455970856025 9.6464276252357717 9.7041199329280801 10.276742382994971 10.33443469068728 11.001262380834198 11.058954688526507 11.298338429359477 11.356030737051785 12.184037780310819 12.241730088003127 12.382483159291567 12.440175466983876 13.105076966768141 13.16276927446045 13.524277278745641 13.58196958643795;
