m;8
n;16
P;39
P1;2 4 6 8 10 12 14 16 18 20 22 24 26 28 30 32 34 36 38
Q;40
M;100
h;1 1 1 1 1 1 1 1 1 1 1 1 1 1 1 1 1 1 1 1 1 1 1 1 1 1 1 1 1 1 1 1 1 1 1 1 1 1 1
Vmin;42 42 42 42 42 42 42 42 42 42 42 42 42 42 42 42 42 42 42 42 42 42 42 42 42 42 42 42 42 42 42 42 42 42 42 42 42 42 42;32 32 32 32 32 32 32 32 32 32 32 32 32 32 32 32 32 32 32 32 32 32 32 32 32 32 32 32 32 32 32 32 32 32 32 32 32 32 32;43 43 43 43 43 43 43 43 43 43 43 43 43 43 43 43 43 43 43 43 43 43 43 43 43 43 43 43 43 43 43 43 43 43 43 43 43 43 43;45 45 45 45 45 45 45 45 45 45 45 45 45 45 45 45 45 45 45 45 45 45 45 45 45 45 45 45 45 45 45 45 45 45 45 45 45 45 45;52 52 52 52 52 52 52 52 52 52 52 52 52 52 52 52 52 52 52 52 52 52 52 52 52 52 52 52 52 52 52 52 52 52 52 52 52 52 52;50 50 50 50 50 50 50 50 50 50 50 50 50 50 50 50 50 50 50 50 50 50 50 50 50 50 50 50 50 50 50 50 50 50 50 50 50 50 50;48 48 48 48 48 48 48 48 48 48 48 48 48 48 48 48 48 48 48 48 48 48 48 48 48 48 48 48 48 48 48 48 48 48 48 48 48 48 48;44 44 44 44 44 44 44 44 44 44 44 44 44 44 44 44 44 44 44 44 44 44 44 44 44 44 44 44 44 44 44 44 44 44 44 44 44 44 44;28 28 28 28 28 28 28 28 28 28 28 28 28 28 28 28 28 28 28 28 28 28 28 28 28 28 28 28 28 28 28 28 28 28 28 28 28 28 28;41 41 41 41 41 41 41 41 41 41 41 41 41 41 41 41 41 41 41 41 41 41 41 41 41 41 41 41 41 41 41 41 41 41 41 41 41 41 41;30 30 30 30 30 30 30 30 30 30 30 30 30 30 30 30 30 30 30 30 30 30 30 30 30 30 30 30 30 30 30 30 30 30 30 30 30 30 30;43 43 43 43 43 43 43 43 43 43 43 43 43 43 43 43 43 43 43 43 43 43 43 43 43 43 43 43 43 43 43 43 43 43 43 43 43 43 43;48 48 48 48 48 48 48 48 48 48 48 48 48 48 48 48 48 48 48 48 48 48 48 48 48 48 48 48 48 48 48 48 48 48 48 48 48 48 48;47 47 47 47 47 47 47 47 47 47 47 47 47 47 47 47 47 47 47 47 47 47 47 47 47 47 47 47 47 47 47 47 47 47 47 47 47 47 47;28 28 28 28 28 28 28 28 28 28 28 28 28 28 28 28 28 28 28 28 28 28 28 28 28 28 28 28 28 28 28 28 28 28 28 28 28 28 28;39 39 39 39 39 39 39 39 39 39 39 39 39 39 39 39 39 39 39 39 39 39 39 39 39 39 39 39 39 39 39 39 39 39 39 39 39 39 39;
Vmax;42 42 42 42 42 42 42 42 42 42 42 42 42 42 42 42 42 42 42 42 42 42 42 42 42 42 42 42 42 42 42 42 42 42 42 42 42 42 42;32 32 32 32 32 32 32 32 32 32 32 32 32 32 32 32 32 32 32 32 32 32 32 32 32 32 32 32 32 32 32 32 32 32 32 32 32 32 32;43 43 43 43 43 43 43 43 43 43 43 43 43 43 43 43 43 43 43 43 43 43 43 43 43 43 43 43 43 43 43 43 43 43 43 43 43 43 43;45 45 45 45 45 45 45 45 45 45 45 45 45 45 45 45 45 45 45 45 45 45 45 45 45 45 45 45 45 45 45 45 45 45 45 45 45 45 45;52 52 52 52 52 52 52 52 52 52 52 52 52 52 52 52 52 52 52 52 52 52 52 52 52 52 52 52 52 52 52 52 52 52 52 52 52 52 52;50 50 50 50 50 50 50 50 50 50 50 50 50 50 50 50 50 50 50 50 50 50 50 50 50 50 50 50 50 50 50 50 50 50 50 50 50 50 50;48 48 48 48 48 48 48 48 48 48 48 48 48 48 48 48 48 48 48 48 48 48 48 48 48 48 48 48 48 48 48 48 48 48 48 48 48 48 48;44 44 44 44 44 44 44 44 44 44 44 44 44 44 44 44 44 44 44 44 44 44 44 44 44 44 44 44 44 44 44 44 44 44 44 44 44 44 44;28 28 28 28 28 28 28 28 28 28 28 28 28 28 28 28 28 28 28 28 28 28 28 28 28 28 28 28 28 28 28 28 28 28 28 28 28 28 28;41 41 41 41 41 41 41 41 41 41 41 41 41 41 41 41 41 41 41 41 41 41 41 41 41 41 41 41 41 41 41 41 41 41 41 41 41 41 41;30 30 30 30 30 30 30 30 30 30 30 30 30 30 30 30 30 30 30 30 30 30 30 30 30 30 30 30 30 30 30 30 30 30 30 30 30 30 30;43 43 43 43 43 43 43 43 43 43 43 43 43 43 43 43 43 43 43 43 43 43 43 43 43 43 43 43 43 43 43 43 43 43 43 43 43 43 43;48 48 48 48 48 48 48 48 48 48 48 48 48 48 48 48 48 48 48 48 48 48 48 48 48 48 48 48 48 48 48 48 48 48 48 48 48 48 48;47 47 47 47 47 47 47 47 47 47 47 47 47 47 47 47 47 47 47 47 47 47 47 47 47 47 47 47 47 47 47 47 47 47 47 47 47 47 47;28 28 28 28 28 28 28 28 28 28 28 28 28 28 28 28 28 28 28 28 28 28 28 28 28 28 28 28 28 28 28 28 28 28 28 28 28 28 28;39 39 39 39 39 39 39 39 39 39 39 39 39 39 39 39 39 39 39 39 39 39 39 39 39 39 39 39 39 39 39 39 39 39 39 39 39 39 39;
d;3.000 67.482 3.000 59.735 3.000 23.390 3.000 33.883 3.000 38.892 3.000 9.993 3.000 94.787 3.000 85.181 3.000 43.913 3.000 151.322 3.000 38.017 3.000 52.564 3.000 37.700 3.000 69.239 3.000 16.839 3.000 104.562 3.000 36.018 3.000 77.112 3.000 21.053 3.000
S;26.706727835248511 26.635299263819938 26.134035885358323 26.06260731392975 24.226606426596092 24.155177855167519 23.297598492262093 23.22616992083352 20.736609687117543 20.66518111568897 20.264258871062893 20.19283029963432 18.544285663577099 18.472857092148526 17.575232481540528 17.503803910111955 16.252275550659608 16.180846979231035 15.275678216196395 15.204249644767824 11.601349210812518 11.529920639383947 10.484382218861812 10.412953647433241 8.3848331627258226 8.3134045912972514 6.0565816985420575 5.9851531271134863 5.7472191157992345 5.6757905443706633 4.7497842653361841 4.678355693907613 3.8716070552336634 3.8001784838050918 3.2432747539661553 3.1718461825375837 1.7495723891760224 1.678143817747451 0.071428571428571425 0;35.385913617096989 35.292163617096989 34.634255432866119 34.540505432866119 32.130754268240693 32.037004268240693 30.911431354427318 30.817681354427318 27.550133547675099 27.456383547675099 26.930173101603373 26.836423101603373 24.672708266778269 24.578958266778269 23.400825965355274 23.307075965355274 21.664444993574069 21.570694993574069 20.382660992091104 20.288910992091104 15.560104172524765 15.466354172524765 14.094084995589462 14.000334995589462 11.338426859410976 11.244676859410976 8.2825968126697855 8.1888468126697855 7.8765584228198291 7.7828084228198291 6.5674251815870752 6.4736751815870752 5.4148175933275162 5.3210675933275162 4.5901314479139126 4.4963814479139126 2.629647094126863 2.535897094126863 0.42708333333333331 0.33333333333333331;26.752307808072153 26.68254036621169 26.192934275621276 26.123166833760813 24.329863641481428 24.260096199620964 23.422460542829619 23.352693100969155 20.921029616874481 20.851262175014018 20.459663703518778 20.389896261658315 18.779689872951263 18.709922431090799 17.833172811427175 17.763405369566712 16.540982320799305 16.471214878938842 15.587096552253843 15.517329110393378 11.99821705862308 11.928449616762615 10.907226043229366 10.837458601368901 8.8565037093290986 8.7867362674686333 6.5823976280333287 6.5126301861728635 6.2802295239589432 6.2104620820984779 5.3059908328089866 5.2362233909485214 4.4482363485228031 4.3784689066623379 3.8345164263545399 3.7647489844940747 2.3755513258618515 2.3057838840013862 0.73643410852713176 0.66666666666666663;25.926279312898593 25.859612646231927 25.391766826334418 25.325100159667752 23.611499331489672 23.544832664823005 22.744425259444608 22.677758592777941 20.354169041309699 20.287502374643033 19.913308279658693 19.846641612992027 18.307999952671953 18.241333286005286 17.403550316104489 17.336883649437823 16.168790513948966 16.1021238472823 15.257299668449967 15.190633001783301 11.827925930091682 11.761259263425016 10.785423404271024 10.718756737604357 8.825844285210767 8.7591776185441006 6.6528095853059206 6.5861429186392542 6.364071174745952 6.2974045080792855 5.4331319809804386 5.3664653143137722 4.6134999182180856 4.5468332515514192 4.0270564370350783 3.9603897703684119 2.632934229897621 2.5662675632309542 1.0666666666666667 1;22.904151969495572 22.846459661803266 22.44159308689196 22.383900779199653 20.900976985584009 20.843284677891702 20.150624423237321 20.092932115545015 18.082133465235959 18.024441157543652 17.700619344576435 17.642927036884128 16.311410215453297 16.25371790776099 15.528713414577608 15.471021106885299 14.460171278096865 14.402478970404557 13.671381123338117 13.613688815645808 10.70365384975883 10.645961542066521 9.8014882024140277 9.7437958947217194 8.1056985801503441 8.0480062724580357 6.2251877821557642 6.1674954744634567 5.975318003786561 5.9176256960942535 5.1696975476433282 5.1120052399510207 4.4604005702528307 4.4027082625605232 3.952901403844459 3.8952090961521515 2.7464494938216593 2.6887571861293518 1.391025641025641 1.3333333333333333;24.100318048275398 24.040318048275399 23.619256810367641 23.559256810367643 22.017016065007372 21.957016065007373 21.236649400166815 21.176649400166816 19.085418803845396 19.025418803845398 18.688644118359491 18.628644118359492 17.243866624071426 17.183866624071428 16.42986195116071 16.369861951160711 15.318578129220739 15.258578129220739 14.498236368271641 14.438236368271641 11.411800003749184 11.351800003749183 10.473547730510589 10.413547730510588 8.7099265233563568 8.6499265233563563 6.7541952934419935 6.6941952934419939 6.4943307239380221 6.4343307239380225 5.6564854495490602 5.5964854495490606 4.9188165930629433 4.8588165930629437 4.3910174599982374 4.3310174599982378 3.1363074735745258 3.0763074735745257 1.7266666666666668 1.6666666666666667;25.368386855842434 25.305886855842434 24.867281399688522 24.804781399688522 23.198280623271572 23.135780623271572 22.385398680729324 22.322898680729324 20.144533476227846 20.082033476227846 19.731226512180029 19.668726512180029 18.22624995562996 18.16374995562996 17.378328421347963 17.315828421347963 16.220741106827159 16.158241106827159 15.366218439171847 15.303718439171847 12.151180559460954 12.088680559460954 11.173834441504086 11.111334441504086 9.3367290173850961 9.2742290173850961 7.2995089862243017 7.2370089862243017 7.0288167263243313 6.9663167263243313 6.1560612321691615 6.0935612321691615 5.3876561733294555 5.3251561733294555 4.8378654097203864 4.7753654097203864 3.5308758405290197 3.4683758405290197 2.0625 2;27.82611899425234 27.757937176070524 27.279458496629889 27.211276678448073 25.458730376902309 25.390548558720493 24.571950075947132 24.503768257765316 22.127369852854613 22.059188034672797 21.676489528438815 21.608307710256998 20.034696921293285 19.966515103111469 19.10969161116747 19.041509792985654 17.846869086235689 17.778687268053872 16.914662539702622 16.846480721520805 13.407348489108921 13.339166670927103 12.341152724065065 12.272970905883247 10.337037715935256 10.268855897753438 8.1146158637598447 8.0464340455780263 7.819315216596241 7.7511333984144226 6.8672183138815104 6.799036495699692 6.0289582496927405 5.9607764315109222 5.4291865075737551 5.3610046893919368 4.0033797048195368 3.9351978866377189 2.4015151515151518 2.3333333333333335;0 0.071428571428571425 1.7138581034617368 1.7852866748903082 3.2075604682518697 3.2789890396804413 3.8358927695193779 3.9073213409479495 4.7140699796218994 4.7854985510504706 5.7115048300849498 5.782933401513521 6.0208674128277728 6.092295984256344 8.3491188770115379 8.4205474484401091 10.448667933147526 10.520096504576097 11.565634925098232 11.637063496526803 15.239963930482109 15.31139250191068 16.216561264945319 16.287989836373892 17.53951819582624 17.610946767254813 18.508571377862811 18.579999949291384 20.228544585348605 20.299973156777178 20.700895401403255 20.772323972831828 23.261884206547805 23.333312777976378 24.190892140881804 24.262320712310377 26.098321599644034 26.169750171072607 26.671013549534223 26.742442120962796;0.33333333333333331 0.42708333333333331 2.582772094126863 2.676522094126863 4.5432564479139126 4.6370064479139126 5.3679425933275162 5.4616925933275162 6.5205501815870752 6.6143001815870752 7.8296834228198291 7.9234334228198291 8.2357218126697855 8.3294718126697855 11.291551859410976 11.385301859410976 14.047209995589462 14.140959995589462 15.513229172524765 15.606979172524765 20.335785992091104 20.429535992091104 21.617569993574069 21.711319993574069 23.353950965355274 23.447700965355274 24.625833266778269 24.719583266778269 26.883298101603373 26.977048101603373 27.503258547675099 27.597008547675099 30.864556354427318 30.958306354427318 32.083879268240693 32.177629268240693 34.587380432866119 34.681130432866119 35.339038617096989 35.432788617096989;0.66666666666666663 0.73643410852713176 2.3406676049316189 2.4104350467920841 3.7996327054243073 3.8694001472847726 4.4133526275925714 4.4831200694530366 5.2711071118787549 5.3408745537392202 6.2453458030287115 6.3151132448891767 6.547513907103097 6.6172813489635622 8.8216199883988686 8.8913874302593339 10.872342322299136 10.942109764159602 11.96333333769285 12.033100779553315 15.552212831323613 15.621980273184079 16.506098599869077 16.57586604172954 17.798289090496947 17.868056532357411 18.744806152021035 18.814573593881498 20.42477998258855 20.494547424449014 20.886145895944253 20.955913337804716 23.38757682189939 23.457344263759854 24.294979920551199 24.364747362411663 26.158050554691048 26.227817996551511 26.717424087141925 26.787191529002389;1 1.0666666666666667 2.5996008965642874 2.6662675632309543 3.9937231037017451 4.0603897703684115 4.5801665848847524 4.6468332515514188 5.3997986476471054 5.4664653143137718 6.3307378414126187 6.3974045080792852 6.6194762519725874 6.6861429186392538 8.7925109518774356 8.859177618544102 10.752090070937692 10.818756737604359 11.794592596758351 11.861259263425017 15.223966335116636 15.290633001783302 16.135457180615635 16.202123847282301 17.370216982771158 17.436883649437824 18.274666619338621 18.341333286005288 19.879974946325362 19.946641612992028 20.320835707976368 20.387502374643034 22.71109192611128 22.777758592777946 23.578165998156344 23.64483266482301 25.35843349300109 25.425100159667757 25.892945979565265 25.959612646231932;1.3333333333333333 1.391025641025641 2.7176033399755051 2.7752956476678126 3.9240552499983048 3.9817475576906123 4.4315544164066765 4.489246724098984 5.140851393797174 5.1985437014894815 5.9464718499404068 6.0041641576327143 6.19634162830961 6.2540339360019175 8.076852426304189 8.1345447339964974 9.7726420485678727 9.830334356260181 10.674807695912675 10.732500003604983 13.642534969491962 13.70022727718427 14.43132512425071 14.489017431943019 15.499867260731452 15.557559568423761 16.282564061607143 16.34025636929945 17.671773190730281 17.729465498422588 18.053287311389806 18.110979619082112 20.121778269391168 20.179470577083475 20.872130831737856 20.929823139430162 22.412746933045806 22.470439240738113 22.875305815649419 22.932998123341726;1.6666666666666667 1.7266666666666668 3.1063074735745255 3.1663074735745256 4.3610174599982372 4.4210174599982368 4.888816593062943 4.9488165930629426 5.6264854495490599 5.6864854495490595 6.4643307239380219 6.5243307239380215 6.7241952934419933 6.7841952934419929 8.6799265233563556 8.7399265233563561 10.443547730510588 10.503547730510588 11.381800003749182 11.441800003749183 14.46823636827164 14.52823636827164 15.288578129220738 15.348578129220739 16.399861951160709 16.459861951160708 17.213866624071425 17.273866624071424 18.65864411835949 18.718644118359489 19.055418803845395 19.115418803845394 21.206649400166814 21.266649400166813 21.987016065007371 22.047016065007369 23.58925681036764 23.649256810367639 24.070318048275396 24.130318048275395;2 2.0625 3.4996258405290197 3.5621258405290197 4.8066154097203864 4.8691154097203864 5.3564061733294555 5.4189061733294555 6.1248112321691615 6.1873112321691615 6.9975667263243313 7.0600667263243313 7.2682589862243017 7.3307589862243017 9.3054790173850961 9.3679790173850961 11.142584441504086 11.205084441504086 12.119930559460954 12.182430559460954 15.334968439171847 15.397468439171847 16.189491106827159 16.251991106827159 17.347078421347963 17.409578421347963 18.19499995562996 18.25749995562996 19.699976512180029 19.762476512180029 20.113283476227846 20.175783476227846 22.354148680729324 22.416648680729324 23.167030623271572 23.229530623271572 24.836031399688522 24.898531399688522 25.337136855842434 25.399636855842434;2.3333333333333335 2.4015151515151518 3.9692887957286276 4.0374706139104459 5.3950955984828459 5.4632774166646643 5.9948673406018305 6.0630491587836488 6.8331274047906003 6.9013092229724187 7.7852243075053309 7.8534061256871492 8.0805249546689346 8.148706772850753 10.302946806844346 10.371128625026165 12.307061814974155 12.375243633155973 13.373257580018011 13.441439398199829 16.880571630611712 16.948753448793529 17.812778177144779 17.880959995326595 19.07560070207656 19.143782520258377 20.000606012202375 20.068787830384192 21.642398619347905 21.710580437529721 22.093278943763703 22.16146076194552 24.537859166856222 24.606040985038039 25.424639467811399 25.492821285993216 27.245367587538979 27.313549405720796 27.79202808516143 27.860209903343247;
