m;5
n;10
P;39
P1;2 4 6 8 10 12 14 16 18 20 22 24 26 28 30 32 34 36 38
Q;40
M;100
h;1 1 1 1 1 1 1 1 1 1 1 1 1 1 1 1 1 1 1 1 1 1 1 1 1 1 1 1 1 1 1 1 1 1 1 1 1 1 1
Vmin;28 28 28 28 28 28 28 28 28 28 28 28 28 28 28 28 28 28 28 28 28 28 28 28 28 28 28 28 28 28 28 28 28 28 28 28 28 28 28;47 47 47 47 47 47 47 47 47 47 47 47 47 47 47 47 47 47 47 47 47 47 47 47 47 47 47 47 47 47 47 47 47 47 47 47 47 47 47;34 34 34 34 34 34 34 34 34 34 34 34 34 34 34 34 34 34 34 34 34 34 34 34 34 34 34 34 34 34 34 34 34 34 34 34 34 34 34;52 52 52 52 52 52 52 52 52 52 52 52 52 52 52 52 52 52 52 52 52 52 52 52 52 52 52 52 52 52 52 52 52 52 52 52 52 52 52;43 43 43 43 43 43 43 43 43 43 43 43 43 43 43 43 43 43 43 43 43 43 43 43 43 43 43 43 43 43 43 43 43 43 43 43 43 43 43;50 50 50 50 50 50 50 50 50 50 50 50 50 50 50 50 50 50 50 50 50 50 50 50 50 50 50 50 50 50 50 50 50 50 50 50 50 50 50;48 48 48 48 48 48 48 48 48 48 48 48 48 48 48 48 48 48 48 48 48 48 48 48 48 48 48 48 48 48 48 48 48 48 48 48 48 48 48;51 51 51 51 51 51 51 51 51 51 51 51 51 51 51 51 51 51 51 51 51 51 51 51 51 51 51 51 51 51 51 51 51 51 51 51 51 51 51;31 31 31 31 31 31 31 31 31 31 31 31 31 31 31 31 31 31 31 31 31 31 31 31 31 31 31 31 31 31 31 31 31 31 31 31 31 31 31;42 42 42 42 42 42 42 42 42 42 42 42 42 42 42 42 42 42 42 42 42 42 42 42 42 42 42 42 42 42 42 42 42 42 42 42 42 42 42;
Vmax;28 28 28 28 28 28 28 28 28 28 28 28 28 28 28 28 28 28 28 28 28 28 28 28 28 28 28 28 28 28 28 28 28 28 28 28 28 28 28;47 47 47 47 47 47 47 47 47 47 47 47 47 47 47 47 47 47 47 47 47 47 47 47 47 47 47 47 47 47 47 47 47 47 47 47 47 47 47;34 34 34 34 34 34 34 34 34 34 34 34 34 34 34 34 34 34 34 34 34 34 34 34 34 34 34 34 34 34 34 34 34 34 34 34 34 34 34;52 52 52 52 52 52 52 52 52 52 52 52 52 52 52 52 52 52 52 52 52 52 52 52 52 52 52 52 52 52 52 52 52 52 52 52 52 52 52;43 43 43 43 43 43 43 43 43 43 43 43 43 43 43 43 43 43 43 43 43 43 43 43 43 43 43 43 43 43 43 43 43 43 43 43 43 43 43;50 50 50 50 50 50 50 50 50 50 50 50 50 50 50 50 50 50 50 50 50 50 50 50 50 50 50 50 50 50 50 50 50 50 50 50 50 50 50;48 48 48 48 48 48 48 48 48 48 48 48 48 48 48 48 48 48 48 48 48 48 48 48 48 48 48 48 48 48 48 48 48 48 48 48 48 48 48;51 51 51 51 51 51 51 51 51 51 51 51 51 51 51 51 51 51 51 51 51 51 51 51 51 51 51 51 51 51 51 51 51 51 51 51 51 51 51;31 31 31 31 31 31 31 31 31 31 31 31 31 31 31 31 31 31 31 31 31 31 31 31 31 31 31 31 31 31 31 31 31 31 31 31 31 31 31;42 42 42 42 42 42 42 42 42 42 42 42 42 42 42 42 42 42 42 42 42 42 42 42 42 42 42 42 42 42 42 42 42 42 42 42 42 42 42;
d;3.000 25.081 3.000 3.548 3.000 20.991 3.000 5.145 3.000 4.952 3.000 29.625 3.000 46.970 3.000 64.279 3.000 123.318 3.000 15.318 3.000 43.956 3.000 17.801 3.000 28.015 3.000 97.656 3.000 18.576 3.000 47.206 3.000 21.327 3.000 89.140 3.000 62.724 3.000
S;29.486664585558074 29.379521728415217 27.139368884177379 27.032226027034522 23.848645496312095 23.741502639169237 22.979823569592185 22.872680712449327 21.186737446356794 21.079594589213936 20.41616938735304 20.309026530210183 16.821323832502646 16.714180975359788 15.713661863410533 15.606519006267675 14.970759026543666 14.863616169400808 13.293765354941028 13.186622497798171 12.639560533058988 12.532417675916131 8.1282150042488546 8.0210721471059969 5.7254086350243725 5.6182657778815157 3.9407684836069405 3.8336256264640833 2.7756065617225936 2.6684637045797364 2.4916216252058949 2.3844787680630377 2.2007260556624604 2.0935831985196032 1.3438932403662396 1.2367503832233824 1.1100233854228205 1.0028805282799633 0.10714285714285714 0;17.899856916218997 17.836027128984956 16.501467987736881 16.437638200502839 14.541037033263947 14.477207246029904 14.023440991813787 13.959611204579744 12.955219471588448 12.891389684354404 12.496157649203232 12.432327861969188 10.354547531420017 10.290717744185974 9.6946638051523735 9.63083401791833 9.252083391699772 9.1882536044657286 8.2530233320216038 8.1891935447875603 7.8632842891982611 7.7994545019642185 5.1756741869283944 5.1118443996943519 3.7442150733478528 3.6803852861138102 2.6810251959076803 2.6171954086736378 1.9868861786148782 1.9230563913808356 1.817703663243228 1.7538738760091854 1.6444041750045861 1.5805743877705436 1.1339505829132206 1.0701207956791781 0.99462386081926879 0.93079407358522626 0.39716312056737585 0.33333333333333331;24.949802207714495 24.861566913596846 23.016735159518625 22.928499865400976 20.306727663629566 20.218492369511917 19.59122725338964 19.502991959271991 18.114568093078141 18.026332798960492 17.479982632722106 17.391747338604457 14.519521587551193 14.431286293433546 13.607329377710629 13.519094083592982 12.995527041467328 12.907291747349682 11.614473429559276 11.526238135441629 11.075716517421126 10.98748122330348 7.3604907878127817 7.2722554936951349 5.3817090719808558 5.2934737778632091 3.9120054178723827 3.8237701237547355 2.9524603057323322 2.864225011614685 2.718590358012698 2.6303550638950508 2.479029300741634 2.3907940066239868 1.7734022763800401 1.6851669822623931 1.5808035723089893 1.4925682781913423 0.75490196078431371 0.66666666666666663;16.877434776838967 16.819742469146661 15.613506322249364 15.555814014557056 13.841578344168056 13.783886036475748 13.373751152857334 13.316058845165026 12.408243240345969 12.350550932653661 11.993321977805484 11.935629670113176 10.057635909809118 9.9999436021168098 9.4612025418364407 9.4035102341441323 9.0611779373696653 9.0034856296773569 8.158181344968245 8.1004890372759366 7.8059172101086842 7.7482249024163767 5.3767311561339968 5.3190388484416893 4.0829123419361997 4.0252200342438922 3.1219522604037366 3.0642599527114291 2.4945573793890885 2.436865071696781 2.341642413572405 2.2839501058800975 2.1850063376644018 2.1273140299720943 1.7236348217356674 1.6659425140433597 1.5977048998430572 1.5400125921507495 1.0576923076923077 1;20.533952133231608 20.464184691371145 19.0054805137279 18.935713071867436 16.862683889071437 16.792916447210974 16.296939378649171 16.227171936788707 15.129348414681942 15.059580972821477 14.627583166958567 14.557815725098102 12.286753503335056 12.216986061474591 11.565485244391354 11.495717802530889 11.081734559919907 11.011967118059442 9.9897386807367941 9.9199712388763288 9.563744843232211 9.4939774013717457 6.6261244988907286 6.5563570570302634 5.0615063980003683 4.991738956139903 3.899415136612272 3.8296476947518068 3.1407050479433947 3.0709376060829294 2.9557846241650791 2.8860171823046139 2.7663642532995869 2.6965968114391217 2.2084266061299545 2.1386591642694892 2.0561392587249374 1.9863718168644722 1.4031007751937983 1.3333333333333333;0 0.10714285714285714 1.0564519568513919 1.1635948139942491 1.290321811794811 1.3974646689376682 2.147154627091032 2.2542974842338892 2.4380501966344665 2.5451930537773237 2.7220351331511652 2.8291779902940224 3.8871970550355122 3.9943399121783694 5.6718372064529445 5.7789800635958013 8.0746435756774257 8.1817864328202834 12.58598910448756 12.693131961630417 13.240193926369599 13.347336783512457 14.917187597972237 15.024330455115095 15.660090434839104 15.767233291981961 16.767752403931219 16.874895261074077 20.362597958781613 20.469740815924471 21.133166017785367 21.240308874928225 22.926252141020758 23.033394998163615 23.795074067740668 23.902216924883525 27.085797455605952 27.19294031274881 29.433093156986647 29.540236014129505;0.33333333333333331 0.39716312056737585 0.96270896720224775 1.0265387544362903 1.1020356892961995 1.1658654765302421 1.6124892813875653 1.6763190686216078 1.7857887696262071 1.8496185568602497 1.9549712849978573 2.0188010722318999 2.6491103022906595 2.712940089524702 3.7123001797308319 3.7761299669648745 5.1437592933113745 5.207589080545417 7.8313693955812411 7.8951991828152837 8.2211084384045829 8.2849382256386264 9.2201684980827512 9.2839982853167946 9.6627489115353526 9.7265786987693961 10.322632637802997 10.38646242503704 12.464242755586209 12.528072542820253 12.923304577971425 12.987134365205469 13.991526098196765 14.055355885430808 14.509122139646925 14.572951926880968 16.46955309411986 16.533382881353901 17.867942022601977 17.931771809836018;0.66666666666666663 0.75490196078431371 1.5366859252501659 1.6249212193678129 1.7292846293212167 1.8175199234388637 2.4349116536828106 2.5231469478004578 2.6744727109538746 2.7627080050715218 2.9083426586735088 2.996577952791156 3.8678877708135593 3.9561230649312065 5.3375914249220333 5.4258267190396801 7.3163731407539592 7.4046084348716059 11.031598870362304 11.119834164479951 11.570355782500453 11.6585910766181 12.951409394408508 13.039644688526154 13.563211730651808 13.651447024769455 14.475403940492372 14.563639234610019 17.435864985663283 17.524100279780932 18.070450446019318 18.158685740136967 19.547109606330817 19.635344900448466 20.262610016570743 20.350845310688392 22.972617512459802 23.060852806577451 24.905684560655672 24.993919854773321;1 1.0576923076923077 1.5688587459969034 1.6265510536892112 1.6947886678895137 1.7524809755818214 2.156160183818248 2.2138524915105555 2.3127962597262512 2.3704885674185587 2.4657112255429348 2.5234035332352422 3.0931061065575829 3.1507984142498904 4.0540661880900464 4.1117584957823539 5.3478850022878444 5.4055773099801518 7.7770710562625318 7.8347633639548393 8.1293351911220917 8.1870274988144001 9.032331783523512 9.0900240912158203 9.4323563879902856 9.490048695682594 10.028789755962963 10.086482063655271 11.964475823959329 12.022168131651638 12.379397086499814 12.437089394192123 13.344904999011179 13.402597306703488 13.812732190321901 13.870424498014209 15.584660168403209 15.642352476095517 16.848588622992814 16.906280930685121;1.3333333333333333 1.4031007751937983 2.0212555377947048 2.09102297965517 2.1735428851997218 2.2433103270601871 2.7314805323693543 2.8012479742298195 2.9209009032348465 2.9906683450953118 3.105821327013162 3.1755887688736273 3.8645314156820394 3.9342988575425046 5.0266226770701348 5.0963901189306 6.5912407779604951 6.6610082198209604 9.5288611223019775 9.5986285641624427 9.9548549598065605 10.024622401667026 11.046850838989673 11.116618280850139 11.530601523461121 11.600368965321586 12.251869782404823 12.321637224265288 14.592699446028334 14.662466887888799 15.094464693751709 15.164232135612174 16.262055657718939 16.331823099579402 16.827800168141206 16.897567610001669 18.970596792797668 19.040364234658131 20.499068412301376 20.56883585416184;
