m;4
n;8
P;39
P1;2 4 6 8 10 12 14 16 18 20 22 24 26 28 30 32 34 36 38
Q;40
M;100
h;1 1 1 1 1 1 1 1 1 1 1 1 1 1 1 1 1 1 1 1 1 1 1 1 1 1 1 1 1 1 1 1 1 1 1 1 1 1 1
Vmin;40 40 40 40 40 40 40 40 40 40 40 40 40 40 40 40 40 40 40 40 40 40 40 40 40 40 40 40 40 40 40 40 40 40 40 40 40 40 40;34 34 34 34 34 34 34 34 34 34 34 34 34 34 34 34 34 34 34 34 34 34 34 34 34 34 34 34 34 34 34 34 34 34 34 34 34 34 34;52 52 52 52 52 52 52 52 52 52 52 52 52 52 52 52 52 52 52 52 52 52 52 52 52 52 52 52 52 52 52 52 52 52 52 52 52 52 52;47 47 47 47 47 47 47 47 47 47 47 47 47 47 47 47 47 47 47 47 47 47 47 47 47 47 47 47 47 47 47 47 47 47 47 47 47 47 47;28 28 28 28 28 28 28 28 28 28 28 28 28 28 28 28 28 28 28 28 28 28 28 28 28 28 28 28 28 28 28 28 28 28 28 28 28 28 28;40 40 40 40 40 40 40 40 40 40 40 40 40 40 40 40 40 40 40 40 40 40 40 40 40 40 40 40 40 40 40 40 40 40 40 40 40 40 40;52 52 52 52 52 52 52 52 52 52 52 52 52 52 52 52 52 52 52 52 52 52 52 52 52 52 52 52 52 52 52 52 52 52 52 52 52 52 52;45 45 45 45 45 45 45 45 45 45 45 45 45 45 45 45 45 45 45 45 45 45 45 45 45 45 45 45 45 45 45 45 45 45 45 45 45 45 45;
Vmax;40 40 40 40 40 40 40 40 40 40 40 40 40 40 40 40 40 40 40 40 40 40 40 40 40 40 40 40 40 40 40 40 40 40 40 40 40 40 40;34 34 34 34 34 34 34 34 34 34 34 34 34 34 34 34 34 34 34 34 34 34 34 34 34 34 34 34 34 34 34 34 34 34 34 34 34 34 34;52 52 52 52 52 52 52 52 52 52 52 52 52 52 52 52 52 52 52 52 52 52 52 52 52 52 52 52 52 52 52 52 52 52 52 52 52 52 52;47 47 47 47 47 47 47 47 47 47 47 47 47 47 47 47 47 47 47 47 47 47 47 47 47 47 47 47 47 47 47 47 47 47 47 47 47 47 47;28 28 28 28 28 28 28 28 28 28 28 28 28 28 28 28 28 28 28 28 28 28 28 28 28 28 28 28 28 28 28 28 28 28 28 28 28 28 28;40 40 40 40 40 40 40 40 40 40 40 40 40 40 40 40 40 40 40 40 40 40 40 40 40 40 40 40 40 40 40 40 40 40 40 40 40 40 40;52 52 52 52 52 52 52 52 52 52 52 52 52 52 52 52 52 52 52 52 52 52 52 52 52 52 52 52 52 52 52 52 52 52 52 52 52 52 52;45 45 45 45 45 45 45 45 45 45 45 45 45 45 45 45 45 45 45 45 45 45 45 45 45 45 45 45 45 45 45 45 45 45 45 45 45 45 45;
d;3.000 20.624 3.000 124.341 3.000 7.436 3.000 17.238 3.000 74.754 3.000 39.016 3.000 4.038 3.000 36.113 3.000 57.318 3.000 135.357 3.000 32.820 3.000 73.166 3.000 70.710 3.000 60.378 3.000 62.522 3.000 3.272 3.000 20.671 3.000 20.002 3.000 45.577 3.000
S;24.133829275687742 24.058829275687742 22.919408716712049 22.844408716712049 22.344362191800137 22.269362191800138 21.752593148491016 21.677593148491017 21.595790381214172 21.520790381214173 19.957745288001583 19.882745288001583 18.373299381416381 18.298299381416381 16.530560281358312 16.455560281358313 14.626402395266641 14.551402395266642 13.730891407522774 13.655891407522775 10.271962622416966 10.196962622416967 8.7640047573282107 8.6890047573282114 7.7861779430195144 7.7111779430195142 7.6102245678639386 7.5352245678639385 6.5598299186932421 6.4848299186932419 4.6159721168404602 4.54097211684046 4.1100202412827231 4.035020241282723 3.8491300642750401 3.7741300642750399 0.66561105151662592 0.59061105151662596 0.074999999999999997 0;28.726073657671872 28.637838363554224 27.297343588288701 27.209108294171052 26.620818264862919 26.532582970745271 25.924619390381601 25.836384096263952 25.740145546526488 25.65191025240884 23.813033672158735 23.724798378041086 21.948979664411436 21.860744370293787 19.781051311401942 19.692816017284294 17.540865563058798 17.452630268941149 16.487323224536599 16.399087930418951 12.417995242059174 12.329759947941527 10.643927165484167 10.55569187136652 9.4935426780621714 9.4053073839445247 9.2865387072909069 9.1983034131732602 8.050780296501852 7.9625450023842053 5.7638887649103445 5.6756534707926978 5.1686512642541835 5.0804159701365368 4.8617216442451454 4.7734863501274987 1.116405158647011 1.028169864529364 0.42156862745098039 0.33333333333333331;19.23115072488801 19.173458417195704 18.296981064137476 18.23928875644517 17.854637583436006 17.796945275743699 17.399430627044374 17.341738319352068 17.278813113754495 17.221120806062189 16.01877842666789 15.961086118975581 14.79997388314081 14.742281575448501 13.382482267711525 13.324789960019217 11.917745432256392 11.860053124564084 11.228890826299571 11.171198518607262 8.5681763762181777 8.5104840685258694 7.4082087876883653 7.3505164799960578 6.6560343151432138 6.5983420074509063 6.5206855650235402 6.4629932573312328 5.7126896810460819 5.6549973733537744 4.2174144488516347 4.1597221411593273 3.8282206984226068 3.7705283907302993 3.6275359468782358 3.5698436391859283 1.1786751678333021 1.1209828601409944 0.72435897435897434 0.66666666666666663;21.539429170798076 21.475599383564035 20.50587975890387 20.442049971669828 20.016478461106498 19.952648673872456 19.512845232758313 19.449015445524271 19.379396069118446 19.315566281884404 17.985315138724754 17.921485351490713 16.636850537375647 16.573020750141605 15.068561941581548 15.004732154347504 13.448002038524805 13.384172251290762 12.685865027678959 12.622035240444916 9.7420958488655049 9.6782660616314615 8.4587274530452863 8.3948976658112429 7.626534419591076 7.5627046323570335 7.4767868662671821 7.4129570790331396 6.5828339733559504 6.5190041861219079 4.9284869079493276 4.8646571207152851 4.4978895670491257 4.4340597798150831 4.2758553738510976 4.2120255866170551 1.5664774906524477 1.5026477034184051 1.0638297872340425 1;0 0.074999999999999997 0.62811105151662594 0.7031110515166259 3.81163006427504 3.8866300642750402 4.0725202412827226 4.1475202412827228 4.5784721168404596 4.6534721168404598 6.5223299186932415 6.5973299186932417 7.5727245678639381 7.6477245678639383 7.7486779430195138 7.823677943019514 8.7265047573282111 8.8015047573282104 10.234462622416967 10.309462622416966 13.693391407522775 13.768391407522774 14.588902395266642 14.663902395266641 16.493060281358311 16.56806028135831 18.335799381416379 18.410799381416378 19.920245288001581 19.995245288001581 21.558290381214171 21.63329038121417 21.715093148491015 21.790093148491014 22.306862191800136 22.381862191800135 22.881908716712047 22.956908716712046 24.09632927568774 24.171329275687739;0.33333333333333331 0.42156862745098039 1.0722875115881874 1.1605228057058343 4.8176039971863212 4.9058392913039679 5.1245336171953593 5.212768911313006 5.7197711178515203 5.808006411969167 8.0066626494430277 8.0948979435606745 9.2424210602320827 9.3306563543497294 9.4494250310033472 9.5376603251209939 10.599809518425342 10.688044812542989 12.37387759500035 12.462112889117996 16.443205577477773 16.531440871595422 17.496747915999972 17.58498321011762 19.736933664343116 19.825168958460765 21.90486201735261 21.993097311470258 23.768916025099909 23.857151319217557 25.696027899467662 25.784263193585311 25.880501743322775 25.968737037440423 26.576700617804093 26.664935911921742 27.253225941229871 27.34146123534752 28.681956010613042 28.770191304730691;0.66666666666666663 0.72435897435897434 1.1498290139871481 1.2075213216794558 3.598689793032082 3.6563821007243895 3.7993745445764531 3.8570668522687606 4.1885682950054814 4.2462606026977889 5.6838435271999295 5.741535834892237 6.4918394111773878 6.5495317188696953 6.6271881612970613 6.6848804689893688 7.3793626338422129 7.4370549415345204 8.5393302223720244 8.5970225300643328 11.200044672453416 11.257736980145724 11.888899278410237 11.946591586102546 13.35363611386537 13.411328421557679 14.771127729294655 14.828820036986963 15.989932272821735 16.047624580514043 17.249966959908342 17.307659267600648 17.370584473198221 17.428276780890528 17.825791429589852 17.883483737282159 18.268134910291323 18.32582721798363 19.202304571041857 19.259996878734164;1 1.0638297872340425 1.5345625970354264 1.5983923842694689 4.2439404802340768 4.3077702674681193 4.4659746734321049 4.5298044606661474 4.8965720143323068 4.9604018015663494 6.5509190797389296 6.6147488669729722 7.4448719726501604 7.508701759884203 7.5946195259740543 7.6584493132080969 8.4268125594282637 8.4906423466623071 9.7101809552484823 9.7740107424825258 12.653950134061937 12.71777992129598 13.416087144907783 13.479916932141826 15.036647047964525 15.100476835198569 16.604935643758626 16.668765430992668 17.953400245107733 18.017230032341775 19.347481175501425 19.411310962735467 19.480930339141292 19.544760126375333 19.984563567489477 20.048393354723519 20.473964865286849 20.537794652520891 21.507514277181055 21.571344064415097;
