m;3
n;6
P;39
P1;2 4 6 8 10 12 14 16 18 20 22 24 26 28 30 32 34 36 38
Q;40
M;100
h;1 1 1 1 1 1 1 1 1 1 1 1 1 1 1 1 1 1 1 1 1 1 1 1 1 1 1 1 1 1 1 1 1 1 1 1 1 1 1
Vmin;28 28 28 28 28 28 28 28 28 28 28 28 28 28 28 28 28 28 28 28 28 28 28 28 28 28 28 28 28 28 28 28 28 28 28 28 28 28 28;40 40 40 40 40 40 40 40 40 40 40 40 40 40 40 40 40 40 40 40 40 40 40 40 40 40 40 40 40 40 40 40 40 40 40 40 40 40 40;36 36 36 36 36 36 36 36 36 36 36 36 36 36 36 36 36 36 36 36 36 36 36 36 36 36 36 36 36 36 36 36 36 36 36 36 36 36 36;52 52 52 52 52 52 52 52 52 52 52 52 52 52 52 52 52 52 52 52 52 52 52 52 52 52 52 52 52 52 52 52 52 52 52 52 52 52 52;38 38 38 38 38 38 38 38 38 38 38 38 38 38 38 38 38 38 38 38 38 38 38 38 38 38 38 38 38 38 38 38 38 38 38 38 38 38 38;51 51 51 51 51 51 51 51 51 51 51 51 51 51 51 51 51 51 51 51 51 51 51 51 51 51 51 51 51 51 51 51 51 51 51 51 51 51 51;
Vmax;28 28 28 28 28 28 28 28 28 28 28 28 28 28 28 28 28 28 28 28 28 28 28 28 28 28 28 28 28 28 28 28 28 28 28 28 28 28 28;40 40 40 40 40 40 40 40 40 40 40 40 40 40 40 40 40 40 40 40 40 40 40 40 40 40 40 40 40 40 40 40 40 40 40 40 40 40 40;36 36 36 36 36 36 36 36 36 36 36 36 36 36 36 36 36 36 36 36 36 36 36 36 36 36 36 36 36 36 36 36 36 36 36 36 36 36 36;52 52 52 52 52 52 52 52 52 52 52 52 52 52 52 52 52 52 52 52 52 52 52 52 52 52 52 52 52 52 52 52 52 52 52 52 52 52 52;38 38 38 38 38 38 38 38 38 38 38 38 38 38 38 38 38 38 38 38 38 38 38 38 38 38 38 38 38 38 38 38 38 38 38 38 38 38 38;51 51 51 51 51 51 51 51 51 51 51 51 51 51 51 51 51 51 51 51 51 51 51 51 51 51 51 51 51 51 51 51 51 51 51 51 51 51 51;
d;3.000 81.608 3.000 42.752 3.000 7.463 3.000 17.571 3.000 24.277 3.000 30.160 3.000 65.191 3.000 85.441 3.000 21.116 3.000 113.170 3.000 60.964 3.000 15.636 3.000 61.215 3.000 36.101 3.000 29.782 3.000 33.652 3.000 64.670 3.000 10.846 3.000 21.601 3.000
S;31.543431200648602 31.436288343505744 30.664825643424201 30.557682786281344 30.170341070626545 30.063198213483687 27.753552351331553 27.646409494188696 26.444539967780511 26.337397110637653 25.273748118103523 25.166605260960665 23.877268316481931 23.770125459339074 21.583890149154055 21.476747292011197 20.918333723402185 20.811190866259327 18.63389232300436 18.526749465861503 14.484963591945681 14.377820734802823 13.623668657550624 13.516525800407766 10.465064730118437 10.357921872975579 8.0296565398505937 7.9225136827077369 6.8453760881662378 6.738233231023381 5.8712034019893125 5.7640605448464557 5.1365248897093503 5.0293820325664935 4.7628349490647084 4.6556920919218516 3.1288518586458594 3.0217090015030021 0.10714285714285714 0;22.413735173787337 22.338735173787338 21.79871128373026 21.72371128373026 21.452572082771901 21.377572082771902 19.76081997926541 19.68581997926541 18.844511310779684 18.769511310779684 18.024957016005793 17.949957016005794 17.04742115487068 16.97242115487068 15.442056437741169 15.367056437741169 14.976166939714862 14.901166939714862 13.377057959436385 13.302057959436386 10.472807847695311 10.397807847695312 9.8699013936187718 9.7949013936187725 7.6588786444162418 7.5838786444162416 5.9540929112287513 5.8790929112287511 5.1250965950497012 5.050096595049701 4.4431757147258528 4.3681757147258526 3.9289007561298792 3.853900756129879 3.6673177976786295 3.5923177976786294 2.5235296343854348 2.4485296343854346 0.40833333333333333 0.33333333333333331;25.20044648939334 25.117113156060007 24.517086611552141 24.433753278218809 24.13248749937619 24.049154166042857 22.252762939924533 22.169429606591201 21.234642197162614 21.151308863829282 20.324026314080513 20.24069298074718 19.237875357263722 19.154542023930389 17.454136782675373 17.370803449342041 16.936481784868366 16.853148451535034 15.159694029003393 15.07636069567006 11.932749460402198 11.849416127068864 11.262853400317153 11.17952006698382 8.8061614567587849 8.722828123425451 6.9119550865504626 6.8286217532171296 5.9908480685737411 5.907514735240408 5.2331582015472433 5.1498248682139103 4.6617415808850504 4.5784082475517174 4.3710938492725511 4.287760515939218 3.1002181122801131 3.0168847789467796 0.75 0.66666666666666663;0 0.10714285714285714 3.075280430074431 3.1824232872172882 4.7092635204932805 4.8164063776361372 5.0829534611379223 5.1900963182807791 5.8176319734178845 5.9247748305607413 6.7918046595948098 6.8989475167376666 7.9760851112791658 8.0832279684220225 10.411493301547008 10.518636158689866 13.570097228979197 13.677240086122055 14.431392163374253 14.538535020517111 18.580320894432933 18.687463751575791 20.864762294830758 20.971905151973615 21.530318720582628 21.637461577725485 23.823696887910504 23.930839745053362 25.220176689532096 25.327319546674953 26.390968539209084 26.498111396351941 27.699980922760126 27.807123779902984 30.116769642055118 30.223912499197976 30.611254214852774 30.718397071995632 31.489859772077175 31.597002629220032;0.33333333333333331 0.40833333333333333 2.4860296343854347 2.5610296343854348 3.629817797678629 3.7048177976786292 3.8914007561298787 3.9664007561298789 4.4056757147258523 4.4806757147258525 5.0875965950497006 5.1625965950497008 5.9165929112287508 5.9915929112287509 7.6213786444162412 7.6963786444162414 9.8324013936187722 9.9074013936187715 10.435307847695311 10.51030784769531 13.339557959436387 13.414557959436387 14.938666939714864 15.013666939714863 15.404556437741171 15.47955643774117 17.009921154870682 17.084921154870681 17.987457016005795 18.062457016005794 18.807011310779686 18.882011310779685 19.723319979265412 19.798319979265411 21.415072082771903 21.490072082771903 21.761211283730262 21.836211283730261 22.37623517378734 22.451235173787339;0.66666666666666663 0.75 3.0585514456134462 3.1418847789467796 4.329427182605885 4.412760515939218 4.6200749142183843 4.7034082475517174 5.1914915348805772 5.2748248682139103 5.949181401907075 6.032514735240408 6.8702884198837966 6.9536217532171296 8.7644947900921188 8.8478281234254528 11.221186733650487 11.304520066983821 11.891082793735531 11.974416127068865 15.118027362336727 15.201360695670061 16.894815118201702 16.978148451535034 17.412470116008709 17.495803449342041 19.196208690597057 19.279542023930389 20.282359647413848 20.36569298074718 21.19297553049595 21.276308863829282 22.211096273257869 22.294429606591201 24.090820832709525 24.174154166042857 24.475419944885477 24.558753278218809 25.158779822726675 25.242113156060007;
