m;6
n;12
P;39
P1;2 4 6 8 10 12 14 16 18 20 22 24 26 28 30 32 34 36 38
Q;40
M;100
h;1 1 1 1 1 1 1 1 1 1 1 1 1 1 1 1 1 1 1 1 1 1 1 1 1 1 1 1 1 1 1 1 1 1 1 1 1 1 1
Vmin;52 52 52 52 52 52 52 52 52 52 52 52 52 52 52 52 52 52 52 52 52 52 52 52 52 52 52 52 52 52 52 52 52 52 52 52 52 52 52;44 44 44 44 44 44 44 44 44 44 44 44 44 44 44 44 44 44 44 44 44 44 44 44 44 44 44 44 44 44 44 44 44 44 44 44 44 44 44;40 40 40 40 40 40 40 40 40 40 40 40 40 40 40 40 40 40 40 40 40 40 40 40 40 40 40 40 40 40 40 40 40 40 40 40 40 40 40;36 36 36 36 36 36 36 36 36 36 36 36 36 36 36 36 36 36 36 36 36 36 36 36 36 36 36 36 36 36 36 36 36 36 36 36 36 36 36;29 29 29 29 29 29 29 29 29 29 29 29 29 29 29 29 29 29 29 29 29 29 29 29 29 29 29 29 29 29 29 29 29 29 29 29 29 29 29;52 52 52 52 52 52 52 52 52 52 52 52 52 52 52 52 52 52 52 52 52 52 52 52 52 52 52 52 52 52 52 52 52 52 52 52 52 52 52;50 50 50 50 50 50 50 50 50 50 50 50 50 50 50 50 50 50 50 50 50 50 50 50 50 50 50 50 50 50 50 50 50 50 50 50 50 50 50;48 48 48 48 48 48 48 48 48 48 48 48 48 48 48 48 48 48 48 48 48 48 48 48 48 48 48 48 48 48 48 48 48 48 48 48 48 48 48;50 50 50 50 50 50 50 50 50 50 50 50 50 50 50 50 50 50 50 50 50 50 50 50 50 50 50 50 50 50 50 50 50 50 50 50 50 50 50;38 38 38 38 38 38 38 38 38 38 38 38 38 38 38 38 38 38 38 38 38 38 38 38 38 38 38 38 38 38 38 38 38 38 38 38 38 38 38;28 28 28 28 28 28 28 28 28 28 28 28 28 28 28 28 28 28 28 28 28 28 28 28 28 28 28 28 28 28 28 28 28 28 28 28 28 28 28;31 31 31 31 31 31 31 31 31 31 31 31 31 31 31 31 31 31 31 31 31 31 31 31 31 31 31 31 31 31 31 31 31 31 31 31 31 31 31;
Vmax;52 52 52 52 52 52 52 52 52 52 52 52 52 52 52 52 52 52 52 52 52 52 52 52 52 52 52 52 52 52 52 52 52 52 52 52 52 52 52;44 44 44 44 44 44 44 44 44 44 44 44 44 44 44 44 44 44 44 44 44 44 44 44 44 44 44 44 44 44 44 44 44 44 44 44 44 44 44;40 40 40 40 40 40 40 40 40 40 40 40 40 40 40 40 40 40 40 40 40 40 40 40 40 40 40 40 40 40 40 40 40 40 40 40 40 40 40;36 36 36 36 36 36 36 36 36 36 36 36 36 36 36 36 36 36 36 36 36 36 36 36 36 36 36 36 36 36 36 36 36 36 36 36 36 36 36;29 29 29 29 29 29 29 29 29 29 29 29 29 29 29 29 29 29 29 29 29 29 29 29 29 29 29 29 29 29 29 29 29 29 29 29 29 29 29;52 52 52 52 52 52 52 52 52 52 52 52 52 52 52 52 52 52 52 52 52 52 52 52 52 52 52 52 52 52 52 52 52 52 52 52 52 52 52;50 50 50 50 50 50 50 50 50 50 50 50 50 50 50 50 50 50 50 50 50 50 50 50 50 50 50 50 50 50 50 50 50 50 50 50 50 50 50;48 48 48 48 48 48 48 48 48 48 48 48 48 48 48 48 48 48 48 48 48 48 48 48 48 48 48 48 48 48 48 48 48 48 48 48 48 48 48;50 50 50 50 50 50 50 50 50 50 50 50 50 50 50 50 50 50 50 50 50 50 50 50 50 50 50 50 50 50 50 50 50 50 50 50 50 50 50;38 38 38 38 38 38 38 38 38 38 38 38 38 38 38 38 38 38 38 38 38 38 38 38 38 38 38 38 38 38 38 38 38 38 38 38 38 38 38;28 28 28 28 28 28 28 28 28 28 28 28 28 28 28 28 28 28 28 28 28 28 28 28 28 28 28 28 28 28 28 28 28 28 28 28 28 28 28;31 31 31 31 31 31 31 31 31 31 31 31 31 31 31 31 31 31 31 31 31 31 31 31 31 31 31 31 31 31 31 31 31 31 31 31 31 31 31;
d;3.000 20.833 3.000 30.560 3.000 4.067 3.000 62.937 3.000 16.322 3.000 15.665 3.000 22.767 3.000 26.239 3.000 54.279 3.000 43.119 3.000 100.398 3.000 76.880 3.000 31.295 3.000 35.719 3.000 112.741 3.000 28.334 3.000 63.516 3.000 58.825 3.000 40.781 3.000
S;17.409164341393009 17.351472033700702 16.567221611307112 16.509529303614805 15.378280901059808 15.3205885933675 14.099118770806934 14.041426463114625 13.496545728712622 13.438853421020314 11.270752540242464 11.213060232550156 10.526161183885517 10.468468876193208 9.8666484946650144 9.808956186972706 8.3304964277932516 8.2728041201009432 6.3420732122135997 6.2843809045212922 5.4551730396861711 5.3974807319938636 4.353646028107625 4.2959537204153175 3.7913522961820072 3.7336599884896997 3.2958369622773631 3.2381446545850556 2.9369028772588592 2.8792105695665517 2.5653254717431317 2.5076331640508243 1.2973121559371243 1.2396198482448166 1.1614091466711873 1.1037168389788796 0.51601541966747599 0.45832311197516828 0.057692307692307696 0;20.907800282252339 20.839618464070522 19.912777055787188 19.844595237605372 18.507665307313101 18.439483489131284 16.995928244286979 16.927746426105163 16.283796467266431 16.215614649084614 13.653313608165336 13.585131789983517 12.773342005198035 12.705160187016217 11.993917917937441 11.925736099755623 10.178465475270814 10.110283657088996 7.8285107659494084 7.7603289477675901 6.7803560165988106 6.7121741984169923 5.4785513665514376 5.4103695483696193 4.8140224106393434 4.7458405924575251 4.2284133796611272 4.1602315614793088 3.804218551911986 3.7360367337301676 3.3650816181206711 3.2968997999388527 1.8665204267135711 1.798338608531753 1.7059077793992821 1.6377259612174639 0.94316973839489582 0.87498792021307759 0.40151515151515149 0.33333333333333331;23.298580310477575 23.223580310477576 22.204054761365907 22.129054761365907 20.658431838044411 20.583431838044412 18.995521068715675 18.920521068715676 18.21217611399307 18.137176113993071 15.318644968981866 15.243644968981867 14.350676205717836 14.275676205717836 13.493309709731184 13.418309709731185 11.496312022797895 11.421312022797895 8.9113618425443502 8.8363618425443509 7.7583916182586927 7.6833916182586925 6.3264065032065817 6.2514065032065815 5.5954246517032784 5.5204246517032782 4.9512547176272408 4.8762547176272406 4.4846404071031856 4.4096404071031854 4.0015897799327389 3.9265897799327387 2.3531724693849285 2.2781724693849283 2.1764985573392104 2.1014985573392102 1.3374867122343852 1.2624867122343852 0.74166666666666659 0.66666666666666663;26.146570715345451 26.063237382012119 24.930431216332487 24.847097882999154 23.213072412641935 23.129739079308603 21.36539378005445 21.282060446721118 20.495010497029334 20.411677163696002 17.27997589146133 17.196642558127998 16.204455043390187 16.121121710056855 15.25182560340502 15.168492270071686 13.032939284590253 12.949605951256919 10.160772417641867 10.077439084308534 8.8796943906578036 8.7963610573244697 7.2885998183776799 7.2052664850443469 6.4763977611517873 6.3930644278184543 5.7606533899561905 5.6773200566228574 5.2421930449294631 5.1588597115961301 4.70547012585119 4.6221367925178569 2.8738953363536242 2.7905620030202907 2.6775909896361596 2.5942576563028261 1.745355606186354 1.6620222728530207 1.0833333333333333 1;32.549765945486314 32.446317669624243 31.04007553291849 30.936627257056422 28.908181845578497 28.804733569716429 26.614511818918171 26.511063543056103 25.534036019300785 25.430587743438718 21.54295857790602 21.439510302043953 20.207829249265981 20.104380973403913 19.025254772043013 18.921806496180945 16.270775203859166 16.167326927997099 12.705326679371518 12.601878403509449 11.115022921736129 11.01157464587406 9.1398710389056319 9.0364227630435625 8.1316202092459022 8.0281719333838328 7.2431099553479186 7.1396616794858492 6.5995040097974975 6.4960557339354281 5.9332272826658468 5.8297790068037774 3.6595482336343839 3.5560999577723149 3.4158600790885658 3.3124118032264969 2.2586023617026005 2.1551540858405316 1.4367816091954022 1.3333333333333333;19.075831008059676 19.01813870036737 18.233888277973779 18.176195970281473 17.044947567726474 16.987255260034168 15.765785437473602 15.708093129781293 15.16321239537929 15.105520087686982 12.937419206909132 12.879726899216823 12.192827850552185 12.135135542859876 11.533315161331682 11.475622853639374 9.9971630944599195 9.9394707867676111 8.0087398788802684 7.95104757118796 7.1218397063528389 7.0641473986605314 6.0203126947742929 5.9626203870819854 5.4580189628486746 5.4003266551563671 4.9625036289440301 4.9048113212517226 4.6035695439255262 4.5458772362332187 4.2319921384097983 4.1742998307174908 2.9639788226037904 2.9062865149114829 2.8280758133378536 2.7703835056455461 2.1826820863341423 2.1249897786418348 1.7243589743589745 1.6666666666666667;0 0.057692307692307696 0.48716926582132214 0.54486157351362985 1.1325629928250336 1.1902553005173413 1.2684660020909706 1.3261583097832783 2.536479317896978 2.5941716255892855 2.9080567234127055 2.965749031105013 3.2669908084312089 3.3246831161235164 3.762506142335853 3.8201984500281605 4.3247998742614708 4.3824921819537783 5.4263268858400169 5.4840191935323244 6.3132270583674455 6.370919366059753 8.3016502739470965 8.3593425816394049 9.8378023408188593 9.8954946485111677 10.497315030039362 10.55500733773167 11.241906386396309 11.299598694088617 13.467699574866467 13.525391882558775 14.070272616960779 14.127964924653087 15.349434747213653 15.407127054905962 16.538375457460958 16.596067765153265 17.380318187546855 17.438010495239162;0.33333333333333331 0.40151515151515149 0.90907882930398665 0.97726064748580477 1.6718168703083727 1.7399986884901908 1.8324295176226617 1.9006113358044798 3.3309907090297619 3.3991725272115803 3.7701276428210768 3.8383094610028952 4.194322470570218 4.2625042887520364 4.7799315015484343 4.8481133197302526 5.4444604574605284 5.5126422756423468 6.7462651075079014 6.8144469256897198 7.7944198568584993 7.8626016750403176 10.144374566179906 10.212556384361724 11.959827008846533 12.028008827028351 12.739251096107127 12.807432914288945 13.619222699074427 13.687404517256246 16.249705558175524 16.317887376357341 16.961837335196073 17.030019153377889 18.473574398222194 18.541756216404011 19.878686146696282 19.946867964878098 20.873709373161432 20.941891191343249;0.66666666666666663 0.74166666666666659 1.2999867122343853 1.3749867122343853 2.1389985573392103 2.2139985573392105 2.3156724693849284 2.3906724693849286 3.9640897799327384 4.0390897799327385 4.447140407103185 4.5221404071031852 4.9137547176272403 4.9887547176272404 5.5579246517032779 5.6329246517032781 6.2889065032065812 6.3639065032065814 7.7208916182586922 7.7958916182586924 8.8738618425443505 8.9488618425443498 11.458812022797897 11.533812022797896 13.455809709731186 13.530809709731185 14.313176205717838 14.388176205717837 15.281144968981868 15.356144968981868 18.174676113993073 18.249676113993072 18.958021068715677 19.033021068715676 20.620931838044413 20.695931838044412 22.166554761365909 22.241554761365908 23.261080310477578 23.336080310477577;1 1.0833333333333333 1.7036889395196875 1.7870222728530207 2.6359243229694931 2.7192576563028266 2.8322286696869576 2.9155620030202911 4.6638034591845248 4.7471367925178578 5.200526378262798 5.283859711596131 5.7189867232895253 5.8023200566228583 6.4347310944851221 6.5180644278184552 7.2469331517110147 7.3302664850443477 8.8380277239911376 8.9213610573244715 10.119105750975201 10.202439084308535 12.991272617923586 13.07460595125692 15.210158936738354 15.293492270071688 16.162788376723523 16.246121710056855 17.238309224794666 17.321642558127998 20.45334383036267 20.536677163696002 21.323727113387786 21.407060446721118 23.171405745975271 23.254739079308603 24.888764549665822 24.972097882999154 26.104904048678787 26.188237382012119;1.3333333333333333 1.4367816091954022 2.2068782237715658 2.3103264996336348 3.3641359411575311 3.4675842170196001 3.6078240957033492 3.7112723715654181 5.8815031447348112 5.9849514205968806 6.5477798718664619 6.6512281477285313 7.191385817416883 7.2948340932789524 8.0798960713148666 8.183344347176936 9.0881469009745963 9.1915951768366657 11.063298783805093 11.166747059667163 12.653602541440483 12.757050817302552 16.219051065928134 16.322499341790202 18.973530634111981 19.076978909974049 20.156105111334949 20.259553387197016 21.491234439974988 21.594682715837056 25.482311881369753 25.585760157231821 26.562787680987139 26.666235956849206 28.856457707647465 28.959905983509532 30.988351394987458 31.091799670849525 32.498041807555275 32.601490083417346;1.6666666666666667 1.7243589743589745 2.153835932487989 2.2115282401802965 2.7992296594917003 2.8569219671840078 2.9351326687576371 2.9928249764499446 4.2031459845636441 4.2608382922559516 4.574723390079372 4.6324156977716795 4.9336574750978759 4.9913497827901834 5.4291728090025204 5.4868651166948279 5.9914665409281387 6.0491588486204462 7.0929935525066847 7.1506858601989922 7.9798937250341133 8.0375860327264217 9.9683169406137644 10.026009248306073 11.504469007485527 11.562161315177836 12.163981696706029 12.221674004398338 12.908573053062977 12.966265360755285 15.134366241533135 15.192058549225443 15.736939283627446 15.794631591319755 17.016101413880321 17.073793721572628 18.205042124127626 18.262734431819933 19.046984854213523 19.10467716190583;
