m;2
n;4
P;39
P1;2 4 6 8 10 12 14 16 18 20 22 24 26 28 30 32 34 36 38
Q;40
M;100
h;1 1 1 1 1 1 1 1 1 1 1 1 1 1 1 1 1 1 1 1 1 1 1 1 1 1 1 1 1 1 1 1 1 1 1 1 1 1 1
Vmin;50 50 50 50 50 50 50 50 50 50 50 50 50 50 50 50 50 50 50 50 50 50 50 50 50 50 50 50 50 50 50 50 50 50 50 50 50 50 50;47 47 47 47 47 47 47 47 47 47 47 47 47 47 47 47 47 47 47 47 47 47 47 47 47 47 47 47 47 47 47 47 47 47 47 47 47 47 47;52 52 52 52 52 52 52 52 52 52 52 52 52 52 52 52 52 52 52 52 52 52 52 52 52 52 52 52 52 52 52 52 52 52 52 52 52 52 52;41 41 41 41 41 41 41 41 41 41 41 41 41 41 41 41 41 41 41 41 41 41 41 41 41 41 41 41 41 41 41 41 41 41 41 41 41 41 41;
Vmax;50 50 50 50 50 50 50 50 50 50 50 50 50 50 50 50 50 50 50 50 50 50 50 50 50 50 50 50 50 50 50 50 50 50 50 50 50 50 50;47 47 47 47 47 47 47 47 47 47 47 47 47 47 47 47 47 47 47 47 47 47 47 47 47 47 47 47 47 47 47 47 47 47 47 47 47 47 47;52 52 52 52 52 52 52 52 52 52 52 52 52 52 52 52 52 52 52 52 52 52 52 52 52 52 52 52 52 52 52 52 52 52 52 52 52 52 52;41 41 41 41 41 41 41 41 41 41 41 41 41 41 41 41 41 41 41 41 41 41 41 41 41 41 41 41 41 41 41 41 41 41 41 41 41 41 41;
d;3.000 23.653 3.000 9.447 3.000 85.517 3.000 39.123 3.000 68.162 3.000 25.495 3.000 4.645 3.000 29.826 3.000 49.496 3.000 56.210 3.000 154.667 3.000 51.615 3.000 3.075 3.000 148.789 3.000 46.359 3.000 18.920 3.000 103.738 3.000 47.331 3.000 21.474 3.000
S;20.950869981698386 20.890869981698387 20.461391624791872 20.401391624791874 19.454774717246863 19.394774717246865 17.320017051065644 17.260017051065645 16.881618577499964 16.821618577499965 15.894431557409039 15.834431557409038 12.858650731276809 12.798650731276808 12.737143265050785 12.677143265050784 11.644844198912777 11.584844198912776 8.4914996360251624 8.4314996360251619 7.3072978295820201 7.2472978295820205 6.2573690109119893 6.1973690109119897 5.6008495644244531 5.5408495644244535 5.4479486445816336 5.387948644581634 4.8780458431703408 4.8180458431703412 3.454804601075002 3.3948046010750019 2.6123500213637301 2.55235002136373 0.84200504231448936 0.78200504231448931 0.59305563848342624 0.5330556384834263 0.059999999999999998 0;22.621492888331627 22.557663101097585 22.100771232048103 22.036941444814062 21.029902181468305 20.966072394234263 18.758883387658496 18.695053600424455 18.292502032801387 18.228672245567346 17.242303075257848 17.178473288023806 14.012749004904414 13.948919217670371 13.883485742961835 13.819655955727791 12.721465459836294 12.65763567260225 9.3668435844239362 9.3030137971898927 8.1070544286333579 8.0432246413993145 6.9901088768567279 6.9262790896226853 6.2916839337848804 6.2278541465508379 6.1290233807606045 6.065193593526562 5.5227438047911432 5.4589140175571007 4.0086573770301435 3.9448275897961009 3.1124291007415565 3.048599313507514 1.2290833783487476 1.1652535911147051 0.96424358703910595 0.90041379980506342 0.39716312056737585 0.33333333333333331;0 0.059999999999999998 0.56305563848342621 0.62305563848342627 0.81200504231448933 0.87200504231448939 2.5823500213637298 2.6423500213637299 3.4248046010750017 3.4848046010750018 4.8480458431703415 4.9080458431703411 5.4179486445816343 5.4779486445816339 5.5708495644244538 5.6308495644244534 6.2273690109119899 6.2873690109119895 7.2772978295820208 7.3372978295820204 8.4614996360251631 8.5214996360251636 11.614844198912778 11.674844198912778 12.707143265050785 12.767143265050786 12.828650731276809 12.88865073127681 15.86443155740904 15.92443155740904 16.851618577499966 16.911618577499965 17.290017051065647 17.350017051065645 19.424774717246866 19.484774717246864 20.431391624791875 20.491391624791873 20.920869981698388 20.980869981698387;0.33333333333333331 0.39716312056737585 0.93232869342208469 0.99615848065612722 1.1971684847317263 1.2609982719657689 3.0805142071245353 3.1443439943585778 3.9767424834131226 4.0405722706471652 5.4908289111741215 5.5546586984081641 6.0971084871435828 6.1609382743776253 6.2597690401678587 6.3235988274019013 6.9581939832397062 7.0220237704737487 8.0751395350163353 8.1389693222503787 9.3349286908069136 9.398758478040957 12.689550566219271 12.753380353453315 13.851570849344812 13.915400636578855 13.980834111287392 14.044663898521435 17.210388181640827 17.274217968874868 18.260587139184366 18.324416926418408 18.726968494041476 18.790798281275517 20.997987287851284 21.061817075085326 22.068856338431083 22.132686125665124 22.589577994714606 22.653407781948648;
