m;1
n;2
P;19
P1;2 4 6 8 10 12 14 16 18
Q;20
M;100
h;1 1 1 1 1 1 1 1 1 1 1 1 1 1 1 1 1 1 1
Vmin;40 40 40 40 40 40 40 40 40 40 40 40 40 40 40 40 40 40 40;40 40 40 40 40 40 40 40 40 40 40 40 40 40 40 40 40 40 40;
Vmax;40 40 40 40 40 40 40 40 40 40 40 40 40 40 40 40 40 40 40;40 40 40 40 40 40 40 40 40 40 40 40 40 40 40 40 40 40 40;
d;3 16.6666666666667 3 16.6666666666667 3 16.6666666666667 3 16.6666666666667 3 16.6666666666667 3 16.6666666666667 3 16.6666666666667 3 16.6666666666667 3 16.6666666666667 3
S;4.5000000000000009 4.4250000000000007 4.0083333333333337 3.9333333333333336 3.5166666666666671 3.4416666666666669 3.0250000000000004 2.9500000000000002 2.5333333333333337 2.4583333333333335 2.041666666666667 1.9666666666666668 1.55 1.4750000000000001 1.0583333333333333 0.98333333333333339 0.56666666666666665 0.4916666666666667 0.074999999999999997 0;0 0.074999999999999997 0.4916666666666667 0.56666666666666665 0.98333333333333339 1.0583333333333333 1.4750000000000001 1.55 1.9666666666666668 2.041666666666667 2.4583333333333335 2.5333333333333337 2.9500000000000002 3.0250000000000004 3.4416666666666669 3.5166666666666671 3.9333333333333336 4.0083333333333337 4.4250000000000007 4.5000000000000009;
