m;2
n;4
P;19
P1;2 4 6 8 10 12 14 16 18
Q;20
M;100
h;1 1 1 1 1 1 1 1 1 1 1 1 1 1 1 1 1 1 1
Vmin;40 40 40 40 40 40 40 40 40 40 40 40 40 40 40 40 40 40 40;40 40 40 40 40 40 40 40 40 40 40 40 40 40 40 40 40 40 40;40 40 40 40 40 40 40 40 40 40 40 40 40 40 40 40 40 40 40;40 40 40 40 40 40 40 40 40 40 40 40 40 40 40 40 40 40 40;
Vmax;40 40 40 40 40 40 40 40 40 40 40 40 40 40 40 40 40 40 40;40 40 40 40 40 40 40 40 40 40 40 40 40 40 40 40 40 40 40;40 40 40 40 40 40 40 40 40 40 40 40 40 40 40 40 40 40 40;40 40 40 40 40 40 40 40 40 40 40 40 40 40 40 40 40 40 40;
d;3 16.6666666666667 3 16.6666666666667 3 16.6666666666667 3 16.6666666666667 3 16.6666666666667 3 16.6666666666667 3 16.6666666666667 3 16.6666666666667 3 16.6666666666667 3
S;4.5000000000000009 4.4250000000000007 4.0083333333333337 3.9333333333333336 3.5166666666666671 3.4416666666666669 3.0250000000000004 2.9500000000000002 2.5333333333333337 2.4583333333333335 2.041666666666667 1.9666666666666668 1.55 1.4750000000000001 1.0583333333333333 0.98333333333333339 0.56666666666666665 0.4916666666666667 0.074999999999999997 0;4.6666666666666679 4.5916666666666677 4.1750000000000007 4.1000000000000005 3.6833333333333336 3.6083333333333334 3.1916666666666669 3.1166666666666667 2.7000000000000002 2.625 2.2083333333333335 2.1333333333333333 1.7166666666666666 1.6416666666666666 1.2249999999999999 1.1499999999999999 0.73333333333333328 0.65833333333333333 0.24166666666666664 0.16666666666666666;0 0.074999999999999997 0.4916666666666667 0.56666666666666665 0.98333333333333339 1.0583333333333333 1.4750000000000001 1.55 1.9666666666666668 2.041666666666667 2.4583333333333335 2.5333333333333337 2.9500000000000002 3.0250000000000004 3.4416666666666669 3.5166666666666671 3.9333333333333336 4.0083333333333337 4.4250000000000007 4.5000000000000009;0.16666666666666666 0.24166666666666664 0.65833333333333333 0.73333333333333328 1.1499999999999999 1.2249999999999999 1.6416666666666666 1.7166666666666666 2.1333333333333333 2.2083333333333335 2.625 2.7000000000000002 3.1166666666666667 3.1916666666666669 3.6083333333333334 3.6833333333333336 4.1000000000000005 4.1750000000000007 4.5916666666666677 4.6666666666666679;
