m;1
n;2
P;19
P1;2 4 6 8 10 12 14 16 18
Q;20
M;100
h;1 1 1 1 1 1 1 1 1 1 1 1 1 1 1 1 1 1 1
Vmin;52 52 52 52 52 52 52 52 52 52 52 52 52 52 52 52 52 52 52;28 28 28 28 28 28 28 28 28 28 28 28 28 28 28 28 28 28 28;
Vmax;52 52 52 52 52 52 52 52 52 52 52 52 52 52 52 52 52 52 52;28 28 28 28 28 28 28 28 28 28 28 28 28 28 28 28 28 28 28;
d;3.000 12.500 3.000 4.541 3.000 14.589 3.000 35.228 3.000 35.594 3.000 40.264 3.000 32.677 3.000 28.740 3.000 32.686 3.000
S;0.23986783442974094 0.23890629596820245 0.22842997913293683 0.22746844067139838 0.2182569886697579 0.21729545020821944 0.20682203077847217 0.20586049231693371 0.19295551672931316 0.1919939782677747 0.18058575421258458 0.17962421575104609 0.16833325233879584 0.16737171387725738 0.16269574641431866 0.16173420795278021 0.16027872091678849 0.15931718245525003 0.15531078065453385 0.15434924219299537;0.32649892400645536 0.32746046246799382 0.3319476334994792 0.33290917196101766 0.33436465899700935 0.33532619745854775 0.34000216492148644 0.3409637033830249 0.35225466679527512 0.35321620525681358 0.36462442931200367 0.36558596777354213 0.37849094336116262 0.37945248182270108 0.38992590125244836 0.39088743971398682 0.40009889171562729 0.40106043017716575 0.41153674701243137 0.41249828547396983;
