m;2
n;4
P;19
P1;2 4 6 8 10 12 14 16 18
Q;20
M;100
h;1 1 1 1 1 1 1 1 1 1 1 1 1 1 1 1 1 1 1
Vmin;28 28 28 28 28 28 28 28 28 28 28 28 28 28 28 28 28 28 28;52 52 52 52 52 52 52 52 52 52 52 52 52 52 52 52 52 52 52;44 44 44 44 44 44 44 44 44 44 44 44 44 44 44 44 44 44 44;36 36 36 36 36 36 36 36 36 36 36 36 36 36 36 36 36 36 36;
Vmax;28 28 28 28 28 28 28 28 28 28 28 28 28 28 28 28 28 28 28;52 52 52 52 52 52 52 52 52 52 52 52 52 52 52 52 52 52 52;44 44 44 44 44 44 44 44 44 44 44 44 44 44 44 44 44 44 44;36 36 36 36 36 36 36 36 36 36 36 36 36 36 36 36 36 36 36;
d;3.000 27.502 3.000 20.132 3.000 11.350 3.000 3.118 3.000 32.951 3.000 42.376 3.000 32.477 3.000 4.487 3.000 18.091 3.000
S;0.2512371550666625 0.24945144078094822 0.2386830379648619 0.23689732367914759 0.2342262880050717 0.23244057371935739 0.21310898980724063 0.21132327552152633 0.18609942053443504 0.18431370624872076 0.16470010894596196 0.16291439466024768 0.16105819555899775 0.15927248127328347 0.15251623801569425 0.15073052372997997 0.13874721896538131 0.136961504679667 0.12059144331535082 0.11880572902963654;0.51361916289306875 0.51265762443153029 0.50685925368440699 0.50589771522286853 0.5044594652445199 0.50349792678298155 0.49308861236876478 0.49212707390722632 0.47854499814494644 0.47758345968340798 0.46702229190499944 0.46606075344346098 0.46506126161971106 0.46409972315817261 0.46046174601947071 0.45950020755793225 0.45304765883853299 0.45208612037699453 0.44327147195005506 0.4423099334885166;0.65641050183155558 0.65819621611726986 0.67545913462444318 0.67724484891015746 0.68922815367475609 0.69101386796047026 0.69777011121805954 0.69955582550377382 0.70141202460502372 0.703197738890738 0.72281133619349669 0.72459705047921097 0.7498209054663022 0.75160661975201637 0.77093820366413324 0.77272391794984741 0.7753949536239233 0.77718066790963758 0.78794907072572384 0.78973478501143812;0.91890577777061211 0.91986731623215046 0.92916273388985915 0.93012427235139761 0.93657682107079698 0.93753835953233533 0.94117633667103717 0.94213787513257563 0.94313736695632555 0.94409890541786401 0.95466007319627266 0.95562161165781112 0.969203687420091 0.97016522588162946 0.98057454029584612 0.98153607875738458 0.98297432873573309 0.98393586719727155 0.98973423794439497 0.99069577640593343;
