m;7
n;14
P;19
P1;2 4 6 8 10 12 14 16 18
Q;20
M;100
h;1 1 1 1 1 1 1 1 1 1 1 1 1 1 1 1 1 1 1
Vmin;39 39 39 39 39 39 39 39 39 39 39 39 39 39 39 39 39 39 39;38 38 38 38 38 38 38 38 38 38 38 38 38 38 38 38 38 38 38;41 41 41 41 41 41 41 41 41 41 41 41 41 41 41 41 41 41 41;45 45 45 45 45 45 45 45 45 45 45 45 45 45 45 45 45 45 45;49 49 49 49 49 49 49 49 49 49 49 49 49 49 49 49 49 49 49;52 52 52 52 52 52 52 52 52 52 52 52 52 52 52 52 52 52 52;37 37 37 37 37 37 37 37 37 37 37 37 37 37 37 37 37 37 37;40 40 40 40 40 40 40 40 40 40 40 40 40 40 40 40 40 40 40;28 28 28 28 28 28 28 28 28 28 28 28 28 28 28 28 28 28 28;49 49 49 49 49 49 49 49 49 49 49 49 49 49 49 49 49 49 49;35 35 35 35 35 35 35 35 35 35 35 35 35 35 35 35 35 35 35;42 42 42 42 42 42 42 42 42 42 42 42 42 42 42 42 42 42 42;44 44 44 44 44 44 44 44 44 44 44 44 44 44 44 44 44 44 44;30 30 30 30 30 30 30 30 30 30 30 30 30 30 30 30 30 30 30;
Vmax;39 39 39 39 39 39 39 39 39 39 39 39 39 39 39 39 39 39 39;38 38 38 38 38 38 38 38 38 38 38 38 38 38 38 38 38 38 38;41 41 41 41 41 41 41 41 41 41 41 41 41 41 41 41 41 41 41;45 45 45 45 45 45 45 45 45 45 45 45 45 45 45 45 45 45 45;49 49 49 49 49 49 49 49 49 49 49 49 49 49 49 49 49 49 49;52 52 52 52 52 52 52 52 52 52 52 52 52 52 52 52 52 52 52;37 37 37 37 37 37 37 37 37 37 37 37 37 37 37 37 37 37 37;40 40 40 40 40 40 40 40 40 40 40 40 40 40 40 40 40 40 40;28 28 28 28 28 28 28 28 28 28 28 28 28 28 28 28 28 28 28;49 49 49 49 49 49 49 49 49 49 49 49 49 49 49 49 49 49 49;35 35 35 35 35 35 35 35 35 35 35 35 35 35 35 35 35 35 35;42 42 42 42 42 42 42 42 42 42 42 42 42 42 42 42 42 42 42;44 44 44 44 44 44 44 44 44 44 44 44 44 44 44 44 44 44 44;30 30 30 30 30 30 30 30 30 30 30 30 30 30 30 30 30 30 30;
d;3.000 14.963 3.000 4.306 3.000 6.569 3.000 40.424 3.000 3.275 3.000 10.790 3.000 11.867 3.000 9.843 3.000 15.702 3.000
S;0.38505542562210859 0.38377337434005732 0.37706313839943462 0.37578108711738334 0.37157451351978232 0.37029246223773105 0.36522109599564334 0.36393904471359206 0.35932786758735852 0.35804581630530724 0.35664610785746476 0.35536405657541348 0.33808890778376682 0.33680685650171555 0.33399966136645276 0.33271761008440148 0.33087737004003082 0.32959531875797954 0.32320072203264211 0.32191867075059083;0.54062548136996758 0.53930969189628331 0.53242287079932837 0.53110708132564421 0.52678980842284318 0.52547401894915902 0.52026919570070052 0.51895340622701636 0.51422088233430296 0.51290509286061881 0.51146854997993829 0.51015276050625413 0.49242300253587989 0.49110721306219574 0.48822614437074185 0.48691035489705764 0.48502168748309832 0.4837058980094141 0.47714302242288353 0.47582723294919932;0.60818424617439781 0.60696473397927586 0.60058182662112258 0.59936231442600074 0.59536093954047786 0.59414142734535591 0.58931744482239445 0.5880979326272725 0.58371169097061126 0.58249217877548931 0.58116074878851731 0.57994123659339536 0.56350877798670707 0.56228926579158522 0.55961900700438405 0.5583994948092621 0.55664902257193394 0.55542951037681199 0.54934684519905197 0.54812733300393002;0.72652394145955335 0.72541283034844217 0.71959729253323568 0.7184861814221245 0.71484048430420366 0.71372937319309249 0.70933418911661639 0.70822307800550521 0.7042267244961028 0.70311561338499162 0.70190253273019487 0.7007914216190837 0.68581962599965662 0.68470851488854545 0.6822756124379844 0.68116450132687334 0.67956962662175213 0.67845851551064096 0.67291653168201504 0.67180542057090387;0.78948924793535491 0.78846883977208959 0.78312803973771639 0.78210763157445107 0.77875954238452372 0.7777391342212584 0.77370274068163747 0.77268233251837215 0.76901221194851277 0.76799180378524745 0.766877750122679 0.76585734195941368 0.75210773373749085 0.75108732557422553 0.74885302740534287 0.74783261924207756 0.74636793839043558 0.74534753022717026 0.74025795324169752 0.7392375450784322;0.89408539667392017 0.89312385821238172 0.88809118125691466 0.88712964279537621 0.88397471259717553 0.88301317413563707 0.87920964945407121 0.87824811099253286 0.87478972814785771 0.87382818968631926 0.87277840835043741 0.87181686988889895 0.85886050829516392 0.85789896983362546 0.85579357348217833 0.85483203502063998 0.85345185498736198 0.85249031652582352 0.84769436898182038 0.84673283052028192;1.0922978875504123 1.0909465361990611 1.0838735848021883 1.0825222334508371 1.078088277496609 1.0767369261452577 1.0713914319981923 1.0700400806468409 1.0651796507029729 1.0638282993516215 1.0623529309876796 1.0610015796363281 1.0427926390181059 1.0414412876667547 1.0384823522539102 1.0371310009025589 1.0351912884233574 1.0338399370720059 1.0270996864696234 1.0257483351182719;1.1604998996362392 1.1617819509182905 1.1688175732846535 1.170099624566705 1.1719398646110757 1.173221915893127 1.1760291110283896 1.1773111623104411 1.1945863111020878 1.1958683623841391 1.1972680708319816 1.1985501221140329 1.2031612992402667 1.204443350522318 1.2095147167644058 1.2107967680464571 1.215003341644058 1.2162853929261095 1.2229956288667323 1.2242776801487836;1.2350302455866495 1.2363460350603337 1.2435668053837066 1.2448825948573907 1.24677126227135 1.2480870517450344 1.2509681204364884 1.2522839099101726 1.2700136678805469 1.2713294573542311 1.2727660002349117 1.2740817897085959 1.2788143136013093 1.2801301030749934 1.2853349263234519 1.2866507157971363 1.2909679886999372 1.2922837781736216 1.2991705992705767 1.3004863887442608;1.612883421864898 1.6141029340600201 1.6207953553353411 1.6220148675304631 1.6237653397677911 1.6249848519629133 1.6276551107501145 1.6288746229452364 1.6453070815519246 1.6465265937470468 1.647858023734019 1.649077535929141 1.6534637775858021 1.654683289780924 1.6595072723038855 1.6607267844990077 1.6647281593845304 1.6659476715796524 1.6723305789378058 1.6735500911329277;1.7324323156715375 1.7335434267826486 1.7396409661668299 1.7407520772779408 1.7423469519830621 1.7434580630941732 1.7458909655447343 1.7470020766558454 1.7619738722752725 1.7630849833863835 1.7642980640411803 1.7654091751522913 1.7694055286616936 1.7705166397728047 1.7749118238492807 1.7760229349603918 1.7796686320783126 1.7807797431894237 1.7865952810046299 1.787706392115741;1.9771128663444422 1.9781332745077076 1.9837330555748129 1.9847534637380781 1.9862181445897202 1.9872385527529854 1.989472850921868 1.9904932590851334 2.0042428673070565 2.0052632754703215 2.0063773291328899 2.0073977372961553 2.0110678578660148 2.0120882660292798 2.0161246595689009 2.0171450677321663 2.0204931569220936 2.0215135650853586 2.0268543651197319 2.0278747732829974;2.1194911458468892 2.1204526843084275 2.1257294010832002 2.1266909395447384 2.1280711195780166 2.1290326580395549 2.1311380543910023 2.1320995928525406 2.1450559544462755 2.1460174929078142 2.147067274243696 2.1480288127052347 2.15148719554991 2.1524487340114486 2.1562522586930144 2.1572137971545531 2.1603687273527536 2.1613302658142923 2.1663629427697595 2.1673244812312982;2.3125874742342503 2.3139388255856019 2.3213547518636601 2.3227061032150118 2.3246458156942134 2.325997167045565 2.32895610245841 2.3303074538097612 2.3485163944279832 2.3498677457793349 2.351343114143277 2.3526944654946287 2.3575548954384966 2.3589062467898483 2.3642517409369135 2.3656030922882652 2.3700370482424931 2.3713883995938447 2.3784613509907171 2.3798127023420688;
