m;5
n;10
P;19
P1;2 4 6 8 10 12 14 16 18
Q;20
M;100
h;1 1 1 1 1 1 1 1 1 1 1 1 1 1 1 1 1 1 1
Vmin;50 50 50 50 50 50 50 50 50 50 50 50 50 50 50 50 50 50 50;36 36 36 36 36 36 36 36 36 36 36 36 36 36 36 36 36 36 36;49 49 49 49 49 49 49 49 49 49 49 49 49 49 49 49 49 49 49;40 40 40 40 40 40 40 40 40 40 40 40 40 40 40 40 40 40 40;52 52 52 52 52 52 52 52 52 52 52 52 52 52 52 52 52 52 52;49 49 49 49 49 49 49 49 49 49 49 49 49 49 49 49 49 49 49;44 44 44 44 44 44 44 44 44 44 44 44 44 44 44 44 44 44 44;38 38 38 38 38 38 38 38 38 38 38 38 38 38 38 38 38 38 38;46 46 46 46 46 46 46 46 46 46 46 46 46 46 46 46 46 46 46;28 28 28 28 28 28 28 28 28 28 28 28 28 28 28 28 28 28 28;
Vmax;50 50 50 50 50 50 50 50 50 50 50 50 50 50 50 50 50 50 50;36 36 36 36 36 36 36 36 36 36 36 36 36 36 36 36 36 36 36;49 49 49 49 49 49 49 49 49 49 49 49 49 49 49 49 49 49 49;40 40 40 40 40 40 40 40 40 40 40 40 40 40 40 40 40 40 40;52 52 52 52 52 52 52 52 52 52 52 52 52 52 52 52 52 52 52;49 49 49 49 49 49 49 49 49 49 49 49 49 49 49 49 49 49 49;44 44 44 44 44 44 44 44 44 44 44 44 44 44 44 44 44 44 44;38 38 38 38 38 38 38 38 38 38 38 38 38 38 38 38 38 38 38;46 46 46 46 46 46 46 46 46 46 46 46 46 46 46 46 46 46 46;28 28 28 28 28 28 28 28 28 28 28 28 28 28 28 28 28 28 28;
d;3.000 40.802 3.000 7.154 3.000 3.837 3.000 14.287 3.000 9.654 3.000 3.782 3.000 34.168 3.000 4.040 3.000 5.577 3.000
S;0.3625048719815569 0.36150487198155695 0.35964587446132079 0.35864587446132085 0.35729930530383347 0.35629930530383352 0.34490989268701117 0.34390989268701122 0.34264914777692446 0.34164914777692446 0.33843118029561375 0.33743118029561375 0.33266893933860875 0.3316689393386088 0.33038980768419274 0.32938980768419274 0.3270051840927784 0.32600518409277845 0.31240467017279011 0.31140467017279011;0.55285933111904451 0.55147044223015551 0.54888850122982757 0.54749961234093869 0.54562937739998418 0.54424048851109519 0.52842185987661972 0.52703297098773083 0.52528193639038823 0.52389304750149934 0.51942364822190112 0.51803475933301224 0.51142053578161639 0.51003164689272762 0.50825507515048307 0.5068661862615943 0.50355420905129655 0.50216532016240767 0.48327571749575721 0.48188682860686838;0.62611617692579136 0.62509576876252604 0.62319883251738717 0.62217842435412185 0.62080437419342061 0.61978396603015529 0.60816211642115292 0.6071417082578876 0.60585523385983986 0.60483482569657454 0.60155118540952279 0.60053077724625747 0.59567134769829322 0.5946509395350279 0.59334570315297086 0.59232529498970554 0.58989200561071131 0.58887159744744599 0.57499352201888643 0.57397311385562111;1.0517289640758394 1.0504789640758392 1.0481552171755442 1.0469052171755442 1.045222005728685 1.0439720057286848 1.0297352399576569 1.0284852399576569 1.0269093088200485 1.0256593088200485 1.02163684946841 1.0203868494684101 1.0144340482721537 1.0131840482721537 1.0115851337041337 1.0103351337041337 1.0073543542148657 1.0061043542148655 0.98910371181488022 0.98785371181488013;1.1302208790448101 1.1292593405832716 1.1274718429676598 1.1265103045061216 1.1252155264700758 1.1242539880085374 1.1133026297231312 1.112341091261593 1.1111288365403555 1.1101672980788171 1.1070730985775568 1.1061115601160183 1.1015324822727441 1.1005709438112057 1.0993410095281133 1.0983794710665749 1.096086563767138 1.0951250253055995 1.0820476080748416 1.0810860696133031;1.1606669857700522 1.1616669857700521 1.1757674996900405 1.1767674996900406 1.1791521232814548 1.1801521232814549 1.1814312549358708 1.1824312549358709 1.187193495892876 1.1881934958928759 1.1914114633741868 1.1924114633741867 1.1936722082842735 1.1946722082842736 1.2060616209010959 1.207061620901096 1.2084081900585832 1.2094081900585831 1.2112671875788192 1.2122671875788193;1.3468628934367148 1.3482517823256037 1.3678358294366988 1.3692247183255875 1.3725366955358851 1.373925584424774 1.3757021561670184 1.3770910450559071 1.383705268607303 1.3850941574961917 1.38956355677579 1.3909524456646787 1.3927034802620215 1.3940923691509104 1.4099109977853856 1.4112998866742745 1.4131701216152293 1.4145590105041179 1.417140951504446 1.4185298403933346;1.447131816306523 1.4481522244697882 1.4625405039799804 1.4635609121432458 1.4659942015222398 1.4670146096855052 1.4683198460675624 1.4693402542308278 1.4741996837787921 1.4752200919420573 1.478503732229109 1.4795241403923745 1.4808106147904221 1.4818310229536875 1.4934528725626897 1.4944732807259551 1.4958473308866564 1.4968677390499217 1.4987646752950605 1.499785083458326;1.5434527315492395 1.5447027315492394 1.5623283739492249 1.5635783739492248 1.5665591534384928 1.5678091534384928 1.5694080680065128 1.5706580680065128 1.5766108692027692 1.5778608692027691 1.5818833285544076 1.5831333285544076 1.584709259692016 1.585959259692016 1.6001960254630441 1.601446025463044 1.6031292369099033 1.6043792369099033 1.6067029838101983 1.6079529838101982;1.6095778970595076 1.6105394355210458 1.6240976219825733 1.6250591604441118 1.6273520677435485 1.6283136062050869 1.6295435404881793 1.6305050789497177 1.6350841567929919 1.6360456952545304 1.6391398947557907 1.6401014332173292 1.6413136879385666 1.642275226400105 1.6532265846855112 1.6541881231470497 1.6554829011830952 1.6564444396446336 1.6582319372602454 1.6591934757217837;
