m;6
n;12
P;19
P1;2 4 6 8 10 12 14 16 18
Q;20
M;100
h;1 1 1 1 1 1 1 1 1 1 1 1 1 1 1 1 1 1 1
Vmin;42 42 42 42 42 42 42 42 42 42 42 42 42 42 42 42 42 42 42;52 52 52 52 52 52 52 52 52 52 52 52 52 52 52 52 52 52 52;49 49 49 49 49 49 49 49 49 49 49 49 49 49 49 49 49 49 49;50 50 50 50 50 50 50 50 50 50 50 50 50 50 50 50 50 50 50;42 42 42 42 42 42 42 42 42 42 42 42 42 42 42 42 42 42 42;32 32 32 32 32 32 32 32 32 32 32 32 32 32 32 32 32 32 32;43 43 43 43 43 43 43 43 43 43 43 43 43 43 43 43 43 43 43;28 28 28 28 28 28 28 28 28 28 28 28 28 28 28 28 28 28 28;40 40 40 40 40 40 40 40 40 40 40 40 40 40 40 40 40 40 40;50 50 50 50 50 50 50 50 50 50 50 50 50 50 50 50 50 50 50;42 42 42 42 42 42 42 42 42 42 42 42 42 42 42 42 42 42 42;46 46 46 46 46 46 46 46 46 46 46 46 46 46 46 46 46 46 46;
Vmax;42 42 42 42 42 42 42 42 42 42 42 42 42 42 42 42 42 42 42;52 52 52 52 52 52 52 52 52 52 52 52 52 52 52 52 52 52 52;49 49 49 49 49 49 49 49 49 49 49 49 49 49 49 49 49 49 49;50 50 50 50 50 50 50 50 50 50 50 50 50 50 50 50 50 50 50;42 42 42 42 42 42 42 42 42 42 42 42 42 42 42 42 42 42 42;32 32 32 32 32 32 32 32 32 32 32 32 32 32 32 32 32 32 32;43 43 43 43 43 43 43 43 43 43 43 43 43 43 43 43 43 43 43;28 28 28 28 28 28 28 28 28 28 28 28 28 28 28 28 28 28 28;40 40 40 40 40 40 40 40 40 40 40 40 40 40 40 40 40 40 40;50 50 50 50 50 50 50 50 50 50 50 50 50 50 50 50 50 50 50;42 42 42 42 42 42 42 42 42 42 42 42 42 42 42 42 42 42 42;46 46 46 46 46 46 46 46 46 46 46 46 46 46 46 46 46 46 46;
d;3.000 3.552 3.000 32.596 3.000 6.399 3.000 13.826 3.000 7.348 3.000 25.978 3.000 5.657 3.000 30.801 3.000 3.594 3.000
S;0.19246721786838314 0.19127674167790695 0.18985068717735221 0.18866021098687602 0.17643757000368165 0.17524709381320547 0.17300237977301239 0.1718119035825362 0.1615030774408889 0.16031260125041272 0.15739667471183297 0.15620619852135678 0.15071973456379067 0.14952925837331449 0.1469900664028104 0.14579959021233421 0.13286458399039477 0.13167410779991859 0.13026441869068178 0.1290739425002056;0.25776705935887995 0.25680552089734143 0.25565370764689338 0.25469216918535492 0.24482003608354408 0.24385849762200562 0.24204545935877275 0.24108392089723427 0.23275756132128839 0.2317960228597499 0.22944085142474319 0.22847931296320473 0.22404793822824748 0.22308639976670899 0.22103551394437876 0.2200739754828403 0.20962647045742769 0.2086649319958892 0.20752633694612099 0.20656479848458253;0.37756865764257225 0.37654824947930693 0.37532591705025997 0.37430550888699465 0.36382895947282806 0.36280855130956274 0.36088451070368299 0.35986410254041767 0.35102796584757712 0.3500075576843118 0.34750819207981487 0.34648778391654955 0.34178510052435007 0.34076469236108475 0.33858824210065269 0.33756783393738737 0.32648068574715355 0.32546027758388824 0.32425197263311384 0.32323156446984852;0.49179777522521417 0.49079777522521423 0.48959988944474825 0.48859988944474825 0.47833287101886501 0.47733287101886501 0.47544731122510281 0.47444731122510286 0.46578789726611913 0.46478789726611919 0.46233851897371214 0.4613385189737122 0.45672988924935665 0.45572988924935665 0.45359696799413318 0.45259696799413324 0.44173156276770414 0.44073156276770414 0.4395474239159452 0.4385474239159452;0.58873822326986847 0.58754774707939239 0.58612169257883762 0.58493121638836143 0.57270857540516718 0.57151809921469099 0.56927338517449788 0.56808290898402169 0.55777408284237451 0.55658360665189832 0.55366768011331857 0.55247720392284239 0.54699073996527625 0.54580026377480018 0.54326107180429595 0.54207059561381987 0.52913558939188043 0.52794511320140414 0.52653542409216736 0.52534494790169117;0.76792808818651892 0.7663655881865189 0.76449389165454085 0.76293139165454094 0.74688917536409827 0.74532667536409825 0.74238048818634494 0.74081798818634492 0.72728765387543282 0.72572515387543279 0.721898000293547 0.72033550029354698 0.71313451634924141 0.7115720163492415 0.70823932688795488 0.70667682688795486 0.68969963122165934 0.68813713122165932 0.68628691426578603 0.68472441426578601;0.74272111526373519 0.74391159145421126 0.74591651865868625 0.74710699484916232 0.76004200107110187 0.76123247726157794 0.76377166923208206 0.76496214542255825 0.77044860938012438 0.77163908557060046 0.77455501210918032 0.7757454882996565 0.78605431444130369 0.78724479063177988 0.78948950467197299 0.79067998086244917 0.80290262184564343 0.80409309803611961 0.80551915253667439 0.80670962872715046;1.0946354734937278 1.0955970119552663 1.0972163762358036 1.0981779146973421 1.1086254197227547 1.1095869581842932 1.1116378440066232 1.1125993824681617 1.1170307572031188 1.1179922956646573 1.120347467099664 1.1213090055612025 1.1296353651371485 1.1305969035986869 1.1324099418619198 1.1333714803234582 1.143243613425269 1.1442051518868075 1.1453569651372555 1.1463185035987939;1.3857724059435319 1.3867928141067973 1.3885113231392046 1.3895317313024698 1.4006188794927037 1.4016392876559689 1.4038157379164009 1.4048361460796663 1.4095388294718658 1.410559237635131 1.413058603239628 1.4140790114028934 1.4229151480957338 1.4239355562589993 1.4258595968648791 1.4268800050281445 1.437356554442311 1.4383769626055765 1.4395992950346232 1.4406197031978887;1.4495430968860392 1.4505430968860393 1.4522272357377981 1.4532272357377982 1.4640926409642274 1.4650926409642273 1.4672255622194508 1.4682255622194509 1.4728341919438064 1.4738341919438063 1.4762835702362134 1.4772835702362135 1.4859429841951972 1.4869429841951971 1.4888285439889593 1.4898285439889594 1.5000955624148424 1.5010955624148425 1.5022934481953085 1.5032934481953084;1.6204482318532567 1.6216387080437329 1.6236436352482078 1.6248341114386839 1.6377691176606235 1.6389595938510995 1.6414987858216037 1.6426892620120799 1.6481757259696461 1.6493662021601223 1.6522821286987019 1.6534726048891781 1.6637814310308257 1.6649719072213016 1.6672166212614947 1.6684070974519709 1.6806297384351652 1.6818202146256414 1.6832462691261962 1.6844367453166724;1.7640815272777948 1.7656440272777947 1.768275494233668 1.7698379942336682 1.7868151898999638 1.7883776898999637 1.7917103793612503 1.7932728793612502 1.8004738633055557 1.8020363633055558 1.8058635168874417 1.8074260168874416 1.8209563511983538 1.8225188511983537 1.8254650383761073 1.8270275383761072 1.84306975466655 1.8446322546665499 1.8465039511985279 1.8480664511985279;
