m;3
n;6
P;19
P1;2 4 6 8 10 12 14 16 18
Q;20
M;100
h;1 1 1 1 1 1 1 1 1 1 1 1 1 1 1 1 1 1 1
Vmin;42 42 42 42 42 42 42 42 42 42 42 42 42 42 42 42 42 42 42;44 44 44 44 44 44 44 44 44 44 44 44 44 44 44 44 44 44 44;37 37 37 37 37 37 37 37 37 37 37 37 37 37 37 37 37 37 37;32 32 32 32 32 32 32 32 32 32 32 32 32 32 32 32 32 32 32;52 52 52 52 52 52 52 52 52 52 52 52 52 52 52 52 52 52 52;28 28 28 28 28 28 28 28 28 28 28 28 28 28 28 28 28 28 28;
Vmax;42 42 42 42 42 42 42 42 42 42 42 42 42 42 42 42 42 42 42;44 44 44 44 44 44 44 44 44 44 44 44 44 44 44 44 44 44 44;37 37 37 37 37 37 37 37 37 37 37 37 37 37 37 37 37 37 37;32 32 32 32 32 32 32 32 32 32 32 32 32 32 32 32 32 32 32;52 52 52 52 52 52 52 52 52 52 52 52 52 52 52 52 52 52 52;28 28 28 28 28 28 28 28 28 28 28 28 28 28 28 28 28 28 28;
d;3.000 7.564 3.000 18.542 3.000 4.943 3.000 10.702 3.000 15.475 3.000 3.481 3.000 7.624 3.000 14.231 3.000 17.381 3.000
S;0.13037326123274834 0.12918278504227215 0.12228565859525532 0.12109518240477914 0.11544800383654888 0.11425752764607269 0.11123210047690704 0.11004162428643086 0.10866043928330792 0.10746996309283173 0.10132916707657554 0.10013869088609935 0.095891750399181241 0.094701274208705055 0.092739745489877054 0.091549269299400868 0.084191328966800011 0.083000852776323825 0.079999169912188223 0.078808693721712036;0.19084532745728958 0.18970896382092592 0.18312534312150078 0.18198897948513712 0.17659849085182644 0.17546212721546278 0.17257421946307741 0.17143785582671375 0.17011945196009642 0.16898308832373277 0.16312141939912458 0.16198505576276095 0.15793115802524818 0.15679479438888455 0.15492242606636691 0.15378606243000326 0.14676257393070244 0.14562621029433881 0.14276096756039119 0.14162460392402754;0.39052776860086053 0.38917641724950919 0.38134724668803061 0.37999589533667927 0.37358558452949897 0.37223423317814763 0.36879996449963526 0.36744861314828392 0.36588078152311732 0.36452943017176598 0.35755879685601571 0.35620744550466438 0.35138659414113571 0.35003524278978432 0.34780864262246608 0.34645729127111474 0.33810503467735159 0.33675368332600025 0.33334636764238684 0.33199501629103551;0.39303613317805808 0.39422660936853426 0.39782353032790796 0.3990140065183842 0.40637194685098504 0.40756242304146123 0.40952395176028927 0.41071442795076546 0.41496136843768361 0.41615184462815979 0.42229264064441602 0.4234831168348922 0.42486430183801516 0.42605477802849134 0.42908020519765699 0.43027068138813324 0.43591785995636351 0.43710833614683969 0.44400546259385654 0.44519593878433278;0.44884369157135817 0.44998005520772177 0.45341347975985119 0.45454984339621485 0.46157333189551564 0.46270969553187924 0.46458206385439682 0.46571842749076048 0.46977232522827322 0.47090868886463683 0.47677035778924498 0.47790672142560864 0.47922512529222594 0.48036148892858954 0.48324939668097494 0.48438576031733854 0.48977624895064925 0.49091261258701285 0.49749623328643799 0.4986325969228016;0.78247279068784603 0.78382414203919737 0.78790713339848639 0.78925848474983773 0.79761074134360088 0.79896209269495222 0.80118869286227057 0.80254004421362191 0.80736089557715063 0.80871224692850197 0.81568288024425217 0.81703423159560351 0.81860206322077012 0.81995341457212156 0.82338768325063383 0.82473903460198517 0.83114934540916552 0.83250069676051686 0.84032986732199544 0.84168121867334678;
