m;8
n;16
P;19
P1;2 4 6 8 10 12 14 16 18
Q;20
M;100
h;1 1 1 1 1 1 1 1 1 1 1 1 1 1 1 1 1 1 1
Vmin;40 40 40 40 40 40 40 40 40 40 40 40 40 40 40 40 40 40 40;47 47 47 47 47 47 47 47 47 47 47 47 47 47 47 47 47 47 47;52 52 52 52 52 52 52 52 52 52 52 52 52 52 52 52 52 52 52;52 52 52 52 52 52 52 52 52 52 52 52 52 52 52 52 52 52 52;42 42 42 42 42 42 42 42 42 42 42 42 42 42 42 42 42 42 42;50 50 50 50 50 50 50 50 50 50 50 50 50 50 50 50 50 50 50;36 36 36 36 36 36 36 36 36 36 36 36 36 36 36 36 36 36 36;48 48 48 48 48 48 48 48 48 48 48 48 48 48 48 48 48 48 48;48 48 48 48 48 48 48 48 48 48 48 48 48 48 48 48 48 48 48;44 44 44 44 44 44 44 44 44 44 44 44 44 44 44 44 44 44 44;46 46 46 46 46 46 46 46 46 46 46 46 46 46 46 46 46 46 46;28 28 28 28 28 28 28 28 28 28 28 28 28 28 28 28 28 28 28;51 51 51 51 51 51 51 51 51 51 51 51 51 51 51 51 51 51 51;52 52 52 52 52 52 52 52 52 52 52 52 52 52 52 52 52 52 52;47 47 47 47 47 47 47 47 47 47 47 47 47 47 47 47 47 47 47;51 51 51 51 51 51 51 51 51 51 51 51 51 51 51 51 51 51 51;
Vmax;40 40 40 40 40 40 40 40 40 40 40 40 40 40 40 40 40 40 40;47 47 47 47 47 47 47 47 47 47 47 47 47 47 47 47 47 47 47;52 52 52 52 52 52 52 52 52 52 52 52 52 52 52 52 52 52 52;52 52 52 52 52 52 52 52 52 52 52 52 52 52 52 52 52 52 52;42 42 42 42 42 42 42 42 42 42 42 42 42 42 42 42 42 42 42;50 50 50 50 50 50 50 50 50 50 50 50 50 50 50 50 50 50 50;36 36 36 36 36 36 36 36 36 36 36 36 36 36 36 36 36 36 36;48 48 48 48 48 48 48 48 48 48 48 48 48 48 48 48 48 48 48;48 48 48 48 48 48 48 48 48 48 48 48 48 48 48 48 48 48 48;44 44 44 44 44 44 44 44 44 44 44 44 44 44 44 44 44 44 44;46 46 46 46 46 46 46 46 46 46 46 46 46 46 46 46 46 46 46;28 28 28 28 28 28 28 28 28 28 28 28 28 28 28 28 28 28 28;51 51 51 51 51 51 51 51 51 51 51 51 51 51 51 51 51 51 51;52 52 52 52 52 52 52 52 52 52 52 52 52 52 52 52 52 52 52;47 47 47 47 47 47 47 47 47 47 47 47 47 47 47 47 47 47 47;51 51 51 51 51 51 51 51 51 51 51 51 51 51 51 51 51 51 51;
d;3.000 4.093 3.000 11.624 3.000 19.444 3.000 8.572 3.000 16.156 3.000 27.319 3.000 5.175 3.000 13.012 3.000 4.898 3.000
S;0.13531356779405584 0.13406356779405587 0.13202290035655093 0.13077290035655093 0.12535108286244881 0.12410108286244879 0.12194489355109919 0.12069489355109919 0.10931214539732292 0.10806214539732292 0.10133044371357022 0.10008044371357022 0.096508913668952895 0.09525891366895288 0.087157048842659859 0.085907048842659858 0.081063576278692692 0.079813576278692691 0.07810835364103931 0.076858353641039295;0.26693089725489083 0.26586706746765676 0.26413032922297169 0.26306649943573768 0.25845218667479969 0.25738835688756562 0.25555330215450212 0.2544894723672681 0.24480202713001167 0.24373819734277763 0.23800908952681787 0.23694525973958383 0.23390565970161162 0.23284182991437757 0.22594662580689415 0.22488279601966008 0.22076069170990079 0.21969686192266674 0.21824560861402553 0.21718177882679149;0.3810836951934844 0.38012215673194594 0.37855241254924982 0.37759087408771136 0.37342024524609435 0.37245870678455595 0.3708000996219793 0.36983856116044084 0.36108260104215145 0.36012106258061299 0.3549428305161878 0.35398129205464934 0.35123396125109757 0.35027242278955911 0.34404021907702603 0.34307868061548757 0.33935293248935899 0.33839139402782054 0.33707968430654867 0.33611814584501026;0.46347787541422597 0.46251633695268757 0.46094659276999139 0.45998505430845299 0.45581442546683598 0.45485288700529752 0.45319427984272093 0.45223274138118247 0.44347678126289303 0.44251524280135457 0.43733701073692938 0.43637547227539097 0.43362814147183915 0.43266660301030069 0.42643439929776761 0.42547286083622915 0.42174711271010057 0.42078557424856211 0.4194738645272903 0.41851232606575184;0.70503765457171785 0.70384717838124167 0.70190368558361793 0.70071320939314174 0.69554957368447312 0.69435909749399694 0.69230558386414021 0.69111510767366402 0.68027439514625809 0.67908391895578191 0.67267277449506513 0.67148229830458894 0.66808084111923915 0.66689036492876297 0.65917430318943626 0.65798382699896008 0.65337099598565795 0.65218051979518188 0.65055649823551187 0.6493660220450358;0.88977332073891413 0.88877332073891402 0.88714078678891006 0.88614078678891006 0.88180333279362832 0.88080333279362821 0.87907838134454852 0.87807838134454852 0.86897218282152744 0.86797218282152733 0.86258682147452526 0.86158682147452514 0.85872959743883126 0.85772959743883126 0.85124810557779684 0.85024810557779673 0.84637332752662298 0.84537332752662298 0.84400914941650029 0.84300914941650029;1.0498334747405604 1.0484445858516716 1.0461771775877771 1.0447882886988882 1.0387640470387747 1.0373751581498858 1.0349793922483861 1.0335905033594972 1.020943005410857 1.0195541165219679 1.012074447984465 1.0106855590955761 1.0067171923793348 1.0053283034904459 0.99632623146123123 0.99493734257234234 0.98955570639015655 0.98816681750126767 0.98627212568165279 0.98488323679276379;1.2197094219805538 1.2186677553138872 1.2169671991159663 1.2159255324492997 1.2114073512042145 1.2103656845375477 1.2085688601114231 1.2075271934447565 1.198041569983276 1.1969999033166094 1.1913901519134822 1.1903484852468156 1.1873722102096345 1.1863305435429679 1.1795789895210571 1.1785373228543903 1.1745010957177511 1.1734594290510845 1.1720384101863732 1.1709967435197064;1.3794796633800559 1.3807296633800559 1.3830598860177092 1.3843098860177094 1.3891533585816764 1.3904033585816764 1.3985052234079696 1.3997552234079695 1.4033267534525868 1.404576753452587 1.4113084551363397 1.4125584551363397 1.4239412032901162 1.4251912032901162 1.4273473926014657 1.4285973926014657 1.4340192100955678 1.435269210095568 1.4373098775330726 1.4385598775330728;1.4397792332493475 1.4408430630365816 1.4428262312388398 1.4438900610260739 1.4480121653358331 1.4490759951230672 1.4559711992305506 1.4570350290177847 1.4600746290557569 1.461138458842991 1.4668675666589508 1.4679313964461849 1.4776188416834413 1.4786826714706753 1.4805177262037388 1.4815815559909729 1.4861958687519106 1.4872596985391446 1.4889964367838298 1.4900602665710638;1.6067635275382857 1.6077250659998241 1.6095175449518651 1.6104790834134035 1.6142048315395321 1.6151663700010706 1.6213985737136036 1.6223601121751421 1.625107442978694 1.6260689814402325 1.6312472135046576 1.6322087519661961 1.6409647120844855 1.6419262505460239 1.6435848577086005 1.644546396170139 1.648717025011756 1.6496785634732944 1.6512483076559905 1.652209846117529;1.7530074521883037 1.7539689906498421 1.7557614696018831 1.7567230080634215 1.7604487561895501 1.7614102946510886 1.7676424983636216 1.7686040368251601 1.7713513676287118 1.7723129060902503 1.7774911381546756 1.7784526766162141 1.7872086367345035 1.7881701751960419 1.7898287823586185 1.790790320820157 1.794960949661774 1.7959224881233125 1.7974922323060085 1.798453770767547;2.1018279732058867 2.1030184493963628 2.1052377090512708 2.106428185241747 2.111041016255049 2.1122314924455252 2.119947554184852 2.1211380303753282 2.124539487560678 2.1257299637511542 2.1321411082118709 2.133331584402347 2.144172296929753 2.1453627731202292 2.1474162867500861 2.1486067629405623 2.1537703986492311 2.1549608748397078 2.1569043676373316 2.1580948438278083;2.169738383880282 2.1707383838802823 2.1726025619904048 2.1736025619904051 2.1774773400415786 2.1784773400415789 2.184958831902613 2.1859588319026129 2.1888160559383065 2.1898160559383069 2.1952014172853089 2.1962014172853088 2.20530761580833 2.2063076158083299 2.2080325672574097 2.2090325672574096 2.2133700212526914 2.2143700212526913 2.216002555202695 2.2170025552026953;2.446188289582675 2.4475771784715641 2.4501663147356236 2.4515552036245127 2.4569368398066986 2.4583257286955873 2.4673278007248021 2.4687166896136912 2.4726850563299325 2.4740739452188216 2.4815536137563248 2.4829425026452139 2.4955900005938543 2.4969788894827429 2.4993746553842429 2.500763544273132 2.5067877859332452 2.5081766748221339 2.5104440830860284 2.5118329719749175;2.4992893478786469 2.5003310145453139 2.5022728667433585 2.5033145334100251 2.5073507605466645 2.5083924272133311 2.5151439812352421 2.5161856479019087 2.51916192293909 2.5202035896057566 2.5258133410088841 2.5268550076755507 2.5363406311370307 2.5373822978036973 2.5391791222298221 2.5402207888964887 2.5447389701415735 2.5457806368082401 2.5474811930061612 2.5485228596728278;
