m;2
n;4
P;19
P1;2 4 6 8 10 12 14 16 18
Q;20
M;100
h;1 1 1 1 1 1 1 1 1 1 1 1 1 1 1 1 1 1 1
Vmin;40 40 40 40 40 40 40 40 40 40 40 40 40 40 40 40 40 40 40;44 44 44 44 44 44 44 44 44 44 44 44 44 44 44 44 44 44 44;28 28 28 28 28 28 28 28 28 28 28 28 28 28 28 28 28 28 28;52 52 52 52 52 52 52 52 52 52 52 52 52 52 52 52 52 52 52;
Vmax;40 40 40 40 40 40 40 40 40 40 40 40 40 40 40 40 40 40 40;44 44 44 44 44 44 44 44 44 44 44 44 44 44 44 44 44 44 44;28 28 28 28 28 28 28 28 28 28 28 28 28 28 28 28 28 28 28;52 52 52 52 52 52 52 52 52 52 52 52 52 52 52 52 52 52 52;
d;3.000 6.212 3.000 25.811 3.000 4.121 3.000 12.622 3.000 31.879 3.000 32.822 3.000 17.460 3.000 48.150 3.000 7.760 3.000
S;5.4208976840087439 5.3458976840087438 5.1518927380429558 5.0768927380429556 3.8731446785312023 3.7981446785312021 3.361650783006136 3.2866507830061358 2.4661067728412229 2.3911067728412227 1.5941302590188402 1.5191302590188402 1.203592391475379 1.128592391475379 1.025562138942911 0.95056213894291108 0.30529706526471684 0.23029706526471683 0.074999999999999997 0;5.0947554703109788 5.0265736521291604 4.8502055194329898 4.7820237012511715 3.6877072835132139 3.6195254653313955 3.2227128330358807 3.1545310148540624 2.4085819147041416 2.3404000965223233 1.6158759930474302 1.5476941748656121 1.2608415680079201 1.192659749826102 1.0989958838874947 1.0308140657056766 0.44420945327095468 0.3760276350891365 0.23484848484848483 0.16666666666666666;0 0.074999999999999997 0.26779706526471686 0.34279706526471687 0.98806213894291106 1.0630621389429111 1.1660923914753791 1.2410923914753791 1.5566302590188403 1.6316302590188403 2.4286067728412228 2.503606772841223 3.3241507830061359 3.399150783006136 3.8356446785312022 3.9106446785312023 5.1143927380429552 5.1893927380429554 5.3833976840087434 5.4583976840087436;0.16666666666666666 0.23484848484848483 0.41011854418004562 0.4783003623618638 1.0649049747965857 1.1330867929784039 1.2267506589170112 1.2949324770988293 1.5817850839565213 1.6499669021383394 2.3744910056132325 2.4426728237950508 3.1886219239449716 3.2568037421267899 3.6536163744223047 3.721798192604123 4.8161146103420807 4.884296428523899 5.0606645612200696 5.1288463794018879;
