m;8
n;16
P;19
P1;2 4 6 8 10 12 14 16 18
Q;20
M;100
h;1 1 1 1 1 1 1 1 1 1 1 1 1 1 1 1 1 1 1
Vmin;48 48 48 48 48 48 48 48 48 48 48 48 48 48 48 48 48 48 48;45 45 45 45 45 45 45 45 45 45 45 45 45 45 45 45 45 45 45;39 39 39 39 39 39 39 39 39 39 39 39 39 39 39 39 39 39 39;49 49 49 49 49 49 49 49 49 49 49 49 49 49 49 49 49 49 49;40 40 40 40 40 40 40 40 40 40 40 40 40 40 40 40 40 40 40;37 37 37 37 37 37 37 37 37 37 37 37 37 37 37 37 37 37 37;52 52 52 52 52 52 52 52 52 52 52 52 52 52 52 52 52 52 52;51 51 51 51 51 51 51 51 51 51 51 51 51 51 51 51 51 51 51;51 51 51 51 51 51 51 51 51 51 51 51 51 51 51 51 51 51 51;47 47 47 47 47 47 47 47 47 47 47 47 47 47 47 47 47 47 47;39 39 39 39 39 39 39 39 39 39 39 39 39 39 39 39 39 39 39;47 47 47 47 47 47 47 47 47 47 47 47 47 47 47 47 47 47 47;44 44 44 44 44 44 44 44 44 44 44 44 44 44 44 44 44 44 44;45 45 45 45 45 45 45 45 45 45 45 45 45 45 45 45 45 45 45;44 44 44 44 44 44 44 44 44 44 44 44 44 44 44 44 44 44 44;28 28 28 28 28 28 28 28 28 28 28 28 28 28 28 28 28 28 28;
Vmax;48 48 48 48 48 48 48 48 48 48 48 48 48 48 48 48 48 48 48;45 45 45 45 45 45 45 45 45 45 45 45 45 45 45 45 45 45 45;39 39 39 39 39 39 39 39 39 39 39 39 39 39 39 39 39 39 39;49 49 49 49 49 49 49 49 49 49 49 49 49 49 49 49 49 49 49;40 40 40 40 40 40 40 40 40 40 40 40 40 40 40 40 40 40 40;37 37 37 37 37 37 37 37 37 37 37 37 37 37 37 37 37 37 37;52 52 52 52 52 52 52 52 52 52 52 52 52 52 52 52 52 52 52;51 51 51 51 51 51 51 51 51 51 51 51 51 51 51 51 51 51 51;51 51 51 51 51 51 51 51 51 51 51 51 51 51 51 51 51 51 51;47 47 47 47 47 47 47 47 47 47 47 47 47 47 47 47 47 47 47;39 39 39 39 39 39 39 39 39 39 39 39 39 39 39 39 39 39 39;47 47 47 47 47 47 47 47 47 47 47 47 47 47 47 47 47 47 47;44 44 44 44 44 44 44 44 44 44 44 44 44 44 44 44 44 44 44;45 45 45 45 45 45 45 45 45 45 45 45 45 45 45 45 45 45 45;44 44 44 44 44 44 44 44 44 44 44 44 44 44 44 44 44 44 44;28 28 28 28 28 28 28 28 28 28 28 28 28 28 28 28 28 28 28;
d;3.000 25.188 3.000 6.642 3.000 13.992 3.000 5.598 3.000 36.771 3.000 15.497 3.000 15.076 3.000 8.196 3.000 21.170 3.000
S;3.7110459984035238 3.6485459984035238 3.207503391780723 3.145003391780723 2.9742554149442011 2.9117554149442011 2.5976710148068105 2.5351710148068105 2.2123168971032432 2.1498168971032432 1.3837502746828776 1.3212502746828776 1.204615626452596 1.142115626452596 0.85062285344243649 0.78812285344243649 0.64974722904639171 0.58724722904639171 0.0625 0;4.1251157316304266 4.0584490649637601 3.5880036178994388 3.5213369512327719 3.3392057759404818 3.272539109273815 2.937515749127265 2.8708490824605981 2.5264713569101263 2.4598046902434594 1.642666959661736 1.5760002929950694 1.4515900015494356 1.384923334882769 1.0739977103385989 1.0073310436719323 0.85973037764948446 0.7930637109828178 0.23333333333333334 0.16666666666666666;4.9007745621376699 4.8238514852145933 4.2810298155249917 4.2041067386019151 3.993955382495427 3.9170323055723499 3.5304668900186384 3.4535438130955614 3.0561848989988634 2.9792618220757863 2.0364105944814903 1.9594875175584132 1.8159371812749898 1.7390141043519129 1.3802537683394089 1.3033306914163321 1.1330222306212001 1.0560991536981232 0.41025641025641024 0.33333333333333331;4.1353103657830443 4.0740858759871257 3.6420441388872389 3.5808196490913207 3.4135563248432992 3.352331835047381 3.0446573206270799 2.9834328308311617 2.667167572672565 2.6059430828766468 1.8555104731587373 1.7942859833628189 1.6800316340760124 1.618807144280094 1.3332632033721827 1.2720387135762643 1.1364870815148327 1.0752625917189143 0.56122448979591832 0.5;5.1199218647508973 5.0449218647508971 4.5156707368035356 4.4406707368035354 4.235773164599709 4.1607731645997088 3.78387188443484 3.7088718844348398 3.3214469431905589 3.2464469431905587 2.3271669962861199 2.2521669962861197 2.1122054184097818 2.0372054184097816 1.6874140907975903 1.6124140907975903 1.4463633415223367 1.3713633415223367 0.74166666666666659 0.66666666666666663;5.6476632772081734 5.5665821961270927 4.994418814562378 4.9133377334812973 4.6918268446122964 4.6107457635312157 4.203284920109736 4.1222038390286553 3.7033660647105138 3.6222849836294326 2.6284688248138233 2.5473877437327421 2.3960779298123769 2.3149968487312957 1.9368440621235212 1.8557629810424401 1.6762486575016253 1.5951675764205442 0.9144144144144144 0.83333333333333337;4.4255809216032516 4.3678886139109441 3.9607723616437434 3.9030800539514359 3.7454665368715694 3.6877742291792619 3.3978501675139783 3.3401578598216708 3.0421386742491472 2.9844463665568397 2.2773079458611174 2.2196156381688099 2.1119528859562422 2.0542605782639347 1.7851903262545568 1.727498018562249 1.5997666729659001 1.5420743652735924 1.0576923076923077 1;4.6594158416346882 4.6005923122229238 4.1854933883426408 4.1266698589308763 3.9659658807317966 3.9071423513200321 3.6115335041318994 3.5527099747201349 3.2488472757050126 3.1900237462932481 2.4690198663681979 2.4101963369564334 2.3004225503867568 2.2415990209749923 1.9672528816713128 1.9084293522595481 1.7781934704750355 1.7193699410632708 1.2254901960784315 1.1666666666666667;0 0.0625 0.61849722904639171 0.68099722904639171 0.81937285344243649 0.88187285344243649 1.173365626452596 1.235865626452596 1.3525002746828776 1.4150002746828776 2.1810668971032432 2.2435668971032432 2.5664210148068105 2.6289210148068105 2.9430054149442011 3.0055054149442011 3.176253391780723 3.238753391780723 3.6797959984035238 3.7422959984035238;0.16666666666666666 0.23333333333333334 0.82639704431615124 0.89306371098281789 1.0406643770052657 1.1073310436719324 1.4182566682161024 1.4849233348827691 1.6093336263284028 1.6760002929950695 2.493138023576793 2.5598046902434599 2.9041824157939318 2.9708490824605986 3.3058724426071486 3.3725391092738155 3.5546702845661056 3.6213369512327724 4.0917823982970933 4.1584490649637598;0.33333333333333331 0.41025641025641024 1.0945606921596616 1.1714837690827384 1.3417922298778704 1.4187153068009473 1.7774756428134513 1.8543987197365281 1.9979490560199515 2.0748721329430286 3.0177233605373246 3.0946464374604017 3.4920053515570997 3.5689284284801768 3.9554938440338883 4.0324169209569654 4.2425682770634534 4.3194913539865301 4.8623130236761316 4.9392361005992083;0.5 0.56122448979591832 1.1058748366168736 1.167099326412792 1.3026509584742236 1.3638754482701421 1.6494193891780533 1.7106438789739717 1.8248982282607782 1.8861227180566966 2.6365553277746061 2.6977798175705243 3.0140450757291211 3.0752695655250393 3.3829440799453403 3.4441685697412585 3.61143189398928 3.6726563837851982 4.104698120885085 4.1659226106810037;0.66666666666666663 0.74166666666666659 1.4088633415223366 1.4838633415223366 1.6499140907975902 1.7249140907975902 2.0747054184097813 2.1497054184097815 2.2896669962861194 2.3646669962861195 3.2839469431905584 3.3589469431905585 3.7463718844348395 3.8213718844348397 4.1982731645997085 4.2732731645997086 4.4781707368035351 4.5531707368035352 5.0824218647508967 5.1574218647508969;0.83333333333333337 0.9144144144144144 1.6357081169610848 1.7167891980421659 1.8963035215829807 1.9773846026640618 2.3555373892718361 2.4366184703529172 2.5879282842732825 2.6690093653543636 3.662825524169973 3.7439066052510541 4.1627443795691956 4.2438254606502763 4.651286304071756 4.7323673851528367 4.9538782740218377 5.0349593551029184 5.6071227366676331 5.6882038177487138;1 1.0576923076923077 1.5709205191197462 1.6286128268120539 1.7563441724084028 1.8140364801007105 2.0831067321100885 2.1407990398023959 2.2484617920149637 2.3061540997072711 3.0132925204029934 3.0709848280953009 3.3690040136678245 3.426696321360132 3.7166203830254156 3.7743126907177231 3.9319262077975896 3.9896185154898971 4.3967347677570983 4.4544270754494057;1.1666666666666667 1.2254901960784315 1.748781705769153 1.8076052351809178 1.9378411169654304 1.9966646463771951 2.2710107856808746 2.3298343150926391 2.4396081016623157 2.4984316310740802 3.2194355109991304 3.2782590404108949 3.5821217394260172 3.6409452688377817 3.9365541160259143 3.9953776454376788 4.1560816236367586 4.2149051530485231 4.630004076928806 4.6888276063405705;
