m;7
n;14
P;19
P1;2 4 6 8 10 12 14 16 18
Q;20
M;100
h;1 1 1 1 1 1 1 1 1 1 1 1 1 1 1 1 1 1 1
Vmin;45 45 45 45 45 45 45 45 45 45 45 45 45 45 45 45 45 45 45;50 50 50 50 50 50 50 50 50 50 50 50 50 50 50 50 50 50 50;38 38 38 38 38 38 38 38 38 38 38 38 38 38 38 38 38 38 38;29 29 29 29 29 29 29 29 29 29 29 29 29 29 29 29 29 29 29;44 44 44 44 44 44 44 44 44 44 44 44 44 44 44 44 44 44 44;28 28 28 28 28 28 28 28 28 28 28 28 28 28 28 28 28 28 28;44 44 44 44 44 44 44 44 44 44 44 44 44 44 44 44 44 44 44;44 44 44 44 44 44 44 44 44 44 44 44 44 44 44 44 44 44 44;48 48 48 48 48 48 48 48 48 48 48 48 48 48 48 48 48 48 48;43 43 43 43 43 43 43 43 43 43 43 43 43 43 43 43 43 43 43;46 46 46 46 46 46 46 46 46 46 46 46 46 46 46 46 46 46 46;44 44 44 44 44 44 44 44 44 44 44 44 44 44 44 44 44 44 44;52 52 52 52 52 52 52 52 52 52 52 52 52 52 52 52 52 52 52;42 42 42 42 42 42 42 42 42 42 42 42 42 42 42 42 42 42 42;
Vmax;45 45 45 45 45 45 45 45 45 45 45 45 45 45 45 45 45 45 45;50 50 50 50 50 50 50 50 50 50 50 50 50 50 50 50 50 50 50;38 38 38 38 38 38 38 38 38 38 38 38 38 38 38 38 38 38 38;29 29 29 29 29 29 29 29 29 29 29 29 29 29 29 29 29 29 29;44 44 44 44 44 44 44 44 44 44 44 44 44 44 44 44 44 44 44;28 28 28 28 28 28 28 28 28 28 28 28 28 28 28 28 28 28 28;44 44 44 44 44 44 44 44 44 44 44 44 44 44 44 44 44 44 44;44 44 44 44 44 44 44 44 44 44 44 44 44 44 44 44 44 44 44;48 48 48 48 48 48 48 48 48 48 48 48 48 48 48 48 48 48 48;43 43 43 43 43 43 43 43 43 43 43 43 43 43 43 43 43 43 43;46 46 46 46 46 46 46 46 46 46 46 46 46 46 46 46 46 46 46;44 44 44 44 44 44 44 44 44 44 44 44 44 44 44 44 44 44 44;52 52 52 52 52 52 52 52 52 52 52 52 52 52 52 52 52 52 52;42 42 42 42 42 42 42 42 42 42 42 42 42 42 42 42 42 42 42;
d;3.000 11.182 3.000 5.167 3.000 13.488 3.000 7.653 3.000 30.443 3.000 15.891 3.000 9.472 3.000 4.896 3.000 28.409 3.000
S;3.4800301401094891 3.4133634734428222 2.7820467537782894 2.7153800871116225 2.6065846132546233 2.5399179465879564 2.329428298922724 2.2627616322560571 1.9096381032338561 1.8429714365671894 1.1664669015888525 1.0998002349221858 0.92972764209819636 0.86306097543152971 0.56332813541939997 0.49666146875273326 0.38183232370162878 0.31516565703496213 0.066666666666666666 0;3.2986937927652069 3.2386937927652069 2.670508745067127 2.6105087450671269 2.5125928185958277 2.4525928185958277 2.2631521356971187 2.2031521356971187 1.8853409595771375 1.8253409595771375 1.216486878096634 1.156486878096634 1.0034215445550434 0.94342154455504335 0.67366198854412662 0.61366198854412657 0.51031575799813256 0.45031575799813262 0.22666666666666666 0.16666666666666666;4.4544216571472006 4.3754742887261484 3.6278623838602542 3.5489150154392015 3.4200782700822292 3.3411309016611765 3.0918668452155065 3.0129194767944538 2.594746876636584 2.5157995082155313 1.7146757167938163 1.6357283483727636 1.434326593712776 1.3553792252917234 1.000432441066833 0.9214850726457805 0.78550319034841998 0.70655582192736732 0.41228070175438591 0.33333333333333331;5.9000467691354146 5.7965984932733452 4.8169691006904491 4.7135208248283798 4.5447002619468293 4.4412519860847599 4.1146301190180203 4.0111818431559509 3.4632315395008111 3.3597832636387421 2.3100348472930468 2.2065865714309778 1.9426808239454769 1.839232548083408 1.3741298653059655 1.2706815894438965 1.0924984333301138 0.9890501574680447 0.60344827586206895 0.5;4.2257884008695532 4.1576065826877349 3.5119417557580985 3.4437599375762802 3.3324918393134402 3.2643100211316218 3.0490365178376342 2.9808546996558158 2.6197056358831103 2.551523817701292 1.8596441796552654 1.7914623614734473 1.6175244824489126 1.5493426642670944 1.2427977142546891 1.174615896072871 1.0571769977251506 0.98899517954333249 0.73484848484848486 0.66666666666666663;6.426238915652152 6.3190960585092952 5.3044799019055819 5.1973370447627252 5.0224871760639767 4.9153443189211199 4.5770573851734246 4.4699145280305679 3.9023945706734593 3.7952517135306021 2.7080122823154178 2.6008694251725606 2.3275384724197203 2.2203956152768631 1.7386821224002262 1.631539265257369 1.4469924249966655 1.3398495678538083 0.94047619047619047 0.83333333333333337;4.5591217342028862 4.4909399160210679 3.845275089091432 3.7770932709096137 3.6658251726467737 3.5976433544649553 3.3823698511709677 3.3141880329891493 2.9530389692164438 2.8848571510346255 2.1929775129885991 2.1247956948067808 1.9508578157822458 1.8826759976004277 1.5761310475880224 1.5079492294062042 1.3905103310584839 1.3223285128766658 1.0681818181818181 1;0 0.066666666666666666 0.34849899036829546 0.41516565703496211 0.52999480208606653 0.59666146875273318 0.89639430876486292 0.96306097543152958 1.133133568255519 1.1998002349221857 1.8763047699005226 1.9429714365671893 2.2960949655893903 2.3627616322560572 2.5732512799212897 2.6399179465879565 2.7487134204449557 2.8153800871116226 3.4466968067761554 3.5133634734428223;0.16666666666666666 0.22666666666666666 0.48031575799813264 0.54031575799813258 0.6436619885441266 0.70366198854412665 0.97342154455504337 1.0334215445550434 1.186486878096634 1.2464868780966341 1.8553409595771373 1.9153409595771373 2.233152135697118 2.2931521356971181 2.482592818595827 2.5425928185958271 2.6405087450671263 2.7005087450671263 3.2686937927652062 3.3286937927652063;0.33333333333333331 0.41228070175438591 0.74602950613789365 0.8249768745589463 0.96095875685630683 1.0399061252773594 1.3948529095022497 1.4738002779233024 1.6752020325832899 1.7541494010043426 2.5552731924260574 2.6342205608471101 3.0523931610049795 3.1313405294260321 3.3806045858717022 3.4595519542927549 3.5883886996497272 3.6673360680707798 4.4149479729366741 4.4938953413577263;0.5 0.60344827586206895 1.0407742953990793 1.1442225712611482 1.322405727374931 1.425854003237 1.8909566860144427 1.9944049618765116 2.2583107093620125 2.3617589852240815 3.4115074015697768 3.5149556774318458 4.0629059810869856 4.166354256949055 4.4929761240157946 4.596424399877864 4.7652449627594144 4.8686932386214838 5.8483226312043799 5.9517709070664493;0.66666666666666663 0.73484848484848486 1.0230860886342417 1.0912679068160598 1.2087068051637802 1.2768886233455983 1.5834335733580036 1.6516153915398217 1.8255532705643565 1.8937350887461746 2.5856147267922012 2.6537965449740195 3.014945608746725 3.0831274269285434 3.298400930222531 3.3665827484043493 3.4778508466671894 3.5460326648490077 4.191697491778644 4.2598793099604624;0.83333333333333337 0.94047619047619047 1.3934209964252369 1.5005638535680941 1.6851106938287976 1.7922535509716548 2.273967043848292 2.3811099009911492 2.6544408537439894 2.7615837108868466 3.8488231421020309 3.9559659992448881 4.5234859566019967 4.6306288137448535 4.9689157474925487 5.0760586046354055 5.250908473334154 5.3580513304770108 6.3726674870807241 6.4798103442235808;1 1.0681818181818181 1.3564194219675749 1.424601240149393 1.5420401384971134 1.6102219566789315 1.9167669066913369 1.984948724873155 2.1588866038976899 2.2270684220795083 2.9189480601255346 2.987129878307353 3.3482789420800585 3.4164607602618768 3.6317342635558645 3.6999160817376828 3.8111841800005228 3.8793659981823412 4.5250308251119771 4.5932126432937954;
