m;6
n;12
P;19
P1;2 4 6 8 10 12 14 16 18
Q;20
M;100
h;1 1 1 1 1 1 1 1 1 1 1 1 1 1 1 1 1 1 1
Vmin;49 49 49 49 49 49 49 49 49 49 49 49 49 49 49 49 49 49 49;43 43 43 43 43 43 43 43 43 43 43 43 43 43 43 43 43 43 43;32 32 32 32 32 32 32 32 32 32 32 32 32 32 32 32 32 32 32;42 42 42 42 42 42 42 42 42 42 42 42 42 42 42 42 42 42 42;51 51 51 51 51 51 51 51 51 51 51 51 51 51 51 51 51 51 51;39 39 39 39 39 39 39 39 39 39 39 39 39 39 39 39 39 39 39;34 34 34 34 34 34 34 34 34 34 34 34 34 34 34 34 34 34 34;40 40 40 40 40 40 40 40 40 40 40 40 40 40 40 40 40 40 40;33 33 33 33 33 33 33 33 33 33 33 33 33 33 33 33 33 33 33;28 28 28 28 28 28 28 28 28 28 28 28 28 28 28 28 28 28 28;52 52 52 52 52 52 52 52 52 52 52 52 52 52 52 52 52 52 52;36 36 36 36 36 36 36 36 36 36 36 36 36 36 36 36 36 36 36;
Vmax;49 49 49 49 49 49 49 49 49 49 49 49 49 49 49 49 49 49 49;43 43 43 43 43 43 43 43 43 43 43 43 43 43 43 43 43 43 43;32 32 32 32 32 32 32 32 32 32 32 32 32 32 32 32 32 32 32;42 42 42 42 42 42 42 42 42 42 42 42 42 42 42 42 42 42 42;51 51 51 51 51 51 51 51 51 51 51 51 51 51 51 51 51 51 51;39 39 39 39 39 39 39 39 39 39 39 39 39 39 39 39 39 39 39;34 34 34 34 34 34 34 34 34 34 34 34 34 34 34 34 34 34 34;40 40 40 40 40 40 40 40 40 40 40 40 40 40 40 40 40 40 40;33 33 33 33 33 33 33 33 33 33 33 33 33 33 33 33 33 33 33;28 28 28 28 28 28 28 28 28 28 28 28 28 28 28 28 28 28 28;52 52 52 52 52 52 52 52 52 52 52 52 52 52 52 52 52 52 52;36 36 36 36 36 36 36 36 36 36 36 36 36 36 36 36 36 36 36;
d;3.000 3.089 3.000 33.767 3.000 8.158 3.000 19.644 3.000 9.747 3.000 5.730 3.000 3.612 3.000 19.312 3.000 35.606 3.000
S;3.4421767840769943 3.3809522942810761 2.6542929709240717 2.5930684811281535 2.1989377787783622 2.1377132889824439 2.0639931922651664 2.0027687024692482 1.8858255698945459 1.8246010800986274 1.6256924500929353 1.5644679602970168 1.1635687526393041 1.1023442628433857 0.93584607192785196 0.87462158213193364 0.18549270790305206 0.1242682181071337 0.061224489795918366 0;4.0891471880567307 4.0193797461962655 3.1913260986499119 3.1215586567894467 2.6724329727164284 2.6026655308559632 2.5186589090153446 2.4488914671548794 2.3156306881744046 2.2458632463139394 2.0191999237493135 1.9494324818888484 1.4925938499068037 1.4228264080463386 1.2330959114216606 1.1633284695611956 0.37804207799805156 0.30827463613758643 0.23643410852713176 0.16666666666666666;5.6041665339512328 5.5104165339512328 4.3977194450608197 4.3039694450608197 3.7004568070877015 3.6067068070877015 3.4938229089893702 3.4000729089893702 3.2210037372343572 3.1272537372343572 2.8226748975381408 2.7289248975381408 2.1150479858122679 2.0212979858122679 1.7663476309728567 1.6725976309728567 0.61736904230988177 0.52361904230988177 0.42708333333333331 0.33333333333333331;4.5158729147564953 4.4444443433279242 3.5966751327447519 3.5252465613161803 3.0654274085747568 2.9939988371461852 2.9079920576426947 2.8365634862141231 2.7001298315436371 2.6287012601150654 2.3966411917750912 2.3252126203465195 1.8574968780791881 1.7860683066506167 1.5918204172491606 1.5203918458205892 0.71640815922022738 0.64497958779165598 0.5714285714285714 0.5;3.9738561258778962 3.9150325964661317 3.2168697171623428 3.1580461877505783 2.7793715913752886 2.7205480619635241 2.6497189494312376 2.5908954200194731 2.4785382926437789 2.4197147632320144 2.2286064716579181 2.1697829422461536 1.7846052721436454 1.7257817427318807 1.5658128926365638 1.506989363224799 0.84488515073038339 0.78606162131861868 0.72549019607843135 0.66666666666666663;5.158119549224943 5.0811964723018663 4.1682142455199891 4.0912911685969124 3.5961013117984564 3.5191782348753793 3.4265555492562356 3.3496324723331585 3.202703921149558 3.1257808442264809 2.8758700013988165 2.7989469244757395 2.2952530481878437 2.2183299712647666 2.0091399365247371 1.9322168596016602 1.0663882740320398 0.98946519710896297 0.91025641025641035 0.83333333333333337;0 0.061224489795918366 0.15488046300509289 0.21610495280101127 0.90523382702989286 0.96645831682581118 1.132956507741345 1.1941809975372635 1.5950802051949762 1.6563046949908946 1.8552133249965868 1.9164378147925052 2.0333809473672075 2.0946054371631257 2.1683255338804033 2.2295500236763215 2.6236807260261128 2.684905215822031 3.4115645391790355 3.4727890289749537;0.16666666666666666 0.23643410852713176 0.343158357067819 0.41292579892828413 1.1982121904914282 1.2679796323518933 1.4577101289765713 1.5274775708370363 1.9843162028190811 2.0540836446795461 2.280746967244172 2.3505144091046373 2.483775188085112 2.5535426299455772 2.6375492517861958 2.7073166936466611 3.1564423777196793 3.2262098195801445 4.0542634671264981 4.1240309089869633;0.33333333333333331 0.42708333333333331 0.57049404230988177 0.66424404230988177 1.7194726309728567 1.8132226309728567 2.0681729858122679 2.1619229858122679 2.7757998975381408 2.8695498975381408 3.1741287372343572 3.2678787372343572 3.4469479089893702 3.5406979089893702 3.6535818070877015 3.7473318070877015 4.3508444450608197 4.4445944450608197 5.5572915339512328 5.6510415339512328;0.5 0.5714285714285714 0.68069387350594168 0.75212244493451308 1.5561061315348748 1.6275347029634462 1.8217825923649023 1.8932111637934737 2.3609269060608051 2.4323554774893767 2.664415545829351 2.7358441172579226 2.8722777719284087 2.9437063433569803 3.0297131228604708 3.1011416942890424 3.5609608470304659 3.6323894184590375 4.4801586290422097 4.5515872004707809;0.66666666666666663 0.72549019607843135 0.81547338602450092 0.87429691543626564 1.5364011279306813 1.595224657342446 1.7551935074377629 1.8140170368495276 2.1991947069520359 2.2580182363638004 2.4491265279378966 2.5079500573496611 2.6203071847253554 2.6791307141371199 2.7499598266694063 2.8087833560811708 3.1874579524564606 3.2462814818682251 3.9444443611720139 4.0032678905837784;0.83333333333333337 0.91025641025641035 1.0279267355705015 1.1048498124935784 1.9706783980631988 2.0476014749862759 2.2567915097263054 2.3337145866493825 2.8374084629372778 2.9143315398603549 3.1642423826880193 3.2411654596110964 3.3880940107946969 3.4650170877177739 3.5576397733369176 3.6345628502599947 4.1297527070584508 4.2066757839815274 5.1196580107634047 5.1965810876864813;
