m;1
n;2
P;19
P1;2 4 6 8 10 12 14 16 18
Q;20
M;100
h;1 1 1 1 1 1 1 1 1 1 1 1 1 1 1 1 1 1 1
Vmin;52 52 52 52 52 52 52 52 52 52 52 52 52 52 52 52 52 52 52;28 28 28 28 28 28 28 28 28 28 28 28 28 28 28 28 28 28 28;
Vmax;52 52 52 52 52 52 52 52 52 52 52 52 52 52 52 52 52 52 52;28 28 28 28 28 28 28 28 28 28 28 28 28 28 28 28 28 28 28;
d;3.000 7.513 3.000 5.910 3.000 7.446 3.000 7.191 3.000 30.533 3.000 13.647 3.000 16.847 3.000 7.009 3.000 4.843 3.000
S;2.5180808301113031 2.4603885224189956 2.3672504108570473 2.3095581031647399 2.1747654969850228 2.1170731892927153 1.793087808928586 1.7353955012362783 1.472951599034416 1.4152592913421083 0.82809448556664678 0.77040217787433907 0.63210415194557124 0.57441184425326353 0.4312107909411993 0.37351848324889159 0.25985858959124031 0.2021662818989326 0.057692307692307696 0;0 0.057692307692307696 0.2310124357450864 0.28870474343739411 0.40236463709504533 0.46005694478735304 0.60325799809941727 0.66095030579172498 0.79924833172049281 0.85694063941280052 1.444105445188262 1.5017977528805697 1.764241655082432 1.8219339627747397 2.145919343138869 2.2036116508311765 2.3384042570108936 2.3960965647032011 2.4892346762651494 2.5469269839574569;
