m;5
n;10
P;19
P1;2 4 6 8 10 12 14 16 18
Q;20
M;100
h;1 1 1 1 1 1 1 1 1 1 1 1 1 1 1 1 1 1 1
Vmin;46 46 46 46 46 46 46 46 46 46 46 46 46 46 46 46 46 46 46;48 48 48 48 48 48 48 48 48 48 48 48 48 48 48 48 48 48 48;46 46 46 46 46 46 46 46 46 46 46 46 46 46 46 46 46 46 46;30 30 30 30 30 30 30 30 30 30 30 30 30 30 30 30 30 30 30;28 28 28 28 28 28 28 28 28 28 28 28 28 28 28 28 28 28 28;31 31 31 31 31 31 31 31 31 31 31 31 31 31 31 31 31 31 31;40 40 40 40 40 40 40 40 40 40 40 40 40 40 40 40 40 40 40;33 33 33 33 33 33 33 33 33 33 33 33 33 33 33 33 33 33 33;42 42 42 42 42 42 42 42 42 42 42 42 42 42 42 42 42 42 42;52 52 52 52 52 52 52 52 52 52 52 52 52 52 52 52 52 52 52;
Vmax;46 46 46 46 46 46 46 46 46 46 46 46 46 46 46 46 46 46 46;48 48 48 48 48 48 48 48 48 48 48 48 48 48 48 48 48 48 48;46 46 46 46 46 46 46 46 46 46 46 46 46 46 46 46 46 46 46;30 30 30 30 30 30 30 30 30 30 30 30 30 30 30 30 30 30 30;28 28 28 28 28 28 28 28 28 28 28 28 28 28 28 28 28 28 28;31 31 31 31 31 31 31 31 31 31 31 31 31 31 31 31 31 31 31;40 40 40 40 40 40 40 40 40 40 40 40 40 40 40 40 40 40 40;33 33 33 33 33 33 33 33 33 33 33 33 33 33 33 33 33 33 33;42 42 42 42 42 42 42 42 42 42 42 42 42 42 42 42 42 42 42;52 52 52 52 52 52 52 52 52 52 52 52 52 52 52 52 52 52 52;
d;3.000 22.906 3.000 43.129 3.000 5.454 3.000 27.474 3.000 5.567 3.000 29.853 3.000 15.785 3.000 5.287 3.000 14.305 3.000
S;4.3426086910683832 4.2773912997640355 3.9664158749394773 3.9011984836351297 3.7862646108511866 3.7210472195468389 3.3778883414914254 3.3126709501870777 2.6636890442669183 2.5984716529625707 2.4774564622184592 2.4122390709141115 1.8149737912567478 1.7497563999524 1.6311898848531807 1.5659724935488328 0.62839153947089799 0.5631741481665502 0.065217391304347824 0;4.328333328940535 4.265833328940535 3.9678152134836666 3.9053152134836666 3.7951702520657209 3.7326702520657209 3.4038096605959498 3.3413096605959498 2.7193686674224637 2.6568686674224637 2.54089577629269 2.47839577629269 1.9060165499543831 1.8435165499543831 1.7298903063176314 1.6673903063176314 0.76887522532627728 0.70637522532627728 0.22916666666666666 0.16666666666666666;4.6759420244017171 4.6107246330973695 4.2997492082728108 4.2345318169684631 4.1195979441845196 4.054380552880172 3.7112216748247588 3.6460042835204112 2.9970223776002518 2.9318049862959041 2.8107897955517926 2.745572404247445 2.1483071245900813 2.0830897332857337 1.9645232181865142 1.8993058268821663 0.96172487280423136 0.89650748149988357 0.39855072463768115 0.33333333333333331;7.1586666596381878 7.0586666596381882 6.5818376749071987 6.4818376749071991 6.3056057366384861 6.2056057366384865 5.6794287902868525 5.5794287902868529 4.5843232012092754 4.4843232012092757 4.298766575401638 4.1987665754016383 3.282959813260347 3.1829598132603469 3.0011578234415439 2.9011578234415438 1.4635336938553771 1.363533693855377 0.59999999999999998 0.5;7.8009523734218664 7.6938095162790097 7.1829213183529497 7.0757784612100929 6.8869585273507576 6.7798156702079009 6.2160546562597219 6.1089117991168651 5.0427272393908895 4.9355843822480328 4.7367737117398496 4.6296308545969929 3.648409323731324 3.5412664665884668 3.3464786203540351 3.2393357632111779 1.6990241957974277 1.5918813386545705 0.77380952380952372 0.66666666666666663;0 0.065217391304347824 0.59578284381872415 0.66100023512307193 1.5985811892010067 1.6637985805053546 1.7823650956045738 1.8475824869089217 2.4448477665662853 2.510065157870633 2.6310803486147445 2.6962977399190922 3.3452796458392515 3.4104970371435992 3.7536559151990128 3.8188733065033604 3.9338071792873035 3.9990245705916512 4.3099999954162094 4.375217386720557;0.16666666666666666 0.22916666666666666 0.73762522532627728 0.80012522532627728 1.6986403063176314 1.7611403063176314 1.8747665499543831 1.9372665499543831 2.50964577629269 2.57214577629269 2.6881186674224637 2.7506186674224637 3.3725596605959498 3.4350596605959498 3.7639202520657209 3.8264202520657209 3.9365652134836662 3.9990652134836662 4.297083328940535 4.359583328940535;0.33333333333333331 0.39855072463768115 0.92911617715205752 0.9943335684564053 1.9319145225343402 1.997131913838688 2.1156984289379075 2.1809158202422552 2.7781810998996188 2.8433984912039665 2.964413681948078 3.0296310732524256 3.678612979172585 3.7438303704769327 4.0869892485323458 4.1522066398366935 4.267140512620637 4.3323579039249847 4.6433333287495433 4.708550720053891;0.5 0.59999999999999998 1.4135336938553769 1.5135336938553769 2.9511578234415436 3.0511578234415437 3.2329598132603468 3.3329598132603468 4.2487665754016382 4.3487665754016378 4.5343232012092756 4.6343232012092752 5.6294287902868527 5.7294287902868524 6.2556057366384863 6.3556057366384859 6.5318376749071989 6.6318376749071986 7.108666659638188 7.2086666596381876;0.66666666666666663 0.77380952380952372 1.6454527672259991 1.7525956243688563 3.2929071917826063 3.4000500489254635 3.5948378951598952 3.7019807523027524 4.6832022831684217 4.7903451403112784 4.9891558108194616 5.0962986679623183 6.1624832276882939 6.2696260848311507 6.8333870987793297 6.9405299559221865 7.1293498897815217 7.2364927469243785 7.7473809448504385 7.8545238019932953;
