Vermelho 1 2 0 10 2020-01-01T00:43:39 130 45
Azul 1 2 0 10 2020-01-01T01:40:14 370 28
Verde 1 2 0 10 2020-01-01T02:08:50 70 50
Amarelo 1 2 0 10 2020-01-01T02:17:26 120 46
Laranja 1 2 0 10 2020-01-01T02:52:51 250 37
Preto 1 2 0 10 2020-01-01T04:03:44 130 45
Roxo 1 2 0 10 2020-01-01T04:44:30 80 49
Rosa 10 9 0 1 2020-01-01T05:39:42 80 49
Branco 10 9 0 1 2020-01-01T06:01:55 50 52
Abobora 10 9 0 1 2020-01-01T07:31:44 220 39
Acafrao 10 9 0 1 2020-01-01T09:10:12 200 40
Ambar 10 9 0 1 2020-01-01T10:22:36 100 48
Ameixa 10 9 0 1 2020-01-01T11:53:32 160 43
Amendoa 10 9 0 1 2020-01-01T13:19:20 330 31
