Vermelho 1 2 0 10 2020-01-01T00:31:57 230 39
Azul 1 2 0 10 2020-01-01T00:59:04 150 43
Verde 1 2 0 10 2020-01-01T03:18:55 210 40
Amarelo 1 2 0 10 2020-01-01T04:30:56 120 45
Laranja 1 2 0 10 2020-01-01T04:53:12 100 47
Preto 1 2 0 10 2020-01-01T05:02:27 270 36
Roxo 1 2 0 10 2020-01-01T06:11:29 320 33
Rosa 1 2 0 10 2020-01-01T07:36:16 400 28
Branco 10 9 0 1 2020-01-01T07:59:38 140 44
Abobora 10 9 0 1 2020-01-01T09:18:07 70 49
Acafrao 10 9 0 1 2020-01-01T09:50:07 130 44
Ambar 10 9 0 1 2020-01-01T10:26:08 210 40
Ameixa 10 9 0 1 2020-01-01T11:03:05 170 42
Amendoa 10 9 0 1 2020-01-01T11:53:55 50 50
Ametista 10 9 0 1 2020-01-01T12:03:36 30 52
Anil 10 9 0 1 2020-01-01T12:12:09 140 44
