Vermelho 1 2 0 10 2020-01-01T00:00:00 180 41
Azul 1 2 0 10 2020-01-01T01:00:00 270 36
Verde 1 2 0 10 2020-01-01T02:00:00 340 32
Amarelo 1 2 0 10 2020-01-01T03:00:00 140 44
Laranja 1 2 0 10 2020-01-01T04:00:00 220 39
Preto 1 2 0 10 2020-01-01T05:00:00 190 40
Roxo 1 2 0 10 2020-01-01T06:00:00 170 42
Rosa 1 2 0 10 2020-01-01T07:00:00 140 44
Branco 10 9 0 1 2020-01-01T00:00:00 120 46
Abobora 10 9 0 1 2020-01-01T01:00:00 410 28
Acafrao 10 9 0 1 2020-01-01T02:00:00 270 36
Ambar 10 9 0 1 2020-01-01T03:00:00 180 41
Ameixa 10 9 0 1 2020-01-01T04:00:00 110 47
Amendoa 10 9 0 1 2020-01-01T05:00:00 70 50
Ametista 10 9 0 1 2020-01-01T06:00:00 50 52
Anil 10 9 0 1 2020-01-01T07:00:00 60 51
