Vermelho 1 2 0 10 2020-01-01T00:00:00 90 47
Azul 1 2 0 10 2020-01-01T01:00:00 140 44
Verde 1 2 0 10 2020-01-01T02:00:00 250 28
Amarelo 1 2 0 10 2020-01-01T03:00:00 170 42
Laranja 1 2 0 10 2020-01-01T04:00:00 170 42
Preto 1 2 0 10 2020-01-01T05:00:00 120 45
Roxo 10 9 0 1 2020-01-01T00:00:00 20 52
Rosa 10 9 0 1 2020-01-01T01:00:00 50 50
Branco 10 9 0 1 2020-01-01T02:00:00 80 48
Abobora 10 9 0 1 2020-01-01T03:00:00 80 48
Acafrao 10 9 0 1 2020-01-01T04:00:00 180 41
Ambar 10 9 0 1 2020-01-01T05:00:00 40 50
