Vermelho 1 2 0 5 2020-01-01T00:00:00 200 40
Azul 1 2 0 5 2020-01-01T00:30:00 200 40
Verde 1 2 0 5 2020-01-01T01:00:00 200 40
Amarelo 1 2 0 5 2020-01-01T01:30:00 200 40
Laranja 1 2 0 5 2020-01-01T02:00:00 200 40
Preto 1 2 0 5 2020-01-01T02:30:00 200 40
Roxo 5 4 0 1 2020-01-01T00:00:00 200 40
Rosa 5 4 0 1 2020-01-01T00:30:00 200 40
Branco 5 4 0 1 2020-01-01T01:00:00 200 40
Abobora 5 4 0 1 2020-01-01T01:30:00 200 40
Acafrao 5 4 0 1 2020-01-01T02:00:00 200 40
Ambar 5 4 0 1 2020-01-01T02:30:00 200 40
