Vermelho 1 2 0 5 2020-01-01T00:11:13 350 34
Azul 1 2 0 5 2020-01-01T00:17:33 110 49
Verde 1 2 0 5 2020-01-01T00:42:38 120 48
Amarelo 1 2 0 5 2020-01-01T00:55:54 320 35
Laranja 1 2 0 5 2020-01-01T01:13:24 320 35
Preto 1 2 0 5 2020-01-01T01:57:46 310 35
Roxo 5 4 0 1 2020-01-01T02:06:49 460 28
Rosa 5 4 0 1 2020-01-01T02:47:35 310 35
Branco 5 4 0 1 2020-01-01T03:25:56 200 40
Abobora 5 4 0 1 2020-01-01T03:57:04 100 50
Acafrao 5 4 0 1 2020-01-01T04:01:06 100 50
Ambar 5 4 0 1 2020-01-01T04:25:38 90 52
