Vermelho 1 2 0 5 2020-01-01T00:00:00 50 50
Azul 1 2 0 5 2020-01-01T00:30:00 320 36
Verde 1 2 0 5 2020-01-01T01:00:00 280 37
Amarelo 1 2 0 5 2020-01-01T01:30:00 30 51
Laranja 1 2 0 5 2020-01-01T02:00:00 90 47
Preto 1 2 0 5 2020-01-01T02:30:00 90 47
Roxo 1 2 0 5 2020-01-01T03:00:00 360 34
Rosa 1 2 0 5 2020-01-01T03:30:00 100 46
Branco 5 4 0 1 2020-01-01T00:00:00 390 33
Abobora 5 4 0 1 2020-01-01T00:30:00 30 51
Acafrao 5 4 0 1 2020-01-01T01:00:00 20 52
Ambar 5 4 0 1 2020-01-01T01:30:00 20 52
Ameixa 5 4 0 1 2020-01-01T02:00:00 110 46
Amendoa 5 4 0 1 2020-01-01T02:30:00 330 36
Ametista 5 4 0 1 2020-01-01T03:00:00 130 44
Anil 5 4 0 1 2020-01-01T03:30:00 520 28
