Vermelho 1 2 0 5 2020-01-01T00:25:17 50 52
Azul 1 2 0 5 2020-01-01T00:48:49 70 50
Verde 1 2 0 5 2020-01-01T01:04:23 80 49
Amarelo 1 2 0 5 2020-01-01T02:03:28 70 50
Laranja 1 2 0 5 2020-01-01T03:38:57 110 47
Preto 1 2 0 5 2020-01-01T03:50:17 100 48
Roxo 1 2 0 5 2020-01-01T04:00:06 130 45
Rosa 5 4 0 1 2020-01-01T04:51:31 190 40
Branco 5 4 0 1 2020-01-01T06:24:07 180 41
Abobora 5 4 0 1 2020-01-01T06:35:54 300 28
Acafrao 5 4 0 1 2020-01-01T06:52:25 50 52
Ambar 5 4 0 1 2020-01-01T06:56:28 260 33
Ameixa 5 4 0 1 2020-01-01T08:18:41 110 47
Amendoa 5 4 0 1 2020-01-01T09:16:22 140 44
