Vermelho 1 2 0 5 2020-01-01T00:00:00 330 34
Azul 1 2 0 5 2020-01-01T01:00:00 30 52
Verde 1 2 0 5 2020-01-01T02:00:00 50 50
Amarelo 1 2 0 5 2020-01-01T03:00:00 340 33
Laranja 1 2 0 5 2020-01-01T04:00:00 150 43
Preto 1 2 0 5 2020-01-01T05:00:00 130 44
Roxo 1 2 0 5 2020-01-01T06:00:00 430 28
Rosa 5 4 0 1 2020-01-01T00:00:00 30 52
Branco 5 4 0 1 2020-01-01T01:00:00 70 49
Abobora 5 4 0 1 2020-01-01T02:00:00 110 46
Acafrao 5 4 0 1 2020-01-01T03:00:00 140 44
Ambar 5 4 0 1 2020-01-01T04:00:00 160 42
Ameixa 5 4 0 1 2020-01-01T05:00:00 150 43
Amendoa 5 4 0 1 2020-01-01T06:00:00 300 35
