Vermelho 1 2 0 5 2020-01-01T00:00:00 70 49
Azul 1 2 0 5 2020-01-01T01:00:00 210 40
Verde 1 2 0 5 2020-01-01T02:00:00 50 50
Amarelo 1 2 0 5 2020-01-01T03:00:00 280 34
Laranja 1 2 0 5 2020-01-01T04:00:00 220 39
Preto 1 2 0 5 2020-01-01T05:00:00 50 50
Roxo 1 2 0 5 2020-01-01T06:00:00 230 38
Rosa 1 2 0 5 2020-01-01T07:00:00 350 29
Branco 5 4 0 1 2020-01-01T00:00:00 50 50
Abobora 5 4 0 1 2020-01-01T01:00:00 60 49
Acafrao 5 4 0 1 2020-01-01T02:00:00 360 28
Ambar 5 4 0 1 2020-01-01T03:00:00 350 29
Ameixa 5 4 0 1 2020-01-01T04:00:00 30 52
Amendoa 5 4 0 1 2020-01-01T05:00:00 120 45
Ametista 5 4 0 1 2020-01-01T06:00:00 180 41
Anil 5 4 0 1 2020-01-01T07:00:00 330 31
