m;1
n;2
P;9
P1;2 4 6 8
Q;10
M;100
h;1 1 1 1 1 1 1 1 1
Vmin;50 50 50 50 50 50 50 50 50;50 50 50 50 50 50 50 50 50;
Vmax;50 50 50 50 50 50 50 50 50;50 50 50 50 50 50 50 50 50;
d;3 46.25 3 46.25 3 46.25 3 46.25 3
S;4 3.9400000000000004 3.0150000000000001 2.9550000000000001 2.0300000000000002 1.9700000000000002 1.0450000000000002 0.9850000000000001 0.059999999999999998 0;0 0.059999999999999998 0.9850000000000001 1.0450000000000002 1.9700000000000002 2.0300000000000002 2.9550000000000001 3.0150000000000001 3.9400000000000004 4;
