m;3
n;6
P;9
P1;2 4 6 8
Q;10
M;100
h;1 1 1 1 1 1 1 1 1
Vmin;50 50 50 50 50 50 50 50 50;50 50 50 50 50 50 50 50 50;50 50 50 50 50 50 50 50 50;50 50 50 50 50 50 50 50 50;50 50 50 50 50 50 50 50 50;50 50 50 50 50 50 50 50 50;
Vmax;50 50 50 50 50 50 50 50 50;50 50 50 50 50 50 50 50 50;50 50 50 50 50 50 50 50 50;50 50 50 50 50 50 50 50 50;50 50 50 50 50 50 50 50 50;50 50 50 50 50 50 50 50 50;
d;3 46.25 3 46.25 3 46.25 3 46.25 3
S;4 3.9400000000000004 3.0150000000000001 2.9550000000000001 2.0300000000000002 1.9700000000000002 1.0450000000000002 0.9850000000000001 0.059999999999999998 0;4.5 4.4400000000000004 3.5150000000000001 3.4550000000000001 2.5300000000000002 2.4700000000000002 1.5450000000000002 1.4850000000000001 0.56000000000000005 0.5;4.9999999999999991 4.9399999999999995 4.0149999999999997 3.9550000000000001 3.0299999999999998 2.9699999999999998 2.0449999999999999 1.9850000000000001 1.0600000000000001 1;0 0.059999999999999998 0.9850000000000001 1.0450000000000002 1.9700000000000002 2.0300000000000002 2.9550000000000001 3.0150000000000001 3.9400000000000004 4;0.5 0.56000000000000005 1.4850000000000001 1.5450000000000002 2.4700000000000002 2.5300000000000002 3.4550000000000001 3.5150000000000001 4.4400000000000004 4.5;1 1.0600000000000001 1.9850000000000001 2.0449999999999999 2.9699999999999998 3.0299999999999998 3.9550000000000001 4.0149999999999997 4.9399999999999995 4.9999999999999991;
