m;8
n;16
P;9
P1;2 4 6 8
Q;10
M;100
h;1 1 1 1 1 1 1 1 1
Vmin;50 50 50 50 50 50 50 50 50;50 50 50 50 50 50 50 50 50;50 50 50 50 50 50 50 50 50;50 50 50 50 50 50 50 50 50;50 50 50 50 50 50 50 50 50;50 50 50 50 50 50 50 50 50;50 50 50 50 50 50 50 50 50;50 50 50 50 50 50 50 50 50;50 50 50 50 50 50 50 50 50;50 50 50 50 50 50 50 50 50;50 50 50 50 50 50 50 50 50;50 50 50 50 50 50 50 50 50;50 50 50 50 50 50 50 50 50;50 50 50 50 50 50 50 50 50;50 50 50 50 50 50 50 50 50;50 50 50 50 50 50 50 50 50;
Vmax;50 50 50 50 50 50 50 50 50;50 50 50 50 50 50 50 50 50;50 50 50 50 50 50 50 50 50;50 50 50 50 50 50 50 50 50;50 50 50 50 50 50 50 50 50;50 50 50 50 50 50 50 50 50;50 50 50 50 50 50 50 50 50;50 50 50 50 50 50 50 50 50;50 50 50 50 50 50 50 50 50;50 50 50 50 50 50 50 50 50;50 50 50 50 50 50 50 50 50;50 50 50 50 50 50 50 50 50;50 50 50 50 50 50 50 50 50;50 50 50 50 50 50 50 50 50;50 50 50 50 50 50 50 50 50;50 50 50 50 50 50 50 50 50;
d;3 46.25 3 46.25 3 46.25 3 46.25 3
S;4 3.9400000000000004 3.0150000000000001 2.9550000000000001 2.0300000000000002 1.9700000000000002 1.0450000000000002 0.9850000000000001 0.059999999999999998 0;4.5 4.4400000000000004 3.5150000000000001 3.4550000000000001 2.5300000000000002 2.4700000000000002 1.5450000000000002 1.4850000000000001 0.56000000000000005 0.5;4.9999999999999991 4.9399999999999995 4.0149999999999997 3.9550000000000001 3.0299999999999998 2.9699999999999998 2.0449999999999999 1.9850000000000001 1.0600000000000001 1;5.5 5.4400000000000004 4.5150000000000006 4.455000000000001 3.5300000000000007 3.4700000000000006 2.5450000000000004 2.4850000000000003 1.5600000000000001 1.5;5.9999999999999991 5.9399999999999995 5.0149999999999997 4.9550000000000001 4.0300000000000002 3.9700000000000006 3.0450000000000004 2.9850000000000003 2.0600000000000001 2;6.4999999999999991 6.4399999999999995 5.5149999999999997 5.4550000000000001 4.5300000000000002 4.4700000000000006 3.5450000000000004 3.4850000000000003 2.5600000000000001 2.5;6.9999999999999982 6.9399999999999986 6.0149999999999988 5.9549999999999992 5.0299999999999994 4.9699999999999998 4.0449999999999999 3.9850000000000003 3.0600000000000001 3;7.4999999999999982 7.4399999999999986 6.5149999999999988 6.4549999999999992 5.5299999999999994 5.4699999999999998 4.5449999999999999 4.4850000000000003 3.5600000000000001 3.5;0 0.059999999999999998 0.9850000000000001 1.0450000000000002 1.9700000000000002 2.0300000000000002 2.9550000000000001 3.0150000000000001 3.9400000000000004 4;0.5 0.56000000000000005 1.4850000000000001 1.5450000000000002 2.4700000000000002 2.5300000000000002 3.4550000000000001 3.5150000000000001 4.4400000000000004 4.5;1 1.0600000000000001 1.9850000000000001 2.0449999999999999 2.9699999999999998 3.0299999999999998 3.9550000000000001 4.0149999999999997 4.9399999999999995 4.9999999999999991;1.5 1.5600000000000001 2.4850000000000003 2.5450000000000004 3.4700000000000006 3.5300000000000007 4.455000000000001 4.5150000000000006 5.4400000000000004 5.5;2 2.0600000000000001 2.9850000000000003 3.0450000000000004 3.9700000000000006 4.0300000000000002 4.9550000000000001 5.0149999999999997 5.9399999999999995 5.9999999999999991;2.5 2.5600000000000001 3.4850000000000003 3.5450000000000004 4.4700000000000006 4.5300000000000002 5.4550000000000001 5.5149999999999997 6.4399999999999995 6.4999999999999991;3 3.0600000000000001 3.9850000000000003 4.0449999999999999 4.9699999999999998 5.0299999999999994 5.9549999999999992 6.0149999999999988 6.9399999999999986 6.9999999999999982;3.5 3.5600000000000001 4.4850000000000003 4.5449999999999999 5.4699999999999998 5.5299999999999994 6.4549999999999992 6.5149999999999988 7.4399999999999986 7.4999999999999982;
