Vermelho 1 2 0 20 2020-01-01T00:06:25 260 33
Azul 1 2 0 20 2020-01-01T00:25:22 200 40
Verde 1 2 0 20 2020-01-01T01:04:39 100 46
Amarelo 1 2 0 20 2020-01-01T01:15:09 120 45
Laranja 1 2 0 20 2020-01-01T01:30:44 220 38
Preto 1 2 0 20 2020-01-01T01:42:54 200 40
Roxo 1 2 0 20 2020-01-01T01:54:47 80 48
Rosa 1 2 0 20 2020-01-01T01:58:36 130 44
Branco 20 19 0 1 2020-01-01T02:08:47 210 39
Abobora 20 19 0 1 2020-01-01T02:42:34 280 31
Acafrao 20 19 0 1 2020-01-01T03:20:53 30 51
Ambar 20 19 0 1 2020-01-01T03:46:53 80 48
Ameixa 20 19 0 1 2020-01-01T03:51:11 300 28
Amendoa 20 19 0 1 2020-01-01T04:08:56 190 40
Ametista 20 19 0 1 2020-01-01T04:16:13 120 45
Anil 20 19 0 1 2020-01-01T04:22:59 20 52
