Vermelho 1 2 0 20 2020-01-01T00:24:23 150 44
Azul 1 2 0 20 2020-01-01T01:03:21 60 52
Verde 1 2 0 20 2020-01-01T01:09:57 110 47
Amarelo 1 2 0 20 2020-01-01T01:48:26 280 33
Laranja 1 2 0 20 2020-01-01T01:54:19 180 41
Preto 1 2 0 20 2020-01-01T02:42:19 330 28
Roxo 20 19 0 1 2020-01-01T02:56:50 110 47
Rosa 20 19 0 1 2020-01-01T03:25:37 80 50
Branco 20 19 0 1 2020-01-01T03:49:34 280 33
Abobora 20 19 0 1 2020-01-01T04:00:18 150 44
Acafrao 20 19 0 1 2020-01-01T04:08:49 260 35
Ambar 20 19 0 1 2020-01-01T04:24:13 60 52
