Vermelho 1 2 0 20 2020-01-01T00:00:00 170 42
Azul 1 2 0 20 2020-01-01T00:20:00 250 32
Verde 1 2 0 20 2020-01-01T00:40:00 150 43
Amarelo 1 2 0 20 2020-01-01T01:00:00 120 45
Laranja 1 2 0 20 2020-01-01T01:20:00 20 52
Preto 1 2 0 20 2020-01-01T01:40:00 50 50
Roxo 1 2 0 20 2020-01-01T02:00:00 80 48
Rosa 1 2 0 20 2020-01-01T02:20:00 130 44
Branco 20 19 0 1 2020-01-01T00:00:00 270 28
Abobora 20 19 0 1 2020-01-01T00:20:00 180 41
Acafrao 20 19 0 1 2020-01-01T00:40:00 260 30
Ambar 20 19 0 1 2020-01-01T01:00:00 150 43
Ameixa 20 19 0 1 2020-01-01T01:20:00 70 48
Amendoa 20 19 0 1 2020-01-01T01:40:00 90 47
Ametista 20 19 0 1 2020-01-01T02:00:00 270 28
Anil 20 19 0 1 2020-01-01T02:20:00 210 39
