Vermelho 1 2 0 20 2020-01-01T00:00:00 20 52
Azul 1 2 0 20 2020-01-01T00:20:00 130 44
Verde 1 2 0 20 2020-01-01T00:40:00 200 40
Amarelo 1 2 0 20 2020-01-01T01:00:00 260 36
Laranja 1 2 0 20 2020-01-01T01:20:00 360 29
Preto 1 2 0 20 2020-01-01T01:40:00 20 52
Roxo 20 19 0 1 2020-01-01T00:00:00 40 50
Rosa 20 19 0 1 2020-01-01T00:20:00 70 48
Branco 20 19 0 1 2020-01-01T00:40:00 40 50
Abobora 20 19 0 1 2020-01-01T01:00:00 240 38
Acafrao 20 19 0 1 2020-01-01T01:20:00 370 28
Ambar 20 19 0 1 2020-01-01T01:40:00 340 31
