Vermelho 1 2 0 20 2020-01-01T00:00:00 260 37
Azul 1 2 0 20 2020-01-01T00:20:00 40 50
Verde 1 2 0 20 2020-01-01T00:40:00 200 40
Amarelo 1 2 0 20 2020-01-01T01:00:00 180 41
Laranja 1 2 0 20 2020-01-01T01:20:00 30 51
Preto 1 2 0 20 2020-01-01T01:40:00 90 47
Roxo 1 2 0 20 2020-01-01T02:00:00 20 52
Rosa 20 19 0 1 2020-01-01T00:00:00 250 37
Branco 20 19 0 1 2020-01-01T00:20:00 330 33
Abobora 20 19 0 1 2020-01-01T00:40:00 370 30
Acafrao 20 19 0 1 2020-01-01T01:00:00 200 40
Ambar 20 19 0 1 2020-01-01T01:20:00 400 28
Ameixa 20 19 0 1 2020-01-01T01:40:00 280 36
Amendoa 20 19 0 1 2020-01-01T02:00:00 30 51
