Vermelho 1 2 0 10 2020-01-01T00:00:00 200 40
Azul 1 2 0 10 2020-01-01T01:00:00 200 40
Verde 1 2 0 10 2020-01-01T02:00:00 200 40
Amarelo 1 2 0 10 2020-01-01T03:00:00 200 40
Laranja 1 2 0 10 2020-01-01T04:00:00 200 40
Preto 1 2 0 10 2020-01-01T05:00:00 200 40
Roxo 1 2 0 10 2020-01-01T06:00:00 200 40
Rosa 1 2 0 10 2020-01-01T07:00:00 200 40
Branco 10 9 0 1 2020-01-01T00:00:00 200 40
Abobora 10 9 0 1 2020-01-01T01:00:00 200 40
Acafrao 10 9 0 1 2020-01-01T02:00:00 200 40
Ambar 10 9 0 1 2020-01-01T03:00:00 200 40
Ameixa 10 9 0 1 2020-01-01T04:00:00 200 40
Amendoa 10 9 0 1 2020-01-01T05:00:00 200 40
Ametista 10 9 0 1 2020-01-01T06:00:00 200 40
Anil 10 9 0 1 2020-01-01T07:00:00 200 40
