Vermelho 1 2 0 10 2020-01-01T00:09:04 170 42
Azul 1 2 0 10 2020-01-01T00:50:55 80 48
Verde 1 2 0 10 2020-01-01T03:07:50 20 52
Amarelo 1 2 0 10 2020-01-01T03:18:53 40 50
Laranja 1 2 0 10 2020-01-01T04:01:28 200 40
Preto 1 2 0 10 2020-01-01T04:19:23 190 40
Roxo 1 2 0 10 2020-01-01T04:56:38 20 52
Rosa 10 9 0 1 2020-01-01T05:07:05 140 44
Branco 10 9 0 1 2020-01-01T05:43:19 220 39
Abobora 10 9 0 1 2020-01-01T06:37:01 370 28
Acafrao 10 9 0 1 2020-01-01T06:50:55 200 40
Ambar 10 9 0 1 2020-01-01T07:36:20 150 43
Ameixa 10 9 0 1 2020-01-01T08:04:23 180 41
Amendoa 10 9 0 1 2020-01-01T08:43:30 50 50
