Vermelho 1 2 0 10 2020-01-01T02:11:14 60 51
Azul 1 2 0 10 2020-01-01T03:36:44 130 45
Verde 1 2 0 10 2020-01-01T03:43:00 50 52
Amarelo 1 2 0 10 2020-01-01T05:05:19 210 40
Laranja 1 2 0 10 2020-01-01T05:25:20 180 41
Preto 1 2 0 10 2020-01-01T05:30:42 190 40
Roxo 10 9 0 1 2020-01-01T05:39:12 350 28
Rosa 10 9 0 1 2020-01-01T06:07:51 50 52
Branco 10 9 0 1 2020-01-01T06:11:58 190 40
Abobora 10 9 0 1 2020-01-01T06:57:47 230 38
Acafrao 10 9 0 1 2020-01-01T07:51:42 120 46
Ambar 10 9 0 1 2020-01-01T08:33:33 50 52
