Vermelho 1 2 0 10 2020-01-01T00:00:00 260 38
Azul 1 2 0 10 2020-01-01T01:00:00 60 49
Verde 1 2 0 10 2020-01-01T02:00:00 260 38
Amarelo 1 2 0 10 2020-01-01T03:00:00 320 35
Laranja 1 2 0 10 2020-01-01T04:00:00 340 34
Preto 1 2 0 10 2020-01-01T05:00:00 50 50
Roxo 1 2 0 10 2020-01-01T06:00:00 60 49
Rosa 10 9 0 1 2020-01-01T00:00:00 30 52
Branco 10 9 0 1 2020-01-01T01:00:00 390 32
Abobora 10 9 0 1 2020-01-01T02:00:00 470 28
Acafrao 10 9 0 1 2020-01-01T03:00:00 80 48
Ambar 10 9 0 1 2020-01-01T04:00:00 250 38
Ameixa 10 9 0 1 2020-01-01T05:00:00 330 35
Amendoa 10 9 0 1 2020-01-01T06:00:00 130 44
