Vermelho 1 2 0 10 2020-01-01T00:00:00 20 52
Azul 1 2 0 10 2020-01-01T01:00:00 30 51
Verde 1 2 0 10 2020-01-01T02:00:00 210 40
Amarelo 1 2 0 10 2020-01-01T03:00:00 330 33
Laranja 1 2 0 10 2020-01-01T04:00:00 90 47
Preto 1 2 0 10 2020-01-01T05:00:00 80 48
Roxo 1 2 0 10 2020-01-01T06:00:00 270 36
Rosa 1 2 0 10 2020-01-01T07:00:00 160 42
Branco 10 9 0 1 2020-01-01T00:00:00 50 50
Abobora 10 9 0 1 2020-01-01T01:00:00 90 47
Acafrao 10 9 0 1 2020-01-01T02:00:00 290 35
Ambar 10 9 0 1 2020-01-01T03:00:00 170 42
Ameixa 10 9 0 1 2020-01-01T04:00:00 400 28
Amendoa 10 9 0 1 2020-01-01T05:00:00 20 52
Ametista 10 9 0 1 2020-01-01T06:00:00 110 46
Anil 10 9 0 1 2020-01-01T07:00:00 140 44
