Vermelho 1 2 0 10 2020-01-01T00:00:00 100 47
Azul 1 2 0 10 2020-01-01T01:00:00 70 49
Verde 1 2 0 10 2020-01-01T02:00:00 150 43
Amarelo 1 2 0 10 2020-01-01T03:00:00 110 46
Laranja 1 2 0 10 2020-01-01T04:00:00 160 42
Preto 1 2 0 10 2020-01-01T05:00:00 200 40
Roxo 10 9 0 1 2020-01-01T00:00:00 40 51
Rosa 10 9 0 1 2020-01-01T01:00:00 110 46
Branco 10 9 0 1 2020-01-01T02:00:00 30 52
Abobora 10 9 0 1 2020-01-01T03:00:00 50 50
Acafrao 10 9 0 1 2020-01-01T04:00:00 140 44
Ambar 10 9 0 1 2020-01-01T05:00:00 240 28
