m;2
n;4
P;39
P1;2 4 6 8 10 12 14 16 18 20 22 24 26 28 30 32 34 36 38
Q;40
M;100
h;1 1 1 1 1 1 1 1 1 1 1 1 1 1 1 1 1 1 1 1 1 1 1 1 1 1 1 1 1 1 1 1 1 1 1 1 1 1 1
Vmin;40 40 40 40 40 40 40 40 40 40 40 40 40 40 40 40 40 40 40 40 40 40 40 40 40 40 40 40 40 40 40 40 40 40 40 40 40 40 40;40 40 40 40 40 40 40 40 40 40 40 40 40 40 40 40 40 40 40 40 40 40 40 40 40 40 40 40 40 40 40 40 40 40 40 40 40 40 40;40 40 40 40 40 40 40 40 40 40 40 40 40 40 40 40 40 40 40 40 40 40 40 40 40 40 40 40 40 40 40 40 40 40 40 40 40 40 40;40 40 40 40 40 40 40 40 40 40 40 40 40 40 40 40 40 40 40 40 40 40 40 40 40 40 40 40 40 40 40 40 40 40 40 40 40 40 40;
Vmax;40 40 40 40 40 40 40 40 40 40 40 40 40 40 40 40 40 40 40 40 40 40 40 40 40 40 40 40 40 40 40 40 40 40 40 40 40 40 40;40 40 40 40 40 40 40 40 40 40 40 40 40 40 40 40 40 40 40 40 40 40 40 40 40 40 40 40 40 40 40 40 40 40 40 40 40 40 40;40 40 40 40 40 40 40 40 40 40 40 40 40 40 40 40 40 40 40 40 40 40 40 40 40 40 40 40 40 40 40 40 40 40 40 40 40 40 40;40 40 40 40 40 40 40 40 40 40 40 40 40 40 40 40 40 40 40 40 40 40 40 40 40 40 40 40 40 40 40 40 40 40 40 40 40 40 40;
d;3 36.8421052631579 3 36.8421052631579 3 36.8421052631579 3 36.8421052631579 3 36.8421052631579 3 36.8421052631579 3 36.8421052631579 3 36.8421052631579 3 36.8421052631579 3 36.8421052631579 3 36.8421052631579 3 36.8421052631579 3 36.8421052631579 3 36.8421052631579 3 36.8421052631579 3 36.8421052631579 3 36.8421052631579 3 36.8421052631579 3 36.8421052631579 3
S;18.999999999999996 18.924999999999997 18.003947368421048 17.928947368421049 17.007894736842101 16.932894736842101 16.011842105263153 15.936842105263151 15.015789473684205 14.940789473684205 14.019736842105258 13.944736842105259 13.023684210526312 12.948684210526313 12.027631578947366 11.952631578947367 11.03157894736842 10.956578947368421 10.035526315789474 9.9605263157894743 9.0394736842105274 8.9644736842105281 8.0434210526315812 7.968421052631582 7.0473684210526342 6.972368421052634 6.0513157894736862 5.976315789473686 5.0552631578947382 4.9802631578947381 4.0592105263157903 3.9842105263157901 3.0631578947368427 2.9881578947368426 2.0671052631578952 1.992105263157895 1.0710526315789475 0.99605263157894741 0.074999999999999997 0;19.499999999999996 19.424999999999997 18.503947368421048 18.428947368421049 17.507894736842101 17.432894736842101 16.511842105263153 16.436842105263153 15.515789473684205 15.440789473684205 14.519736842105258 14.444736842105259 13.523684210526312 13.448684210526313 12.527631578947366 12.452631578947367 11.53157894736842 11.456578947368421 10.535526315789474 10.460526315789474 9.5394736842105274 9.4644736842105281 8.5434210526315812 8.468421052631582 7.5473684210526342 7.472368421052634 6.5513157894736862 6.476315789473686 5.5552631578947382 5.4802631578947381 4.5592105263157903 4.4842105263157901 3.5631578947368427 3.4881578947368426 2.5671052631578952 2.492105263157895 1.5710526315789475 1.4960526315789475 0.57499999999999996 0.5;0 0.074999999999999997 0.99605263157894741 1.0710526315789475 1.992105263157895 2.0671052631578952 2.9881578947368426 3.0631578947368427 3.9842105263157901 4.0592105263157903 4.9802631578947381 5.0552631578947382 5.976315789473686 6.0513157894736862 6.972368421052634 7.0473684210526342 7.968421052631582 8.0434210526315812 8.9644736842105281 9.0394736842105274 9.9605263157894743 10.035526315789474 10.956578947368421 11.03157894736842 11.952631578947367 12.027631578947366 12.948684210526313 13.023684210526312 13.944736842105259 14.019736842105258 14.940789473684205 15.015789473684205 15.936842105263151 16.011842105263153 16.932894736842101 17.007894736842101 17.928947368421049 18.003947368421048 18.924999999999997 18.999999999999996;0.5 0.57499999999999996 1.4960526315789475 1.5710526315789475 2.492105263157895 2.5671052631578952 3.4881578947368426 3.5631578947368427 4.4842105263157901 4.5592105263157903 5.4802631578947381 5.5552631578947382 6.476315789473686 6.5513157894736862 7.472368421052634 7.5473684210526342 8.468421052631582 8.5434210526315812 9.4644736842105281 9.5394736842105274 10.460526315789474 10.535526315789474 11.456578947368421 11.53157894736842 12.452631578947367 12.527631578947366 13.448684210526313 13.523684210526312 14.444736842105259 14.519736842105258 15.440789473684205 15.515789473684205 16.436842105263153 16.511842105263153 17.432894736842101 17.507894736842101 18.428947368421049 18.503947368421048 19.424999999999997 19.499999999999996;
