m;1
n;2
P;39
P1;2 4 6 8 10 12 14 16 18 20 22 24 26 28 30 32 34 36 38
Q;40
M;100
h;1 1 1 1 1 1 1 1 1 1 1 1 1 1 1 1 1 1 1 1 1 1 1 1 1 1 1 1 1 1 1 1 1 1 1 1 1 1 1
Vmin;40 40 40 40 40 40 40 40 40 40 40 40 40 40 40 40 40 40 40 40 40 40 40 40 40 40 40 40 40 40 40 40 40 40 40 40 40 40 40;40 40 40 40 40 40 40 40 40 40 40 40 40 40 40 40 40 40 40 40 40 40 40 40 40 40 40 40 40 40 40 40 40 40 40 40 40 40 40;
Vmax;40 40 40 40 40 40 40 40 40 40 40 40 40 40 40 40 40 40 40 40 40 40 40 40 40 40 40 40 40 40 40 40 40 40 40 40 40 40 40;40 40 40 40 40 40 40 40 40 40 40 40 40 40 40 40 40 40 40 40 40 40 40 40 40 40 40 40 40 40 40 40 40 40 40 40 40 40 40;
d;3 36.8421052631579 3 36.8421052631579 3 36.8421052631579 3 36.8421052631579 3 36.8421052631579 3 36.8421052631579 3 36.8421052631579 3 36.8421052631579 3 36.8421052631579 3 36.8421052631579 3 36.8421052631579 3 36.8421052631579 3 36.8421052631579 3 36.8421052631579 3 36.8421052631579 3 36.8421052631579 3 36.8421052631579 3 36.8421052631579 3 36.8421052631579 3
S;18.999999999999996 18.924999999999997 18.003947368421048 17.928947368421049 17.007894736842101 16.932894736842101 16.011842105263153 15.936842105263151 15.015789473684205 14.940789473684205 14.019736842105258 13.944736842105259 13.023684210526312 12.948684210526313 12.027631578947366 11.952631578947367 11.03157894736842 10.956578947368421 10.035526315789474 9.9605263157894743 9.0394736842105274 8.9644736842105281 8.0434210526315812 7.968421052631582 7.0473684210526342 6.972368421052634 6.0513157894736862 5.976315789473686 5.0552631578947382 4.9802631578947381 4.0592105263157903 3.9842105263157901 3.0631578947368427 2.9881578947368426 2.0671052631578952 1.992105263157895 1.0710526315789475 0.99605263157894741 0.074999999999999997 0;0 0.074999999999999997 0.99605263157894741 1.0710526315789475 1.992105263157895 2.0671052631578952 2.9881578947368426 3.0631578947368427 3.9842105263157901 4.0592105263157903 4.9802631578947381 5.0552631578947382 5.976315789473686 6.0513157894736862 6.972368421052634 7.0473684210526342 7.968421052631582 8.0434210526315812 8.9644736842105281 9.0394736842105274 9.9605263157894743 10.035526315789474 10.956578947368421 11.03157894736842 11.952631578947367 12.027631578947366 12.948684210526313 13.023684210526312 13.944736842105259 14.019736842105258 14.940789473684205 15.015789473684205 15.936842105263151 16.011842105263153 16.932894736842101 17.007894736842101 17.928947368421049 18.003947368421048 18.924999999999997 18.999999999999996;
