m;8
n;16
P;39
P1;2 4 6 8 10 12 14 16 18 20 22 24 26 28 30 32 34 36 38
Q;40
M;100
h;1 1 1 1 1 1 1 1 1 1 1 1 1 1 1 1 1 1 1 1 1 1 1 1 1 1 1 1 1 1 1 1 1 1 1 1 1 1 1
Vmin;37 37 37 37 37 37 37 37 37 37 37 37 37 37 37 37 37 37 37 37 37 37 37 37 37 37 37 37 37 37 37 37 37 37 37 37 37 37 37;52 52 52 52 52 52 52 52 52 52 52 52 52 52 52 52 52 52 52 52 52 52 52 52 52 52 52 52 52 52 52 52 52 52 52 52 52 52 52;48 48 48 48 48 48 48 48 48 48 48 48 48 48 48 48 48 48 48 48 48 48 48 48 48 48 48 48 48 48 48 48 48 48 48 48 48 48 48;39 39 39 39 39 39 39 39 39 39 39 39 39 39 39 39 39 39 39 39 39 39 39 39 39 39 39 39 39 39 39 39 39 39 39 39 39 39 39;42 42 42 42 42 42 42 42 42 42 42 42 42 42 42 42 42 42 42 42 42 42 42 42 42 42 42 42 42 42 42 42 42 42 42 42 42 42 42;42 42 42 42 42 42 42 42 42 42 42 42 42 42 42 42 42 42 42 42 42 42 42 42 42 42 42 42 42 42 42 42 42 42 42 42 42 42 42;36 36 36 36 36 36 36 36 36 36 36 36 36 36 36 36 36 36 36 36 36 36 36 36 36 36 36 36 36 36 36 36 36 36 36 36 36 36 36;39 39 39 39 39 39 39 39 39 39 39 39 39 39 39 39 39 39 39 39 39 39 39 39 39 39 39 39 39 39 39 39 39 39 39 39 39 39 39;45 45 45 45 45 45 45 45 45 45 45 45 45 45 45 45 45 45 45 45 45 45 45 45 45 45 45 45 45 45 45 45 45 45 45 45 45 45 45;28 28 28 28 28 28 28 28 28 28 28 28 28 28 28 28 28 28 28 28 28 28 28 28 28 28 28 28 28 28 28 28 28 28 28 28 28 28 28;37 37 37 37 37 37 37 37 37 37 37 37 37 37 37 37 37 37 37 37 37 37 37 37 37 37 37 37 37 37 37 37 37 37 37 37 37 37 37;43 43 43 43 43 43 43 43 43 43 43 43 43 43 43 43 43 43 43 43 43 43 43 43 43 43 43 43 43 43 43 43 43 43 43 43 43 43 43;32 32 32 32 32 32 32 32 32 32 32 32 32 32 32 32 32 32 32 32 32 32 32 32 32 32 32 32 32 32 32 32 32 32 32 32 32 32 32;40 40 40 40 40 40 40 40 40 40 40 40 40 40 40 40 40 40 40 40 40 40 40 40 40 40 40 40 40 40 40 40 40 40 40 40 40 40 40;40 40 40 40 40 40 40 40 40 40 40 40 40 40 40 40 40 40 40 40 40 40 40 40 40 40 40 40 40 40 40 40 40 40 40 40 40 40 40;52 52 52 52 52 52 52 52 52 52 52 52 52 52 52 52 52 52 52 52 52 52 52 52 52 52 52 52 52 52 52 52 52 52 52 52 52 52 52;
Vmax;37 37 37 37 37 37 37 37 37 37 37 37 37 37 37 37 37 37 37 37 37 37 37 37 37 37 37 37 37 37 37 37 37 37 37 37 37 37 37;52 52 52 52 52 52 52 52 52 52 52 52 52 52 52 52 52 52 52 52 52 52 52 52 52 52 52 52 52 52 52 52 52 52 52 52 52 52 52;48 48 48 48 48 48 48 48 48 48 48 48 48 48 48 48 48 48 48 48 48 48 48 48 48 48 48 48 48 48 48 48 48 48 48 48 48 48 48;39 39 39 39 39 39 39 39 39 39 39 39 39 39 39 39 39 39 39 39 39 39 39 39 39 39 39 39 39 39 39 39 39 39 39 39 39 39 39;42 42 42 42 42 42 42 42 42 42 42 42 42 42 42 42 42 42 42 42 42 42 42 42 42 42 42 42 42 42 42 42 42 42 42 42 42 42 42;42 42 42 42 42 42 42 42 42 42 42 42 42 42 42 42 42 42 42 42 42 42 42 42 42 42 42 42 42 42 42 42 42 42 42 42 42 42 42;36 36 36 36 36 36 36 36 36 36 36 36 36 36 36 36 36 36 36 36 36 36 36 36 36 36 36 36 36 36 36 36 36 36 36 36 36 36 36;39 39 39 39 39 39 39 39 39 39 39 39 39 39 39 39 39 39 39 39 39 39 39 39 39 39 39 39 39 39 39 39 39 39 39 39 39 39 39;45 45 45 45 45 45 45 45 45 45 45 45 45 45 45 45 45 45 45 45 45 45 45 45 45 45 45 45 45 45 45 45 45 45 45 45 45 45 45;28 28 28 28 28 28 28 28 28 28 28 28 28 28 28 28 28 28 28 28 28 28 28 28 28 28 28 28 28 28 28 28 28 28 28 28 28 28 28;37 37 37 37 37 37 37 37 37 37 37 37 37 37 37 37 37 37 37 37 37 37 37 37 37 37 37 37 37 37 37 37 37 37 37 37 37 37 37;43 43 43 43 43 43 43 43 43 43 43 43 43 43 43 43 43 43 43 43 43 43 43 43 43 43 43 43 43 43 43 43 43 43 43 43 43 43 43;32 32 32 32 32 32 32 32 32 32 32 32 32 32 32 32 32 32 32 32 32 32 32 32 32 32 32 32 32 32 32 32 32 32 32 32 32 32 32;40 40 40 40 40 40 40 40 40 40 40 40 40 40 40 40 40 40 40 40 40 40 40 40 40 40 40 40 40 40 40 40 40 40 40 40 40 40 40;40 40 40 40 40 40 40 40 40 40 40 40 40 40 40 40 40 40 40 40 40 40 40 40 40 40 40 40 40 40 40 40 40 40 40 40 40 40 40;52 52 52 52 52 52 52 52 52 52 52 52 52 52 52 52 52 52 52 52 52 52 52 52 52 52 52 52 52 52 52 52 52 52 52 52 52 52 52;
d;3.000 38.334 3.000 39.108 3.000 6.391 3.000 7.490 3.000 11.619 3.000 26.843 3.000 21.279 3.000 32.771 3.000 12.410 3.000 95.441 3.000 28.221 3.000 19.381 3.000 32.911 3.000 12.267 3.000 31.029 3.000 12.681 3.000 17.494 3.000 68.396 3.000 69.644 3.000
S;0.76846326950849475 0.76711191815714341 0.7357406721372054 0.73438932078585395 0.70358050363396951 0.70222915228261817 0.69434909459494076 0.69299774324358943 0.68728565205675474 0.6859343007054034 0.6719573891880336 0.67060603783668227 0.6650803813616738 0.66372903001032246 0.64890415829806025 0.64755280694670891 0.63882247667840153 0.63747112532705019 0.62475899751881203 0.62340764616746069 0.58041604455032769 0.57906469319897635 0.57347470700359715 0.5721233556522457 0.55736149109774757 0.55601013974639624 0.54642496556178821 0.54507361421043687 0.53298199727808648 0.53163064592673515 0.52639700989444571 0.52504565854309437 0.52167158327278718 0.52032023192143584 0.51744142211000288 0.51609007075865154 0.49847380159796839 0.49712245024661705 0.4798550710354571 0.47850371968410577;1.1237482603755304 1.122786721913992 1.1004648737844207 1.0995033353228822 1.0775816769648108 1.0766201385032723 1.0710131743793481 1.0700516359178096 1.0659872633425618 1.0650257248810233 1.0550806147628948 1.0541190763013564 1.0501873591941389 1.0492258207326004 1.0386773543219523 1.0377158158604138 1.0315038500925797 1.0305423116310413 1.0214971437674873 1.0205356053059489 0.98994542723221968 0.98898388877068122 0.98500639859319983 0.98404486013166137 0.97354122573711466 0.9725796872755762 0.96575946718268202 0.96479792872114356 0.95619427821158665 0.95523273975004819 0.95150880641938074 0.95054726795784228 0.94814648363089293 0.94718494516935448 0.94513656126506573 0.94417502280352728 0.93164036974688735 0.9306788312853489 0.91839242684663891 0.91743088838510045;1.6608725120764436 1.6598308454097768 1.6356488432694078 1.6346071766027412 1.6108587133814969 1.6098170467148303 1.603742835580579 1.6027011689139123 1.5982980986240605 1.5972564319573939 1.5864825626627548 1.585440895996088 1.5811815357966024 1.5801398691299358 1.5687123638517335 1.5676706971850669 1.5609410676032465 1.5598994009365799 1.5501004690843962 1.5490588024177296 1.5159194428378564 1.5148777761711898 1.5105688284789183 1.5095271618122517 1.4981482245514928 1.4971065578848262 1.489717986117524 1.4886763194508574 1.479355698065504 1.4783140313988374 1.4742797702906143 1.4732381036239477 1.4706372539364192 1.4695955872697524 1.4673765047067731 1.4663348380401062 1.4527556305620797 1.4517139638954129 1.438403692420144 1.4373620257534772;2.1698929165079117 2.1686108652258604 2.1388484010530986 2.1375663497710478 2.1083374719602856 2.1070554206782344 2.0995794685130016 2.0982974172309503 2.0928782537972865 2.0915962025152353 2.0783360556910639 2.0770540044090127 2.0718117149327226 2.0705296636506714 2.0564650417698069 2.0551829904877557 2.0469003694639771 2.0456183181819254 2.0335580943638534 2.0322760430818021 1.9914891389834966 1.9902070877014453 1.9849037674648033 1.9836217161827521 1.9696168703233563 1.968334819041305 1.9592411922507793 1.957959140968728 1.9464876069559855 1.9452055556739341 1.9402403112330442 1.9389582599509929 1.935757214181727 1.9344751628996757 1.9317439843606237 1.9304619330785724 1.9137490623363858 1.9124670110543345 1.8960851384693878 1.8948030871873365;2.4018367981047977 2.4006463219143215 2.373009748039614 2.3718192718491378 2.3446781710248588 2.3434876948343821 2.3365457392523807 2.3353552630619046 2.3303231827306452 2.329132706540169 2.3168197130605814 2.3156292368701048 2.3107613966421212 2.309570920451645 2.296510914419414 2.2953204382289374 2.2876294329925719 2.2864389568020953 2.2752401775424569 2.2740497013519803 2.236176147546411 2.2349856713559348 2.2300611597076245 2.2288706835171483 2.2158661837905664 2.2146757076000898 2.2062316255803163 2.2050411493898401 2.1943890106637216 2.1931985344732454 2.1885879503495618 2.1873974741590851 2.1844250745161959 2.1832345983257193 2.1806985039680287 2.179508027777552 2.1639889335169502 2.162798457326474 2.1475867184975947 2.1463962423071186;2.7067697949561631 2.7055793187656865 2.6779427448909789 2.6767522687005028 2.6496111678762237 2.6484206916857476 2.6414787361037457 2.6402882599132695 2.6352561795820102 2.634065703391534 2.6217527099119464 2.6205622337214702 2.6156943934934862 2.61450391730301 2.601443911270779 2.6002534350803028 2.5925624298439369 2.5913719536534603 2.5801731743938219 2.5789826982033457 2.5411091443977765 2.5399186682072998 2.5349941565589895 2.5338036803685133 2.5207991806419314 2.5196087044514552 2.5111646224316813 2.5099741462412051 2.499322007515087 2.4981315313246104 2.4935209472009268 2.4923304710104501 2.4893580713675609 2.4881675951770843 2.4856315008193937 2.484441024628917 2.4689219303683156 2.467731454177839 2.4525197153489602 2.4513292391584836;3.5517686622393652 3.5503797733504761 3.518137103829984 3.5167482149410949 3.485083597312769 3.4836947084238803 3.4755957602448784 3.4742068713559893 3.4683361109695201 3.4669472220806314 3.4525820630211124 3.4511931741322233 3.4455140271995761 3.444125138310687 3.4288884646064175 3.4274995757175284 3.4185267362751017 3.4171378473862126 3.4040726049166343 3.4026837160277452 3.3584979032545808 3.3571090143656916 3.3513637507759961 3.349974861887107 3.3348029455394284 3.3334140566505392 3.3235626276274699 3.3221737387385812 3.3097462435581098 3.3083573546692207 3.3029783398582566 3.3015894509693675 3.2981216513859963 3.2967327624971072 3.2937739857464678 3.2923850968575787 3.2742794868868765 3.2728905979979874 3.2551435693642952 3.2537546804754061;3.6706859050452483 3.6694038537631974 3.6396413895904356 3.6383593383083843 3.6091304604976222 3.6078484092155709 3.6003724570503386 3.5990904057682873 3.5936712423346235 3.5923891910525727 3.5791290442284014 3.5778469929463501 3.5726047034700601 3.5713226521880088 3.5572580303071448 3.5559759790250935 3.547693358001315 3.5464113067192637 3.5343510829011913 3.5330690316191404 3.4922821275208351 3.4910000762387838 3.4856967560021421 3.4844147047200908 3.4704098588606955 3.4691278075786443 3.460034180788119 3.4587521295060677 3.447280595493325 3.4459985442112737 3.4410332997703836 3.4397512484883328 3.4365502027190669 3.4352681514370156 3.4325369728979638 3.4312549216159125 3.4145420508737261 3.4132599995916748 3.3968781270067283 3.395596075724677;3.5452345748397391 3.5465859261910908 3.5645289810779266 3.5658803324292783 3.5834966015899616 3.5848479529413129 3.5877267627527458 3.5890781141040975 3.5924521893744048 3.5938035407257565 3.5990371767580456 3.6003885281093972 3.6124801450417476 3.6138314963930989 3.6234166705777069 3.6247680219290586 3.6395298864835568 3.6408812378349085 3.6464712240302872 3.6478225753816389 3.6908141769987717 3.6921655283501233 3.7048776561583612 3.7062290075097128 3.7149593377780201 3.7163106891293718 3.7311355608416341 3.7324869121929853 3.7380125686679944 3.7393639200193456 3.7533408315367156 3.7546921828880668 3.7604042740749017 3.7617556254262534 3.7696356831139308 3.7709870344652825 3.8017958516171664 3.803147202968518 3.8345184489884563 3.835869800339808;3.6829526670491881 3.6839142055107268 3.6966813791802062 3.6976429176417449 3.7101775706983848 3.7111391091599235 3.7131874930642121 3.7141490315257508 3.7165498158527002 3.7175113543142388 3.7212352876449062 3.7221968261064449 3.7308004766160017 3.7317620150775404 3.7385822351704343 3.739543773631973 3.7500474080265196 3.7510089464880583 3.7549864366655399 3.7559479751270786 3.7865381532008078 3.7874996916623465 3.7965448595259006 3.7975063979874393 3.8037183637552734 3.8046799022168121 3.81522836862746 3.8161899070889986 3.8201216241962164 3.8210831626577551 3.8310282727758831 3.8319898112374218 3.8360541838126698 3.8370157222742085 3.8426226863981325 3.8435842248596712 3.8655058832177431 3.8664674216792818 3.8887892698088531 3.8897508082703918;4.334217846658496 4.3352595133251635 4.3490906181337659 4.3501322848004325 4.3637114922784583 4.3647531589451249 4.3669722415081047 4.3680139081747713 4.3706147578622998 4.3716564245289664 4.3756906856371902 4.3767323523038568 4.3860529736892095 4.387094640355877 4.3944832121231787 4.3955248787898453 4.4069038160506047 4.4079454827172713 4.4122544304095435 4.4132960970762101 4.4464354566560838 4.4474771233227504 4.4572760551749333 4.4583177218415999 4.4650473514234204 4.466089018090087 4.4775165233682896 4.4785581900349563 4.4828175502344418 4.4838592169011084 4.4946330861957478 4.4956747528624144 4.5000778231522665 4.5011194898189331 4.5071937009531844 4.508235367619851 4.5319838308410958 4.5330254975077624 4.5572074996481309 4.5582491663147975;4.52740638503961 4.5286884363216613 4.5457113345476339 4.5469933858296852 4.563706256571872 4.5649883078539233 4.5677194863929751 4.5690015376750264 4.5722025834442928 4.573484634726344 4.5784498791672341 4.5797319304492854 4.5912034644620281 4.5924855157440794 4.6015791425346055 4.6028611938166568 4.6168660396760535 4.6181480909581047 4.6234514111947469 4.6247334624767982 4.6655203665751044 4.6668024178571557 4.6788626416752273 4.6801446929572794 4.6884273139810571 4.6897093652631092 4.7037739871439737 4.7050560384260249 4.7102983279023158 4.7115803791843671 4.7248405260085384 4.7261225772905906 4.7315417407242535 4.7328237920063048 4.7402997441715371 4.7415817954535884 4.7708106732643509 4.7720927245464022 4.8018551887191636 4.8031372400012158;4.8470799167734002 4.8482703929638769 4.864077369887994 4.8652678460784697 4.880786940339072 4.8819774165295478 4.8845135108872393 4.885703987077715 4.8886763867206042 4.88986686291108 4.8944774470347632 4.8956679232252389 4.9063200619513578 4.9075105381418336 4.9159546201616076 4.9171450963520833 4.9301495960786648 4.9313400722691405 4.9362645839174508 4.9374550601079266 4.9753286139134962 4.9765190901039729 4.9877178693636104 4.9889083455540861 4.9965993507904525 4.9977898269809291 5.0108498330131592 5.0120403092036359 5.016908149431619 5.0180986256220956 5.0304116191016828 5.0316020952921585 5.0366341756234174 5.0378246518138932 5.0447666073958954 5.0459570835863712 5.0730981844106502 5.0742886606011259 5.101925234475833 5.1031157106663096;5.4165059373955939 5.4176964135860697 5.4335033905101868 5.4346938667006635 5.4502129609612648 5.4514034371517406 5.4539395315094321 5.4551300076999079 5.4581024073427971 5.4592928835332737 5.4639034676569569 5.4650939438474326 5.4757460825735507 5.4769365587640264 5.4853806407838004 5.4865711169742761 5.4995756167008576 5.5007660928913342 5.5056906045396437 5.5068810807301203 5.54475463453569 5.5459451107261657 5.5571438899858041 5.5583343661762799 5.5660253714126462 5.5672158476031219 5.5802758536353529 5.5814663298258287 5.5863341700538127 5.5875246462442885 5.5998376397238756 5.6010281159143513 5.6060601962456102 5.607250672436086 5.6141926280180883 5.615383104208564 5.642524205032843 5.6437146812233188 5.6713512550980267 5.6725417312885025;5.6519564634983901 5.6533453523872783 5.6717868254654151 5.6731757143543033 5.691281324325006 5.6926702132138951 5.6956289899645336 5.6970178788534218 5.7004856784367934 5.7018745673256825 5.7072535821366461 5.7086424710255352 5.7210699662060058 5.7224588550948949 5.7323102841179638 5.7336991730068529 5.7488710893545321 5.7502599782434203 5.7560052418331162 5.7573941307220045 5.8015799434951685 5.8029688323840567 5.8160340748536346 5.8174229637425237 5.8263958031849503 5.8277846920738385 5.8430213657781085 5.8444102546669967 5.8500894015996447 5.851478290488533 5.865843449548052 5.8672323384369403 5.8731030988234094 5.8744919877122985 5.8825909358913 5.8839798247801882 5.9156444424085146 5.9170333312974028 5.9492760008178944 5.9506648897067835;5.8205240053689833 5.8218060566510355 5.8388289548770071 5.8401110061590593 5.8568238769012453 5.8581059281832966 5.8608371067223484 5.8621191580044005 5.865320203773666 5.8666022550557182 5.8715674994966074 5.8728495507786587 5.8843210847914014 5.8856031360734535 5.8946967628639788 5.895978814146031 5.9099836600054267 5.9112657112874789 5.9165690315241202 5.9178510828061714 5.9586379869044777 5.9599200381865289 5.9719802620046014 5.9732623132866527 5.9815449343104312 5.9828269855924825 5.9968916074733469 5.9981736587553991 6.0034159482316891 6.0046979995137404 6.0179581463379126 6.0192401976199639 6.0246593610536268 6.0259414123356789 6.0334173645009104 6.0346994157829625 6.0639282935937242 6.0652103448757764 6.0949728090485378 6.0962548603305891;
