m;2
n;4
P;39
P1;2 4 6 8 10 12 14 16 18 20 22 24 26 28 30 32 34 36 38
Q;40
M;100
h;1 1 1 1 1 1 1 1 1 1 1 1 1 1 1 1 1 1 1 1 1 1 1 1 1 1 1 1 1 1 1 1 1 1 1 1 1 1 1
Vmin;47 47 47 47 47 47 47 47 47 47 47 47 47 47 47 47 47 47 47 47 47 47 47 47 47 47 47 47 47 47 47 47 47 47 47 47 47 47 47;28 28 28 28 28 28 28 28 28 28 28 28 28 28 28 28 28 28 28 28 28 28 28 28 28 28 28 28 28 28 28 28 28 28 28 28 28 28 28;52 52 52 52 52 52 52 52 52 52 52 52 52 52 52 52 52 52 52 52 52 52 52 52 52 52 52 52 52 52 52 52 52 52 52 52 52 52 52;46 46 46 46 46 46 46 46 46 46 46 46 46 46 46 46 46 46 46 46 46 46 46 46 46 46 46 46 46 46 46 46 46 46 46 46 46 46 46;
Vmax;47 47 47 47 47 47 47 47 47 47 47 47 47 47 47 47 47 47 47 47 47 47 47 47 47 47 47 47 47 47 47 47 47 47 47 47 47 47 47;28 28 28 28 28 28 28 28 28 28 28 28 28 28 28 28 28 28 28 28 28 28 28 28 28 28 28 28 28 28 28 28 28 28 28 28 28 28 28;52 52 52 52 52 52 52 52 52 52 52 52 52 52 52 52 52 52 52 52 52 52 52 52 52 52 52 52 52 52 52 52 52 52 52 52 52 52 52;46 46 46 46 46 46 46 46 46 46 46 46 46 46 46 46 46 46 46 46 46 46 46 46 46 46 46 46 46 46 46 46 46 46 46 46 46 46 46;
d;3.000 29.557 3.000 21.349 3.000 47.497 3.000 19.007 3.000 30.295 3.000 25.735 3.000 64.578 3.000 8.801 3.000 40.162 3.000 50.528 3.000 21.715 3.000 48.514 3.000 5.156 3.000 19.930 3.000 44.992 3.000 7.704 3.000 3.703 3.000 8.712 3.000 69.255 3.000
S;0.30950103497909531 0.3084372051918613 0.28387883670511616 0.28281500691788214 0.27972567831527922 0.27866184852804515 0.27734881046837262 0.2762849806811386 0.27355320860667426 0.27248937881944024 0.25653470015488566 0.25547087036765159 0.24840332776530138 0.24733949797806734 0.24551127996104566 0.24444745017381161 0.22724399094036665 0.22618016115313258 0.21847996612097592 0.21741613633374185 0.19949847215206515 0.19843464236483108 0.18419278484979282 0.18312895506255877 0.18000786140283731 0.17894403161560327 0.15604409324296326 0.15498026345572921 0.14585445741221553 0.14479062762498146 0.13404758936329592 0.13298375957606187 0.12624364146245959 0.12517981167522554 0.10833691165620742 0.10727308186897337 0.09970268963354717 0.098638859846313126 0.088157823150856379 0.087093993363622335;0.56425257982845056 0.56246686554273639 0.52124388986855696 0.51945817558284269 0.51427251685704489 0.51248680257133061 0.51028277439973746 0.50849706011402307 0.50391158556045801 0.50212587127474373 0.47534480351638414 0.47355908923066986 0.46169571414815347 0.45990999986243913 0.45684120533386707 0.45505549104815279 0.42617825590629876 0.42439254162058443 0.41146721424517863 0.40968149995946429 0.37960542079736409 0.37781970651164981 0.35391373139712129 0.35212801711140701 0.3468890384683031 0.34510332418258882 0.3066641419142288 0.30487842762851453 0.28956011034118795 0.28777439605547367 0.26974143897335867 0.26795572468764439 0.2566419549969548 0.25485624071124052 0.2265842299650315 0.22479851567931722 0.21209107156985182 0.21030535728413752 0.19271218854533512 0.19092647425962081;0.83822427522997023 0.83928810501720419 0.85030105660627808 0.85136488639351204 0.85893527862893826 0.85999910841617233 0.87684200843519045 0.87790583822242452 0.88464595633602672 0.88570978612326079 0.89645282438494633 0.89751665417218041 0.90664246021569406 0.90770629000292802 0.93060622837556806 0.93167005816280202 0.93479115182252348 0.93585498160975755 0.95009683912479581 0.95116066891202977 0.9690783330937065 0.97014216288094046 0.97784235791309715 0.97890618770033122 0.99610964693377613 0.99717347672101009 0.9990016947380318 1.0000655245252659 1.007133067127616 1.00819689691485 1.0241515755794046 1.0252154053666387 1.0279471774411031 1.0290110072283369 1.0303240452880096 1.0313878750752437 1.0344772036778465 1.0355410334650805 1.0600994019518257 1.0611632317390598;1.0533403081407262 1.0551260224264405 1.0736120483081 1.0753977625938143 1.0881052067032797 1.0898909209889942 1.1181629317352031 1.1199486460209174 1.1312624157116069 1.1330481299973212 1.1510810870794363 1.1528668013651506 1.1681851186524772 1.1699708329381915 1.2084100152065516 1.2101957294922658 1.2154347081353696 1.2172204224210839 1.2411263975356124 1.2429121118213267 1.2729881909834269 1.2747739052691414 1.2876992326445469 1.2894849469302614 1.3183621820721154 1.3201478963578299 1.3232166908864018 1.3250024051721163 1.3368657802546327 1.3386514945403469 1.3654325622987065 1.3672182765844207 1.3718037511379859 1.3735894654237002 1.3757934935952933 1.3775792078810079 1.3827648666068055 1.3845505808925198 1.4257735565666994 1.4275592708524136;
