m;3
n;6
P;39
P1;2 4 6 8 10 12 14 16 18 20 22 24 26 28 30 32 34 36 38
Q;40
M;100
h;1 1 1 1 1 1 1 1 1 1 1 1 1 1 1 1 1 1 1 1 1 1 1 1 1 1 1 1 1 1 1 1 1 1 1 1 1 1 1
Vmin;51 51 51 51 51 51 51 51 51 51 51 51 51 51 51 51 51 51 51 51 51 51 51 51 51 51 51 51 51 51 51 51 51 51 51 51 51 51 51;45 45 45 45 45 45 45 45 45 45 45 45 45 45 45 45 45 45 45 45 45 45 45 45 45 45 45 45 45 45 45 45 45 45 45 45 45 45 45;49 49 49 49 49 49 49 49 49 49 49 49 49 49 49 49 49 49 49 49 49 49 49 49 49 49 49 49 49 49 49 49 49 49 49 49 49 49 49;28 28 28 28 28 28 28 28 28 28 28 28 28 28 28 28 28 28 28 28 28 28 28 28 28 28 28 28 28 28 28 28 28 28 28 28 28 28 28;39 39 39 39 39 39 39 39 39 39 39 39 39 39 39 39 39 39 39 39 39 39 39 39 39 39 39 39 39 39 39 39 39 39 39 39 39 39 39;52 52 52 52 52 52 52 52 52 52 52 52 52 52 52 52 52 52 52 52 52 52 52 52 52 52 52 52 52 52 52 52 52 52 52 52 52 52 52;
Vmax;51 51 51 51 51 51 51 51 51 51 51 51 51 51 51 51 51 51 51 51 51 51 51 51 51 51 51 51 51 51 51 51 51 51 51 51 51 51 51;45 45 45 45 45 45 45 45 45 45 45 45 45 45 45 45 45 45 45 45 45 45 45 45 45 45 45 45 45 45 45 45 45 45 45 45 45 45 45;49 49 49 49 49 49 49 49 49 49 49 49 49 49 49 49 49 49 49 49 49 49 49 49 49 49 49 49 49 49 49 49 49 49 49 49 49 49 49;28 28 28 28 28 28 28 28 28 28 28 28 28 28 28 28 28 28 28 28 28 28 28 28 28 28 28 28 28 28 28 28 28 28 28 28 28 28 28;39 39 39 39 39 39 39 39 39 39 39 39 39 39 39 39 39 39 39 39 39 39 39 39 39 39 39 39 39 39 39 39 39 39 39 39 39 39 39;52 52 52 52 52 52 52 52 52 52 52 52 52 52 52 52 52 52 52 52 52 52 52 52 52 52 52 52 52 52 52 52 52 52 52 52 52 52 52;
d;3.000 45.472 3.000 26.994 3.000 18.977 3.000 18.036 3.000 61.992 3.000 5.254 3.000 9.369 3.000 17.180 3.000 50.776 3.000 5.322 3.000 10.439 3.000 23.086 3.000 54.923 3.000 27.573 3.000 38.396 3.000 5.281 3.000 19.228 3.000 42.811 3.000 51.277 3.000
S;0.57325797917265287 0.57227758701579012 0.55552031152177206 0.55453991936490932 0.54054926984274443 0.53956887768588169 0.53328521372952908 0.53230482157266634 0.53057886526160603 0.52959847310474328 0.5170506716942207 0.51607027953735796 0.50705950002213751 0.50607910786527477 0.48813055370118619 0.48715016154432345 0.47960580350847271 0.47862541135160996 0.47521394489598834 0.4742335527391256 0.47249448896466512 0.47151409680780237 0.45492061292455704 0.4539402207676943 0.4483259420126226 0.44734554985575986 0.44428393888288953 0.44330354672602679 0.44158665095173932 0.44060625879487658 0.42034738812099176 0.41936699596412902 0.41347282377558603 0.41249243161872329 0.40629076446047008 0.40531037230360734 0.39648887135113769 0.39550847919427495 0.38064821933163862 0.37966782717477587;1.0865616860527216 1.0854505749416106 1.0664589960483901 1.0653478849372791 1.0494918154788255 1.0483807043677145 1.041259218550515 1.0401481074394037 1.038192023620202 1.0370809125090907 1.0228600709104987 1.0217489597993874 1.0115367430154709 1.0104256319043599 0.99008393718505938 0.98897282607394821 0.98042255363331743 0.97931144252220625 0.97544511387250177 0.97433400276139059 0.9723630638170021 0.97125195270589093 0.95244600430487958 0.9513348931937684 0.94497204393802048 0.9438609328269093 0.94039110705765627 0.9392799959465451 0.93733418073568586 0.93622306962457469 0.91326301619417194 0.91215190508306077 0.90547184326937868 0.90436073215826751 0.89733217604558058 0.8962210649344694 0.88622336385500389 0.88511225274389271 0.86827062489957152 0.86715951378846035;1.4032463763926486 1.4022259682293834 1.3847847223070382 1.3837643141437728 1.369202617702336 1.3681822095390708 1.361642069502867 1.3606216613396016 1.3588252578321716 1.3578048496689061 1.3447448930987704 1.3437244849355052 1.334345918501296 1.3333255103380308 1.3146443621264285 1.3136239539631631 1.3057716629462572 1.304751254782992 1.3012005447985695 1.3001801366353043 1.2983700906659679 1.2973496825027024 1.2800789135629982 1.2790585053997328 1.2732150724097602 1.272194664246495 1.2690080895604463 1.2679876813971809 1.2662007082443512 1.2651803000810857 1.2440945367266343 1.2430741285633689 1.2369393779181508 1.2359189697548854 1.2294641733248668 1.2284437651616014 1.2192622029457658 1.2182417947825004 1.2027749937009808 1.2017545855377156;1.730452677175137 1.7314330693319997 1.7467835252730675 1.7477639174299304 1.7565854183823999 1.7575658105392626 1.7637674776975159 1.7647478698543786 1.7706420420429216 1.7716224341997844 1.7918813048736693 1.792861697030532 1.7945785928048195 1.7955589849616824 1.7986205959345527 1.7996009880914157 1.8052152668464874 1.8061956590033501 1.8227891428865954 1.8237695350434582 1.8255085988179187 1.8264889909747815 1.829900457430403 1.8308808495872659 1.8384252076231167 1.8394055997799794 1.8573541539440681 1.8583345461009309 1.8673453256161514 1.8683257177730141 1.8808735191835368 1.8818539113403996 1.8835798676514599 1.8845602598083226 1.8908439237646752 1.8918243159215382 1.9058149654437029 1.9067953576005656 1.9235526330945836 1.9245330252514463;2.0200757715580506 2.0211868826691615 2.0385840660690384 2.0396951771801493 2.0496928782596151 2.0508039893707259 2.057832545483413 2.0589436565945243 2.0656237184082062 2.0667348295193175 2.0896948829497202 2.0908059940608315 2.0927518092716904 2.0938629203828016 2.0973327461520546 2.0984438572631654 2.1048067065189136 2.1059178176300244 2.1247237660310359 2.1258348771421471 2.1278058160865352 2.1289169271976465 2.1327832558473512 2.1338943669584625 2.142444639399093 2.1435557505102039 2.1638974452295043 2.1650085563406156 2.1752207731245319 2.1763318842356432 2.1905527258342357 2.1916638369453465 2.1936199207645481 2.1947310318756594 2.2018525176928585 2.2029636288039698 2.2188196982624229 2.2199308093735342 2.2389223882667539 2.2400334993778652;2.9080884270348046 2.9091088351980696 2.9250858403612217 2.9261062485244866 2.9352878107403226 2.9363082189035881 2.9427630153336062 2.9437834234968716 2.9499181741420899 2.9509385823053549 2.9720243456598063 2.9730447538230718 2.9748317269759013 2.9758521351391662 2.9790387098252156 2.9800591179884806 2.9859025509784529 2.9869229591417179 3.0041937280814226 3.0052141362446876 3.0070241822140238 3.0080445903772888 3.0115953003617113 3.0126157085249763 3.0204679995418826 3.0214884077051476 3.0401695559167496 3.0411899640800146 3.0505685305142238 3.0515889386774888 3.0646488952476245 3.0656693034108899 3.0674657069183198 3.0684861150815848 3.0750262551177885 3.0760466632810535 3.09060835972249 3.0916287678857555 3.1090700138081004 3.1100904219713654;
