m;5
n;10
P;39
P1;2 4 6 8 10 12 14 16 18 20 22 24 26 28 30 32 34 36 38
Q;40
M;100
h;1 1 1 1 1 1 1 1 1 1 1 1 1 1 1 1 1 1 1 1 1 1 1 1 1 1 1 1 1 1 1 1 1 1 1 1 1 1 1
Vmin;39 39 39 39 39 39 39 39 39 39 39 39 39 39 39 39 39 39 39 39 39 39 39 39 39 39 39 39 39 39 39 39 39 39 39 39 39 39 39;52 52 52 52 52 52 52 52 52 52 52 52 52 52 52 52 52 52 52 52 52 52 52 52 52 52 52 52 52 52 52 52 52 52 52 52 52 52 52;34 34 34 34 34 34 34 34 34 34 34 34 34 34 34 34 34 34 34 34 34 34 34 34 34 34 34 34 34 34 34 34 34 34 34 34 34 34 34;43 43 43 43 43 43 43 43 43 43 43 43 43 43 43 43 43 43 43 43 43 43 43 43 43 43 43 43 43 43 43 43 43 43 43 43 43 43 43;40 40 40 40 40 40 40 40 40 40 40 40 40 40 40 40 40 40 40 40 40 40 40 40 40 40 40 40 40 40 40 40 40 40 40 40 40 40 40;52 52 52 52 52 52 52 52 52 52 52 52 52 52 52 52 52 52 52 52 52 52 52 52 52 52 52 52 52 52 52 52 52 52 52 52 52 52 52;51 51 51 51 51 51 51 51 51 51 51 51 51 51 51 51 51 51 51 51 51 51 51 51 51 51 51 51 51 51 51 51 51 51 51 51 51 51 51;46 46 46 46 46 46 46 46 46 46 46 46 46 46 46 46 46 46 46 46 46 46 46 46 46 46 46 46 46 46 46 46 46 46 46 46 46 46 46;28 28 28 28 28 28 28 28 28 28 28 28 28 28 28 28 28 28 28 28 28 28 28 28 28 28 28 28 28 28 28 28 28 28 28 28 28 28 28;41 41 41 41 41 41 41 41 41 41 41 41 41 41 41 41 41 41 41 41 41 41 41 41 41 41 41 41 41 41 41 41 41 41 41 41 41 41 41;
Vmax;39 39 39 39 39 39 39 39 39 39 39 39 39 39 39 39 39 39 39 39 39 39 39 39 39 39 39 39 39 39 39 39 39 39 39 39 39 39 39;52 52 52 52 52 52 52 52 52 52 52 52 52 52 52 52 52 52 52 52 52 52 52 52 52 52 52 52 52 52 52 52 52 52 52 52 52 52 52;34 34 34 34 34 34 34 34 34 34 34 34 34 34 34 34 34 34 34 34 34 34 34 34 34 34 34 34 34 34 34 34 34 34 34 34 34 34 34;43 43 43 43 43 43 43 43 43 43 43 43 43 43 43 43 43 43 43 43 43 43 43 43 43 43 43 43 43 43 43 43 43 43 43 43 43 43 43;40 40 40 40 40 40 40 40 40 40 40 40 40 40 40 40 40 40 40 40 40 40 40 40 40 40 40 40 40 40 40 40 40 40 40 40 40 40 40;52 52 52 52 52 52 52 52 52 52 52 52 52 52 52 52 52 52 52 52 52 52 52 52 52 52 52 52 52 52 52 52 52 52 52 52 52 52 52;51 51 51 51 51 51 51 51 51 51 51 51 51 51 51 51 51 51 51 51 51 51 51 51 51 51 51 51 51 51 51 51 51 51 51 51 51 51 51;46 46 46 46 46 46 46 46 46 46 46 46 46 46 46 46 46 46 46 46 46 46 46 46 46 46 46 46 46 46 46 46 46 46 46 46 46 46 46;28 28 28 28 28 28 28 28 28 28 28 28 28 28 28 28 28 28 28 28 28 28 28 28 28 28 28 28 28 28 28 28 28 28 28 28 28 28 28;41 41 41 41 41 41 41 41 41 41 41 41 41 41 41 41 41 41 41 41 41 41 41 41 41 41 41 41 41 41 41 41 41 41 41 41 41 41 41;
d;3.000 15.740 3.000 7.917 3.000 17.761 3.000 27.330 3.000 17.071 3.000 3.834 3.000 16.460 3.000 66.495 3.000 32.345 3.000 51.225 3.000 41.072 3.000 8.580 3.000 16.069 3.000 4.148 3.000 42.334 3.000 5.698 3.000 60.858 3.000 28.855 3.000 125.368 3.000
S;0.70286470682844626 0.70158265554639487 0.64800659899108337 0.64672454770903209 0.63439335763486615 0.63311130635281476 0.6071036955768464 0.60582164429479513 0.60338661509541125 0.60210456381335986 0.58401299005717566 0.58273093877512439 0.58095835062355161 0.57967629934150022 0.57280936959792672 0.57152731831587533 0.56786069995599542 0.56657864867394414 0.54902655646689591 0.54774450518484463 0.52585333603267903 0.52457128475062775 0.51074845054449114 0.50946639926243986 0.48104984127796241 0.47976778999591113 0.47273357332379617 0.4714515220417449 0.46981312566991829 0.46853107438786701 0.46123596554281304 0.45995391426076176 0.44827439248237017 0.44699234120031889 0.43940229022096822 0.43812023893891694 0.43473707213466672 0.43345502085261545 0.42672863018866286 0.42544657890661158;1.3076603161797939 1.3066987777182555 1.2665167353017717 1.2655551968402332 1.2563068042846088 1.2553452658230704 1.2358395577410941 1.2348780192795556 1.2330517473800178 1.2320902089184793 1.2185215286013411 1.2175599901398029 1.2162305490261232 1.2152690105645847 1.2101188132569047 1.2091572747953663 1.2064073110254563 1.205445772563918 1.1922817034086319 1.1913201649470935 1.1749017880829693 1.1739402496214308 1.1635731239668283 1.1626115855052899 1.1412991670169319 1.1403376285553934 1.1350619660513073 1.1341004275897688 1.1328716303108988 1.1319100918493603 1.1264387602155699 1.1254772217540314 1.1167175804202378 1.1157560419586994 1.1100635037241864 1.1091019652626479 1.1065645901594603 1.1056030516979218 1.1005582586999574 1.0995967202384189;2.0523658230121731 2.050895234776879 1.9894403463751982 1.9879697581399041 1.9738251577607138 1.9723545695254194 1.9425223101059264 1.9410517218706322 1.9382586001419273 1.936788011906633 1.9160359125980688 1.9145653243627747 1.9125320614830295 1.9110614732477351 1.9031847008948126 1.9017141126595185 1.8975082857173033 1.896037697482009 1.8759044152445128 1.8744338270092187 1.8493233682758521 1.847852780040558 1.8319971760982248 1.8305265878629307 1.7979311242925007 1.7964605360572066 1.7883918757568393 1.786921287521545 1.7850419505068027 1.7835713622715086 1.7752034433021819 1.7737328550668878 1.7603357565563797 1.7588651683210856 1.7501589333741834 1.748688345138889 1.7448076538046022 1.7433370655693079 1.7356214998077151 1.734150911572421;2.9656107145915862 2.9644479238939119 2.9158556865530474 2.9146928958553731 2.9035087932299666 2.9023460025322918 2.8787577043866461 2.8775949136889718 2.8753863988337169 2.8742236081360422 2.8578149714734566 2.8566521807757819 2.8550444845452856 2.8538816938476108 2.84765354826623 2.8464907575685552 2.8431652199863389 2.8420024292886641 2.8260830898450626 2.8249202991473878 2.8050655178233308 2.803902727125656 2.791365737961951 2.7902029472642762 2.764429790022541 2.7632669993248666 2.7568871283896925 2.7557243376920177 2.7542383502850125 2.7530755595873377 2.7464590655185677 2.7452962748208933 2.7347032201846777 2.7335404294870029 2.7266564297615457 2.7254936390638709 2.7224251854507133 2.721262394753039 2.7151617148485241 2.7139989241508493;3.9671838054790647 3.9659338054790649 3.9136971503376357 3.9124471503376359 3.9004242400153242 3.8991742400153244 3.8738168195087552 3.8725668195087555 3.8701926660393564 3.8689426660393567 3.8513033816270767 3.850053381627077 3.8483251081792935 3.8470751081792938 3.8403798516793093 3.8391298516793095 3.8355548987784265 3.8343048987784267 3.8171916088765547 3.815941608876555 3.7945977189531934 3.7933477189531937 3.7798704556022105 3.7786204556022107 3.7509143115673451 3.7496643115673454 3.7428059503120332 3.7415559503120335 3.7399585138495026 3.7387085138495029 3.7315957827255755 3.7303457827255757 3.7189582489916435 3.7177082489916438 3.710307949286777 3.7090579492867772 3.7057593616526332 3.7045093616526334 3.6979511307552797 3.69670113075528;4.1090719769654207 4.110354028247472 4.1177214445524495 4.1190034958345008 4.1223866626387506 4.1236687139208019 4.1312587649001529 4.1325408161822041 4.1442203379605953 4.1455023892426466 4.1527974980877014 4.1540795493697518 4.1557179457415785 4.1569999970236298 4.1640342136957447 4.1653162649777959 4.1937328229622732 4.1950148742443245 4.2088377084504609 4.2101197597325122 4.2320109288846774 4.2332929801667287 4.2508450723737763 4.2521271236558276 4.2557937420157081 4.2570757932977594 4.2639427230413327 4.2652247743233831 4.2669973624749558 4.2682794137570079 4.2863709875131919 4.2876530387952432 4.2900880679946276 4.2913701192766789 4.3173777300526472 4.3186597813346994 4.3309909714088652 4.3322730226909165 4.3858490792462286 4.3871311305282799;4.3829704801503295 4.3839320186118682 4.3894575808406016 4.3904191193021402 4.3929564944053281 4.3939180328668668 4.3996105711013795 4.4005721095629182 4.4093317508967118 4.4102932893582505 4.4157646209920403 4.4167261594535789 4.4179549567324488 4.4189164951939874 4.4241921576980738 4.4251536961596125 4.4464661146479711 4.4474276531095098 4.4577947787641117 4.4587563172256504 4.475174694089775 4.4761362325513137 4.4893003017066002 4.4902618401681389 4.4930118039380487 4.4939733423995873 4.4991235397072682 4.5000850781688069 4.5014145192824868 4.5023760577440255 4.5159447380611635 4.5169062765227022 4.51873254842224 4.5196940868837787 4.5391997949657554 4.5401613334272941 4.549409725982918 4.5503712644444567 4.590553306860941 4.5915148453224797;4.4567845852841259 4.4582551735194196 4.4667060333986601 4.4681766216339538 4.472057312968241 4.4735279012035347 4.4822341361504368 4.4837047243857304 4.4971018228962381 4.4985724111315317 4.5069403301008588 4.5084109183361525 4.5102902553508946 4.5117608435861882 4.5198295038865552 4.5213000921218489 4.5538955556922787 4.5553661439275723 4.5712217478699051 4.5726923361051997 4.5978027948385662 4.5992733830738599 4.6194066653113559 4.6208772535466496 4.6250830804888645 4.6265536687241582 4.6344304410770816 4.6359010293123752 4.6379342921921198 4.6394048804274144 4.6601569797359783 4.661627567971272 4.6644206896999778 4.6658912779352715 4.6957235373547643 4.697194125590058 4.7113387259692479 4.7128093142045424 4.774264202606223 4.7757347908415166;5.5449021268776573 5.5460649175753316 5.5527469928286841 5.5539097835263584 5.5569782371395151 5.5581410278371894 5.5650250275626467 5.5661878182603211 5.5767808728965367 5.577943663594211 5.5845601576629811 5.5857229483606554 5.5872089357676611 5.5883717264653354 5.5947515974005091 5.5959143880981834 5.6216875453399195 5.622850336037593 5.6353873252012985 5.6365501158989728 5.6564048972230303 5.6575676879207046 5.6734870273643061 5.6746498180619804 5.6779753556441968 5.6791381463418711 5.685366291923251 5.6865290826209254 5.6881367788514217 5.689299569549096 5.705708206211682 5.7068709969093563 5.7090795117646111 5.7102423024622855 5.7338306006079307 5.734993391305605 5.7461774939310111 5.7473402846286854 5.795932521969549 5.7970953126672233;5.9886617090141954 5.9899117090141951 5.9970949399115492 5.9983449399115489 6.001643527545693 6.0028935275456927 6.0102938272505595 6.0115438272505592 6.0229313609844901 6.0241813609844899 6.0312940921084186 6.0325440921084184 6.0341415285709497 6.0353915285709494 6.0422498898262615 6.0434998898262613 6.0712060338611264 6.0724560338611262 6.085933297212109 6.0871832972121087 6.1085271871354703 6.10977718713547 6.1268904770373416 6.1281404770373422 6.1317154299382244 6.1329654299382241 6.1396606864382077 6.1409106864382075 6.142638959885991 6.1438889598859907 6.1615282442982702 6.1627782442982699 6.1651523977676694 6.1664023977676692 6.1917598182742379 6.1930098182742377 6.2050327285965494 6.2062827285965492 6.258519383737978 6.2597693837379778;
