m;4
n;8
P;39
P1;2 4 6 8 10 12 14 16 18 20 22 24 26 28 30 32 34 36 38
Q;40
M;100
h;1 1 1 1 1 1 1 1 1 1 1 1 1 1 1 1 1 1 1 1 1 1 1 1 1 1 1 1 1 1 1 1 1 1 1 1 1 1 1
Vmin;48 48 48 48 48 48 48 48 48 48 48 48 48 48 48 48 48 48 48 48 48 48 48 48 48 48 48 48 48 48 48 48 48 48 48 48 48 48 48;38 38 38 38 38 38 38 38 38 38 38 38 38 38 38 38 38 38 38 38 38 38 38 38 38 38 38 38 38 38 38 38 38 38 38 38 38 38 38;39 39 39 39 39 39 39 39 39 39 39 39 39 39 39 39 39 39 39 39 39 39 39 39 39 39 39 39 39 39 39 39 39 39 39 39 39 39 39;28 28 28 28 28 28 28 28 28 28 28 28 28 28 28 28 28 28 28 28 28 28 28 28 28 28 28 28 28 28 28 28 28 28 28 28 28 28 28;37 37 37 37 37 37 37 37 37 37 37 37 37 37 37 37 37 37 37 37 37 37 37 37 37 37 37 37 37 37 37 37 37 37 37 37 37 37 37;42 42 42 42 42 42 42 42 42 42 42 42 42 42 42 42 42 42 42 42 42 42 42 42 42 42 42 42 42 42 42 42 42 42 42 42 42 42 42;52 52 52 52 52 52 52 52 52 52 52 52 52 52 52 52 52 52 52 52 52 52 52 52 52 52 52 52 52 52 52 52 52 52 52 52 52 52 52;51 51 51 51 51 51 51 51 51 51 51 51 51 51 51 51 51 51 51 51 51 51 51 51 51 51 51 51 51 51 51 51 51 51 51 51 51 51 51;
Vmax;48 48 48 48 48 48 48 48 48 48 48 48 48 48 48 48 48 48 48 48 48 48 48 48 48 48 48 48 48 48 48 48 48 48 48 48 48 48 48;38 38 38 38 38 38 38 38 38 38 38 38 38 38 38 38 38 38 38 38 38 38 38 38 38 38 38 38 38 38 38 38 38 38 38 38 38 38 38;39 39 39 39 39 39 39 39 39 39 39 39 39 39 39 39 39 39 39 39 39 39 39 39 39 39 39 39 39 39 39 39 39 39 39 39 39 39 39;28 28 28 28 28 28 28 28 28 28 28 28 28 28 28 28 28 28 28 28 28 28 28 28 28 28 28 28 28 28 28 28 28 28 28 28 28 28 28;37 37 37 37 37 37 37 37 37 37 37 37 37 37 37 37 37 37 37 37 37 37 37 37 37 37 37 37 37 37 37 37 37 37 37 37 37 37 37;42 42 42 42 42 42 42 42 42 42 42 42 42 42 42 42 42 42 42 42 42 42 42 42 42 42 42 42 42 42 42 42 42 42 42 42 42 42 42;52 52 52 52 52 52 52 52 52 52 52 52 52 52 52 52 52 52 52 52 52 52 52 52 52 52 52 52 52 52 52 52 52 52 52 52 52 52 52;51 51 51 51 51 51 51 51 51 51 51 51 51 51 51 51 51 51 51 51 51 51 51 51 51 51 51 51 51 51 51 51 51 51 51 51 51 51 51;
d;3.000 55.491 3.000 10.973 3.000 16.637 3.000 4.320 3.000 5.807 3.000 51.724 3.000 5.148 3.000 19.139 3.000 18.682 3.000 15.373 3.000 81.654 3.000 4.892 3.000 30.100 3.000 31.657 3.000 5.476 3.000 71.462 3.000 30.218 3.000 14.337 3.000 20.621 3.000
S;0.33889793441840504 0.33785626775173838 0.3306961445870466 0.32965447792037994 0.32467642582468148 0.32363475915801482 0.31314238644093051 0.31210071977426385 0.28728745180679743 0.28624578514013077 0.2843443569536378 0.28330269028697114 0.27231071248944727 0.27126904582278061 0.26081773569920952 0.25977606903254286 0.2580776206589942 0.25703595399232754 0.22868400884283391 0.22764234217616724 0.22230440805780366 0.22126274139113697 0.21477593815264928 0.21373427148598262 0.20708876035300988 0.20604709368634319 0.20425958187761553 0.20321791521094887 0.18525832188355257 0.18421665521688591 0.18220048185246823 0.18115881518580157 0.17965885086073591 0.17861718419406925 0.17284035850850202 0.17179869184183535 0.16798865612973804 0.16694698946307138 0.14767923264277064 0.14663756597610397;0.86639108943512377 0.8650752999614395 0.85603093385867091 0.85471514438498664 0.84842707857989386 0.84711128910620959 0.83385776567410308 0.83254197620041881 0.80119890087309287 0.7998831113994086 0.79748130737436485 0.79616551790068057 0.78228091436696623 0.78096512489328196 0.76776347000035006 0.76644768052666579 0.76430227205481494 0.76298648258113067 0.72717349923440189 0.72585770976071762 0.71911505613752158 0.71779926666383731 0.70960540994153709 0.70828962046785293 0.69989529061567679 0.69857950114199252 0.69632159148886286 0.69500580201517859 0.67231999991741487 0.6710042104437306 0.66845746514130833 0.66714167566762406 0.66524698388859371 0.66393119441490944 0.65663415144366666 0.65531836196998239 0.65050568528101738 0.64918989580733322 0.62485167666590058 0.62353588719221642;1.3605373551834739 1.3592553039014226 1.350442844621802 1.3491607933397505 1.3430339599911987 1.3417519087091472 1.3288382192111972 1.3275561679291459 1.2970167611999563 1.2957347099179051 1.2933944906114521 1.2921124393294008 1.2785838512709098 1.2773017999888585 1.2644386490675401 1.2631565977854888 1.2610661997872752 1.2597841485052237 1.2248894467827702 1.2236073955007187 1.2170376304319637 1.2157555791499124 1.2077718213179274 1.2064897700358761 1.1983106794106788 1.1970286281286275 1.1948286135948087 1.1935465623127575 1.1714424474482699 1.1701603961662184 1.1676789520253967 1.1663969007433452 1.1645507908048029 1.1632687395227517 1.1561588002174381 1.1548767489353868 1.1501874742128055 1.148905422930754 1.1251912606903838 1.1239092094083325;1.8948980615911224 1.8931123473054081 1.880837850451651 1.8790521361659365 1.8705183325733108 1.8687326182875963 1.8507456936297375 1.8489599793440232 1.8064229485426524 1.8046372342569379 1.801377643080093 1.7995919287943785 1.7807485382843378 1.7789628239986233 1.7610462923582157 1.7592605780725015 1.7563489522892752 1.7545632380035607 1.7059599034615718 1.7041741891758575 1.6950234449729484 1.6932377306872339 1.6821174965641121 1.6803317822783979 1.6689394774790161 1.6671537631933018 1.664089457235483 1.6623037429497685 1.6315158686742319 1.6297301543885176 1.6262738571923732 1.6244881429066589 1.6219167754922605 1.6201310612065463 1.6102279314598598 1.6084422171741453 1.6019107273819784 1.6001250130962641 1.5670945728328916 1.5653088585471771;1.8020542243265765 1.8030958909932433 1.8228844811468774 1.823926147813544 1.8277361835256412 1.8287778501923078 1.834554675877875 1.8355963425445416 1.8370963068696073 1.838137973536274 1.8401541469006917 1.8411958135673585 1.8591554068947547 1.8601970735614215 1.8619845853701491 1.8630262520368157 1.8696717631697886 1.8707134298364554 1.8772002330749431 1.8782418997416097 1.8835798338599732 1.88462150052664 1.9129734456761336 1.9140151123428002 1.9157135607163489 1.9167552273830155 1.9272065375065865 1.9282482041732534 1.9392401819707772 1.9402818486374438 1.9421832768239369 1.9432249434906035 1.9680382114580699 1.9690798781247367 1.979572250841821 1.9806139175084878 1.9855919696041862 1.9866336362708528 1.9937937594355446 1.9948354261022112;1.9591535819068748 1.960469371380559 1.9854654852588338 1.986781274732518 1.9915939514214829 1.9929097408951673 2.0002067838664099 2.0015225733400941 2.0034172651191242 2.0047330545928088 2.007279799895231 2.0085955893689151 2.031281391466679 2.0325971809403631 2.034855090593493 2.0361708800671772 2.044565209919353 2.0458809993930371 2.0540748561153377 2.0553906455890218 2.0621332992122179 2.063449088685902 2.0992620720326309 2.1005778615063151 2.1027232699781662 2.1040390594518503 2.1172407143447822 2.1185565038184664 2.132441107352181 2.1337568968258651 2.1361587008509089 2.137474490324593 2.1688175656519193 2.170133355125603 2.1833868785577097 2.1847026680313935 2.1909907338364865 2.1923065233101706 2.201350889412939 2.2026666788866232;2.5804184116567037 2.581700462938755 2.6060556508201507 2.6073377021022015 2.6120269768247826 2.6133090281068339 2.6204189674121476 2.6217010186941985 2.6235471286327412 2.624829179914792 2.6273106240556134 2.6285926753376647 2.6506967902021525 2.6519788414842034 2.6541788560180222 2.6554609073000734 2.6636399979252707 2.6649220492073216 2.6729058070393066 2.6741878583213579 2.6807576233901131 2.682039674672164 2.7169343763946179 2.7182164276766687 2.7203068256748826 2.7215888769569339 2.7344520278782523 2.7357340791603031 2.7492626672187939 2.7505447185008451 2.7528849378072975 2.7541669890893488 2.7847063958185383 2.7859884471005896 2.7989021365985396 2.8001841878805904 2.8063110212291424 2.8075930725111937 2.8164055317908141 2.8176875830728654;3.5180528287516304 3.5198385430373449 3.5537618404435749 3.555547554729289 3.5620790445214556 3.5638647588071701 3.5737678885538569 3.5755536028395709 3.578124970253969 3.5799106845396835 3.583366981735828 3.5851526960215425 3.6159405702970786 3.6177262845827931 3.6207905905406119 3.622576304826326 3.633968609625708 3.6357543239114221 3.6468745580345443 3.6486602723202584 3.6578110165231674 3.6595967308088815 3.7082000653508707 3.7099857796365847 3.7128974054198109 3.7146831197055254 3.7325996513459332 3.7343853656316472 3.7532287561416884 3.7550144704274029 3.758274061604248 3.7600597758899625 3.8025968066913336 3.8043825209770481 3.8223694456349069 3.8241551599206214 3.8326889635132475 3.8344746777989616 3.8467491746527194 3.8485348889384334;
