m;6
n;12
P;39
P1;2 4 6 8 10 12 14 16 18 20 22 24 26 28 30 32 34 36 38
Q;40
M;100
h;1 1 1 1 1 1 1 1 1 1 1 1 1 1 1 1 1 1 1 1 1 1 1 1 1 1 1 1 1 1 1 1 1 1 1 1 1 1 1
Vmin;41 41 41 41 41 41 41 41 41 41 41 41 41 41 41 41 41 41 41 41 41 41 41 41 41 41 41 41 41 41 41 41 41 41 41 41 41 41 41;37 37 37 37 37 37 37 37 37 37 37 37 37 37 37 37 37 37 37 37 37 37 37 37 37 37 37 37 37 37 37 37 37 37 37 37 37 37 37;50 50 50 50 50 50 50 50 50 50 50 50 50 50 50 50 50 50 50 50 50 50 50 50 50 50 50 50 50 50 50 50 50 50 50 50 50 50 50;46 46 46 46 46 46 46 46 46 46 46 46 46 46 46 46 46 46 46 46 46 46 46 46 46 46 46 46 46 46 46 46 46 46 46 46 46 46 46;52 52 52 52 52 52 52 52 52 52 52 52 52 52 52 52 52 52 52 52 52 52 52 52 52 52 52 52 52 52 52 52 52 52 52 52 52 52 52;42 42 42 42 42 42 42 42 42 42 42 42 42 42 42 42 42 42 42 42 42 42 42 42 42 42 42 42 42 42 42 42 42 42 42 42 42 42 42;39 39 39 39 39 39 39 39 39 39 39 39 39 39 39 39 39 39 39 39 39 39 39 39 39 39 39 39 39 39 39 39 39 39 39 39 39 39 39;48 48 48 48 48 48 48 48 48 48 48 48 48 48 48 48 48 48 48 48 48 48 48 48 48 48 48 48 48 48 48 48 48 48 48 48 48 48 48;28 28 28 28 28 28 28 28 28 28 28 28 28 28 28 28 28 28 28 28 28 28 28 28 28 28 28 28 28 28 28 28 28 28 28 28 28 28 28;52 52 52 52 52 52 52 52 52 52 52 52 52 52 52 52 52 52 52 52 52 52 52 52 52 52 52 52 52 52 52 52 52 52 52 52 52 52 52;40 40 40 40 40 40 40 40 40 40 40 40 40 40 40 40 40 40 40 40 40 40 40 40 40 40 40 40 40 40 40 40 40 40 40 40 40 40 40;42 42 42 42 42 42 42 42 42 42 42 42 42 42 42 42 42 42 42 42 42 42 42 42 42 42 42 42 42 42 42 42 42 42 42 42 42 42 42;
Vmax;41 41 41 41 41 41 41 41 41 41 41 41 41 41 41 41 41 41 41 41 41 41 41 41 41 41 41 41 41 41 41 41 41 41 41 41 41 41 41;37 37 37 37 37 37 37 37 37 37 37 37 37 37 37 37 37 37 37 37 37 37 37 37 37 37 37 37 37 37 37 37 37 37 37 37 37 37 37;50 50 50 50 50 50 50 50 50 50 50 50 50 50 50 50 50 50 50 50 50 50 50 50 50 50 50 50 50 50 50 50 50 50 50 50 50 50 50;46 46 46 46 46 46 46 46 46 46 46 46 46 46 46 46 46 46 46 46 46 46 46 46 46 46 46 46 46 46 46 46 46 46 46 46 46 46 46;52 52 52 52 52 52 52 52 52 52 52 52 52 52 52 52 52 52 52 52 52 52 52 52 52 52 52 52 52 52 52 52 52 52 52 52 52 52 52;42 42 42 42 42 42 42 42 42 42 42 42 42 42 42 42 42 42 42 42 42 42 42 42 42 42 42 42 42 42 42 42 42 42 42 42 42 42 42;39 39 39 39 39 39 39 39 39 39 39 39 39 39 39 39 39 39 39 39 39 39 39 39 39 39 39 39 39 39 39 39 39 39 39 39 39 39 39;48 48 48 48 48 48 48 48 48 48 48 48 48 48 48 48 48 48 48 48 48 48 48 48 48 48 48 48 48 48 48 48 48 48 48 48 48 48 48;28 28 28 28 28 28 28 28 28 28 28 28 28 28 28 28 28 28 28 28 28 28 28 28 28 28 28 28 28 28 28 28 28 28 28 28 28 28 28;52 52 52 52 52 52 52 52 52 52 52 52 52 52 52 52 52 52 52 52 52 52 52 52 52 52 52 52 52 52 52 52 52 52 52 52 52 52 52;40 40 40 40 40 40 40 40 40 40 40 40 40 40 40 40 40 40 40 40 40 40 40 40 40 40 40 40 40 40 40 40 40 40 40 40 40 40 40;42 42 42 42 42 42 42 42 42 42 42 42 42 42 42 42 42 42 42 42 42 42 42 42 42 42 42 42 42 42 42 42 42 42 42 42 42 42 42;
d;3.000 9.454 3.000 37.943 3.000 9.200 3.000 63.200 3.000 3.896 3.000 20.157 3.000 59.057 3.000 18.287 3.000 35.029 3.000 43.773 3.000 8.308 3.000 31.682 3.000 34.454 3.000 80.728 3.000 64.125 3.000 56.815 3.000 25.869 3.000 51.551 3.000 36.053 3.000
S;0.78101932047985423 0.77979980828473228 0.7651441769459022 0.76392466475078025 0.74296916170524263 0.74174964951012068 0.73123360679995231 0.73001409460483047 0.70691861464545946 0.70569910245033751 0.67963201861904765 0.67841250642392581 0.64559617369496525 0.6443766614998433 0.63037088450011269 0.62915137230499074 0.61627244096038747 0.61505292876526563 0.61167577178953769 0.61045625959441585 0.59266231796313196 0.59144280576801 0.57720330736758207 0.57598379517246012 0.5685499702057667 0.56733045801064474 0.5433237162730411 0.54210420407791915 0.53391043350905953 0.53269092131393758 0.53110720339991635 0.5298876912047944 0.50419662768117479 0.50297711548605284 0.49923736567755822 0.49801785348243627 0.48259374580219733 0.48137423360707537 0.47753099163873164 0.47631147944360969;0.8977088685435104 0.89635751719215906 0.88011749327615807 0.87876614192480673 0.85554517909056227 0.85419382773921093 0.84254091554686228 0.84118956419551094 0.81559727559188366 0.81424592424053233 0.78536077729234632 0.78400942594099499 0.74764538156566041 0.74629403021430896 0.73077411516055335 0.72942276380920201 0.71515151556247958 0.71380016421112813 0.71005790918397027 0.70870655783261893 0.68898894683579082 0.68763759548443948 0.6718586918515328 0.67050734050018146 0.66226985878033195 0.66091850742898062 0.63431644226028472 0.63296509090893338 0.62388550730560233 0.62253415595425099 0.62077922529276797 0.61942787394141663 0.59095939814497322 0.58960804679362189 0.58546399970853336 0.58411264835718202 0.56702106957637677 0.56566971822502543 0.56141099063848232 0.56005963928713098;1.3469371967354113 1.3459371967354115 1.3339195790375706 1.3329195790375707 1.3157360665402298 1.3147360665402299 1.3061129115178918 1.3051129115178917 1.2861746179512075 1.2851746179512074 1.2637996092095498 1.2627996092095499 1.2358902163718022 1.2348902163718021 1.223405479232023 1.2224054792320229 1.2118447555294483 1.2108447555294481 1.2080754868093515 1.2070754868093514 1.1924844546716986 1.1914844546716985 1.1798080659833476 1.1788080659833475 1.172712329510659 1.1717123295106588 1.1520268012858239 1.1510268012858238 1.1443079094193591 1.143307909419359 1.1420092607298615 1.1410092607298616 1.1199425886404937 1.1189425886404936 1.115875993797528 1.1148759937975281 1.1022282254997322 1.1012282254997321 1.0980767670856901 1.09707676708569;2.2121071847636085 2.2110202282418694 2.1979576003094339 2.1968706437876948 2.1781929128123241 2.177105956290585 2.1677329617010872 2.1666460051793481 2.1460609034764309 2.1449739469546918 2.1217402418007163 2.1206532852789772 2.0914039452379471 2.0903169887162081 2.0778335787816653 2.0767466222599262 2.0652675747571276 2.0641806182353886 2.0611705435396313 2.0600835870178922 2.0442237694769654 2.0431368129552263 2.030445086120062 2.029358129598323 2.0227323290845312 2.0216453725627921 2.0002480592749281 1.9991611027531888 1.9918579594200747 1.9907710028983356 1.9893594282358387 1.9882724717140996 1.9653739150952212 1.9642869585734821 1.9609537033093891 1.95986674678765 1.9461191725509153 1.9450322160291762 1.9416067177530436 1.9405197612313045;2.8781293408977082 2.8771678024361695 2.8656124008036303 2.8646508623420917 2.8481282541715718 2.8471667157100331 2.8388752204962469 2.8379136820347082 2.8197037843744348 2.8187422459128961 2.7981893528920718 2.7972278144305331 2.7713533982403913 2.7703918597788526 2.7593488432982958 2.7583873048367571 2.7482327628150505 2.7472712243535118 2.7446084659688035 2.7436469275072648 2.729617088913368 2.7286555504518293 2.7174282536361076 2.7164667151745689 2.710605430104676 2.7096438916431373 2.6907154991192574 2.6897539606577188 2.6832934877091947 2.6823319492476561 2.6810832485846778 2.6801217101231392 2.6598652946525929 2.6589037561910542 2.6559551073035879 2.6549935688420492 2.6428322531710915 2.6418707147095528 2.6388404662345124 2.6378789277729737;3.3584245069790994 3.3572340307886233 3.3429273430530984 3.3417368668626222 3.3212803043657875 3.3200898281753113 3.3098241674344329 3.3086336912439562 3.2860881036645702 3.284897627474094 3.2594511884959299 3.2582607123054532 3.2262257208319443 3.2250352446414681 3.2113629385226834 3.2101724623322072 3.1976001722100946 3.1964096960196184 3.1931129475433124 3.1919224713528362 3.1745521949984878 3.1733617188080112 3.1594612560837843 3.1582707798933076 3.1510139507591548 3.1498234745686782 3.1263883219200652 3.1251978457295886 3.1171991649361783 3.1160086887457017 3.1144626784010621 3.1132722022105859 3.0881928306756237 3.0870023544851475 3.0833516463387598 3.0821611701482832 3.0671043031270977 3.0659138269366215 3.0621620907294287 3.0609716145389521;3.5644769765581068 3.5656964887532285 3.5701494868191332 3.571368999014255 3.5867931066944938 3.5880126188896155 3.5917523686981103 3.5929718808932321 3.6186629444168519 3.6198824566119736 3.6214661745259944 3.6226856867211166 3.6308794572899763 3.632098969485098 3.6561057112227013 3.6573252234178231 3.6647590483845169 3.6659785605796387 3.6802180589800666 3.6814375711751883 3.6992315128064721 3.7004510250015938 3.7038281819773218 3.7050476941724435 3.7179266255170464 3.7191461377121682 3.733151914711899 3.7343714269070207 3.7671877596359815 3.7684072718311032 3.7944743556623934 3.7956938678575152 3.8187893478168862 3.8200088600120079 3.8305249027221762 3.8317444149172979 3.8526999179628358 3.8539194301579576 3.8685750614967875 3.8697945736919097;4.2644280500109151 4.2657794013622663 4.2707138046244859 4.2720651559758371 4.2891567347566424 4.2905080861079936 4.2946521331930825 4.2960034845444337 4.324471960340877 4.3258233116922291 4.3275782423537121 4.3289295937050642 4.3380091773083951 4.3393605286597472 4.365962593828443 4.3673139451797942 4.3755514268996443 4.3769027782509955 4.3926816818839018 4.394033033235254 4.4137506442320813 4.4151019955834325 4.4188442506105909 4.4201956019619422 4.4344668502086648 4.435818201560016 4.4513381166137718 4.4526894679651239 4.4890535123404582 4.4904048636918095 4.5192900106399954 4.5206413619913475 4.5462336505949743 4.5475850019463264 4.5592379141386745 4.5605892654900257 4.5838102283242703 4.5851615796756224 4.601401603591623 4.6027529549429742;5.0230960856756308 5.0240960856756312 5.0277475440896726 5.0287475440896721 5.0413953123874684 5.0423953123874687 5.0454619072304343 5.0464619072304346 5.0675285793198022 5.0685285793198025 5.0698272280093004 5.0708272280093007 5.0775461198757652 5.0785461198757655 5.0982316481006 5.0992316481006004 5.1053273845732887 5.1063273845732891 5.1180037732616395 5.1190037732616398 5.1335948053992926 5.134594805399292 5.1373640741193896 5.1383640741193899 5.1489247978219641 5.1499247978219644 5.1614095349617441 5.1624095349617436 5.1893189277994916 5.1903189277994919 5.2116939365411499 5.2126939365411493 5.2316322301078335 5.2326322301078338 5.241255385130172 5.2422553851301723 5.259438897627513 5.2604388976275125 5.272456515325354 5.2734565153253534;5.3938642022304286 5.3949511587521677 5.3989201352891705 5.4000070918109095 5.4137546660476437 5.4148416225693836 5.4181748778334766 5.4192618343552157 5.4421603909740943 5.4432473474958334 5.4446589221583306 5.4457458786800705 5.4530490220131851 5.4541359785349242 5.4755332918227886 5.4766202483445285 5.4832460488583203 5.4843330053800603 5.4970247322152241 5.4981116887369641 5.5139715062778913 5.5150584627996304 5.5180685374953873 5.5191554940171272 5.5306345415199258 5.5317214980416649 5.5442049079762077 5.5452918644979468 5.5745412045389768 5.5756281610607168 5.5988618662146923 5.5999488227364322 5.6205339244393491 5.621620880961089 5.6309938755505868 5.6320808320723268 5.6507585630476971 5.6518455195694361 5.6649081475018717 5.6659951040236107;5.5662274585724392 5.5671889970339778 5.5707000147397867 5.5716615532013254 5.5838228688722831 5.5847844073338218 5.5877330562212881 5.5886945946828268 5.6089510101533735 5.6099125486149122 5.61116124927789 5.6121227877394286 5.6185832606879531 5.6195447991494918 5.6384731916733717 5.6394347301349104 5.6452960152048037 5.6462575536663424 5.6574848504820645 5.6584463889436032 5.6724762275375005 5.6734377659990392 5.676100524383747 5.6770620628452857 5.6872166048669923 5.688178143328531 5.6992211598090883 5.700182698270627 5.7260571144607697 5.7270186529223084 5.7475715459431331 5.7485330844046718 5.7667429820649447 5.7677045205264834 5.7759960157402706 5.7769575542018092 5.7934801623723295 5.7944417008338682 5.8059971024664074 5.8069586409279461;5.883763243777115 5.8849537199675916 5.8893006942700215 5.8904911704604972 5.9055480374816831 5.9067385136721589 5.910389221818547 5.9115796980090227 5.9366590695439845 5.9378495457344611 5.9393955560791012 5.9405860322695769 5.9485847130629876 5.9497751892534634 5.9732103419020763 5.9744008180925521 5.9816576472267062 5.982848123417182 5.9967485861414094 5.9979390623318851 6.015309338686234 6.0164998148767097 6.0197965633530153 6.020987039543491 6.0335593296656045 6.0347498058560802 6.0484221119748645 6.0496125881653411 6.0816475796388501 6.0828380558293258 6.1082844948074895 6.1094749709979652 6.1320205585773513 6.133211034767827 6.1434766955087063 6.1446671716991821 6.1651237341960163 6.1663142103864921 6.180620898122017 6.1818113743124927;
