m;7
n;14
P;39
P1;2 4 6 8 10 12 14 16 18 20 22 24 26 28 30 32 34 36 38
Q;40
M;100
h;1 1 1 1 1 1 1 1 1 1 1 1 1 1 1 1 1 1 1 1 1 1 1 1 1 1 1 1 1 1 1 1 1 1 1 1 1 1 1
Vmin;52 52 52 52 52 52 52 52 52 52 52 52 52 52 52 52 52 52 52 52 52 52 52 52 52 52 52 52 52 52 52 52 52 52 52 52 52 52 52;46 46 46 46 46 46 46 46 46 46 46 46 46 46 46 46 46 46 46 46 46 46 46 46 46 46 46 46 46 46 46 46 46 46 46 46 46 46 46;49 49 49 49 49 49 49 49 49 49 49 49 49 49 49 49 49 49 49 49 49 49 49 49 49 49 49 49 49 49 49 49 49 49 49 49 49 49 49;28 28 28 28 28 28 28 28 28 28 28 28 28 28 28 28 28 28 28 28 28 28 28 28 28 28 28 28 28 28 28 28 28 28 28 28 28 28 28;52 52 52 52 52 52 52 52 52 52 52 52 52 52 52 52 52 52 52 52 52 52 52 52 52 52 52 52 52 52 52 52 52 52 52 52 52 52 52;47 47 47 47 47 47 47 47 47 47 47 47 47 47 47 47 47 47 47 47 47 47 47 47 47 47 47 47 47 47 47 47 47 47 47 47 47 47 47;43 43 43 43 43 43 43 43 43 43 43 43 43 43 43 43 43 43 43 43 43 43 43 43 43 43 43 43 43 43 43 43 43 43 43 43 43 43 43;46 46 46 46 46 46 46 46 46 46 46 46 46 46 46 46 46 46 46 46 46 46 46 46 46 46 46 46 46 46 46 46 46 46 46 46 46 46 46;38 38 38 38 38 38 38 38 38 38 38 38 38 38 38 38 38 38 38 38 38 38 38 38 38 38 38 38 38 38 38 38 38 38 38 38 38 38 38;47 47 47 47 47 47 47 47 47 47 47 47 47 47 47 47 47 47 47 47 47 47 47 47 47 47 47 47 47 47 47 47 47 47 47 47 47 47 47;45 45 45 45 45 45 45 45 45 45 45 45 45 45 45 45 45 45 45 45 45 45 45 45 45 45 45 45 45 45 45 45 45 45 45 45 45 45 45;51 51 51 51 51 51 51 51 51 51 51 51 51 51 51 51 51 51 51 51 51 51 51 51 51 51 51 51 51 51 51 51 51 51 51 51 51 51 51;44 44 44 44 44 44 44 44 44 44 44 44 44 44 44 44 44 44 44 44 44 44 44 44 44 44 44 44 44 44 44 44 44 44 44 44 44 44 44;40 40 40 40 40 40 40 40 40 40 40 40 40 40 40 40 40 40 40 40 40 40 40 40 40 40 40 40 40 40 40 40 40 40 40 40 40 40 40;
Vmax;52 52 52 52 52 52 52 52 52 52 52 52 52 52 52 52 52 52 52 52 52 52 52 52 52 52 52 52 52 52 52 52 52 52 52 52 52 52 52;46 46 46 46 46 46 46 46 46 46 46 46 46 46 46 46 46 46 46 46 46 46 46 46 46 46 46 46 46 46 46 46 46 46 46 46 46 46 46;49 49 49 49 49 49 49 49 49 49 49 49 49 49 49 49 49 49 49 49 49 49 49 49 49 49 49 49 49 49 49 49 49 49 49 49 49 49 49;28 28 28 28 28 28 28 28 28 28 28 28 28 28 28 28 28 28 28 28 28 28 28 28 28 28 28 28 28 28 28 28 28 28 28 28 28 28 28;52 52 52 52 52 52 52 52 52 52 52 52 52 52 52 52 52 52 52 52 52 52 52 52 52 52 52 52 52 52 52 52 52 52 52 52 52 52 52;47 47 47 47 47 47 47 47 47 47 47 47 47 47 47 47 47 47 47 47 47 47 47 47 47 47 47 47 47 47 47 47 47 47 47 47 47 47 47;43 43 43 43 43 43 43 43 43 43 43 43 43 43 43 43 43 43 43 43 43 43 43 43 43 43 43 43 43 43 43 43 43 43 43 43 43 43 43;46 46 46 46 46 46 46 46 46 46 46 46 46 46 46 46 46 46 46 46 46 46 46 46 46 46 46 46 46 46 46 46 46 46 46 46 46 46 46;38 38 38 38 38 38 38 38 38 38 38 38 38 38 38 38 38 38 38 38 38 38 38 38 38 38 38 38 38 38 38 38 38 38 38 38 38 38 38;47 47 47 47 47 47 47 47 47 47 47 47 47 47 47 47 47 47 47 47 47 47 47 47 47 47 47 47 47 47 47 47 47 47 47 47 47 47 47;45 45 45 45 45 45 45 45 45 45 45 45 45 45 45 45 45 45 45 45 45 45 45 45 45 45 45 45 45 45 45 45 45 45 45 45 45 45 45;51 51 51 51 51 51 51 51 51 51 51 51 51 51 51 51 51 51 51 51 51 51 51 51 51 51 51 51 51 51 51 51 51 51 51 51 51 51 51;44 44 44 44 44 44 44 44 44 44 44 44 44 44 44 44 44 44 44 44 44 44 44 44 44 44 44 44 44 44 44 44 44 44 44 44 44 44 44;40 40 40 40 40 40 40 40 40 40 40 40 40 40 40 40 40 40 40 40 40 40 40 40 40 40 40 40 40 40 40 40 40 40 40 40 40 40 40;
d;3.000 9.607 3.000 3.442 3.000 12.602 3.000 14.759 3.000 4.127 3.000 3.983 3.000 23.947 3.000 21.253 3.000 25.106 3.000 31.767 3.000 10.058 3.000 84.702 3.000 15.978 3.000 65.673 3.000 14.211 3.000 30.040 3.000 41.408 3.000 20.803 3.000 64.018 3.000
S;0.48198620033527845 0.48102466187374004 0.46050616074783274 0.45954462228629434 0.45287701112742179 0.45191547266588333 0.43864377445226072 0.43768223599072231 0.42805403856336305 0.42709250010182465 0.42253768285314319 0.42157614439160473 0.40052702278401286 0.39956548432247441 0.39444423530592226 0.39348269684438381 0.36633462490069812 0.36537308643915967 0.36214936428653677 0.36118782582499837 0.35100605510702049 0.35004451664548208 0.34199769411656011 0.34103615565502171 0.33422439494924283 0.33326285648770437 0.32558737785304465 0.32462583939150619 0.32334912130135623 0.32238758283981783 0.32106489763723611 0.32010335917569765 0.31537275962848471 0.31441122116694625 0.31037219845191333 0.30941065999037487 0.30830745563476414 0.30734591717322574 0.30426676552432069 0.30330522706278223;0.55698591251928187 0.55589895599754269 0.53270412863782146 0.53161717211608228 0.52407987254518296 0.52299291602344378 0.5079901267384791 0.50690317021674003 0.49601912095102957 0.49493216442929044 0.48978324058295492 0.48869628406121579 0.46490162485263364 0.46381466833089452 0.4580254303121834 0.45693847379044428 0.4262493489845387 0.42516239246279958 0.42151818481200848 0.42043122829026935 0.4089214005221205 0.40783444400038138 0.3987380359242087 0.39765107940246958 0.38995082816985005 0.38886387164811093 0.38018724362632172 0.3791002871045826 0.37765704056789134 0.37657008404615222 0.37507487468671202 0.3739879181649729 0.36864028389421044 0.36755332737247132 0.36298747560765143 0.36190051908591231 0.36065341851000454 0.35956646198826542 0.35608568186341627 0.35499872534167715;0.92222923941296642 0.92120883124970121 0.89943409536098318 0.89841368719771786 0.89133785494748585 0.89031744678422053 0.87623319561874347 0.87521278745547815 0.86499510855297457 0.86397470038970925 0.85914101677886368 0.85812060861559836 0.83578276527692941 0.83476235711366409 0.82932756223895565 0.82830715407569033 0.79949695527830966 0.79847654711504434 0.79505545421838331 0.79403504605511799 0.78322990161971284 0.78220949345644752 0.77367000832371402 0.7726496001604487 0.76542079288084663 0.76440038471758132 0.75625497881957515 0.75523457065630983 0.75387968615247725 0.75285927798921193 0.7514556120599416 0.75043520389667628 0.74541497580575633 0.74439456764249101 0.74010825782245604 0.73908784965919072 0.73791710217976703 0.73689669401650171 0.73362902287888831 0.732608614715623;1.3678095921014204 1.3660238778157061 1.3279180900104497 1.3261323757247354 1.3137496692868291 1.3119639550011148 1.28731651546153 1.2855308011758158 1.2676498630964343 1.2658641488107201 1.2574052024917401 1.2556194882060259 1.2165282623633551 1.2147425480776408 1.2052316570469011 1.2034459427611865 1.1530280948657705 1.151242380580056 1.1452554680108993 1.143469753725185 1.1245607509632261 1.1227750366775118 1.1078309376952282 1.1060452234095137 1.0933948106702103 1.0916090963844958 1.0773546360629849 1.0755689217772706 1.0731978738955634 1.0714121596098491 1.0689557442336259 1.0671700299479114 1.0583846307888019 1.0565989165030876 1.0490978743180264 1.0473121600323121 1.0452633519433208 1.0434776376576065 1.0377592131667828 1.0359734988810687;1.770430493218617 1.7694689547570788 1.7489504536311713 1.7479889151696328 1.7413213040107605 1.740359765549222 1.7270880673355995 1.726126528874061 1.7164983314467017 1.7155367929851633 1.7109819757364819 1.7100204372749437 1.6889713156673516 1.6880097772058131 1.6828885281892609 1.6819269897277225 1.6547789177840369 1.6538173793224984 1.6505936571698756 1.6496321187083371 1.6394503479903593 1.6384888095288208 1.630441986999899 1.6294804485383605 1.6226686878325818 1.6217071493710433 1.6140316707363835 1.6130701322748451 1.611793414184695 1.6108318757231566 1.609509190520575 1.6085476520590365 1.6038170525118234 1.6028555140502851 1.5988164913352521 1.5978549528737136 1.5967517485181029 1.5957902100565644 1.5927110584076594 1.5917495199461209;2.4707741715872276 2.4697103417999933 2.4470090214053721 2.4459451916181378 2.438568260123215 2.4375044303359812 2.4228208493336751 2.4217570195464408 2.4111045457970222 2.4100407160097879 2.4050013437346509 2.4039375139474166 2.3806491240836976 2.3795852942964633 2.3739192315547459 2.3728554017675116 2.3428192370638592 2.3417554072766249 2.3381887359588296 2.3371249061715953 2.3258599683559598 2.3247961385687259 2.3158932710899185 2.3148294413026842 2.3072930252026738 2.3062291954154395 2.2977371765004966 2.2966733467132623 2.2952608075496923 2.294196977762458 2.292733581368112 2.2916697515808777 2.2864358967626845 2.2853720669754503 2.2809033609928604 2.2798395312056261 2.278618964684525 2.2775551348972907 2.274148413924034 2.2730845841367997;2.6383214394260288 2.637158648728354 2.61234557759935 2.6111827869016753 2.6031196292211782 2.6019568385235039 2.5859073430093553 2.584744552311681 2.5731011507716186 2.5719383600739438 2.5664302089825153 2.5652674182848405 2.5398126665733338 2.538649875875659 2.5324567375300613 2.5312939468323865 2.4984637202958364 2.4973009295981616 2.4934024749019668 2.492239684204292 2.4799268451965046 2.4787640544988303 2.4690330133010643 2.4678702226033895 2.459632744540587 2.4584699538429127 2.4491879796800684 2.4480251889823936 2.4464812508268636 2.4453184601291889 2.4437189338376948 2.44255614314002 2.4368354181061815 2.4356726274085068 2.4307882278461412 2.4296254371484665 2.428291329555635 2.4271285388579602 2.4234049136081217 2.4222421229104469;2.8383268918516062 2.8392884303131449 2.8428483511928193 2.843809889654358 2.8449130940099687 2.8458746324715074 2.8499136551865405 2.8508751936480792 2.8556057931952923 2.856567331656831 2.8578900168594128 2.8588515553209515 2.8601282734111013 2.86108981187264 2.8687652905072998 2.8697268289688385 2.8765385896746172 2.8775001281361559 2.8855469506650779 2.8865084891266166 2.8966902598445943 2.897651798306133 2.9008755204587557 2.9018370589202944 2.92898513086398 2.9299466693255187 2.9350679183420709 2.9360294568036096 2.9570785784112013 2.9580401168727399 2.9625949341214213 2.96355647258296 2.9731846700103191 2.9741462084718577 2.9874179066854802 2.9883794451470189 2.9950470563058915 2.9960085947674302 3.0165270958933372 3.0174886343548759;3.3947060564036642 3.3957930129254033 3.3998172713111221 3.4009042278328612 3.402151328408769 3.4032382849305081 3.4078041366953276 3.4088910932170666 3.4142387274878292 3.4153256840095683 3.4168208933690085 3.4179078498907476 3.4193510964274392 3.4204380529491782 3.4291146809709674 3.4302016374927065 3.4379018887253259 3.4389888452470649 3.4480852533232373 3.4491722098449764 3.4606820376131253 3.4617689941348644 3.4654132017856556 3.4665001583073947 3.4971892831133 3.4982762396350391 3.5040654776537505 3.5051524341754896 3.5289470933840716 3.5300340499058107 3.5351829737521467 3.5362699302738858 3.5471539795395959 3.5482409360613349 3.5632437253462994 3.5643306818680385 3.5718679814389378 3.5729549379606769 3.5961497653203982 3.5972367218421373;4.0101745795778037 4.0111949877410682 4.014972862960315 4.0159932711235795 4.0171640186030029 4.0181844267662683 4.0224707365863033 4.0234911447495687 4.0285113728404882 4.0295317810037536 4.0309354469330243 4.0319558550962888 4.0333107396001218 4.0343311477633863 4.0424765536613929 4.0434969618246575 4.0507257691042602 4.0517461772675256 4.0602856624002586 4.061306070563524 4.0721112149989294 4.0731316231621939 4.0765527160588553 4.0775731242221207 4.106383323019501 4.1074037311827665 4.1128385260574749 4.1138589342207394 4.1361967775594088 4.1372171857226734 4.1420508693335192 4.1430712774967846 4.1532889563992885 4.1543093645625531 4.1683936157280304 4.1694140238912958 4.1764898561415276 4.1775102643047921 4.1992850001935107 4.2003054083567752;4.7343297911758331 4.7361155054615462 4.7427267870952274 4.7445125013809415 4.746561309469933 4.7483470237556462 4.7558480659407083 4.7576337802264224 4.7664191793855322 4.7682048936712453 4.770661309047469 4.772447023333183 4.7748180712148907 4.7766037855006038 4.7908582458221156 4.7926439601078288 4.8052943728471327 4.8070800871328467 4.8220241861151303 4.8238099004008443 4.8427189031628028 4.8445046174485169 4.8504915300176741 4.8522772443033881 4.9026950921988037 4.9044808064845178 4.9139916975152573 4.9157774118009714 4.9548686376436422 4.9566543519293562 4.9651132982483359 4.9668990125340491 4.9847799506134312 4.9865656648991452 5.0112131044387294 5.0129988187244434 5.0253815251623495 5.0271672394480635 5.06527302725332 5.0670587415390331;4.8481876667302997 4.8491492051918383 4.8527091260715132 4.8536706645330518 4.8547738688886621 4.8557354073502008 4.8597744300652339 4.8607359685267726 4.8654665680739857 4.8664281065355244 4.8677507917381062 4.8687123301996449 4.8699890482897947 4.8709505867513334 4.8786260653859923 4.879587603847531 4.8863993645533101 4.8873609030148488 4.8954077255437713 4.89636926400531 4.9065510347232877 4.9075125731848264 4.9107362953374487 4.9116978337989874 4.9388459057426735 4.9398074442042121 4.9449286932207643 4.945890231682303 4.966939353289896 4.9679008917514347 4.9724557090001156 4.9734172474616543 4.9830454448890134 4.984006983350552 4.9972786815641745 4.9982402200257132 5.0049078311845863 5.0058693696461249 5.026387870772032 5.0273494092335707;5.6524984601611683 5.6535622899484022 5.6575009258152757 5.6585647556025105 5.6597853221236116 5.6608491519108464 5.6653178578934362 5.6663816876806701 5.6716155424988637 5.6726793722860975 5.6741427686804427 5.6752065984676774 5.6766191376312474 5.6776829674184812 5.6861749863334241 5.687238816120658 5.6947752322206684 5.6958390620079031 5.7047419294867101 5.705805759273944 5.7170706970895795 5.7181345268768133 5.7217011981946087 5.7227650279818425 5.7528011926854949 5.7538650224727288 5.7595310852144461 5.76059491500168 5.783883304865399 5.7849471346526338 5.7899865069277707 5.7910503367150046 5.8017028104644233 5.802766640251658 5.8174502212539636 5.8185140510411975 5.8258909825361211 5.826954812323355 5.8496561327179766 5.8507199625052104;6.1349592425905435 6.1361220332882178 6.1404270538868939 6.1415898445845682 6.1429239521773997 6.1440867428750741 6.14897114243744 6.1501339331351135 6.1558546581689528 6.1570174488666272 6.1586169751581217 6.159779765855796 6.161323704011326 6.1624864947090003 6.1717684688718446 6.1729312595695189 6.181168737632321 6.1823315283299953 6.1920625695277618 6.1932253602254361 6.2055381992332226 6.2067009899308969 6.2105994446270927 6.211762235324767 6.2445924618613171 6.2457552525589914 6.2519483909045892 6.2531111816022635 6.2785659333137698 6.2797287240114441 6.2852368751028722 6.2863996658005465 6.2980430673406094 6.2992058580382828 6.3152553535524314 6.3164181442501057 6.3244813019306028 6.3256440926282771 6.3504571637572811 6.3516199544549554;
