m;1
n;2
P;39
P1;2 4 6 8 10 12 14 16 18 20 22 24 26 28 30 32 34 36 38
Q;40
M;100
h;1 1 1 1 1 1 1 1 1 1 1 1 1 1 1 1 1 1 1 1 1 1 1 1 1 1 1 1 1 1 1 1 1 1 1 1 1 1 1
Vmin;52 52 52 52 52 52 52 52 52 52 52 52 52 52 52 52 52 52 52 52 52 52 52 52 52 52 52 52 52 52 52 52 52 52 52 52 52 52 52;45 45 45 45 45 45 45 45 45 45 45 45 45 45 45 45 45 45 45 45 45 45 45 45 45 45 45 45 45 45 45 45 45 45 45 45 45 45 45;
Vmax;52 52 52 52 52 52 52 52 52 52 52 52 52 52 52 52 52 52 52 52 52 52 52 52 52 52 52 52 52 52 52 52 52 52 52 52 52 52 52;45 45 45 45 45 45 45 45 45 45 45 45 45 45 45 45 45 45 45 45 45 45 45 45 45 45 45 45 45 45 45 45 45 45 45 45 45 45 45;
d;3.000 14.664 3.000 58.423 3.000 3.662 3.000 8.393 3.000 4.890 3.000 47.526 3.000 66.884 3.000 3.194 3.000 36.128 3.000 15.444 3.000 9.879 3.000 61.864 3.000 27.187 3.000 56.214 3.000 14.542 3.000 51.530 3.000 93.970 3.000 25.694 3.000 49.025 3.000
S;0.31257844323742684 0.31161690477588844 0.29590363823025345 0.29494209976871499 0.28670676676425605 0.28574522830271759 0.2556265336214546 0.25466499515991609 0.23814907938826185 0.23718754092672339 0.232526760290545 0.23156522182900652 0.21354787538466721 0.21258633692312875 0.20387241052228827 0.20291087206074981 0.18308254663208962 0.18212100817055116 0.1789547134874821 0.17799317502594364 0.17304318534238133 0.17208164688084288 0.16050219412582836 0.15954065566428988 0.15851692747758622 0.15755538901604774 0.13611819677250797 0.13515665831096951 0.11992398104385944 0.11896244258232098 0.11739500100782133 0.11643346254628287 0.11374353650520377 0.11278199804366532 0.11160831528347738 0.11064677682193892 0.091921450321954673 0.090959911860416215 0.086260012712921857 0.085298474251383399;0.40475012996506116 0.40571166842659961 0.4108923368048632 0.4118538752664016 0.43057920176638587 0.43154074022792432 0.43271442298811225 0.4336759614496507 0.4363658874907298 0.4373274259522682 0.43889486752676787 0.43985640598830628 0.45508908325541636 0.45605062171695482 0.47748781396049456 0.47844935242203301 0.47947308060873667 0.48043461907027507 0.49201407182528961 0.49297561028682801 0.49792559997039032 0.49888713843192878 0.50205343311499784 0.5030149715765363 0.52284329700519649 0.52380483546673484 0.53251876186757541 0.53348030032911387 0.55149764677345325 0.55245918523499171 0.55711996587117008 0.55808150433270853 0.57459742010436277 0.57555895856590122 0.60567765324716427 0.60663919170870273 0.61487452471316162 0.61583606317470008 0.63154932972033495 0.63251086818187341;
