m;7
n;14
P;39
P1;2 4 6 8 10 12 14 16 18 20 22 24 26 28 30 32 34 36 38
Q;40
M;100
h;1 1 1 1 1 1 1 1 1 1 1 1 1 1 1 1 1 1 1 1 1 1 1 1 1 1 1 1 1 1 1 1 1 1 1 1 1 1 1
Vmin;28 28 28 28 28 28 28 28 28 28 28 28 28 28 28 28 28 28 28 28 28 28 28 28 28 28 28 28 28 28 28 28 28 28 28 28 28 28 28;41 41 41 41 41 41 41 41 41 41 41 41 41 41 41 41 41 41 41 41 41 41 41 41 41 41 41 41 41 41 41 41 41 41 41 41 41 41 41;45 45 45 45 45 45 45 45 45 45 45 45 45 45 45 45 45 45 45 45 45 45 45 45 45 45 45 45 45 45 45 45 45 45 45 45 45 45 45;45 45 45 45 45 45 45 45 45 45 45 45 45 45 45 45 45 45 45 45 45 45 45 45 45 45 45 45 45 45 45 45 45 45 45 45 45 45 45;47 47 47 47 47 47 47 47 47 47 47 47 47 47 47 47 47 47 47 47 47 47 47 47 47 47 47 47 47 47 47 47 47 47 47 47 47 47 47;40 40 40 40 40 40 40 40 40 40 40 40 40 40 40 40 40 40 40 40 40 40 40 40 40 40 40 40 40 40 40 40 40 40 40 40 40 40 40;50 50 50 50 50 50 50 50 50 50 50 50 50 50 50 50 50 50 50 50 50 50 50 50 50 50 50 50 50 50 50 50 50 50 50 50 50 50 50;51 51 51 51 51 51 51 51 51 51 51 51 51 51 51 51 51 51 51 51 51 51 51 51 51 51 51 51 51 51 51 51 51 51 51 51 51 51 51;34 34 34 34 34 34 34 34 34 34 34 34 34 34 34 34 34 34 34 34 34 34 34 34 34 34 34 34 34 34 34 34 34 34 34 34 34 34 34;52 52 52 52 52 52 52 52 52 52 52 52 52 52 52 52 52 52 52 52 52 52 52 52 52 52 52 52 52 52 52 52 52 52 52 52 52 52 52;48 48 48 48 48 48 48 48 48 48 48 48 48 48 48 48 48 48 48 48 48 48 48 48 48 48 48 48 48 48 48 48 48 48 48 48 48 48 48;32 32 32 32 32 32 32 32 32 32 32 32 32 32 32 32 32 32 32 32 32 32 32 32 32 32 32 32 32 32 32 32 32 32 32 32 32 32 32;42 42 42 42 42 42 42 42 42 42 42 42 42 42 42 42 42 42 42 42 42 42 42 42 42 42 42 42 42 42 42 42 42 42 42 42 42 42 42;43 43 43 43 43 43 43 43 43 43 43 43 43 43 43 43 43 43 43 43 43 43 43 43 43 43 43 43 43 43 43 43 43 43 43 43 43 43 43;
Vmax;28 28 28 28 28 28 28 28 28 28 28 28 28 28 28 28 28 28 28 28 28 28 28 28 28 28 28 28 28 28 28 28 28 28 28 28 28 28 28;41 41 41 41 41 41 41 41 41 41 41 41 41 41 41 41 41 41 41 41 41 41 41 41 41 41 41 41 41 41 41 41 41 41 41 41 41 41 41;45 45 45 45 45 45 45 45 45 45 45 45 45 45 45 45 45 45 45 45 45 45 45 45 45 45 45 45 45 45 45 45 45 45 45 45 45 45 45;45 45 45 45 45 45 45 45 45 45 45 45 45 45 45 45 45 45 45 45 45 45 45 45 45 45 45 45 45 45 45 45 45 45 45 45 45 45 45;47 47 47 47 47 47 47 47 47 47 47 47 47 47 47 47 47 47 47 47 47 47 47 47 47 47 47 47 47 47 47 47 47 47 47 47 47 47 47;40 40 40 40 40 40 40 40 40 40 40 40 40 40 40 40 40 40 40 40 40 40 40 40 40 40 40 40 40 40 40 40 40 40 40 40 40 40 40;50 50 50 50 50 50 50 50 50 50 50 50 50 50 50 50 50 50 50 50 50 50 50 50 50 50 50 50 50 50 50 50 50 50 50 50 50 50 50;51 51 51 51 51 51 51 51 51 51 51 51 51 51 51 51 51 51 51 51 51 51 51 51 51 51 51 51 51 51 51 51 51 51 51 51 51 51 51;34 34 34 34 34 34 34 34 34 34 34 34 34 34 34 34 34 34 34 34 34 34 34 34 34 34 34 34 34 34 34 34 34 34 34 34 34 34 34;52 52 52 52 52 52 52 52 52 52 52 52 52 52 52 52 52 52 52 52 52 52 52 52 52 52 52 52 52 52 52 52 52 52 52 52 52 52 52;48 48 48 48 48 48 48 48 48 48 48 48 48 48 48 48 48 48 48 48 48 48 48 48 48 48 48 48 48 48 48 48 48 48 48 48 48 48 48;32 32 32 32 32 32 32 32 32 32 32 32 32 32 32 32 32 32 32 32 32 32 32 32 32 32 32 32 32 32 32 32 32 32 32 32 32 32 32;42 42 42 42 42 42 42 42 42 42 42 42 42 42 42 42 42 42 42 42 42 42 42 42 42 42 42 42 42 42 42 42 42 42 42 42 42 42 42;43 43 43 43 43 43 43 43 43 43 43 43 43 43 43 43 43 43 43 43 43 43 43 43 43 43 43 43 43 43 43 43 43 43 43 43 43 43 43;
d;3.000 45.362 3.000 4.076 3.000 25.568 3.000 90.963 3.000 22.916 3.000 3.752 3.000 16.567 3.000 48.719 3.000 5.935 3.000 118.767 3.000 29.434 3.000 35.463 3.000 24.331 3.000 24.416 3.000 4.161 3.000 4.467 3.000 11.057 3.000 14.754 3.000 26.477 3.000
S;22.04230461453195 21.935161757389093 20.98955086376068 20.882408006617823 20.35547815867649 20.248335301533633 19.853434054802477 19.74629119765962 19.586757876984752 19.479615019841894 19.331008306065538 19.22386544892268 18.351857624755333 18.244714767612475 17.375765877302641 17.268623020159783 16.002075930959862 15.894933073817006 14.843719223915828 14.736576366772971 10.494904287149751 10.387761430006893 10.175812220216475 10.068669363073617 8.3287212374104609 8.2215783802676032 7.6299137410610367 7.5227708839181799 7.3887544239265841 7.2816115667837273 6.4631811024306058 6.3560382452877491 3.1073535202041849 3.0002106630613277 2.0870758115049965 1.9799329543621393 1.8343557206115428 1.7272128634686856 0.10714285714285714 0;15.553281200168156 15.48011046846084 14.834327419153631 14.761156687446315 14.401302157144917 14.328131425437601 14.058442769133398 13.985272037426082 13.876322452574952 13.803151720867636 13.701664209020368 13.628493477313052 13.032975938857302 12.959805207149985 12.366376696694488 12.293205964987171 11.428246977240883 11.355076245533567 10.637174104137641 10.564003372430324 7.6672517082973934 7.5940809765900763 7.4493351747819858 7.3761644430746687 6.1879071865242201 6.114736454816903 5.7106727987733938 5.6375020670660767 5.5459786309742549 5.4728078992669378 4.9138797772696838 4.8407090455623667 2.6220950869687121 2.5489243552613949 1.9253200663936563 1.8521493346863391 1.7527307360273952 1.679560004320078 0.57317073170731703 0.5;14.715211760153203 14.648545093486536 14.060164981895525 13.993498315228859 13.665630854287587 13.59896418762092 13.353247856321536 13.28658118965487 13.187316012346063 13.120649345679396 13.028182945996331 12.961516279329665 12.418933633181092 12.352266966514426 11.811587656988307 11.74492099032164 10.956847245930579 10.890180579263912 10.236091961547624 10.169425294880957 7.5301626675598436 7.4634960008931772 7.3316164925791396 7.2649498259124732 6.1823154366109536 6.1156487699442872 5.7475018833268683 5.6808352166602019 5.5974471971098758 5.5307805304432094 5.0215349081790448 4.9548682415123784 2.9334644125714937 2.8667977459048268 2.2986249493808875 2.2319582827142206 2.1413768928249604 2.0747102261582935 1.0666666666666667 1;15.215211760153206 15.14854509348654 14.560164981895529 14.493498315228862 14.165630854287588 14.098964187620922 13.853247856321538 13.786581189654871 13.687316012346065 13.620649345679398 13.528182945996333 13.461516279329667 12.918933633181094 12.852266966514428 12.311587656988308 12.244920990321642 11.456847245930581 11.390180579263914 10.736091961547626 10.669425294880959 8.0301626675598445 7.9634960008931772 7.8316164925791396 7.7649498259124732 6.6823154366109536 6.6156487699442872 6.2475018833268683 6.1808352166602019 6.0974471971098758 6.0307805304432094 5.5215349081790448 5.4548682415123784 3.4334644125714937 3.3667977459048268 2.7986249493808875 2.7319582827142206 2.6413768928249604 2.5747102261582935 1.5666666666666667 1.5;15.131585727806277 15.067755940572233 14.504413280538285 14.440583493304242 14.126667839211533 14.06283805197749 13.827577734775952 13.763747947541908 13.668706820331348 13.604877033097305 13.516345373826285 13.452515586592241 12.933021563684033 12.869191776449989 12.35152009711647 12.287690309882427 11.533151618444176 11.469321831210133 10.843066771694536 10.779236984460493 8.2522834051104894 8.188453617876446 8.0621860035332187 7.9983562162991761 6.9617913754785725 6.89796158824453 6.5454805265895546 6.4816507393555121 6.4018111461690292 6.3379813589349867 5.8504057631501487 5.7865759759161062 3.8511893311854717 3.7873595439514292 3.2433643132370191 3.1795345260029766 3.0928076633430468 3.0289778761090043 2.0638297872340425 2;17.929613230172354 17.854613230172355 17.192685604632466 17.117685604632467 16.748834711073535 16.673834711073535 16.397403838361729 16.32240383836173 16.21073051388932 16.135730513889321 16.031705814245871 15.956705814245872 15.346300337328728 15.271300337328729 14.663036114111843 14.588036114111844 13.701453151671899 13.6264531516719 12.890603456741076 12.815603456741076 9.846433001004824 9.7714330010048247 9.6230685541515317 9.5480685541515324 8.3301048661873232 8.2551048661873239 7.8409396187427278 7.7659396187427276 7.6721280967486107 7.5971280967486106 7.024226771701426 6.9492267717014258 4.6751474641429303 4.6001474641429301 3.9609530680534979 3.8859530680534977 3.7840490044280801 3.7090490044280799 2.5750000000000002 2.5;15.343690584137894 15.283690584137894 14.754148483705983 14.694148483705982 14.399067768858837 14.339067768858836 14.11792307068939 14.057923070689389 13.968584411111463 13.908584411111462 13.825364651396704 13.765364651396704 13.277040269862988 13.217040269862988 12.730428891289481 12.670428891289481 11.961162521337524 11.901162521337524 11.312482765392863 11.252482765392863 8.8771464008038592 8.8171464008038587 8.6984548433212243 8.6384548433212238 7.664083892949856 7.6040838929498564 7.2727516949941791 7.2127516949941795 7.1377024773988857 7.0777024773988861 6.6193814173611383 6.5593814173611387 4.7401179713143424 4.6801179713143428 4.1687624544427972 4.1087624544427976 4.0272392035424636 3.967239203542464 3.0600000000000001 3;0 0.10714285714285714 1.7807842920401142 1.8879271491829714 2.0335043829335677 2.1406472400764249 3.0537820916327565 3.1609249487756137 6.4096096738591779 6.5167525310020347 7.3351829953551562 7.4423258524980129 7.5763423124896088 7.6834851696324655 8.2751498088390321 8.3822926659818897 10.122240791645046 10.229383648787904 10.441332858578322 10.54847571572118 14.790147795344399 14.897290652487257 15.948504502388435 16.055647359531292 17.322194448731214 17.429337305874071 18.298286196183906 18.405429053326763 19.277436877494111 19.384579734636969 19.533186448413325 19.640329305556183 19.79986262623105 19.907005483373908 20.301906730105063 20.409049587247921 20.935979435189253 21.043122292332111 21.988733185960523 22.095876043103381;0.5 0.57317073170731703 1.7161453701737366 1.7893161018810537 1.8887347005399977 1.9619054322473148 2.5855097211150531 2.6586804528223702 4.8772944114160239 4.9504651431233411 5.509393265120595 5.5825639968279122 5.6740874329197339 5.7472581646270511 6.1513218206705602 6.2244925523778774 7.4127498089283259 7.4859205406356431 7.6306663424437335 7.7038370741510507 10.600588738283982 10.673759469991298 11.391661611387224 11.464832343094541 12.329791330840829 12.402962062548145 12.996390573003643 13.069561304710959 13.665078843166709 13.738249574874025 13.839737086721293 13.912907818428609 14.021857403279739 14.095028134987055 14.364716791291258 14.437887522998574 14.797742053299972 14.870912785007288 15.516695834314497 15.589866566021813;1 1.0666666666666667 2.1080435594916267 2.1747102261582936 2.2652916160475538 2.3319582827142207 2.90013107923816 2.9667977459048269 4.9882015748457116 5.054868241512378 5.5641138637765426 5.630780530443209 5.7141685499935351 5.7808352166602015 6.1489821032776204 6.2156487699442868 7.2982831592458064 7.3649498259124728 7.4968293342265104 7.5634960008931769 10.202758628214291 10.269425294880957 10.923513912597246 10.990180579263912 11.778254323654973 11.84492099032164 12.385600299847759 12.452266966514426 12.994849612662998 13.061516279329664 13.15398267901273 13.220649345679396 13.319914522988203 13.386581189654869 13.632297520954253 13.69896418762092 14.026831648562194 14.09349831522886 14.681878426819871 14.748545093486538;1.5 1.5666666666666667 2.6080435594916267 2.6747102261582936 2.7652916160475538 2.8319582827142207 3.40013107923816 3.4667977459048269 5.4882015748457116 5.554868241512378 6.0641138637765426 6.130780530443209 6.2141685499935351 6.2808352166602015 6.6489821032776204 6.7156487699442868 7.7982831592458064 7.8649498259124728 7.9968293342265104 8.0634960008931778 10.702758628214292 10.769425294880959 11.423513912597247 11.490180579263914 12.278254323654975 12.344920990321642 12.885600299847761 12.952266966514427 13.494849612663 13.561516279329666 13.653982679012731 13.720649345679398 13.819914522988205 13.886581189654871 14.132297520954255 14.198964187620922 14.526831648562194 14.59349831522886 15.181878426819871 15.248545093486538;2 2.0638297872340425 3.0608927697260255 3.1247225569600681 3.2114494196199979 3.2752792068540404 3.8192744375684504 3.883104224802493 5.818490869533127 5.8823206567671695 6.3698962525520075 6.4337260397860501 6.5135656329725329 6.5773954202065754 6.9298764818615508 6.9937062690955933 8.0302711099161979 8.0941008971502413 8.2203685114934686 8.284198298727512 10.811151878077515 10.874981665311559 11.501236724827155 11.565066512061199 12.319605203499449 12.383434990733493 12.901106670067012 12.964936457301055 13.484430480209264 13.548260267443307 13.636791926714327 13.700621713948371 13.795662841158931 13.859492628392974 14.094752945594513 14.158582732828556 14.472498386921265 14.536328174155308 15.099670834189256 15.163500621423299;2.5 2.5750000000000002 3.74654900442808 3.8215490044280802 3.9234530680534978 3.998453068053498 4.6376474641429297 4.7126474641429299 6.9867267717014254 7.0617267717014256 7.6346280967486102 7.7096280967486104 7.8034396187427273 7.8784396187427275 8.2926048661873235 8.3676048661873228 9.5855685541515321 9.6605685541515314 9.8089330010048243 9.8839330010048236 12.853103456741078 12.928103456741077 13.663953151671901 13.7389531516719 14.625536114111846 14.700536114111845 15.30880033732873 15.383800337328729 15.994205814245873 16.069205814245873 16.173230513889322 16.248230513889322 16.359903838361731 16.434903838361731 16.711334711073537 16.786334711073536 17.155185604632468 17.230185604632467 17.892113230172356 17.967113230172355;3 3.0600000000000001 3.9972392035424642 4.0572392035424638 4.1387624544427979 4.1987624544427975 4.7101179713143431 4.7701179713143427 6.5893814173611389 6.6493814173611385 7.1077024773988864 7.167702477398886 7.2427516949941797 7.3027516949941793 7.6340838929498567 7.6940838929498563 8.6684548433212232 8.7284548433212237 8.8471464008038581 8.9071464008038586 11.282482765392862 11.342482765392862 11.931162521337523 11.991162521337523 12.70042889128948 12.760428891289481 13.247040269862987 13.307040269862988 13.795364651396703 13.855364651396703 13.938584411111462 13.998584411111462 14.087923070689389 14.147923070689389 14.369067768858836 14.429067768858836 14.724148483705982 14.784148483705982 15.313690584137893 15.373690584137893;
