m;8
n;16
P;39
P1;2 4 6 8 10 12 14 16 18 20 22 24 26 28 30 32 34 36 38
Q;40
M;100
h;1 1 1 1 1 1 1 1 1 1 1 1 1 1 1 1 1 1 1 1 1 1 1 1 1 1 1 1 1 1 1 1 1 1 1 1 1 1 1
Vmin;41 41 41 41 41 41 41 41 41 41 41 41 41 41 41 41 41 41 41 41 41 41 41 41 41 41 41 41 41 41 41 41 41 41 41 41 41 41 41;48 48 48 48 48 48 48 48 48 48 48 48 48 48 48 48 48 48 48 48 48 48 48 48 48 48 48 48 48 48 48 48 48 48 48 48 48 48 48;47 47 47 47 47 47 47 47 47 47 47 47 47 47 47 47 47 47 47 47 47 47 47 47 47 47 47 47 47 47 47 47 47 47 47 47 47 47 47;28 28 28 28 28 28 28 28 28 28 28 28 28 28 28 28 28 28 28 28 28 28 28 28 28 28 28 28 28 28 28 28 28 28 28 28 28 28 28;52 52 52 52 52 52 52 52 52 52 52 52 52 52 52 52 52 52 52 52 52 52 52 52 52 52 52 52 52 52 52 52 52 52 52 52 52 52 52;49 49 49 49 49 49 49 49 49 49 49 49 49 49 49 49 49 49 49 49 49 49 49 49 49 49 49 49 49 49 49 49 49 49 49 49 49 49 49;52 52 52 52 52 52 52 52 52 52 52 52 52 52 52 52 52 52 52 52 52 52 52 52 52 52 52 52 52 52 52 52 52 52 52 52 52 52 52;46 46 46 46 46 46 46 46 46 46 46 46 46 46 46 46 46 46 46 46 46 46 46 46 46 46 46 46 46 46 46 46 46 46 46 46 46 46 46;44 44 44 44 44 44 44 44 44 44 44 44 44 44 44 44 44 44 44 44 44 44 44 44 44 44 44 44 44 44 44 44 44 44 44 44 44 44 44;38 38 38 38 38 38 38 38 38 38 38 38 38 38 38 38 38 38 38 38 38 38 38 38 38 38 38 38 38 38 38 38 38 38 38 38 38 38 38;30 30 30 30 30 30 30 30 30 30 30 30 30 30 30 30 30 30 30 30 30 30 30 30 30 30 30 30 30 30 30 30 30 30 30 30 30 30 30;34 34 34 34 34 34 34 34 34 34 34 34 34 34 34 34 34 34 34 34 34 34 34 34 34 34 34 34 34 34 34 34 34 34 34 34 34 34 34;49 49 49 49 49 49 49 49 49 49 49 49 49 49 49 49 49 49 49 49 49 49 49 49 49 49 49 49 49 49 49 49 49 49 49 49 49 49 49;42 42 42 42 42 42 42 42 42 42 42 42 42 42 42 42 42 42 42 42 42 42 42 42 42 42 42 42 42 42 42 42 42 42 42 42 42 42 42;49 49 49 49 49 49 49 49 49 49 49 49 49 49 49 49 49 49 49 49 49 49 49 49 49 49 49 49 49 49 49 49 49 49 49 49 49 49 49;46 46 46 46 46 46 46 46 46 46 46 46 46 46 46 46 46 46 46 46 46 46 46 46 46 46 46 46 46 46 46 46 46 46 46 46 46 46 46;
Vmax;41 41 41 41 41 41 41 41 41 41 41 41 41 41 41 41 41 41 41 41 41 41 41 41 41 41 41 41 41 41 41 41 41 41 41 41 41 41 41;48 48 48 48 48 48 48 48 48 48 48 48 48 48 48 48 48 48 48 48 48 48 48 48 48 48 48 48 48 48 48 48 48 48 48 48 48 48 48;47 47 47 47 47 47 47 47 47 47 47 47 47 47 47 47 47 47 47 47 47 47 47 47 47 47 47 47 47 47 47 47 47 47 47 47 47 47 47;28 28 28 28 28 28 28 28 28 28 28 28 28 28 28 28 28 28 28 28 28 28 28 28 28 28 28 28 28 28 28 28 28 28 28 28 28 28 28;52 52 52 52 52 52 52 52 52 52 52 52 52 52 52 52 52 52 52 52 52 52 52 52 52 52 52 52 52 52 52 52 52 52 52 52 52 52 52;49 49 49 49 49 49 49 49 49 49 49 49 49 49 49 49 49 49 49 49 49 49 49 49 49 49 49 49 49 49 49 49 49 49 49 49 49 49 49;52 52 52 52 52 52 52 52 52 52 52 52 52 52 52 52 52 52 52 52 52 52 52 52 52 52 52 52 52 52 52 52 52 52 52 52 52 52 52;46 46 46 46 46 46 46 46 46 46 46 46 46 46 46 46 46 46 46 46 46 46 46 46 46 46 46 46 46 46 46 46 46 46 46 46 46 46 46;44 44 44 44 44 44 44 44 44 44 44 44 44 44 44 44 44 44 44 44 44 44 44 44 44 44 44 44 44 44 44 44 44 44 44 44 44 44 44;38 38 38 38 38 38 38 38 38 38 38 38 38 38 38 38 38 38 38 38 38 38 38 38 38 38 38 38 38 38 38 38 38 38 38 38 38 38 38;30 30 30 30 30 30 30 30 30 30 30 30 30 30 30 30 30 30 30 30 30 30 30 30 30 30 30 30 30 30 30 30 30 30 30 30 30 30 30;34 34 34 34 34 34 34 34 34 34 34 34 34 34 34 34 34 34 34 34 34 34 34 34 34 34 34 34 34 34 34 34 34 34 34 34 34 34 34;49 49 49 49 49 49 49 49 49 49 49 49 49 49 49 49 49 49 49 49 49 49 49 49 49 49 49 49 49 49 49 49 49 49 49 49 49 49 49;42 42 42 42 42 42 42 42 42 42 42 42 42 42 42 42 42 42 42 42 42 42 42 42 42 42 42 42 42 42 42 42 42 42 42 42 42 42 42;49 49 49 49 49 49 49 49 49 49 49 49 49 49 49 49 49 49 49 49 49 49 49 49 49 49 49 49 49 49 49 49 49 49 49 49 49 49 49;46 46 46 46 46 46 46 46 46 46 46 46 46 46 46 46 46 46 46 46 46 46 46 46 46 46 46 46 46 46 46 46 46 46 46 46 46 46 46;
d;3.000 20.885 3.000 24.910 3.000 40.431 3.000 24.450 3.000 4.282 3.000 19.566 3.000 13.385 3.000 4.346 3.000 4.022 3.000 12.844 3.000 75.425 3.000 10.459 3.000 3.362 3.000 25.447 3.000 9.634 3.000 81.532 3.000 13.366 3.000 31.878 3.000 12.330 3.000
S;12.013484088125962 11.940313356418645 11.639571504655372 11.566400772948056 10.788899628526856 10.71572889681954 10.389728407586473 10.316557675879157 8.3279657547031984 8.2547950229958822 8.0198308282367563 7.9466600965294392 7.326000391496363 7.2528296597890458 7.1708300701986332 7.097659338491316 6.8425611618487716 6.7693904301414545 4.9297496531308553 4.8565789214235382 4.5433136613832854 4.4701429296759683 4.3720497684547563 4.2988790367474392 4.192883459583105 4.1197127278757879 3.7932573834476866 3.7200866517403695 3.242860898401565 3.1696901666942479 3.0652601186541744 2.9920893869468572 2.3957469054877492 2.322576173780432 1.3364496687175476 1.2632789370102304 0.65572012213321496 0.58254939042589793 0.073170731707317069 0;10.761517658607598 10.699017658607598 10.442133993559802 10.379633993559802 9.7155184327000264 9.6530184327000264 9.3745596814801146 9.3120596814801146 7.6134707488089823 7.5509707488089823 7.3502721657855616 7.2877721657855616 6.7576253344031425 6.6951253344031425 6.6250840182946655 6.5625840182946655 6.3446876590791588 6.2821876590791588 4.7108278287159386 4.6483278287159386 4.3807470857648889 4.3182470857648889 4.2344591772217708 4.1719591772217708 4.0814212883939023 4.0189212883939023 3.7400740150282323 3.6775740150282323 3.269943684051337 3.207443684051337 3.1182430180171075 3.0557430180171075 2.5463671484374526 2.4838671484374526 1.6415507586962388 1.5790507586962388 1.0600942709887879 0.99759427098878795 0.5625 0.5;11.479847821556698 11.416018034322654 11.153668759380224 11.089838972146181 10.41159329297024 10.347763505736197 10.063380100235012 9.9995503130009684 8.264821190273004 8.2009914030389606 7.9960226373980205 7.932192850163978 7.3907662989649117 7.3269365117308691 7.2554049548541268 7.1915751676200843 6.969042715655311 6.9052129284212684 5.3004199101779799 5.2365901229439373 4.9633161726960573 4.8994863854620148 4.8139157554605321 4.7500859682264895 4.6576217413384535 4.593791954104411 4.3090117600288336 4.245181972794791 3.8288786560524293 3.7650488688183867 3.6739503162727907 3.6101205290387481 3.0899068749999516 3.0260770877659091 2.1658390727110524 2.1020092854770098 1.572011170371528 1.5081813831374855 1.0638297872340425 1;19.091173129041596 18.984030271898739 18.543658274673945 18.436515417531087 17.298031598914331 17.190888741771474 16.713530882537341 16.606388025394484 13.694521283672543 13.587378426529686 13.243323712775251 13.136180855632393 12.227357716119673 12.120214858976816 12.000144031362284 11.893001174219426 11.519464558421415 11.412321701278557 8.7185619920844672 8.6114191349416096 8.152709289882667 8.0455664327398093 7.9019300180944629 7.7947871609516062 7.6395793515324026 7.5324364943895459 7.0544125971912548 6.947269740048398 6.2484748869451483 6.1413320298022915 5.9884166023150405 5.8812737451721837 5.0080579687499185 4.9009151116070617 3.4569441577649807 3.3498013006221234 2.4601616074093506 2.3530187502664934 1.6071428571428572 1.5;11.472170146407013 11.414477838714705 11.177354455593662 11.119662147901353 10.506632399415407 10.448940091723099 10.191901244443182 10.134208936750873 8.5662806912082896 8.5085883835159812 8.3233281530328238 8.2656358453405154 7.7762695394490517 7.7185772317567443 7.6539237091950731 7.5962314015027657 7.3950963006884516 7.3374039929961441 5.8869179957377868 5.8292256880454794 5.5822280791675878 5.5245357714752803 5.4471930866662479 5.3895007789739404 5.3059273431328311 5.2482350354405236 4.9908375523337511 4.9331452446414437 4.5568710929704634 4.499178785278156 4.4168397089388671 4.3591474012465596 3.8889542908653398 3.8312619831730323 3.0537391618734504 2.9960468541811429 2.5170100962973421 2.4593177886050346 2.0576923076923075 2;12.552098930880913 12.490874441084994 12.239233299813684 12.178008810017765 11.527446627951047 11.466222138155128 11.193446218592767 11.132221728796848 9.4682978763843106 9.407073386588392 9.2104706930144289 9.1492462032185102 8.6299186949255287 8.56869420512961 8.5000823036355921 8.4388578138396735 8.2254083190979532 8.1641838293020346 6.6248925669054115 6.5636680771094928 6.3015481656472403 6.2403236758513216 6.1582457246254094 6.0970212348294908 6.0083310580185172 5.9471065682225985 5.673950055537861 5.6127255657419424 5.2134142211115142 5.1521897313155955 5.0648094870371665 5.0035849972412478 4.5046045535713821 4.4433800637754635 3.6182538044371313 3.5570293146412131 3.0486637756624857 2.9874392858665675 2.5612244897959182 2.5;12.472170146407016 12.414477838714708 12.177354455593665 12.119662147901357 11.506632399415411 11.448940091723102 11.191901244443185 11.134208936750877 9.5662806912082932 9.5085883835159848 9.3233281530328274 9.265635845340519 8.7762695394490553 8.7185772317567469 8.6539237091950749 8.5962314015027665 8.3950963006884525 8.3374039929961441 6.8869179957377868 6.8292256880454794 6.5822280791675878 6.5245357714752803 6.4471930866662479 6.3895007789739404 6.3059273431328311 6.2482350354405236 5.9908375523337511 5.9331452446414437 5.5568710929704634 5.499178785278156 5.4168397089388671 5.3591474012465596 4.8889542908653398 4.8312619831730323 4.0537391618734508 3.9960468541811429 3.5170100962973421 3.4593177886050346 3.0576923076923075 3;14.207670600286182 14.142453208981834 13.87440068893196 13.809183297627612 13.116193147165239 13.050975755860891 12.760410102414028 12.69519271110968 10.922752085713716 10.857534694409368 10.648110086037104 10.582892694732756 10.029696001116319 9.9644786098119713 9.8913920190900821 9.8261746277857345 9.5988045138217277 9.5335871225173801 7.8939072995296726 7.828689908225325 7.5494752199285777 7.4842578286242301 7.396826967535759 7.3316095762314113 7.2371352574545051 7.1719178661501575 6.8809467982903278 6.8157294069859802 6.3903760181405236 6.3251586268361759 6.2320796709743709 6.1668622796700232 5.6353396331521228 5.5701222418477752 4.6911834003786828 4.6259660090743351 4.0844461958143867 4.0192288045100391 3.5652173913043477 3.5;0 0.073170731707317069 0.6191347562795565 0.69230548798687352 1.299864302863889 1.3730350345712061 2.3591615396340906 2.4323322713414077 3.0286747528005158 3.1018454845078329 3.2062755325479064 3.2794462642552236 3.756672017594028 3.8298427493013452 4.156298093729446 4.2294688254367632 4.3354644026010973 4.4086351343084145 4.5067282955296264 4.5798990272369435 4.8931642872771963 4.9663350189845135 6.8059757959951126 6.8791465277024297 7.1342447043449742 7.2074154360522913 7.2894150256427039 7.3625857573500211 7.9832454623830973 8.0564161940904135 8.2913803888495394 8.3645511205568557 10.353143041732814 10.42631377344013 10.752314262673197 10.825484994380513 11.602986138801713 11.676156870509029 11.976898722272303 12.050069453979619;0.5 0.5625 1.0288442709887879 1.0913442709887879 1.6103007586962388 1.6728007586962388 2.5151171484374526 2.5776171484374526 3.0869930180171075 3.1494930180171075 3.238693684051337 3.301193684051337 3.7088240150282323 3.7713240150282323 4.0501712883939023 4.1126712883939023 4.2032091772217708 4.2657091772217708 4.3494970857648889 4.4119970857648889 4.6795778287159386 4.7420778287159386 6.3134376590791588 6.3759376590791588 6.5938340182946655 6.6563340182946655 6.7263753344031425 6.7888753344031425 7.3190221657855616 7.3815221657855616 7.5822207488089823 7.6447207488089823 9.3433096814801146 9.4058096814801146 9.6842684327000264 9.7467684327000264 10.410883993559802 10.473383993559802 10.730267658607598 10.792767658607598;1 1.0638297872340425 1.5400962767545068 1.6039260639885493 2.1339241790940311 2.1977539663280736 3.0579919813829304 3.1218217686169729 3.6420354226557694 3.7058652098898119 3.796963762435408 3.8607935496694505 4.2770968664118119 4.3409266536458544 4.6257068477214318 4.6895366349554743 4.7820008618435104 4.8458306490775529 4.9314012790790356 4.9952310663130781 5.2685050165609582 5.3323348037950007 6.9371278220382893 7.0009576092723318 7.2234900612371051 7.2873198484711477 7.35885140534789 7.4226811925819325 7.9641077437809988 8.0279375310150414 8.2329062966559814 8.2967360838900248 10.031465206617989 10.095294993852033 10.379678399353217 10.443508186587261 11.121753865763202 11.185583652997245 11.447932927939675 11.511762715173719;1.5 1.6071428571428572 2.4065901788379223 2.5137330359807795 3.4033727291935523 3.5105155863364095 4.9544865401784906 5.0616293973213473 5.9348451737436125 6.0419880308864693 6.1949034583737204 6.3020463155165771 7.0008411686198269 7.1079840257626836 7.5860079229609747 7.6931507801038315 7.848358589523035 7.9555014466658918 8.0991378613112381 8.2062807184540958 8.6649905635130384 8.7721334206558961 11.465893129849988 11.573035986992846 11.946572602790857 12.053715459933715 12.173786287548246 12.280929144691104 13.189752284203824 13.296895141346681 13.640949855101116 13.748092712243974 16.659959453965914 16.767102311108772 17.244460170342904 17.351603027485762 18.490086846102518 18.597229703245375 19.037601700470169 19.144744557613027;2 2.0576923076923075 2.4881639424511888 2.5458562501434963 3.0248930080272971 3.0825853157196046 3.8601081370191865 3.917800444711494 4.3879935550927138 4.4456858627850213 4.5280249391243101 4.5857172468166176 4.9619913984875978 5.0196837061799053 5.2770811892866778 5.3347734969789853 5.4183469328200946 5.4760392405124021 5.5533819253214345 5.611074233013742 5.8580718418916335 5.915764149583941 7.3662501468422974 7.4239424545346049 7.625077555348919 7.6827698630412264 7.7474233856028976 7.805115693295205 8.2944819991866687 8.3521743068789771 8.5374345373621345 8.5951268450544429 10.163055090597027 10.220747398289335 10.477786245569252 10.53547855326156 11.148508301747507 11.206200609439815 11.443323992560858 11.501016300253166;2.5 2.5612244897959182 3.0180515307645268 3.079276020560445 3.5876415595391724 3.6488660493350906 4.4739923086734228 4.5352167984693414 5.0341972421392072 5.0954217319351258 5.1828019762135549 5.2440264660094735 5.6433378106399017 5.7045623004358204 5.9777188131205579 6.0389433029164765 6.1276334797274501 6.1888579695233688 6.270935920749281 6.3321604105451996 6.5942803220074522 6.6555048118033708 8.1947960741999939 8.2560205639959126 8.4694700587376328 8.5306945485335515 8.5993064500275693 8.660530939823488 9.1798584481164696 9.2410829379123882 9.4376856314863513 9.49891012128227 11.162833973694807 11.224058463490726 11.496834383053088 11.558058872849006 12.208621054915724 12.269845544711643 12.521486685982953 12.582711175778872;3 3.0576923076923075 3.4881639424511888 3.5458562501434963 4.0248930080272967 4.0825853157196041 4.8601081370191856 4.9178004447114931 5.3879935550927129 5.4456858627850204 5.5280249391243093 5.5857172468166167 5.961991398487597 6.0196837061799044 6.2770811892866769 6.3347734969789844 6.4183469328200937 6.4760392405124012 6.5533819253214336 6.6110742330137411 6.8580718418916327 6.9157641495839401 8.3662501468422974 8.4239424545346058 8.6250775553489198 8.6827698630412282 8.7474233856029002 8.8051156932952086 9.2944819991866723 9.3521743068789807 9.5374345373621381 9.5951268450544465 11.16305509059703 11.220747398289339 11.477786245569256 11.535478553261564 12.14850830174751 12.206200609439819 12.443323992560861 12.50101630025317;3.5 3.5652173913043477 4.0518375001622129 4.1170548914665606 4.6585747047265089 4.7237920960308566 5.602730937499949 5.6679483288042967 6.199470975322197 6.2646883666265447 6.3577673224883497 6.4229847137926974 6.848338102638154 6.9135554939425017 7.2045265618023313 7.269743953106679 7.3642182718835851 7.4294356631879328 7.5168665242764039 7.5820839155807516 7.8612986038774988 7.9265159951818465 9.5661958181695539 9.6314132094739016 9.8587833234379083 9.924000714742256 9.9970873054641451 10.062304696768493 10.61550139038493 10.680718781689277 10.890143390061542 10.95536078136589 12.727801406761854 12.793018798066202 13.083584451513065 13.148801842817413 13.841791993279786 13.907009384584134 14.175061904634008 14.240279295938356;
