m;1
n;2
P;39
P1;2 4 6 8 10 12 14 16 18 20 22 24 26 28 30 32 34 36 38
Q;40
M;100
h;1 1 1 1 1 1 1 1 1 1 1 1 1 1 1 1 1 1 1 1 1 1 1 1 1 1 1 1 1 1 1 1 1 1 1 1 1 1 1
Vmin;41 41 41 41 41 41 41 41 41 41 41 41 41 41 41 41 41 41 41 41 41 41 41 41 41 41 41 41 41 41 41 41 41 41 41 41 41 41 41;52 52 52 52 52 52 52 52 52 52 52 52 52 52 52 52 52 52 52 52 52 52 52 52 52 52 52 52 52 52 52 52 52 52 52 52 52 52 52;
Vmax;41 41 41 41 41 41 41 41 41 41 41 41 41 41 41 41 41 41 41 41 41 41 41 41 41 41 41 41 41 41 41 41 41 41 41 41 41 41 41;52 52 52 52 52 52 52 52 52 52 52 52 52 52 52 52 52 52 52 52 52 52 52 52 52 52 52 52 52 52 52 52 52 52 52 52 52 52 52;
d;3.000 39.544 3.000 7.927 3.000 75.063 3.000 94.464 3.000 5.175 3.000 33.257 3.000 16.094 3.000 30.120 3.000 10.466 3.000 24.913 3.000 3.882 3.000 5.236 3.000 22.578 3.000 29.053 3.000 51.252 3.000 64.673 3.000 5.714 3.000 24.717 3.000 72.395 3.000
S;16.500578177193066 16.427407445485748 14.661672228725743 14.588501497018427 13.985645403975075 13.912474672267759 13.773113582888906 13.699942851181589 12.122562274516078 12.049391542808761 10.799337243476726 10.72616651176941 10.017551012500517 9.9443802807932009 9.3936905583070232 9.3205198265997069 9.1928030937023681 9.1196323619950519 9.0249568573725725 8.9517861256652562 8.3441410604353372 8.270970328728021 8.0157053117996711 7.9425345800923548 7.2079050566688165 7.1347343249614994 6.7422038598483667 6.6690331281410495 5.8578864009349889 5.7847156692276718 5.6584996989266196 5.5853289672193025 3.2813222626748106 3.2081515309674935 1.3773384527960295 1.3041677210887124 1.1108246505121018 1.0376539188047846 0.073170731707317069 0;0 0.073170731707317069 1.0742392846584432 1.1474100163657603 1.3407530869423709 1.4139238186496881 3.2447368968211521 3.3179076285284692 5.6219143330729615 5.6950850647802786 5.8213010350813308 5.8944717667886479 6.7056184939947086 6.7787892257020257 7.1713196908151584 7.2444904225224755 7.9791199459460138 8.0522906776533301 8.30755569458168 8.3807264262889962 8.9883714915189152 9.0615422232262315 9.1562177278487109 9.2293884595560272 9.3571051924533659 9.4302759241606822 9.9809656466468599 10.054136378354176 10.762751877623071 10.835922609330387 12.085976908662422 12.159147640369738 13.73652821703525 13.809698948742566 13.94906003812142 14.022230769828736 14.625086862872088 14.698257594579404 16.463992811339409 16.537163543046727;
