m;6
n;12
P;39
P1;2 4 6 8 10 12 14 16 18 20 22 24 26 28 30 32 34 36 38
Q;40
M;100
h;1 1 1 1 1 1 1 1 1 1 1 1 1 1 1 1 1 1 1 1 1 1 1 1 1 1 1 1 1 1 1 1 1 1 1 1 1 1 1
Vmin;42 42 42 42 42 42 42 42 42 42 42 42 42 42 42 42 42 42 42 42 42 42 42 42 42 42 42 42 42 42 42 42 42 42 42 42 42 42 42;46 46 46 46 46 46 46 46 46 46 46 46 46 46 46 46 46 46 46 46 46 46 46 46 46 46 46 46 46 46 46 46 46 46 46 46 46 46 46;43 43 43 43 43 43 43 43 43 43 43 43 43 43 43 43 43 43 43 43 43 43 43 43 43 43 43 43 43 43 43 43 43 43 43 43 43 43 43;45 45 45 45 45 45 45 45 45 45 45 45 45 45 45 45 45 45 45 45 45 45 45 45 45 45 45 45 45 45 45 45 45 45 45 45 45 45 45;46 46 46 46 46 46 46 46 46 46 46 46 46 46 46 46 46 46 46 46 46 46 46 46 46 46 46 46 46 46 46 46 46 46 46 46 46 46 46;44 44 44 44 44 44 44 44 44 44 44 44 44 44 44 44 44 44 44 44 44 44 44 44 44 44 44 44 44 44 44 44 44 44 44 44 44 44 44;42 42 42 42 42 42 42 42 42 42 42 42 42 42 42 42 42 42 42 42 42 42 42 42 42 42 42 42 42 42 42 42 42 42 42 42 42 42 42;28 28 28 28 28 28 28 28 28 28 28 28 28 28 28 28 28 28 28 28 28 28 28 28 28 28 28 28 28 28 28 28 28 28 28 28 28 28 28;52 52 52 52 52 52 52 52 52 52 52 52 52 52 52 52 52 52 52 52 52 52 52 52 52 52 52 52 52 52 52 52 52 52 52 52 52 52 52;32 32 32 32 32 32 32 32 32 32 32 32 32 32 32 32 32 32 32 32 32 32 32 32 32 32 32 32 32 32 32 32 32 32 32 32 32 32 32;48 48 48 48 48 48 48 48 48 48 48 48 48 48 48 48 48 48 48 48 48 48 48 48 48 48 48 48 48 48 48 48 48 48 48 48 48 48 48;52 52 52 52 52 52 52 52 52 52 52 52 52 52 52 52 52 52 52 52 52 52 52 52 52 52 52 52 52 52 52 52 52 52 52 52 52 52 52;
Vmax;42 42 42 42 42 42 42 42 42 42 42 42 42 42 42 42 42 42 42 42 42 42 42 42 42 42 42 42 42 42 42 42 42 42 42 42 42 42 42;46 46 46 46 46 46 46 46 46 46 46 46 46 46 46 46 46 46 46 46 46 46 46 46 46 46 46 46 46 46 46 46 46 46 46 46 46 46 46;43 43 43 43 43 43 43 43 43 43 43 43 43 43 43 43 43 43 43 43 43 43 43 43 43 43 43 43 43 43 43 43 43 43 43 43 43 43 43;45 45 45 45 45 45 45 45 45 45 45 45 45 45 45 45 45 45 45 45 45 45 45 45 45 45 45 45 45 45 45 45 45 45 45 45 45 45 45;46 46 46 46 46 46 46 46 46 46 46 46 46 46 46 46 46 46 46 46 46 46 46 46 46 46 46 46 46 46 46 46 46 46 46 46 46 46 46;44 44 44 44 44 44 44 44 44 44 44 44 44 44 44 44 44 44 44 44 44 44 44 44 44 44 44 44 44 44 44 44 44 44 44 44 44 44 44;42 42 42 42 42 42 42 42 42 42 42 42 42 42 42 42 42 42 42 42 42 42 42 42 42 42 42 42 42 42 42 42 42 42 42 42 42 42 42;28 28 28 28 28 28 28 28 28 28 28 28 28 28 28 28 28 28 28 28 28 28 28 28 28 28 28 28 28 28 28 28 28 28 28 28 28 28 28;52 52 52 52 52 52 52 52 52 52 52 52 52 52 52 52 52 52 52 52 52 52 52 52 52 52 52 52 52 52 52 52 52 52 52 52 52 52 52;32 32 32 32 32 32 32 32 32 32 32 32 32 32 32 32 32 32 32 32 32 32 32 32 32 32 32 32 32 32 32 32 32 32 32 32 32 32 32;48 48 48 48 48 48 48 48 48 48 48 48 48 48 48 48 48 48 48 48 48 48 48 48 48 48 48 48 48 48 48 48 48 48 48 48 48 48 48;52 52 52 52 52 52 52 52 52 52 52 52 52 52 52 52 52 52 52 52 52 52 52 52 52 52 52 52 52 52 52 52 52 52 52 52 52 52 52;
d;3.000 1.727 3.000 74.603 3.000 48.954 3.000 51.692 3.000 47.394 3.000 39.195 3.000 12.629 3.000 38.518 3.000 30.675 3.000 7.575 3.000 5.224 3.000 42.598 3.000 50.950 3.000 12.929 3.000 61.514 3.000 25.327 3.000 11.925 3.000 42.292 3.000 10.118 3.000
S;16.091415601901012 16.019987030472439 15.779077396556756 15.707648825128185 14.700689270786439 14.629260699357868 14.345326722538299 14.273898151109728 13.670879132395662 13.599450560967091 12.134841819430507 12.063413248001936 11.755582767416549 11.684154195987977 10.471069433410307 10.399640861981736 9.3853925808995786 9.3139640094710074 9.189581924522189 9.1181533530936179 8.9377976571769366 8.8663690857483655 8.1360202122635759 8.0645916408350047 7.1474970303202916 7.0760684588917204 6.7753671007028382 6.703938529274267 5.7707217270737647 5.6992931556451936 4.5708578516027316 4.4994292801741604 3.2686724262749998 3.1972438548464281 2.0316728845008312 1.9602443130722595 0.18397595148345908 0.11254738005488765 0.071428571428571425 0;15.192162071300922 15.126944679996575 14.906983709899645 14.841766318595297 13.922368464631095 13.857151073326747 13.597907007534968 13.53268961623062 12.982107033926471 12.916889642622124 11.579638182958288 11.51442079165394 11.233358178945544 11.168140787641196 10.060541656592019 9.995324265287671 9.0692714869083115 9.0040540956039639 8.8904878441289554 8.8252704528246078 8.6605978609006815 8.5953804695963338 7.9285401938058735 7.8633228025015258 7.0259755494228742 6.9607581581185265 6.6862047441199817 6.620987352815634 5.7689198377630015 5.7037024464586539 4.6733919514633619 4.6081745601590143 3.4844400413815206 3.419222650077173 2.3550056771529322 2.2897882858485845 0.66797804265881033 0.60276065135446255 0.56521739130434778 0.5;16.717196634414943 16.64742919255448 16.412122108264743 16.34235466640428 15.358812776116993 15.289045334256528 15.01171447317695 14.941947031316484 14.352951710712047 14.283184268851581 12.852636195722825 12.78286875386236 12.482197121662679 12.412429679802214 11.22755619077286 11.157788748912395 10.167127637157732 10.097360195297266 9.9758707169751641 9.9061032751146989 9.7299418977077092 9.660174455847244 8.9468104398853558 8.8770429980248906 7.9812761691500533 7.9115087272895881 7.6178004239423078 7.5480329820818426 6.6365188962115846 6.5667514543511194 5.4645588317980165 5.3947913899375513 4.1926567884546504 4.1228893465941852 2.9844246778845323 2.914657236024067 1.1796974409838437 1.1099299991233786 1.069767441860465 1;16.518654561774277 16.45198789510761 16.227138903452971 16.160472236786305 15.220643319400676 15.153976652734009 14.888971607702413 14.822304941035746 14.25948719023595 14.192820523569283 12.825852364801806 12.759185698135139 12.471877249588779 12.405210582922113 11.272998137849619 11.206331471182953 10.259699742172939 10.193033075506273 10.076943129554042 10.010276462887376 9.8419444800318079 9.7752778133651415 9.0936188647793372 9.0269521981126708 8.1709972282989387 8.1043305616322723 7.823675960655982 7.7570092939893156 6.8860069452688464 6.8193402786021799 5.7661339948292154 5.699467328162549 4.5507609311899992 4.4840942645233328 3.3962280255341089 3.329561358867442 1.6717108880512284 1.6050442213845617 1.5666666666666667 1.5;16.692162071300924 16.626944679996576 16.406983709899645 16.341766318595297 15.422368464631095 15.357151073326747 15.097907007534968 15.03268961623062 14.482107033926471 14.416889642622124 13.079638182958288 13.01442079165394 12.733358178945544 12.668140787641196 11.560541656592017 11.495324265287669 10.56927148690831 10.504054095603962 10.390487844128954 10.325270452824606 10.16059786090068 10.095380469596332 9.4285401938058726 9.3633228025015249 8.5259755494228742 8.4607581581185265 8.1862047441199817 8.120987352815634 7.2689198377630015 7.2037024464586539 6.1733919514633619 6.1081745601590143 4.9844400413815206 4.919222650077173 3.8550056771529322 3.7897882858485845 2.16797804265881 2.1027606513544623 2.0652173913043477 2;17.859987619996417 17.791805801814601 17.561846605804174 17.493664787622357 16.532476122114328 16.464294303932512 16.193266416968378 16.125084598786561 15.549475535468588 15.48129371728677 14.083258100365486 14.015076282183667 13.721238096170344 13.653056277988526 12.495111731891658 12.42692991370984 11.458783827222327 11.390602009040508 11.271873655225727 11.203691837043909 11.031534127305259 10.96335230912344 10.26620111170614 10.198019293524322 9.3226108016693683 9.2544289834875499 8.9673958688527087 8.8992140506708903 8.0084161940249565 7.9402343758431391 6.863091585620789 6.7949097674389707 5.6200964068988633 5.5519145887170449 4.4393241170235207 4.3711422988417024 2.6756134082342111 2.6074315900523928 2.5681818181818183 2.5;0 0.071428571428571425 0.14826166576917338 0.2196902371977448 1.9959585987865451 2.0673871702151168 3.2329581405607137 3.3043867119892854 4.5351435658884451 4.6065721373170163 5.7350074413594783 5.8064360127880494 6.7396528149885517 6.8110813864171229 7.1117827446060051 7.1832113160345763 8.1003059265492894 8.1717344979778606 8.9020833714626502 8.9735119428912213 9.1538676388079026 9.2252962102364737 9.3496782951852921 9.4211068666138633 10.43535514769602 10.506783719124591 11.719868481702262 11.791297053130833 12.099127533716221 12.170556105144792 13.635164846681375 13.706593418109946 14.309612436824013 14.381041008252584 14.664974985072153 14.736403556500724 15.74336311084247 15.814791682271041 16.055701316186724 16.127129887615297;0.5 0.56521739130434778 0.6353693470066365 0.70058673831098428 2.3223969815007584 2.387614372805106 3.4518313457293468 3.5170487370336945 4.6407832558111881 4.7060006471155358 5.7363111421108277 5.8015285334151754 6.6535960484678078 6.7188134397721555 6.9933668537707003 7.058584245075048 7.8959314981536997 7.9611488894580473 8.6279891652485077 8.6932065565528553 8.8578791484767816 8.9230965397811293 9.0366627912561377 9.1018801825604854 10.027932960939845 10.093150352244193 11.200749483293372 11.265966874597719 11.547029487306116 11.612246878610463 12.949498338274299 13.014715729578647 13.565298311882795 13.630515703187143 13.889759768978923 13.954977160283271 14.874375014247473 14.939592405551821 15.15955337564875 15.224770766953098;1 1.069767441860465 1.144813720053611 1.2145811619140761 2.9495409569542996 3.0193083988147649 4.1577730675244178 4.227540509384883 5.4296751108677839 5.4994425527282491 6.601635175281352 6.6714026171418173 7.5829167030120752 7.6526841448725405 7.9463924482198207 8.0161598900802851 8.9119267189551223 8.9816941608155876 9.6950581767774757 9.764825618637941 9.9409869960449306 10.010754437905396 10.132243916227498 10.202011358087963 11.192672469842627 11.262439911703092 12.447313400732446 12.517080842592911 12.817752474792591 12.887519916653057 14.318067989781813 14.387835431642278 14.976830752246716 15.046598194107181 15.32392905518676 15.393696497047225 16.377238387334511 16.447005829194975 16.682312913484711 16.752080355345175;1.5 1.5666666666666667 1.6383775547178951 1.7050442213845618 3.3628946922007756 3.4295613588674425 4.517427597856666 4.5840942645233325 5.7328006614958822 5.7994673281625486 6.8526736119355132 6.9193402786021796 7.7903426273226488 7.8570092939893152 8.1376638949656055 8.2043305616322719 9.060285531446004 9.1269521981126704 9.8086111466984747 9.8752778133651411 10.043609796220709 10.110276462887375 10.226366408839606 10.293033075506273 11.239664804516286 11.306331471182952 12.438543916255446 12.505210582922112 12.792519031468473 12.859185698135139 14.226153856902616 14.292820523569283 14.855638274369078 14.922304941035744 15.187309986067341 15.253976652734007 16.193805570119636 16.260472236786303 16.485321228440942 16.551987895107608;2 2.0652173913043477 2.1353693470066366 2.2005867383109843 3.8223969815007584 3.887614372805106 4.9518313457293468 5.0170487370336945 6.1407832558111881 6.2060006471155358 7.2363111421108277 7.3015285334151754 8.1535960484678078 8.2188134397721555 8.4933668537707003 8.558584245075048 9.3959314981537005 9.4611488894580482 10.127989165248508 10.193206556552855 10.357879148476782 10.423096539781129 10.536662791256138 10.601880182560485 11.527932960939845 11.593150352244193 12.700749483293372 12.765966874597719 13.047029487306116 13.112246878610463 14.449498338274299 14.514715729578647 15.065298311882795 15.130515703187143 15.389759768978923 15.454977160283271 16.374375014247473 16.439592405551821 16.659553375648748 16.724770766953096;2.5 2.5681818181818183 2.6415224991433019 2.7097043173251203 4.4052332079326115 4.4734150261144299 5.5860054978079541 5.6541873159897724 6.8290006765298799 6.8971824947116982 7.9743252849340482 8.0425071031158666 8.9333049597618004 9.0014867779436187 9.28851989257846 9.3567017107602783 10.232110202615232 10.30029202079705 10.99744321821435 11.065625036396169 11.237782746134819 11.305964564316637 11.424692918131418 11.492874736313237 12.46102082280075 12.529202640982568 13.687147187079436 13.755329005261254 14.049167191274577 14.117349009456396 15.51538462637768 15.583566444559498 16.159175507877471 16.227357326059288 16.498385213023422 16.566567031205238 17.527755696713267 17.595937514895084 17.825896710905511 17.894078529087327;
