m;2
n;4
P;39
P1;2 4 6 8 10 12 14 16 18 20 22 24 26 28 30 32 34 36 38
Q;40
M;100
h;1 1 1 1 1 1 1 1 1 1 1 1 1 1 1 1 1 1 1 1 1 1 1 1 1 1 1 1 1 1 1 1 1 1 1 1 1 1 1
Vmin;28 28 28 28 28 28 28 28 28 28 28 28 28 28 28 28 28 28 28 28 28 28 28 28 28 28 28 28 28 28 28 28 28 28 28 28 28 28 28;52 52 52 52 52 52 52 52 52 52 52 52 52 52 52 52 52 52 52 52 52 52 52 52 52 52 52 52 52 52 52 52 52 52 52 52 52 52 52;39 39 39 39 39 39 39 39 39 39 39 39 39 39 39 39 39 39 39 39 39 39 39 39 39 39 39 39 39 39 39 39 39 39 39 39 39 39 39;49 49 49 49 49 49 49 49 49 49 49 49 49 49 49 49 49 49 49 49 49 49 49 49 49 49 49 49 49 49 49 49 49 49 49 49 49 49 49;
Vmax;28 28 28 28 28 28 28 28 28 28 28 28 28 28 28 28 28 28 28 28 28 28 28 28 28 28 28 28 28 28 28 28 28 28 28 28 28 28 28;52 52 52 52 52 52 52 52 52 52 52 52 52 52 52 52 52 52 52 52 52 52 52 52 52 52 52 52 52 52 52 52 52 52 52 52 52 52 52;39 39 39 39 39 39 39 39 39 39 39 39 39 39 39 39 39 39 39 39 39 39 39 39 39 39 39 39 39 39 39 39 39 39 39 39 39 39 39;49 49 49 49 49 49 49 49 49 49 49 49 49 49 49 49 49 49 49 49 49 49 49 49 49 49 49 49 49 49 49 49 49 49 49 49 49 49 49;
d;3.000 50.760 3.000 5.184 3.000 30.666 3.000 4.014 3.000 46.524 3.000 17.583 3.000 17.088 3.000 24.007 3.000 13.769 3.000 38.357 3.000 58.825 3.000 17.384 3.000 23.662 3.000 42.248 3.000 5.932 3.000 20.479 3.000 3.649 3.000 58.737 3.000 3.787 3.000
S;19.380578127629811 19.273435270486953 19.138202350936751 19.031059493793894 16.93329462330988 16.826151766167023 16.695828031525551 16.588685174382693 15.857298499582413 15.750155642439555 15.538309376261809 15.431166519118952 13.922306038131724 13.815163180988867 12.970087893475752 12.862945036332894 12.242099127556632 12.134956270413774 10.034046857701275 9.9269040005584177 8.5569942657895322 8.4498514086466745 7.958098577938582 7.8509557207957252 6.9935513384040329 6.8864084812611761 6.2761394561221673 6.1689965989793105 5.5410264461622836 5.4338835890194268 3.7723192314565233 3.6651763743136661 3.5218086309693297 3.4146657738264725 2.3194490054144978 2.2123061482716406 2.0271580522794515 1.9200151951365942 0.10714285714285714 0;10.93569591487759 10.878003607185281 10.805185881273633 10.747493573581325 9.6179278740899345 9.5602355663976262 9.4900612477445261 9.4323689400522177 9.0385453459289895 8.9808530382366811 8.8667819718332801 8.8090896641409717 7.9966263282247718 7.9389340205324643 7.4838934811023252 7.4262011734100177 7.0918995302227996 7.0342072225304921 5.9029483079929932 5.8452560003006857 5.1076122969635929 5.0499199892712854 4.7851300035053894 4.7274376958130819 4.265758412986786 4.2080661052944786 3.8794597071427046 3.8217673994503971 3.4836296248566132 3.4259373171643057 2.5312488169381271 2.4735565092458196 2.3963584935988695 2.3386661859065621 1.7489340798385755 1.6912417721462678 1.5915466435350891 1.5338543358427814 0.55769230769230771 0.5;0 0.10714285714285714 1.9735866237080228 2.0807294808508798 2.265877576843069 2.3730204339859262 3.4682372023979009 3.5753800595407581 3.7187478028850944 3.8258906600279516 5.4874550175908556 5.5945978747337124 6.2225680275507393 6.3297108846935961 6.9399799098326049 7.0471227669754617 7.9045271493671541 8.0116700065100108 8.5034228372181033 8.610565694360961 9.9804754291298465 10.087618286272704 12.188527698985203 12.29567055612806 12.916516464904323 13.02365932204718 13.868734609560295 13.975877466703153 15.48473794769038 15.591880804833238 15.803727071010984 15.910869928153842 16.642256602954124 16.749399460096981 16.879723194738453 16.986866051881311 19.084630922365324 19.191773779508182 19.327006699058384 19.434149556201241;0.5 0.55769230769230771 1.5627004896889354 1.6203927973812431 1.7200879259924218 1.7777802336847295 2.3675123397527158 2.4252046474450233 2.5024026630919733 2.5600949707842808 3.4547834710104599 3.5124757787027674 3.8506135532965513 3.9083058609888588 4.2369122591406327 4.2946045668329402 4.7562838496592361 4.8139761573515436 5.0787661431174396 5.1364584508097471 5.8741021541468399 5.9317944618391474 7.0630533763766463 7.1207456840689538 7.4550473272561719 7.5127396349484794 7.9677801743786185 8.025472482070926 8.837935817987125 8.8956281256794334 9.0096991920828344 9.0673914997751428 9.461215093898371 9.5189074015906794 9.5890817202437795 9.6467740279360878 10.776339727427478 10.834032035119787 10.906849761031435 10.964542068723743;
