m;5
n;10
P;39
P1;2 4 6 8 10 12 14 16 18 20 22 24 26 28 30 32 34 36 38
Q;40
M;100
h;1 1 1 1 1 1 1 1 1 1 1 1 1 1 1 1 1 1 1 1 1 1 1 1 1 1 1 1 1 1 1 1 1 1 1 1 1 1 1
Vmin;44 44 44 44 44 44 44 44 44 44 44 44 44 44 44 44 44 44 44 44 44 44 44 44 44 44 44 44 44 44 44 44 44 44 44 44 44 44 44;41 41 41 41 41 41 41 41 41 41 41 41 41 41 41 41 41 41 41 41 41 41 41 41 41 41 41 41 41 41 41 41 41 41 41 41 41 41 41;40 40 40 40 40 40 40 40 40 40 40 40 40 40 40 40 40 40 40 40 40 40 40 40 40 40 40 40 40 40 40 40 40 40 40 40 40 40 40;46 46 46 46 46 46 46 46 46 46 46 46 46 46 46 46 46 46 46 46 46 46 46 46 46 46 46 46 46 46 46 46 46 46 46 46 46 46 46;28 28 28 28 28 28 28 28 28 28 28 28 28 28 28 28 28 28 28 28 28 28 28 28 28 28 28 28 28 28 28 28 28 28 28 28 28 28 28;51 51 51 51 51 51 51 51 51 51 51 51 51 51 51 51 51 51 51 51 51 51 51 51 51 51 51 51 51 51 51 51 51 51 51 51 51 51 51;52 52 52 52 52 52 52 52 52 52 52 52 52 52 52 52 52 52 52 52 52 52 52 52 52 52 52 52 52 52 52 52 52 52 52 52 52 52 52;34 34 34 34 34 34 34 34 34 34 34 34 34 34 34 34 34 34 34 34 34 34 34 34 34 34 34 34 34 34 34 34 34 34 34 34 34 34 34;47 47 47 47 47 47 47 47 47 47 47 47 47 47 47 47 47 47 47 47 47 47 47 47 47 47 47 47 47 47 47 47 47 47 47 47 47 47 47;36 36 36 36 36 36 36 36 36 36 36 36 36 36 36 36 36 36 36 36 36 36 36 36 36 36 36 36 36 36 36 36 36 36 36 36 36 36 36;
Vmax;44 44 44 44 44 44 44 44 44 44 44 44 44 44 44 44 44 44 44 44 44 44 44 44 44 44 44 44 44 44 44 44 44 44 44 44 44 44 44;41 41 41 41 41 41 41 41 41 41 41 41 41 41 41 41 41 41 41 41 41 41 41 41 41 41 41 41 41 41 41 41 41 41 41 41 41 41 41;40 40 40 40 40 40 40 40 40 40 40 40 40 40 40 40 40 40 40 40 40 40 40 40 40 40 40 40 40 40 40 40 40 40 40 40 40 40 40;46 46 46 46 46 46 46 46 46 46 46 46 46 46 46 46 46 46 46 46 46 46 46 46 46 46 46 46 46 46 46 46 46 46 46 46 46 46 46;28 28 28 28 28 28 28 28 28 28 28 28 28 28 28 28 28 28 28 28 28 28 28 28 28 28 28 28 28 28 28 28 28 28 28 28 28 28 28;51 51 51 51 51 51 51 51 51 51 51 51 51 51 51 51 51 51 51 51 51 51 51 51 51 51 51 51 51 51 51 51 51 51 51 51 51 51 51;52 52 52 52 52 52 52 52 52 52 52 52 52 52 52 52 52 52 52 52 52 52 52 52 52 52 52 52 52 52 52 52 52 52 52 52 52 52 52;34 34 34 34 34 34 34 34 34 34 34 34 34 34 34 34 34 34 34 34 34 34 34 34 34 34 34 34 34 34 34 34 34 34 34 34 34 34 34;47 47 47 47 47 47 47 47 47 47 47 47 47 47 47 47 47 47 47 47 47 47 47 47 47 47 47 47 47 47 47 47 47 47 47 47 47 47 47;36 36 36 36 36 36 36 36 36 36 36 36 36 36 36 36 36 36 36 36 36 36 36 36 36 36 36 36 36 36 36 36 36 36 36 36 36 36 36;
d;3.000 27.095 3.000 12.324 3.000 26.738 3.000 16.637 3.000 59.996 3.000 10.725 3.000 59.507 3.000 35.544 3.000 93.910 3.000 32.618 3.000 4.449 3.000 63.805 3.000 57.786 3.000 69.460 3.000 4.703 3.000 5.227 3.000 7.145 3.000 32.505 3.000 34.855 3.000
S;16.250664915909883 16.182483097728067 15.390332073927976 15.322150255746157 14.583391685052689 14.515209866870871 14.352815520298877 14.284633702117059 14.165836331138152 14.097654512956334 13.990763057454048 13.92258123927223 12.343955865550987 12.275774047369168 10.962466040748298 10.89428422256648 9.4441744081818619 9.3759925900000436 9.2748885700244887 9.2067067518426704 8.4653793919855342 8.3971975738037159 6.2628690436550034 6.1946872254731851 5.3868619307124774 5.3186801125306591 3.9662401845115953 3.898058366329777 3.6543154533338589 3.5861336351520405 2.2225873908262805 2.1544055726444622 1.7763019699337519 1.7081201517519338 1.100437044843587 1.0322552266617688 0.75215863903080704 0.68397682084898892 0.068181818181818177 0;17.939737958537432 17.866567226830114 17.016453932995869 16.943283201288551 16.15046912542239 16.077298393715072 15.903021533979274 15.829850802271958 15.702360940733618 15.629190209026302 15.514477427511654 15.441306695804338 13.747172148396174 13.674001416688858 12.26459770226646 12.191426970559144 10.635211560000043 10.562040828292727 10.453538953197009 10.380368221489693 9.5847973962771569 9.5116266645698406 7.2211277541663446 7.1479570224590274 6.2810225597890001 6.207851828081683 4.756452880939273 4.6832821492319558 4.4217043889436534 4.3485336572363362 2.8852157364964963 2.8120450047891792 2.4062752848069535 2.3331045530996364 1.6809568286126302 1.607786096905313 1.3071946370086711 1.234023905301354 0.57317073170731703 0.5;18.875731407500865 18.800731407500866 17.929365281320763 17.854365281320764 17.041730853557951 16.966730853557952 16.78809707232876 16.713097072328761 16.582419964251962 16.507419964251962 16.389839363199449 16.31483936319945 14.578351452106082 14.503351452106083 13.058712644823125 12.983712644823125 11.388591849000047 11.313591849000048 11.202377427026937 11.127377427026937 10.311917331184087 10.236917331184088 7.8891559480205045 7.8141559480205043 6.9255481237837264 6.8505481237837262 5.3628642029627551 5.2878642029627549 5.0197469986672445 4.9447469986672443 3.4448461299089086 3.3698461299089084 2.9539321669271272 2.8789321669271271 2.2104807493279455 2.1354807493279453 1.8273745029338875 1.7523745029338875 1.075 1;17.044114267392057 16.97889687608771 16.221187201148492 16.155969809844144 15.449331177006915 15.384113785702567 15.228780062894574 15.163562671590226 15.049930403697358 14.98471301239301 14.882469011477781 14.817251620173433 13.307262132266157 13.242044740961809 11.985837082454889 11.920619691150542 10.533558129565256 10.468340738260908 10.371632545240812 10.306415153936465 9.5973194184209429 9.5321020271165953 7.4905703895830449 7.4253529982786972 6.6526505424206297 6.587433151116282 5.2937949590980464 5.2285775677936988 4.9954321727541249 4.9302147814497772 3.6259531564425282 3.5607357651381806 3.1990714495018491 3.1338540581975014 2.552591955937344 2.4873745646329963 2.2194560895077284 2.1542386982033808 1.5652173913043479 1.5;27.536759153572682 27.429616296429824 26.184807544743965 26.077664687601107 24.916758362225657 24.8096155050828 24.554424389041095 24.447281531898238 24.260599948931382 24.153457091788525 23.985484804570646 23.878341947427788 21.397644931580121 21.290502074437264 19.226732349747323 19.119589492604465 16.840845498571497 16.733702641428639 16.574824895752766 16.467682038609908 15.302739044548696 15.195596187405839 11.841651354315005 11.734508497172147 10.465068748262464 10.357925891119606 8.2326631470896476 8.12552028994679 7.7424957123817757 7.6353528552389189 5.4926373284412966 5.3854944712984398 4.7913316670387527 4.6841888098958959 3.7292582133256369 3.6221153561827797 3.1819635756198399 3.0748207184769827 2.1071428571428572 2;0 0.068181818181818177 0.71806772993989787 0.78624954812171599 1.0663461357526778 1.1345279539344959 1.7422110608428425 1.8103928790246606 2.1884964817353705 2.2566782999171888 3.6202245442429488 3.6884063624247672 3.9321492754206853 4.0003310936025036 5.3527710216215674 5.4209528398033857 6.2287781345640933 6.2969599527459117 8.4312884828946242 8.4994703010764425 9.2407976609335787 9.308979479115397 9.4100834990909519 9.4782653172727702 10.928375131657388 10.996556949839206 12.309864956460078 12.378046774641897 13.95667214836314 14.024853966544958 14.131745422047244 14.199927240229062 14.318724611207969 14.386906429389787 14.549300775961781 14.617482594143599 15.356241164837067 15.424422983018886 16.216574006818977 16.284755825000794;0.5 0.57317073170731703 1.2706092711550123 1.3437800028623295 1.6443714627589714 1.7175421944662885 2.3696899189532949 2.4428606506606121 2.8486303706428373 2.9218011023501544 4.3851190230899944 4.4582897547973115 4.719867515085614 4.7930382467929311 6.2444371939353411 6.3176079256426583 7.1845423883126855 7.2577131200200027 9.5482120304234996 9.6213827621308159 10.416953587343352 10.490124319050668 10.598626194146386 10.671796925853702 12.228012336412803 12.301183068120119 13.710586782542517 13.783757514249833 15.477892061657997 15.551062793365313 15.665775574879961 15.738946306587277 15.866436168125617 15.939606899832933 16.113883759568729 16.187054491276047 16.979868567142208 17.053039298849527 17.903152592683771 17.976323324391089;1 1.075 1.7898745029338876 1.8648745029338876 2.1729807493279454 2.2479807493279456 2.9164321669271267 2.9914321669271269 3.4073461299089081 3.4823461299089082 4.982246998667244 5.0572469986672441 5.3253642029627546 5.4003642029627548 6.8880481237837259 6.9630481237837261 7.8516559480205039 7.9266559480205041 10.274417331184088 10.349417331184087 11.164877427026937 11.239877427026936 11.351091849000047 11.426091849000047 13.021212644823125 13.096212644823124 14.540851452106082 14.615851452106082 16.352339363199448 16.427339363199447 16.54491996425196 16.619919964251959 16.750597072328759 16.825597072328758 17.004230853557949 17.079230853557949 17.891865281320761 17.966865281320761 18.838231407500864 18.913231407500863;1.5 1.5652173913043479 2.1868473938555546 2.2520647851599023 2.5199832602851702 2.5852006515895178 3.1664627538496752 3.2316801451540229 3.5933444607903544 3.6585618520947021 4.962823477101951 5.0280408684062987 5.2611862634458726 5.3264036547502203 6.6200418467684559 6.6852592380728035 7.457961693930871 7.5231790852352187 9.5647107227687691 9.6299281140731168 10.339023849588639 10.404241240892986 10.500949433913082 10.566166825217429 11.953228386802715 12.018445778107063 13.274653436613983 13.339870827918331 14.849860315825607 14.915077707129955 15.017321708045184 15.082539099349532 15.1961713672424 15.261388758546747 15.416722481354741 15.481939872659089 16.18857850549632 16.253795896800668 17.011505571739885 17.076722963044233;2 2.1071428571428572 3.1283921470484111 3.2355350041912683 3.6756867847542081 3.7828296418970653 4.7377602384673239 4.8449030956101806 5.4390658998698678 5.5462087570127245 7.6889242838103478 7.7960671409532045 8.1790917185182188 8.2862345756610765 10.411497319691033 10.518640176833891 11.788079925743574 11.895222782886432 15.249167615977266 15.356310473120123 16.521253467181339 16.628396324324196 16.78727407000007 16.894416927142927 19.173160921175896 19.280303778318753 21.344073503008694 21.451216360151552 23.931913375999219 24.039056233142077 24.207028520359955 24.314171377502813 24.500852960469668 24.607995817612526 24.86318693365423 24.970329790797088 26.131236116172538 26.238378973315395 27.483187725001255 27.590330582144112;
