m;4
n;8
P;39
P1;2 4 6 8 10 12 14 16 18 20 22 24 26 28 30 32 34 36 38
Q;40
M;100
h;1 1 1 1 1 1 1 1 1 1 1 1 1 1 1 1 1 1 1 1 1 1 1 1 1 1 1 1 1 1 1 1 1 1 1 1 1 1 1
Vmin;50 50 50 50 50 50 50 50 50 50 50 50 50 50 50 50 50 50 50 50 50 50 50 50 50 50 50 50 50 50 50 50 50 50 50 50 50 50 50;49 49 49 49 49 49 49 49 49 49 49 49 49 49 49 49 49 49 49 49 49 49 49 49 49 49 49 49 49 49 49 49 49 49 49 49 49 49 49;44 44 44 44 44 44 44 44 44 44 44 44 44 44 44 44 44 44 44 44 44 44 44 44 44 44 44 44 44 44 44 44 44 44 44 44 44 44 44;48 48 48 48 48 48 48 48 48 48 48 48 48 48 48 48 48 48 48 48 48 48 48 48 48 48 48 48 48 48 48 48 48 48 48 48 48 48 48;52 52 52 52 52 52 52 52 52 52 52 52 52 52 52 52 52 52 52 52 52 52 52 52 52 52 52 52 52 52 52 52 52 52 52 52 52 52 52;41 41 41 41 41 41 41 41 41 41 41 41 41 41 41 41 41 41 41 41 41 41 41 41 41 41 41 41 41 41 41 41 41 41 41 41 41 41 41;42 42 42 42 42 42 42 42 42 42 42 42 42 42 42 42 42 42 42 42 42 42 42 42 42 42 42 42 42 42 42 42 42 42 42 42 42 42 42;46 46 46 46 46 46 46 46 46 46 46 46 46 46 46 46 46 46 46 46 46 46 46 46 46 46 46 46 46 46 46 46 46 46 46 46 46 46 46;
Vmax;50 50 50 50 50 50 50 50 50 50 50 50 50 50 50 50 50 50 50 50 50 50 50 50 50 50 50 50 50 50 50 50 50 50 50 50 50 50 50;49 49 49 49 49 49 49 49 49 49 49 49 49 49 49 49 49 49 49 49 49 49 49 49 49 49 49 49 49 49 49 49 49 49 49 49 49 49 49;44 44 44 44 44 44 44 44 44 44 44 44 44 44 44 44 44 44 44 44 44 44 44 44 44 44 44 44 44 44 44 44 44 44 44 44 44 44 44;48 48 48 48 48 48 48 48 48 48 48 48 48 48 48 48 48 48 48 48 48 48 48 48 48 48 48 48 48 48 48 48 48 48 48 48 48 48 48;52 52 52 52 52 52 52 52 52 52 52 52 52 52 52 52 52 52 52 52 52 52 52 52 52 52 52 52 52 52 52 52 52 52 52 52 52 52 52;41 41 41 41 41 41 41 41 41 41 41 41 41 41 41 41 41 41 41 41 41 41 41 41 41 41 41 41 41 41 41 41 41 41 41 41 41 41 41;42 42 42 42 42 42 42 42 42 42 42 42 42 42 42 42 42 42 42 42 42 42 42 42 42 42 42 42 42 42 42 42 42 42 42 42 42 42 42;46 46 46 46 46 46 46 46 46 46 46 46 46 46 46 46 46 46 46 46 46 46 46 46 46 46 46 46 46 46 46 46 46 46 46 46 46 46 46;
d;3.000 28.257 3.000 16.223 3.000 15.988 3.000 35.828 3.000 8.128 3.000 3.396 3.000 14.812 3.000 66.781 3.000 54.499 3.000 77.450 3.000 5.059 3.000 19.333 3.000 73.768 3.000 68.170 3.000 47.067 3.000 23.731 3.000 34.705 3.000 31.362 3.000 31.735 3.000
S;14.325835022824091 14.26583502282409 13.631134695349896 13.571134695349896 12.943900905155939 12.883900905155938 12.189796575923779 12.129796575923779 11.655172848929842 11.595172848929842 10.653841913804934 10.593841913804933 9.2304516956915847 9.1704516956915842 7.6950960745780081 7.6350960745780085 7.2484336899436146 7.188433689943615 7.0872492863972463 7.0272492863972467 5.4782446502094757 5.4182446502094761 4.3282687125974988 4.2682687125974992 2.9326526207295474 2.8726526207295473 2.5764187019365345 2.5164187019365345 2.4484922354104666 2.3884922354104665 2.2259272671042365 2.1659272671042364 1.4493628847717444 1.3893628847717443 1.0696066723093796 1.0096066723093795 0.68514753962967867 0.62514753962967862 0.059999999999999998 0;15.118199002881727 15.056974513085809 14.409321117703978 14.34809662790806 13.708062148118307 13.646837658322388 12.938567934616103 12.877343444820184 12.393033519316168 12.331809029520249 11.371267258984629 11.31004276918871 9.9188282609097822 9.8576037711138635 8.3521388516102153 8.2909143618142966 7.8963609081057315 7.8351364183098129 7.7318870269359676 7.670662537140049 6.0900455614382416 6.0288210716423229 4.9166007271403052 4.8553762373443865 3.4925026742138234 3.4312781844179052 3.1289986754454433 3.0677741856495251 2.9984614647045578 2.9372369749086396 2.7713543541879964 2.7101298643920781 1.9789417191548411 1.9177172293589226 1.59143537990753 1.5302108901116116 1.199130142479264 1.1379056526833455 0.56122448979591832 0.5;17.279357980481919 17.211176162300102 16.489925790170336 16.421743971988519 15.708978301313568 15.64079648313175 14.852041563549751 14.783859745367932 14.244514601056641 14.176332782874823 13.106638538414702 13.038456720232883 11.489149654194987 11.420967836013169 9.7444273574750149 9.6762455392931965 9.2368564658450207 9.1686746476632024 9.0536923709059653 8.985510552724147 7.225278011601679 7.1570961934198607 5.9184871734062501 5.8503053552244317 4.3325597962835767 4.2643779781017583 3.9277485249278805 3.8595667067460622 3.7823775402391666 3.7141957220573483 3.5294628035275415 3.4612809853457231 2.6470032781497093 2.5788214599678909 2.2154621276242947 2.1472803094424764 1.77857674957918 1.7103949313973619 1.0681818181818181 1;16.42274481544176 16.36024481544176 15.699098640989474 15.636598640989474 14.983230109537436 14.920730109537436 14.19770476658727 14.13520476658727 13.640805050968586 13.578305050968586 12.597751993546808 12.535251993546808 11.115053849678736 11.052553849678736 9.5157250776854276 9.4532250776854276 9.0504517603579338 8.9879517603579338 8.8825513399971339 8.8200513399971339 7.2065048439682053 7.1440048439682053 6.0086132422890621 5.9461132422890621 4.5548464799266117 4.4923464799266117 4.1837694811838899 4.1212694811838899 4.050512745219236 3.988012745219236 3.8186742365669128 3.7561742365669128 3.009753004970567 2.947253004970567 2.6141736169889369 2.5516736169889369 2.2136953537809152 2.1511953537809152 1.5625 1.5;0 0.059999999999999998 0.65514753962967864 0.7151475396296787 1.0396066723093793 1.0996066723093794 1.4193628847717441 1.4793628847717442 2.1959272671042362 2.2559272671042363 2.4184922354104663 2.4784922354104664 2.5464187019365343 2.6064187019365344 2.9026526207295467 2.9626526207295467 4.2982687125974985 4.3582687125974982 5.4482446502094755 5.5082446502094751 7.057249286397246 7.1172492863972456 7.2184336899436143 7.2784336899436139 7.6650960745780079 7.7250960745780075 9.2004516956915836 9.2604516956915841 10.623841913804933 10.683841913804933 11.625172848929841 11.685172848929842 12.159796575923778 12.219796575923779 12.913900905155938 12.973900905155938 13.601134695349895 13.661134695349896 14.29583502282409 14.35583502282409;0.5 0.56122448979591832 1.1685178975813046 1.2297423873772231 1.5608231350095707 1.6220476248054891 1.9483294742568817 2.0095539640528002 2.740742109290037 2.8019665990859552 2.9678492198065984 3.0290737096025167 3.098386430547484 3.1596109203434022 3.4618904293158641 3.5231149191117823 4.8859884822423458 4.9472129720382645 6.0594333165402823 6.1206578063362009 7.7012747820380083 7.762499271833927 7.8657486632077722 7.9269731530036909 8.321526606712256 8.3827510965081746 9.8882160160118229 9.9494405058077415 11.34065501408667 11.401879503882588 12.362421274418208 12.423645764214127 12.907955689718143 12.969180179514062 13.677449903220348 13.738674393016266 14.378708872806019 14.439933362601938 15.087586757983768 15.148811247779687;1 1.0681818181818181 1.744485840488271 1.8126676586700892 2.1813712185333856 2.2495530367152039 2.6129123690588001 2.6810941872406184 3.4953718944366323 3.5635537126184507 3.7482866311482574 3.8164684493300758 3.8936576158369713 3.9618394340187897 4.2984688871926675 4.3666507053744859 5.88439626431534 5.9525780824971584 7.191187102510769 7.2593689206925873 9.0196014618150535 9.0877832799968719 9.2027655567541089 9.2709473749359272 9.710336448384103 9.7785182665659214 11.455058745104076 11.523240563285894 13.07254762932379 13.140729447505608 14.21042369196573 14.278605510147548 14.817950654458839 14.886132472640657 15.674887392222656 15.743069210404474 16.455834881079426 16.524016699261242 17.245267071391009 17.313448889572825;1.5 1.5625 2.1824453537809152 2.2449453537809152 2.5829236169889369 2.6454236169889369 2.978503004970567 3.041003004970567 3.7874242365669128 3.8499242365669128 4.019262745219236 4.081762745219236 4.1525194811838899 4.2150194811838899 4.5235964799266117 4.5860964799266117 5.9773632422890621 6.0398632422890621 7.1752548439682053 7.2377548439682053 8.8513013399971339 8.9138013399971339 9.0192017603579338 9.0817017603579338 9.4844750776854276 9.5469750776854276 11.083803849678736 11.146303849678736 12.566501993546808 12.629001993546808 13.609555050968586 13.672055050968586 14.16645476658727 14.22895476658727 14.951980109537436 15.014480109537436 15.667848640989474 15.730348640989474 16.39149481544176 16.45399481544176;
