Vermelho 1 2 0 20 2020-01-01T00:17:52 40 52
Azul 1 2 0 20 2020-01-01T00:28:56 180 41
Verde 1 2 0 20 2020-01-01T00:42:30 160 43
Amarelo 1 2 0 20 2020-01-01T00:54:30 120 46
Laranja 1 2 0 20 2020-01-01T01:08:34 50 51
Preto 1 2 0 20 2020-01-01T01:16:15 60 50
Roxo 1 2 0 20 2020-01-01T01:20:48 190 40
Rosa 20 19 0 1 2020-01-01T01:27:16 110 46
Branco 20 19 0 1 2020-01-01T01:36:02 170 42
Abobora 20 19 0 1 2020-01-01T01:45:15 100 47
Acafrao 20 19 0 1 2020-01-01T01:55:35 150 43
Ambar 20 19 0 1 2020-01-01T02:04:02 70 49
Ameixa 20 19 0 1 2020-01-01T02:12:41 320 28
Amendoa 20 19 0 1 2020-01-01T02:21:25 310 29
