Vermelho 1 2 0 20 2020-01-01T00:07:42 260 34
Azul 1 2 0 20 2020-01-01T00:14:05 200 40
Verde 1 2 0 20 2020-01-01T00:30:32 280 32
Amarelo 1 2 0 20 2020-01-01T00:52:22 20 52
Laranja 1 2 0 20 2020-01-01T01:12:37 20 52
Preto 1 2 0 20 2020-01-01T01:19:11 160 42
Roxo 1 2 0 20 2020-01-01T01:33:46 20 52
Rosa 1 2 0 20 2020-01-01T01:51:43 310 28
Branco 20 19 0 1 2020-01-01T02:02:38 50 50
Abobora 20 19 0 1 2020-01-01T02:07:57 260 34
Acafrao 20 19 0 1 2020-01-01T02:12:52 120 45
Ambar 20 19 0 1 2020-01-01T02:16:41 150 43
Ameixa 20 19 0 1 2020-01-01T02:19:47 230 37
Amendoa 20 19 0 1 2020-01-01T02:22:51 120 45
Ametista 20 19 0 1 2020-01-01T02:31:43 170 42
Anil 20 19 0 1 2020-01-01T02:40:34 220 38
