Vermelho 1 2 0 20 2020-01-01T00:00:00 160 43
Azul 1 2 0 20 2020-01-01T00:10:00 60 50
Verde 1 2 0 20 2020-01-01T00:20:00 80 49
Amarelo 1 2 0 20 2020-01-01T00:30:00 180 41
Laranja 1 2 0 20 2020-01-01T00:40:00 130 45
Preto 1 2 0 20 2020-01-01T00:50:00 40 52
Roxo 1 2 0 20 2020-01-01T01:00:00 50 51
Rosa 20 19 0 1 2020-01-01T00:00:00 250 35
Branco 20 19 0 1 2020-01-01T00:10:00 130 45
Abobora 20 19 0 1 2020-01-01T00:20:00 60 50
Acafrao 20 19 0 1 2020-01-01T00:30:00 310 28
Ambar 20 19 0 1 2020-01-01T00:40:00 280 32
Ameixa 20 19 0 1 2020-01-01T00:50:00 90 48
Amendoa 20 19 0 1 2020-01-01T01:00:00 190 40
