Vermelho 1 2 0 20 2020-01-01T00:00:00 70 49
Azul 1 2 0 20 2020-01-01T00:10:00 320 28
Verde 1 2 0 20 2020-01-01T00:20:00 70 49
Amarelo 1 2 0 20 2020-01-01T00:30:00 90 47
Laranja 1 2 0 20 2020-01-01T00:40:00 30 52
Preto 1 2 0 20 2020-01-01T00:50:00 200 40
Roxo 1 2 0 20 2020-01-01T01:00:00 70 49
Rosa 1 2 0 20 2020-01-01T01:10:00 40 51
Branco 20 19 0 1 2020-01-01T00:00:00 270 33
Abobora 20 19 0 1 2020-01-01T00:10:00 280 32
Acafrao 20 19 0 1 2020-01-01T00:20:00 90 47
Ambar 20 19 0 1 2020-01-01T00:30:00 110 46
Ameixa 20 19 0 1 2020-01-01T00:40:00 140 44
Amendoa 20 19 0 1 2020-01-01T00:50:00 250 35
Ametista 20 19 0 1 2020-01-01T01:00:00 140 44
Anil 20 19 0 1 2020-01-01T01:10:00 210 39
