Vermelho 1 2 0 20 2020-01-01T00:00:00 230 39
Azul 1 2 0 20 2020-01-01T00:10:00 100 47
Verde 1 2 0 20 2020-01-01T00:20:00 90 48
Amarelo 1 2 0 20 2020-01-01T00:30:00 170 42
Laranja 1 2 0 20 2020-01-01T00:40:00 60 50
Preto 1 2 0 20 2020-01-01T00:50:00 240 38
Roxo 20 19 0 1 2020-01-01T00:00:00 80 49
Rosa 20 19 0 1 2020-01-01T00:10:00 310 34
Branco 20 19 0 1 2020-01-01T00:20:00 220 39
Abobora 20 19 0 1 2020-01-01T00:30:00 70 49
Acafrao 20 19 0 1 2020-01-01T00:40:00 390 28
Ambar 20 19 0 1 2020-01-01T00:50:00 40 52
