m;2
n;4
P;9
P1;2 4 6 8
Q;10
M;100
h;1 1 1 1 1 1 1 1 1
Vmin;40 40 40 40 40 40 40 40 40;40 40 40 40 40 40 40 40 40;40 40 40 40 40 40 40 40 40;40 40 40 40 40 40 40 40 40;
Vmax;40 40 40 40 40 40 40 40 40;40 40 40 40 40 40 40 40 40;40 40 40 40 40 40 40 40 40;40 40 40 40 40 40 40 40 40;
d;3 36.25 3 36.25 3 36.25 3 36.25 3
S;4 3.9250000000000003 3.0187500000000003 2.9437500000000001 2.0375000000000001 1.9624999999999999 1.0562499999999999 0.98124999999999996 0.074999999999999997 0;4.166666666666667 4.0916666666666668 3.1854166666666668 3.1104166666666666 2.2041666666666666 2.1291666666666664 1.2229166666666667 1.1479166666666667 0.24166666666666664 0.16666666666666666;0 0.074999999999999997 0.98124999999999996 1.0562499999999999 1.9624999999999999 2.0375000000000001 2.9437500000000001 3.0187500000000003 3.9250000000000003 4;0.16666666666666666 0.24166666666666664 1.1479166666666667 1.2229166666666667 2.1291666666666664 2.2041666666666666 3.1104166666666666 3.1854166666666668 4.0916666666666668 4.166666666666667;
