m;8
n;16
P;9
P1;2 4 6 8
Q;10
M;100
h;1 1 1 1 1 1 1 1 1
Vmin;40 40 40 40 40 40 40 40 40;40 40 40 40 40 40 40 40 40;40 40 40 40 40 40 40 40 40;40 40 40 40 40 40 40 40 40;40 40 40 40 40 40 40 40 40;40 40 40 40 40 40 40 40 40;40 40 40 40 40 40 40 40 40;40 40 40 40 40 40 40 40 40;40 40 40 40 40 40 40 40 40;40 40 40 40 40 40 40 40 40;40 40 40 40 40 40 40 40 40;40 40 40 40 40 40 40 40 40;40 40 40 40 40 40 40 40 40;40 40 40 40 40 40 40 40 40;40 40 40 40 40 40 40 40 40;40 40 40 40 40 40 40 40 40;
Vmax;40 40 40 40 40 40 40 40 40;40 40 40 40 40 40 40 40 40;40 40 40 40 40 40 40 40 40;40 40 40 40 40 40 40 40 40;40 40 40 40 40 40 40 40 40;40 40 40 40 40 40 40 40 40;40 40 40 40 40 40 40 40 40;40 40 40 40 40 40 40 40 40;40 40 40 40 40 40 40 40 40;40 40 40 40 40 40 40 40 40;40 40 40 40 40 40 40 40 40;40 40 40 40 40 40 40 40 40;40 40 40 40 40 40 40 40 40;40 40 40 40 40 40 40 40 40;40 40 40 40 40 40 40 40 40;40 40 40 40 40 40 40 40 40;
d;3 36.25 3 36.25 3 36.25 3 36.25 3
S;4 3.9250000000000003 3.0187500000000003 2.9437500000000001 2.0375000000000001 1.9624999999999999 1.0562499999999999 0.98124999999999996 0.074999999999999997 0;4.166666666666667 4.0916666666666668 3.1854166666666668 3.1104166666666666 2.2041666666666666 2.1291666666666664 1.2229166666666667 1.1479166666666667 0.24166666666666664 0.16666666666666666;4.3333333333333339 4.2583333333333337 3.3520833333333337 3.2770833333333336 2.3708333333333336 2.2958333333333334 1.3895833333333332 1.3145833333333332 0.40833333333333333 0.33333333333333331;4.5000000000000009 4.4250000000000007 3.5187500000000003 3.4437500000000001 2.5375000000000001 2.4624999999999999 1.5562499999999999 1.48125 0.57499999999999996 0.5;4.666666666666667 4.5916666666666668 3.6854166666666668 3.6104166666666666 2.7041666666666666 2.6291666666666664 1.7229166666666667 1.6479166666666667 0.74166666666666659 0.66666666666666663;4.8333333333333339 4.7583333333333337 3.8520833333333337 3.7770833333333336 2.8708333333333336 2.7958333333333334 1.8895833333333332 1.8145833333333332 0.90833333333333333 0.83333333333333337;5 4.9249999999999998 4.0187499999999998 3.9437500000000001 3.0375000000000001 2.9624999999999999 2.0562499999999999 1.98125 1.075 1;5.1666666666666679 5.0916666666666677 4.1854166666666677 4.1104166666666675 3.2041666666666671 3.1291666666666669 2.2229166666666669 2.1479166666666667 1.2416666666666667 1.1666666666666667;0 0.074999999999999997 0.98124999999999996 1.0562499999999999 1.9624999999999999 2.0375000000000001 2.9437500000000001 3.0187500000000003 3.9250000000000003 4;0.16666666666666666 0.24166666666666664 1.1479166666666667 1.2229166666666667 2.1291666666666664 2.2041666666666666 3.1104166666666666 3.1854166666666668 4.0916666666666668 4.166666666666667;0.33333333333333331 0.40833333333333333 1.3145833333333332 1.3895833333333332 2.2958333333333334 2.3708333333333336 3.2770833333333336 3.3520833333333337 4.2583333333333337 4.3333333333333339;0.5 0.57499999999999996 1.48125 1.5562499999999999 2.4624999999999999 2.5375000000000001 3.4437500000000001 3.5187500000000003 4.4250000000000007 4.5000000000000009;0.66666666666666663 0.74166666666666659 1.6479166666666667 1.7229166666666667 2.6291666666666664 2.7041666666666666 3.6104166666666666 3.6854166666666668 4.5916666666666668 4.666666666666667;0.83333333333333337 0.90833333333333333 1.8145833333333332 1.8895833333333332 2.7958333333333334 2.8708333333333336 3.7770833333333336 3.8520833333333337 4.7583333333333337 4.8333333333333339;1 1.075 1.98125 2.0562499999999999 2.9624999999999999 3.0375000000000001 3.9437500000000001 4.0187499999999998 4.9249999999999998 5;1.1666666666666667 1.2416666666666667 2.1479166666666667 2.2229166666666669 3.1291666666666669 3.2041666666666671 4.1104166666666675 4.1854166666666677 5.0916666666666677 5.1666666666666679;
