m;4
n;8
P;9
P1;2 4 6 8
Q;10
M;100
h;1 1 1 1 1 1 1 1 1
Vmin;45 45 45 45 45 45 45 45 45;44 44 44 44 44 44 44 44 44;47 47 47 47 47 47 47 47 47;39 39 39 39 39 39 39 39 39;48 48 48 48 48 48 48 48 48;35 35 35 35 35 35 35 35 35;28 28 28 28 28 28 28 28 28;52 52 52 52 52 52 52 52 52;
Vmax;45 45 45 45 45 45 45 45 45;44 44 44 44 44 44 44 44 44;47 47 47 47 47 47 47 47 47;39 39 39 39 39 39 39 39 39;48 48 48 48 48 48 48 48 48;35 35 35 35 35 35 35 35 35;28 28 28 28 28 28 28 28 28;52 52 52 52 52 52 52 52 52;
d;3.000 24.307 3.000 35.439 3.000 7.706 3.000 22.232 3.000
S;0.24439468138114459 0.24328357027003347 0.23504949778612039 0.23393838667500927 0.23108432410042834 0.22997321298931722 0.21684783780034064 0.21573672668922952 0.20673406467148422 0.20562295356037313;0.32912822599774488 0.32799186236138128 0.31957065186647016 0.31843428823010655 0.31551536059701241 0.3143789969606488 0.30095531779010459 0.29981895415374099 0.29061168618104694 0.28947532254468328;0.4936882599129423 0.49262443012570828 0.48474074370494041 0.48367691391770634 0.48094430081438416 0.47988047102715015 0.46731362244195979 0.46624979265472571 0.45763022263773556 0.45656639285050155;0.67384981050698456 0.67256775922493317 0.66306690635887966 0.66178485507682827 0.65849170595231177 0.65720965467026049 0.64206499099067205 0.64078293970862066 0.63039525276506836 0.62911320148301708;0.94655888051438763 0.94766999162549881 0.95722820919879958 0.95833932030991076 0.97146469549888737 0.97257580660999854 0.97542986918457941 0.97654098029569059 0.98477505277960375 0.98588616389071493;1.0986596684368357 1.0997960320731994 1.1095714818640754 1.1107078455004389 1.1241315246709831 1.1252678883073466 1.1281868159404409 1.1293231795768044 1.1377443900717157 1.1388807537080792;1.1859713883682308 1.1870352181554649 1.196186703066072 1.1972505328533061 1.2098173814384965 1.2108812112257303 1.2136138243290526 1.2146776541162867 1.2225613405370546 1.2236251703242886;1.3066254350762463 1.3079074863582976 1.3189361989428756 1.3202182502249269 1.3353629139045153 1.3366449651865666 1.3399381143110831 1.3412201655931346 1.3507210184591882 1.3520030697412395;
