m;7
n;14
P;9
P1;2 4 6 8
Q;10
M;100
h;1 1 1 1 1 1 1 1 1
Vmin;37 37 37 37 37 37 37 37 37;47 47 47 47 47 47 47 47 47;37 37 37 37 37 37 37 37 37;28 28 28 28 28 28 28 28 28;31 31 31 31 31 31 31 31 31;39 39 39 39 39 39 39 39 39;42 42 42 42 42 42 42 42 42;39 39 39 39 39 39 39 39 39;40 40 40 40 40 40 40 40 40;45 45 45 45 45 45 45 45 45;52 52 52 52 52 52 52 52 52;47 47 47 47 47 47 47 47 47;44 44 44 44 44 44 44 44 44;40 40 40 40 40 40 40 40 40;
Vmax;37 37 37 37 37 37 37 37 37;47 47 47 47 47 47 47 47 47;37 37 37 37 37 37 37 37 37;28 28 28 28 28 28 28 28 28;31 31 31 31 31 31 31 31 31;39 39 39 39 39 39 39 39 39;42 42 42 42 42 42 42 42 42;39 39 39 39 39 39 39 39 39;40 40 40 40 40 40 40 40 40;45 45 45 45 45 45 45 45 45;52 52 52 52 52 52 52 52 52;47 47 47 47 47 47 47 47 47;44 44 44 44 44 44 44 44 44;40 40 40 40 40 40 40 40 40;
d;3.000 3.185 3.000 5.809 3.000 60.657 3.000 20.808 3.000
S;0.47075606329079389 0.46940471193944255 0.46003181341235183 0.45868046206100049 0.43135737467951607 0.43000602332816473 0.42738950595637598 0.42603815460502464 0.42460369163144274 0.42325234028009134;0.59711833923325819 0.59605450944602412 0.58867584464810163 0.58761201486086767 0.56610235032650758 0.5650385205392735 0.56297870899126967 0.5619148792040356 0.56078562111844987 0.5597217913312158;0.82790877312974587 0.82655742177839453 0.81718452325130386 0.81583317189995241 0.78851008451846805 0.78715873316711671 0.78454221579532801 0.78319086444397668 0.78175640147039471 0.78040505011904338;0.90953542678600807 0.9077497125002939 0.89536409658949545 0.89357838230378117 0.85747287397824812 0.85568715969253395 0.85222961887981308 0.85044390459409891 0.84854836423615132 0.84676264995043704;1.0196726573956749 1.0180597541698684 1.0068727462504377 1.0052598430246311 0.97264841614995623 0.9710355129241498 0.96791257283524068 0.96629966960943425 0.96458756864096551 0.96297466541515908;1.2000409581204161 1.1987589068383648 1.1898666697742017 1.1885846184921505 1.1626627150789475 1.1613806637968962 1.1588983268031479 1.1576162755210966 1.1562553747512883 1.1549733234692368;1.417029794769505 1.4158393185790288 1.4075822413051633 1.4063917651146871 1.3823214262309984 1.3811309500405222 1.3788259228320419 1.3776354466415657 1.3763717530696007 1.3751812768791245;1.6103654214549059 1.6117167728062574 1.613826911455515 1.6151782628068665 1.6177947801786552 1.6191461315300064 1.6464692189114909 1.6478205702628421 1.657193468789933 1.6585448201412842;1.8643654487903945 1.8654292785776285 1.8670904515568312 1.8681542813440652 1.8702140928920692 1.8712779226793033 1.8927875872136632 1.8938514170008971 1.9012300817988195 1.9022939115860535;1.9247684195703068 1.9261197709216582 1.9282299095709159 1.9295812609222671 1.932197778294056 1.9335491296454073 1.9608722170268917 1.962223568378243 1.9715964669053336 1.9729478182566851;2.0398944992599506 2.0416802135456651 2.04446861104647 2.0462543253321841 2.049711866144905 2.0514975804306195 2.0876030887561523 2.0893888030418668 2.1017744189526653 2.1035601332383798;2.1457638451660794 2.1473767483918857 2.1498953009732578 2.1515082041990641 2.1546311442879738 2.1562440475137801 2.188855474388455 2.1904683776142613 2.2016553855336922 2.2032682887594985;2.4798070746628298 2.4810891259448811 2.4830910523557153 2.4843731036377661 2.4868554406315146 2.4881374919135655 2.5140593953267687 2.51534144660882 2.5242336836729828 2.5255157349550341;2.6743703250487076 2.6755608012391843 2.6774197329063871 2.6786102090968638 2.6809152363053443 2.6821057124958205 2.7061760513795092 2.7073665275699859 2.7156236048438513 2.716814081034328;
