m;3
n;6
P;9
P1;2 4 6 8
Q;10
M;100
h;1 1 1 1 1 1 1 1 1
Vmin;52 52 52 52 52 52 52 52 52;42 42 42 42 42 42 42 42 42;38 38 38 38 38 38 38 38 38;49 49 49 49 49 49 49 49 49;40 40 40 40 40 40 40 40 40;28 28 28 28 28 28 28 28 28;
Vmax;52 52 52 52 52 52 52 52 52;42 42 42 42 42 42 42 42 42;38 38 38 38 38 38 38 38 38;49 49 49 49 49 49 49 49 49;40 40 40 40 40 40 40 40 40;28 28 28 28 28 28 28 28 28;
d;3.000 57.867 3.000 71.535 3.000 24.332 3.000 5.787 3.000
S;0.21394633316802431 0.21298479470648585 0.21113007120419106 0.21016853274265257 0.2023698169782312 0.20140827851669271 0.17848028340696617 0.17751874494542769 0.15897168762874003 0.15801014916720157;0.30726444205099962 0.30607396586052343 0.30377764152434888 0.3025871653338727 0.29293161248268434 0.2917411362922081 0.2633540947277847 0.26216361853730852 0.23920059519283809 0.23801011900236191;0.48273640889751906 0.48142061942383485 0.47888257673648404 0.47756678726279989 0.4668948604272759 0.46557907095359169 0.43420391975080797 0.43288813027712375 0.40750794658060385 0.40619215710691964;0.47420934496922096 0.47517088343075936 0.4941987099782163 0.4951602484397547 0.51808824354948124 0.5190497820110197 0.52684849777544107 0.52781003623697953 0.52966475973927429 0.53062629820081275;0.56835533167713159 0.56954580786760767 0.59310406930731618 0.59429454549779237 0.62268158706221577 0.62387206325269196 0.63352761610388031 0.6347180922943565 0.63701441663053104 0.63820489282100712;0.61849806668664398 0.61981385616032825 0.64585193459369028 0.64716772406737455 0.67854287527015833 0.6798586647438426 0.69053059157936647 0.69184638105305074 0.69438442374040155 0.69570021321408571;
