m;8
n;16
P;9
P1;2 4 6 8
Q;10
M;100
h;1 1 1 1 1 1 1 1 1
Vmin;44 44 44 44 44 44 44 44 44;47 47 47 47 47 47 47 47 47;46 46 46 46 46 46 46 46 46;44 44 44 44 44 44 44 44 44;30 30 30 30 30 30 30 30 30;49 49 49 49 49 49 49 49 49;41 41 41 41 41 41 41 41 41;46 46 46 46 46 46 46 46 46;52 52 52 52 52 52 52 52 52;50 50 50 50 50 50 50 50 50;42 42 42 42 42 42 42 42 42;45 45 45 45 45 45 45 45 45;50 50 50 50 50 50 50 50 50;28 28 28 28 28 28 28 28 28;38 38 38 38 38 38 38 38 38;50 50 50 50 50 50 50 50 50;
Vmax;44 44 44 44 44 44 44 44 44;47 47 47 47 47 47 47 47 47;46 46 46 46 46 46 46 46 46;44 44 44 44 44 44 44 44 44;30 30 30 30 30 30 30 30 30;49 49 49 49 49 49 49 49 49;41 41 41 41 41 41 41 41 41;46 46 46 46 46 46 46 46 46;52 52 52 52 52 52 52 52 52;50 50 50 50 50 50 50 50 50;42 42 42 42 42 42 42 42 42;45 45 45 45 45 45 45 45 45;50 50 50 50 50 50 50 50 50;28 28 28 28 28 28 28 28 28;38 38 38 38 38 38 38 38 38;50 50 50 50 50 50 50 50 50;
d;3.000 18.225 3.000 11.491 3.000 5.220 3.000 82.414 3.000
S;0.14935965901156217 0.14822329537519854 0.11700581906117592 0.11586945542481228 0.11389231269533315 0.11275594905896952 0.10840347567148786 0.10726711203512423 0.1003637607530105 0.099227397116646854;0.27266662336471087 0.27160279357747685 0.24237792213456205 0.24131409234732801 0.23946315021760287 0.23839932043036879 0.23432466449315195 0.23326083470591788 0.22679812286734333 0.22573429308010926;0.41929053934006938 0.41820358281833026 0.38834338808317814 0.38725643156143902 0.38536525155932855 0.38427829503758942 0.38011505962347658 0.37902810310173746 0.37242489752754171 0.37133794100580259;0.50690188186630503 0.50576551822994142 0.47454804191591882 0.47341167827955516 0.47143453555007603 0.47029817191371243 0.4659456985262308 0.46480933488986714 0.45790598360775348 0.45676961997138987;1.0230875032073139 1.0214208365406472 0.97563520461341402 0.97396853794674731 0.9710687286101779 0.9694020619435112 0.96301843430853817 0.96135176764187158 0.95122685242810479 0.94956018576143808;1.2554050264682375 1.2543846183049721 1.2263525987576864 1.2253321905944212 1.2235567971230521 1.2225363889597867 1.2186280455098033 1.2176076373465381 1.21140870966464 1.2103883015013748;1.3494984796019411 1.3482789674068192 1.3147772855088435 1.3135577733137216 1.3114359616040367 1.3102164494089148 1.3055455023589344 1.3043259901638122 1.2969175156171537 1.2956980034220318;1.4118465411114787 1.4107595845897396 1.3808993898545874 1.3798124333328483 1.3779212533307377 1.3768342968089986 1.3726710613948858 1.3715841048731467 1.3649808992989512 1.3638939427772121;1.4607504700890084 1.4618868337253721 1.4693583668256676 1.4704947304620313 1.4748472038495128 1.4759835674858763 1.4779607102153556 1.4790970738517191 1.5103145501657418 1.5114509138021053;1.5499382476033134 1.5510020773905473 1.5579967041227389 1.559060533909973 1.5631351898471899 1.5641990196344238 1.566049961764149 1.5671137915513829 1.5963386629942977 1.5974024927815316;1.9284228441769353 1.9295098006986744 1.9366564845337395 1.9377434410554786 1.9419066764695916 1.9429936329913307 1.9448848129934411 1.9459717695151801 1.9758319642503324 1.9769189207720714;2.1876332505874347 2.1887696142237987 2.1962411473240939 2.1973775109604574 2.2017299843479394 2.2028663479843029 2.2048434907137819 2.2059798543501454 2.2371973306641677 2.2383336943005312;2.5874790259117559 2.5891456925784224 2.6001039411255227 2.6017706077921892 2.6081542354271625 2.609820902093829 2.6127207114303985 2.614387378097065 2.6601730100242986 2.6618396766909651;2.6802850874424227 2.6813054956056876 2.6880146273692187 2.6890350355324837 2.6929433789824673 2.6939637871457323 2.6957391806171014 2.6967595887803664 2.724791608327652 2.7258120164909174;2.7822188255410851 2.7834383377362069 2.7914565683804264 2.7926760805755482 2.7973470276255283 2.7985665398206501 2.8006883515303351 2.8019078637254569 2.8354095456234325 2.8366290578185542;2.855159178715081 2.85624613523682 2.8633928190718851 2.8644797755936242 2.868643011007737 2.8697299675294761 2.8716211475315867 2.8727081040533258 2.902568298788478 2.9036552553102171;
