m;6
n;12
P;9
P1;2 4 6 8
Q;10
M;100
h;1 1 1 1 1 1 1 1 1
Vmin;37 37 37 37 37 37 37 37 37;48 48 48 48 48 48 48 48 48;52 52 52 52 52 52 52 52 52;40 40 40 40 40 40 40 40 40;43 43 43 43 43 43 43 43 43;40 40 40 40 40 40 40 40 40;49 49 49 49 49 49 49 49 49;41 41 41 41 41 41 41 41 41;49 49 49 49 49 49 49 49 49;28 28 28 28 28 28 28 28 28;49 49 49 49 49 49 49 49 49;46 46 46 46 46 46 46 46 46;
Vmax;37 37 37 37 37 37 37 37 37;48 48 48 48 48 48 48 48 48;52 52 52 52 52 52 52 52 52;40 40 40 40 40 40 40 40 40;43 43 43 43 43 43 43 43 43;40 40 40 40 40 40 40 40 40;49 49 49 49 49 49 49 49 49;41 41 41 41 41 41 41 41 41;49 49 49 49 49 49 49 49 49;28 28 28 28 28 28 28 28 28;49 49 49 49 49 49 49 49 49;46 46 46 46 46 46 46 46 46;
d;3.000 51.698 3.000 19.871 3.000 22.370 3.000 68.285 3.000
S;0.24514996484302345 0.24379861349167212 0.21303960660527718 0.21168825525392582 0.20161182764308333 0.20026047629173199 0.19130970161703972 0.18995835026568839 0.1666707914678183 0.16531944011646696;0.33391352292644388 0.33287185625977717 0.30916178845151443 0.30812012178484777 0.30035287550149004 0.29931120883482337 0.29241165335641472 0.29136998668974806 0.27341916011638989 0.27237749344972323;0.42785243455404859 0.42689089609251013 0.40500467965411374 0.40404314119257534 0.3968733753925528 0.39591183693101434 0.38954301648940637 0.38858147802786797 0.37201148426784497 0.37104994580630651;0.62094358722791831 0.61969358722791823 0.59124150585800295 0.58999150585800286 0.58067081031797363 0.57942081031797354 0.57114134374388326 0.56989134374388317 0.54835035185585335 0.54710035185585326;0.81482617261552504 0.81366338191785059 0.78719632948072005 0.78603353878304572 0.77736312432720445 0.77620033362953011 0.76849850425828337 0.76733571356060892 0.74729758157174386 0.74613479087406953;1.0514748017130588 1.0502248017130589 1.0217727203431435 1.0205227203431435 1.0112020248031142 1.0099520248031142 1.0016725582290238 1.0004225582290238 0.97888156634099388 0.97763156634099391;1.2367043349695366 1.2380556863208878 1.2620189207944335 1.2633702721457849 1.2723210468204771 1.2736723981718285 1.2837488257826708 1.2851001771340222 1.3158591840204172 1.3172105353717685;1.3880331231705658 1.3890747898372324 1.4075464497439241 1.4085881164105907 1.4154876718889993 1.4165293385556659 1.4242965848390237 1.4253382515056903 1.4490483193139532 1.4500899859806198;1.714543212748372 1.7155047512099104 1.7325555142007025 1.733517052662241 1.7398858731038489 1.7408474115653874 1.7480171773654098 1.7489787158269483 1.7708649322653447 1.7718264707268832;1.7817804441335228 1.7830304441335227 1.8051964360215527 1.8064464360215526 1.814725902595643 1.815975902595643 1.8252965981356724 1.8265465981356723 1.8549986795055877 1.8562486795055877;1.8355959104721802 1.8367587011698547 1.8573782285075568 1.8585410192052312 1.8662428485764779 1.8674056392741525 1.8760760537299936 1.8772388444276682 1.9037058968647986 1.904868687562473;1.9034675220460018 1.904717522046002 1.9268835139340319 1.9281335139340319 1.9364129805081223 1.9376629805081222 1.9469836760481516 1.9482336760481516 1.976685757418067 1.9779357574180669;
