m;2
n;4
P;9
P1;2 4 6 8
Q;10
M;100
h;1 1 1 1 1 1 1 1 1
Vmin;51 51 51 51 51 51 51 51 51;28 28 28 28 28 28 28 28 28;52 52 52 52 52 52 52 52 52;42 42 42 42 42 42 42 42 42;
Vmax;51 51 51 51 51 51 51 51 51;28 28 28 28 28 28 28 28 28;52 52 52 52 52 52 52 52 52;42 42 42 42 42 42 42 42 42;
d;3.000 27.147 3.000 33.563 3.000 20.765 3.000 33.471 3.000
S;0.10244804111214899 0.10146764895528625 0.090529537816787867 0.089549145659925125 0.082763046719315281 0.081782654562452539 0.070814379653534487 0.069833987496671746 0.060962257727588377 0.059981865570725636;0.31848543704845172 0.31669972276273745 0.29677673461761539 0.29499102033190111 0.28263062583293319 0.28084491154721891 0.26086698224883242 0.25908126796311814 0.2429220458837163 0.24113633159800199;0.36749779303830155 0.36847818519516429 0.37784011104267901 0.37882050319954175 0.3897887781084598 0.39076917026532254 0.39755526920593243 0.39853566136279517 0.40947377250129352 0.41045416465815626;0.61633721221298743 0.6181229264987016 0.63517500572096053 0.63696072000667481 0.6569386493050613 0.65872436359077546 0.67108475808974355 0.67287047237545772 0.69279346052057977 0.69457917480629405;
