m;1
n;2
P;9
P1;2 4 6 8
Q;10
M;100
h;1 1 1 1 1 1 1 1 1
Vmin;45 45 45 45 45 45 45 45 45;52 52 52 52 52 52 52 52 52;
Vmax;45 45 45 45 45 45 45 45 45;52 52 52 52 52 52 52 52 52;
d;3.000 6.844 3.000 5.030 3.000 40.963 3.000 5.511 3.000
S;0.084714359075371753 0.083603247964260635 0.081562017281676835 0.080450906170565731 0.065279508272489795 0.06416839716137869 0.062305439232949004 0.061194328121837893 0.058659671766444092 0.057548560655332981;0.24871102247830068 0.2498221335894118 0.25291234550036112 0.25402345661147224 0.25588641453990191 0.25699752565101303 0.27216892354908889 0.27328003466020001 0.27532126534278384 0.2764323764538949;
