m;5
n;10
P;9
P1;2 4 6 8
Q;10
M;100
h;1 1 1 1 1 1 1 1 1
Vmin;49 49 49 49 49 49 49 49 49;41 41 41 41 41 41 41 41 41;46 46 46 46 46 46 46 46 46;40 40 40 40 40 40 40 40 40;28 28 28 28 28 28 28 28 28;45 45 45 45 45 45 45 45 45;52 52 52 52 52 52 52 52 52;50 50 50 50 50 50 50 50 50;40 40 40 40 40 40 40 40 40;46 46 46 46 46 46 46 46 46;
Vmax;49 49 49 49 49 49 49 49 49;41 41 41 41 41 41 41 41 41;46 46 46 46 46 46 46 46 46;40 40 40 40 40 40 40 40 40;28 28 28 28 28 28 28 28 28;45 45 45 45 45 45 45 45 45;52 52 52 52 52 52 52 52 52;50 50 50 50 50 50 50 50 50;40 40 40 40 40 40 40 40 40;46 46 46 46 46 46 46 46 46;
d;3.000 11.275 3.000 23.959 3.000 28.800 3.000 33.403 3.000
S;0.19011854548224941 0.18909813731898409 0.17773648360047037 0.17671607543720508 0.16692028833970832 0.165899880176443 0.1577506891008231 0.15673028093755778 0.15289535206162772 0.1518749438983624;0.53215631796895935 0.53093680577383728 0.51735824401268682 0.51613873181756487 0.50443157162787355 0.5032120594327516 0.49347278229359609 0.49225327009847414 0.48767006241748451 0.48645055022236255;0.78462099504964433 0.78353403852790515 0.77143140739296667 0.77034445087122749 0.7599098080934592 0.75882285157172003 0.75014219151290751 0.74905523499116833 0.74497020205811237 0.74388324553637319;0.92643793759105864 0.92518793759105855 0.91126991178587924 0.91001991178587915 0.89802007259144567 0.89677007259144559 0.88678731352381124 0.88553731352381115 0.88083952565079693 0.87958952565079684;1.0438468530092706 1.0420611387235563 1.0221782447161574 1.0203925304304431 1.0032499030098239 1.0014641887241096 0.98720310434177483 0.98541739005606055 0.97870626452318288 0.9769205502374686;1.0906050252349477 1.0916254333982132 1.0959705663557757 1.0969909745190412 1.1051401655946611 1.1061605737579263 1.1159563608554233 1.1169767690186885 1.1283384227372022 1.1293588309004676;1.2642358502825306 1.2654553624776526 1.2706483262562032 1.2718678384513251 1.2816071155904807 1.2828266277856026 1.2945337879752938 1.2957533001704158 1.3093318619315666 1.3105513741266885;1.3633802808579847 1.3644672373797238 1.3690957485736492 1.3701827050953883 1.3788633651542008 1.3799503216759399 1.3903849644537083 1.3914719209754474 1.4035745521103857 1.4046615086321248;1.6372576953406413 1.6385076953406414 1.6438304832136557 1.6450804832136556 1.6550632422812901 1.6563132422812901 1.6683130814757237 1.6695630814757236 1.6834811072809031 1.684731107280903;1.9071303072050265 1.9089160214907408 1.9165200041664756 1.9183057184521899 1.9325668028345249 1.9343525171202391 1.9514951445408584 1.9532808588265729 1.9731637528339718 1.9749494671196861;
