m;1
n;2
P;9
P1;2 4 6 8
Q;10
M;100
h;1 1 1 1 1 1 1 1 1
Vmin;52 52 52 52 52 52 52 52 52;44 44 44 44 44 44 44 44 44;
Vmax;52 52 52 52 52 52 52 52 52;44 44 44 44 44 44 44 44 44;
d;3.000 48.199 3.000 54.615 3.000 25.055 3.000 24.098 3.000
S;3.2109000391400251 3.1532077314477176 2.6897892618038877 2.6320969541115802 2.1502706901150219 2.0925783824227144 1.0422924430649507 0.98460013537264301 0.057692307692307696 0;0 0.057692307692307696 1.0134462892187968 1.0711385969111045 2.1214245362688682 2.1791168439611757 2.6609431079577339 2.7186354156500414 3.1820538852938718 3.2397461929861793;
