m;8
n;16
P;9
P1;2 4 6 8
Q;10
M;100
h;1 1 1 1 1 1 1 1 1
Vmin;35 35 35 35 35 35 35 35 35;51 51 51 51 51 51 51 51 51;42 42 42 42 42 42 42 42 42;49 49 49 49 49 49 49 49 49;31 31 31 31 31 31 31 31 31;49 49 49 49 49 49 49 49 49;52 52 52 52 52 52 52 52 52;38 38 38 38 38 38 38 38 38;28 28 28 28 28 28 28 28 28;41 41 41 41 41 41 41 41 41;34 34 34 34 34 34 34 34 34;51 51 51 51 51 51 51 51 51;34 34 34 34 34 34 34 34 34;50 50 50 50 50 50 50 50 50;42 42 42 42 42 42 42 42 42;47 47 47 47 47 47 47 47 47;
Vmax;35 35 35 35 35 35 35 35 35;51 51 51 51 51 51 51 51 51;42 42 42 42 42 42 42 42 42;49 49 49 49 49 49 49 49 49;31 31 31 31 31 31 31 31 31;49 49 49 49 49 49 49 49 49;52 52 52 52 52 52 52 52 52;38 38 38 38 38 38 38 38 38;28 28 28 28 28 28 28 28 28;41 41 41 41 41 41 41 41 41;34 34 34 34 34 34 34 34 34;51 51 51 51 51 51 51 51 51;34 34 34 34 34 34 34 34 34;50 50 50 50 50 50 50 50 50;42 42 42 42 42 42 42 42 42;47 47 47 47 47 47 47 47 47;
d;3.000 11.754 3.000 19.403 3.000 70.738 3.000 48.289 3.000
S;4.7195435150174356 4.6338292293031502 3.254135127121184 3.1684208414068982 1.1473354287205353 1.0616211430062497 0.50725115684511846 0.42153687113083271 0.085714285714285715 0;3.4055690789335342 3.3467455495217697 2.399896655867479 2.3410731264557145 0.95405372559252422 0.8952301961807595 0.51478020567802241 0.45595667626625774 0.22549019607843135 0.16666666666666666;4.2662862625145301 4.194857691085959 3.0451126059343205 2.9736840345057489 1.2894461906004462 1.2180176191718748 0.75604263070426536 0.68461405927569396 0.40476190476190477 0.33333333333333331;3.8711025107267396 3.8098780209308214 2.8243822336579885 2.7631577438620702 1.3195253062289538 1.2583008164330354 0.8623222548893702 0.80109776509345187 0.56122448979591832 0.5;5.9951835384605463 5.8984093449121593 4.3406901972873584 4.2439160037389714 1.9620453765124322 1.8652711829640451 1.2393695856853486 1.1425953921369616 0.76344086021505375 0.66666666666666663;4.2044358440600744 4.1432113542641558 3.1577155669913224 3.0964910771954042 1.6528586395622873 1.5916341497663689 1.1956555882227038 1.1344310984267854 0.89455782312925169 0.83333333333333337;4.1766158274155814 4.1189235197232739 3.1902832586392584 3.1325909509469509 1.7722450001003602 1.7145526924080525 1.341419047876522 1.2837267401842143 1.0576923076923077 1;5.513614641024831 5.4346672726037788 4.1638963890151262 4.0849490205940739 2.2234229825934757 2.1444756141724231 1.6338716795503285 1.5549243111292759 1.2456140350877194 1.1666666666666667;0 0.085714285714285715 0.46439401398797564 0.55010829970226138 1.1044782858633926 1.1901925715776782 3.2112779842640413 3.2969922699783272 4.6766863721602938 4.7624006578745792;0.16666666666666666 0.22549019607843135 0.4853684409721401 0.54419197038390477 0.92464196088664186 0.98346549029840657 2.3704848911615972 2.4293084205733617 3.3761573142276524 3.4349808436394169;0.33333333333333331 0.40476190476190477 0.72032834498997966 0.79175691641855106 1.2537319048861604 1.3251604763147318 3.0093983202200345 3.0808268916486061 4.2305719768002445 4.3020005482288157;0.5 0.56122448979591832 0.83171000999141109 0.89293449978732942 1.2889130613309945 1.3501375511269129 2.7937699887600296 2.8549944785559478 3.8404902658287807 3.9017147556246989;0.66666666666666663 0.76344086021505375 1.1909824889111551 1.2877566824595421 1.9136582797382387 2.0104324732866257 4.2923031005131644 4.3890772940615514 5.9467964416863524 6.0435706352347394;0.83333333333333337 0.89455782312925169 1.1650433433247445 1.2262678331206629 1.622246394664328 1.6834708844602464 3.1271033220933631 3.1883278118892813 4.1738235991621142 4.2350480889580329;1 1.0576923076923077 1.3125728940303683 1.370265201722676 1.7433988462542065 1.8010911539465142 3.1614371047931051 3.2191294124854126 4.1477696735694281 4.2054619812617355;1.1666666666666667 1.2456140350877194 1.5943979953398022 1.6733453637608549 2.1839492983829496 2.2628966668040023 4.1244227048045996 4.2033700732256518 5.4741409568143045 5.5530883252353567;
