m;7
n;14
P;9
P1;2 4 6 8
Q;10
M;100
h;1 1 1 1 1 1 1 1 1
Vmin;44 44 44 44 44 44 44 44 44;37 37 37 37 37 37 37 37 37;28 28 28 28 28 28 28 28 28;46 46 46 46 46 46 46 46 46;50 50 50 50 50 50 50 50 50;52 52 52 52 52 52 52 52 52;41 41 41 41 41 41 41 41 41;48 48 48 48 48 48 48 48 48;40 40 40 40 40 40 40 40 40;44 44 44 44 44 44 44 44 44;32 32 32 32 32 32 32 32 32;51 51 51 51 51 51 51 51 51;44 44 44 44 44 44 44 44 44;41 41 41 41 41 41 41 41 41;
Vmax;44 44 44 44 44 44 44 44 44;37 37 37 37 37 37 37 37 37;28 28 28 28 28 28 28 28 28;46 46 46 46 46 46 46 46 46;50 50 50 50 50 50 50 50 50;52 52 52 52 52 52 52 52 52;41 41 41 41 41 41 41 41 41;48 48 48 48 48 48 48 48 48;40 40 40 40 40 40 40 40 40;44 44 44 44 44 44 44 44 44;32 32 32 32 32 32 32 32 32;51 51 51 51 51 51 51 51 51;44 44 44 44 44 44 44 44 44;41 41 41 41 41 41 41 41 41;
d;3.000 19.522 3.000 45.622 3.000 4.497 3.000 18.782 3.000
S;2.3505248779325081 2.2823430597506897 1.8554817506992869 1.7872999325174688 1.6850927103576734 1.6169108921758553 0.58004989521771533 0.51186807703589721 0.068181818181818177 0;2.9618854404242438 2.8808043593431627 2.3731855053360893 2.2921044242550082 2.1705607006055216 2.0894796195244405 0.85645573124989571 0.77537465016881468 0.24774774774774774 0.16666666666666666;4.0270152843701315 3.9198724272272742 3.2490903701464986 3.1419475130036414 2.9813361638953917 2.8741933067525345 1.2448403115326006 1.1376974543897433 0.44047619047619047 0.33333333333333331;2.7483281441093546 2.6831107528050069 2.2748086311036655 2.2095912397993178 2.1118278099073398 2.0466104186029921 1.0548303345560757 0.98961294325172777 0.56521739130434778 0.5;2.7351285592472738 2.6751285592472738 2.2994906072820394 2.2394906072820393 2.1495482517814195 2.0895482517814195 1.1771105744582562 1.1171105744582561 0.72666666666666657 0.66666666666666663;2.822238999276224 2.7645466915839165 2.4033563531558064 2.3456640454634989 2.2591810113282875 2.20148870363598 1.3241447831329387 1.266452475440631 0.89102564102564108 0.83333333333333337;3.5225145031470819 3.4493437714397648 2.9912487080675279 2.9180779763602107 2.8083921769692108 2.7352214452618937 1.6224925704775484 1.5493218387702312 1.0731707317073171 1;0 0.068181818181818177 0.54595898612680627 0.6141408043086245 1.6510018012667644 1.7191836194485826 1.8213908416083779 1.8895726597901961 2.3164339688415989 2.3846157870234173;0.16666666666666666 0.24774774774774774 0.81591519070935525 0.89699627179043628 2.1300201600649808 2.211101241146062 2.3326449647955485 2.4137260458766296 2.9213448998837031 3.0024259809647842;0.33333333333333331 0.44047619047619047 1.1912688829611717 1.2984117401040289 2.9277647353239633 3.0349075924668205 3.1955189415750702 3.3026617987179274 3.9734438557987031 4.0805867129415603;0.5 0.56521739130434778 1.0222216389039016 1.0874390302082495 2.0792191142551659 2.1444365055595136 2.2421999354514917 2.3074173267558393 2.7157194484571807 2.7809368397615284;0.66666666666666663 0.72666666666666657 1.1471105744582561 1.2071105744582562 2.1195482517814193 2.1795482517814193 2.2694906072820391 2.3294906072820392 2.7051285592472736 2.7651285592472736;0.83333333333333337 0.89102564102564108 1.2952986292867847 1.3529909369790925 2.2303348574821338 2.2880271651744413 2.3745101993096527 2.4322025070019602 2.7933928454300698 2.8510851531223773;1 1.0731707317073171 1.5859072046238896 1.6590779363312067 2.7718068111155523 2.8449775428228694 2.9546633422138693 3.0278340739211864 3.4859291372934234 3.5590998690007405;
