m;5
n;10
P;9
P1;2 4 6 8
Q;10
M;100
h;1 1 1 1 1 1 1 1 1
Vmin;37 37 37 37 37 37 37 37 37;51 51 51 51 51 51 51 51 51;44 44 44 44 44 44 44 44 44;52 52 52 52 52 52 52 52 52;49 49 49 49 49 49 49 49 49;51 51 51 51 51 51 51 51 51;42 42 42 42 42 42 42 42 42;40 40 40 40 40 40 40 40 40;28 28 28 28 28 28 28 28 28;46 46 46 46 46 46 46 46 46;
Vmax;37 37 37 37 37 37 37 37 37;51 51 51 51 51 51 51 51 51;44 44 44 44 44 44 44 44 44;52 52 52 52 52 52 52 52 52;49 49 49 49 49 49 49 49 49;51 51 51 51 51 51 51 51 51;42 42 42 42 42 42 42 42 42;40 40 40 40 40 40 40 40 40;28 28 28 28 28 28 28 28 28;46 46 46 46 46 46 46 46 46;
d;3.000 45.456 3.000 18.864 3.000 34.235 3.000 47.855 3.000
S;4.3624538452559376 4.2813727641748569 2.9879928821186632 2.9069118010375821 1.9816299857521331 1.900548904671052 1.3907077541820692 1.309626673100988 0.081081081081081086 0;3.3315841622445035 3.272760632832739 2.3344262085958922 2.2756026791841277 1.6043197935848807 1.545496264173116 1.1756115079360108 1.116787978524246 0.22549019607843135 0.16666666666666666;4.0017604304803722 3.9335786122985539 2.8459637114785723 2.777781893296754 1.9997040031703541 1.931522184988536 1.5027921266228004 1.4346103084409823 0.40151515151515149 0.33333333333333331;3.6040536975859552 3.5463613898936477 2.6260718584305867 2.5683795507382792 1.9100059514005563 1.8523136437082486 1.4895420558603185 1.4318497481680108 0.55769230769230771 0.5;3.960764468186456 3.8995399783905378 2.922906189899126 2.8616817001032078 2.1629995130509303 2.1017750232550121 1.7167929300286373 1.6555684402327189 0.72789115646258495 0.66666666666666663;0 0.081081081081081086 1.3501672136415286 1.4312482947226097 1.9410894452115928 2.0221705262926739 2.9474523415781224 3.0285334226592036 4.3219133047153973 4.4029943857964779;0.16666666666666666 0.22549019607843135 1.1461997432301285 1.2050232726418932 1.5749080288789985 1.6337315582907632 2.3050144438900104 2.3638379733017749 3.3021723975386217 3.3609959269503862;0.33333333333333331 0.40151515151515149 1.4687012175318914 1.5368830357137095 1.9656130940794452 2.0337949122612633 2.8118728023876631 2.8800546205694815 3.967669521389463 4.0358513395712814;0.5 0.55769230769230771 1.4606959020141645 1.5183882097064723 1.8811597975544023 1.93885210524671 2.5972257045844334 2.6549180122767408 3.5752075437398019 3.6328998514321094;0.66666666666666663 0.72789115646258495 1.6861806851306778 1.7474051749265962 2.132387268152971 2.1936117579488892 2.8922939450011667 2.9535184347970849 3.9301522232884967 3.9913767130844149;
