m;2
n;4
P;9
P1;2 4 6 8
Q;10
M;100
h;1 1 1 1 1 1 1 1 1
Vmin;52 52 52 52 52 52 52 52 52;28 28 28 28 28 28 28 28 28;45 45 45 45 45 45 45 45 45;50 50 50 50 50 50 50 50 50;
Vmax;52 52 52 52 52 52 52 52 52;28 28 28 28 28 28 28 28 28;45 45 45 45 45 45 45 45 45;50 50 50 50 50 50 50 50 50;
d;3.000 10.952 3.000 83.665 3.000 9.851 3.000 62.398 3.000
S;3.4974234795195196 3.4397311718272121 2.2397722793866675 2.18207997169436 1.9926298130847333 1.9349375053924256 0.32599665322098037 0.26830434552867266 0.057692307692307696 0;6.6618817000600599 6.5547388429172031 4.3262437569561918 4.219100899813335 3.8672648909668856 3.7601220338240284 0.77208902264848722 0.66494616550563013 0.27380952380952378 0.16666666666666666;0 0.057692307692307696 0.29715049937482652 0.35484280706713422 1.9637836592385796 2.021475966930887 2.2109261255405137 2.2686184332328212 3.4685773256733659 3.5262696333656733;0.16666666666666666 0.27380952380952378 0.71851759407705873 0.82566045121991583 3.8136934623954568 3.920836319538314 4.272672328384763 4.3798151855276197 6.608310271488631 6.7154531286314878;
