m;4
n;8
P;9
P1;2 4 6 8
Q;10
M;100
h;1 1 1 1 1 1 1 1 1
Vmin;38 38 38 38 38 38 38 38 38;47 47 47 47 47 47 47 47 47;32 32 32 32 32 32 32 32 32;34 34 34 34 34 34 34 34 34;52 52 52 52 52 52 52 52 52;50 50 50 50 50 50 50 50 50;46 46 46 46 46 46 46 46 46;28 28 28 28 28 28 28 28 28;
Vmax;38 38 38 38 38 38 38 38 38;47 47 47 47 47 47 47 47 47;32 32 32 32 32 32 32 32 32;34 34 34 34 34 34 34 34 34;52 52 52 52 52 52 52 52 52;50 50 50 50 50 50 50 50 50;46 46 46 46 46 46 46 46 46;28 28 28 28 28 28 28 28 28;
d;3.000 80.818 3.000 123.532 3.000 22.503 3.000 32.434 3.000
S;7.2180869327981663 7.1391395643771141 6.2856157145862062 6.2066683461651539 5.6144780702582571 5.5355307018372049 2.2846942404531236 2.205746872032071 0.078947368421052627 0;6.0025667399928446 5.9387369527588021 5.2486538401618983 5.1848240529278558 4.7060319149605769 4.6422021277265344 2.0138662653308943 1.9500364780968518 0.23049645390070922 0.16666666666666666;8.9048115660311584 8.8110615660311584 7.7975019944044561 7.7037519944044561 7.0005260417650153 6.9067760417650153 3.0464077438714177 2.9526577438714177 0.42708333333333331 0.33333333333333331;8.5672736307744213 8.4790383366567745 7.5250999163022314 7.4368646221845847 6.7750049020533467 6.6867696079357 3.0534817981534914 2.9652465040358442 0.58823529411764708 0.5;0 0.078947368421052627 2.2452205562425971 2.3241679246636497 5.5750043860477314 5.6539517544687836 6.2461420303756814 6.3250893987967336 7.1786132485876415 7.2575606170086937;0.16666666666666666 0.23049645390070922 1.981951371713873 2.0457811589479156 4.6741170213435561 4.7379468085775986 5.2167389465448775 5.28056873377892 5.9706518463758238 6.0344816336098663;0.33333333333333331 0.42708333333333331 2.9995327438714177 3.0932827438714177 6.9536510417650153 7.0474010417650153 7.7506269944044561 7.8443769944044561 8.8579365660311584 8.9516865660311584;0.5 0.58823529411764708 3.0093641510946676 3.0975994452123148 6.7308872549945242 6.819122549112171 7.4809822692434089 7.5692175633610557 8.5231559837155988 8.6113912778332455;
