Vermelho 1 2 0 20 2020-01-01T00:04:10 40 52
Azul 1 2 0 20 2020-01-01T00:30:50 70 49
Verde 1 2 0 20 2020-01-01T00:52:28 170 42
Amarelo 1 2 0 20 2020-01-01T02:17:46 60 50
Laranja 1 2 0 20 2020-01-01T02:28:28 180 41
Preto 1 2 0 20 2020-01-01T02:50:18 160 43
Roxo 20 19 0 1 2020-01-01T03:03:20 190 40
Rosa 20 19 0 1 2020-01-01T03:17:48 50 51
Branco 20 19 0 1 2020-01-01T03:43:36 330 28
Abobora 20 19 0 1 2020-01-01T04:08:00 290 32
Acafrao 20 19 0 1 2020-01-01T04:45:23 290 32
Ambar 20 19 0 1 2020-01-01T05:13:59 110 46
