Vermelho 1 2 0 20 2020-01-01T00:16:02 130 44
Azul 1 2 0 20 2020-01-01T00:26:45 260 36
Verde 1 2 0 20 2020-01-01T00:55:43 170 42
Amarelo 1 2 0 20 2020-01-01T01:11:38 230 38
Laranja 1 2 0 20 2020-01-01T01:28:15 130 44
Preto 1 2 0 20 2020-01-01T01:50:00 110 46
Roxo 1 2 0 20 2020-01-01T02:01:11 100 47
Rosa 1 2 0 20 2020-01-01T02:17:57 230 38
Branco 20 19 0 1 2020-01-01T02:58:32 150 43
Abobora 20 19 0 1 2020-01-01T03:49:32 140 44
Acafrao 20 19 0 1 2020-01-01T04:29:25 100 47
Ambar 20 19 0 1 2020-01-01T04:52:20 130 44
Ameixa 20 19 0 1 2020-01-01T05:07:23 60 49
Amendoa 20 19 0 1 2020-01-01T05:42:18 50 50
Ametista 20 19 0 1 2020-01-01T06:11:35 350 28
Anil 20 19 0 1 2020-01-01T06:47:58 30 52
