Vermelho 1 2 0 20 2020-01-01T00:00:00 170 42
Azul 1 2 0 20 2020-01-01T00:30:00 320 33
Verde 1 2 0 20 2020-01-01T01:00:00 270 36
Amarelo 1 2 0 20 2020-01-01T01:30:00 100 47
Laranja 1 2 0 20 2020-01-01T02:00:00 260 37
Preto 1 2 0 20 2020-01-01T02:30:00 50 50
Roxo 1 2 0 20 2020-01-01T03:00:00 220 39
Rosa 20 19 0 1 2020-01-01T00:00:00 120 45
Branco 20 19 0 1 2020-01-01T00:30:00 400 28
Abobora 20 19 0 1 2020-01-01T01:00:00 290 35
Acafrao 20 19 0 1 2020-01-01T01:30:00 30 52
Ambar 20 19 0 1 2020-01-01T02:00:00 30 52
Ameixa 20 19 0 1 2020-01-01T02:30:00 380 30
Amendoa 20 19 0 1 2020-01-01T03:00:00 220 39
