m;7
n;14
P;9
P1;2 4 6 8
Q;10
M;100
h;1 1 1 1 1 1 1 1 1
Vmin;57 57 57 57 57 57 57 57 57;49 49 49 49 49 49 49 49 49;55 55 55 55 55 55 55 55 55;44 44 44 44 44 44 44 44 44;50 50 50 50 50 50 50 50 50;35 35 35 35 35 35 35 35 35;41 41 41 41 41 41 41 41 41;65 65 65 65 65 65 65 65 65;58 58 58 58 58 58 58 58 58;60 60 60 60 60 60 60 60 60;60 60 60 60 60 60 60 60 60;55 55 55 55 55 55 55 55 55;55 55 55 55 55 55 55 55 55;45 45 45 45 45 45 45 45 45;
Vmax;57 57 57 57 57 57 57 57 57;49 49 49 49 49 49 49 49 49;55 55 55 55 55 55 55 55 55;44 44 44 44 44 44 44 44 44;50 50 50 50 50 50 50 50 50;35 35 35 35 35 35 35 35 35;41 41 41 41 41 41 41 41 41;65 65 65 65 65 65 65 65 65;58 58 58 58 58 58 58 58 58;60 60 60 60 60 60 60 60 60;60 60 60 60 60 60 60 60 60;55 55 55 55 55 55 55 55 55;55 55 55 55 55 55 55 55 55;45 45 45 45 45 45 45 45 45;
d;3.000 16.130 3.000 69.342 3.000 10.414 3.000 64.004 3.000
S;3.0682430254384845 3.0156114464911159 1.8927382586181001 1.8401066796707317 1.657403208469832 1.6047716295224637 0.3882439073592408 0.33561232841187238 0.052631578947368418 0;4.0691806622447668 4.0079561724488482 2.7017567498210551 2.6405322600251369 2.4279996506689883 2.36677516087307 0.95163066774442284 0.89040617794850452 0.56122448979591832 0.5;4.1798154990907923 4.1252700445453376 2.9615651043860307 2.907019649840576 2.717672416050553 2.6631269615050983 1.4023618676268492 1.3478164130813948 1.0545454545454545 1;5.4747693738634915 5.4065875556816732 3.9519563804825388 3.8837745623007205 3.6470905200631916 3.5789087018813732 2.0029523345335618 1.9347705163517437 1.5681818181818181 1.5;5.497797048999872 5.4377970489998724 4.1577216148246343 4.0977216148246347 3.889439657655609 3.8294396576556089 2.4425980543895345 2.3825980543895344 2.0600000000000001 2;7.4968529271426734 7.411138641428388 5.5824594497494768 5.4967451640351914 5.1991995109365838 5.1134852252222984 3.1322829348421926 3.0465686491279067 2.5857142857142859 2.5;7.2656061573169177 7.1924354256096006 5.6313678229568715 5.5581970912495544 5.3041947044580597 5.2310239727507426 3.5397537248652862 3.466582993157969 3.0731707317073171 3;0 0.052631578947368418 0.36192811788555657 0.41455969683292498 1.631087418996148 1.6837189979435163 1.8664224691444158 1.9190540480917841 3.0419272359648 3.0945588149121686;0.5 0.56122448979591832 0.92101842284646374 0.98224291264238206 2.3973874057710289 2.4586118955669471 2.6711445049230957 2.732368994719014 4.0385684173468075 4.0997929071427262;1 1.0545454545454545 1.3750891403541221 1.4296345948995766 2.6903996887778256 2.7449451433232803 2.9342923771133034 2.988837831658758 4.152542771818065 4.2070882263635196;1.5 1.5681818181818181 1.9688614254426529 2.037043243624471 3.6129996109722824 3.6811814291541007 3.9178654713916297 3.986047289573448 5.4406784647725814 5.5088602829543998;2 2.0600000000000001 2.4125980543895347 2.4725980543895347 3.8594396576556091 3.9194396576556092 4.127721614824635 4.1877216148246346 5.4677970489998726 5.5277970489998722;2.5 2.5857142857142859 3.0894257919850494 3.1751400776993353 5.1563423680794411 5.2420566537937265 5.5396023068923341 5.6253165926066195 7.4539957842855307 7.5397100699998161;3 3.0731707317073171 3.5031683590116276 3.5763390907189447 5.2676093386044007 5.3407800703117179 5.5947824571032125 5.6679531888105297 7.2290207914632587 7.3021915231705758;
