m;5
n;10
P;9
P1;2 4 6 8
Q;10
M;100
h;1 1 1 1 1 1 1 1 1
Vmin;63 63 63 63 63 63 63 63 63;46 46 46 46 46 46 46 46 46;62 62 62 62 62 62 62 62 62;35 35 35 35 35 35 35 35 35;47 47 47 47 47 47 47 47 47;50 50 50 50 50 50 50 50 50;65 65 65 65 65 65 65 65 65;63 63 63 63 63 63 63 63 63;48 48 48 48 48 48 48 48 48;64 64 64 64 64 64 64 64 64;
Vmax;63 63 63 63 63 63 63 63 63;46 46 46 46 46 46 46 46 46;62 62 62 62 62 62 62 62 62;35 35 35 35 35 35 35 35 35;47 47 47 47 47 47 47 47 47;50 50 50 50 50 50 50 50 50;65 65 65 65 65 65 65 65 65;63 63 63 63 63 63 63 63 63;48 48 48 48 48 48 48 48 48;64 64 64 64 64 64 64 64 64;
d;3.000 5.676 3.000 30.135 3.000 3.013 3.000 12.159 3.000
S;1.0473531086272618 0.99973406100821416 0.80673351578874897 0.75911446816970141 0.71128591764761473 0.66366687002856706 0.18533654849539849 0.13771750087635087 0.047619047619047616 0;1.9344183879025543 1.8692009965982064 1.6048741629280694 1.5396567716237215 1.4741524524304288 1.4089350611260809 0.75383049033065441 0.68861309902630663 0.56521739130434778 0.5;2.0642459007018945 2.015858803927701 1.8197453466885671 1.7713582499143736 1.7227582711580598 1.6743711743838663 1.188325847664679 1.1399387508904855 1.0483870967741935 1;3.3852355955290712 3.2995213098147853 2.9521203284197481 2.8664060427054623 2.7803146517657065 2.6946003660514206 1.8336057872917171 1.7478915015774315 1.5857142857142856 1.5;3.403898847734415 3.3400690605003724 3.0813662020147063 3.0175364147806638 2.9534258045063773 2.8895960172723347 2.2484298416002151 2.1846000543661726 2.0638297872340425 2;0 0.047619047619047616 0.16152702468587468 0.2091460723049223 0.68747639383809078 0.73509544145713845 0.78292399197922513 0.83054303959827269 1.0235435848177379 1.0711626324367856;0.5 0.56521739130434778 0.72122179467848047 0.78643918598282825 1.4415437567782547 1.5067611480826026 1.5722654672758953 1.6374828585802432 1.9018096922503802 1.9670270835547281;1 1.0483870967741935 1.1641322992775822 1.2125193960517757 1.698564722770963 1.7469518195451565 1.7955517983014704 1.8439388950756639 2.040052352314798 2.0884394490889915;1.5 1.5857142857142856 1.7907486444345744 1.87646293014886 2.7374575089085633 2.8231717946228492 2.909263185562605 2.9949774712768908 3.342378452671928 3.4280927383862139;2 2.0638297872340425 2.2165149479831938 2.2803447352172364 2.921510910889356 2.9853406981233985 3.0494513083976851 3.1132810956317276 3.3719839541173937 3.4358137413514362;
