m;4
n;8
P;9
P1;2 4 6 8
Q;10
M;100
h;1 1 1 1 1 1 1 1 1
Vmin;55 55 55 55 55 55 55 55 55;54 54 54 54 54 54 54 54 54;64 64 64 64 64 64 64 64 64;58 58 58 58 58 58 58 58 58;54 54 54 54 54 54 54 54 54;54 54 54 54 54 54 54 54 54;59 59 59 59 59 59 59 59 59;57 57 57 57 57 57 57 57 57;
Vmax;55 55 55 55 55 55 55 55 55;54 54 54 54 54 54 54 54 54;64 64 64 64 64 64 64 64 64;58 58 58 58 58 58 58 58 58;54 54 54 54 54 54 54 54 54;54 54 54 54 54 54 54 54 54;59 59 59 59 59 59 59 59 59;57 57 57 57 57 57 57 57 57;
d;3.000 30.996 3.000 49.923 3.000 52.687 3.000 109.512 3.000
S;4.6930777956314707 4.638532341086016 2.6474015890675586 2.592856134522104 1.634906770703205 1.5803613161577506 0.67266146986051811 0.61811601531506355 0.054545454545454543 0;5.2799866436987202 5.2244310881431648 3.1964275444206613 3.140871988865106 2.1651828220125235 2.1096272664569682 1.185118163746824 1.1295626081912684 0.55555555555555558 0.5;5.0331137306207951 4.9862387306207951 3.2751107406049331 3.2282357406049331 2.4049980060730669 2.3581230060730669 1.5780684506613827 1.5311934506613827 1.046875 1;5.9503323924091545 5.8986082544781198 4.0104670241157887 3.9587428861847545 3.0503426273909708 2.9986184894599361 2.1378686352125604 2.0861444972815257 1.5517241379310345 1.5;0 0.054545454545454543 0.64538874258779078 0.69993419713324534 1.6076340434304779 1.6621794979759323 2.6201288617948313 2.674674316340286 4.6658050683587433 4.720350522904198;0.5 0.55555555555555558 1.1573403859690461 1.2128959415246017 2.1374050442347459 2.1929605997903012 3.1686497666428837 3.224205322198439 5.2522088659209425 5.3077644214764979;1 1.046875 1.5546309506613827 1.6015059506613827 2.3815605060730669 2.4284355060730669 3.2516732406049331 3.2985482406049331 5.0096762306207951 5.0565512306207951;1.5 1.5517241379310345 2.1120065662470431 2.1637307041780778 3.0244805584254535 3.0762046963564882 3.9846049551502718 4.0363290930813065 5.9244703234436376 5.9761944613746723;
