m;6
n;12
P;9
P1;2 4 6 8
Q;10
M;100
h;1 1 1 1 1 1 1 1 1
Vmin;50 50 50 50 50 50 50 50 50;41 41 41 41 41 41 41 41 41;53 53 53 53 53 53 53 53 53;51 51 51 51 51 51 51 51 51;37 37 37 37 37 37 37 37 37;35 35 35 35 35 35 35 35 35;61 61 61 61 61 61 61 61 61;42 42 42 42 42 42 42 42 42;65 65 65 65 65 65 65 65 65;38 38 38 38 38 38 38 38 38;61 61 61 61 61 61 61 61 61;65 65 65 65 65 65 65 65 65;
Vmax;50 50 50 50 50 50 50 50 50;41 41 41 41 41 41 41 41 41;53 53 53 53 53 53 53 53 53;51 51 51 51 51 51 51 51 51;37 37 37 37 37 37 37 37 37;35 35 35 35 35 35 35 35 35;61 61 61 61 61 61 61 61 61;42 42 42 42 42 42 42 42 42;65 65 65 65 65 65 65 65 65;38 38 38 38 38 38 38 38 38;61 61 61 61 61 61 61 61 61;65 65 65 65 65 65 65 65 65;
d;3.000 43.498 3.000 42.870 3.000 16.489 3.000 35.533 3.000
S;3.0677942845769564 3.0077942845769563 2.2971357893954187 2.2371357893954187 1.9073555363066839 1.8473555363066838 0.98996294188307954 0.92996294188307949 0.059999999999999998 0;4.2412125421670206 4.1680418104597035 3.3013851090188036 3.2282143773114864 2.8260433369593705 2.7528726052520534 1.7072718803452189 1.6341011486379018 0.57317073170731703 0.5;3.894145551487695 3.8375417779027892 3.1671092352786969 3.1105054616937911 2.7993920153836638 2.7427882417987579 1.9339273036632825 1.8773235300783768 1.0566037735849056 1;4.5076414554676036 4.4488179260558391 3.7520939111719787 3.6932703817602142 3.3699564081438074 3.3111328787320429 2.4705519038069408 2.4117283743951763 1.5588235294117647 1.5;6.1456679521310216 6.0645868710499409 5.1042375532370521 5.0231564721559714 4.5775074814955188 4.4964264004144381 3.3377877593014591 3.256706678220378 2.0810810810810811 2;6.8825632636813658 6.7968489779670804 5.781622556279169 5.6959082705648836 5.2247936232952625 5.1390793375809771 3.9142327741186853 3.8285184884043995 2.5857142857142859 2.5;0 0.059999999999999998 0.95996294188307951 1.0199629418830796 1.8773555363066836 1.9373555363066837 2.2671357893954189 2.327135789395419 3.0377942845769565 3.0977942845769566;0.5 0.57317073170731703 1.6706865144915604 1.7438572461988775 2.7894579711057119 2.8626287028130291 3.264799743165145 3.3379704748724621 4.2046271763133616 4.2777979080206787;1 1.0566037735849056 1.9056254168708298 1.9622291904557354 2.7710901285912111 2.8276939021761169 3.1388073484862442 3.1954111220711501 3.8658436646952423 3.9224474382801482;1.5 1.5588235294117647 2.4411401391010585 2.499963668512823 3.3405446434379251 3.3993681728496896 3.7226821464660964 3.7815056758778609 4.4782296907617214 4.5370532201734859;2 2.0810810810810811 3.2972472187609183 3.3783282998419994 4.5369669409549784 4.6180480220360591 5.0636970126965117 5.1447780937775924 6.1051274115904812 6.1862084926715619;2.5 2.5857142857142859 3.8713756312615422 3.957089916975828 5.1819364804381198 5.2676507661524052 5.7387654134220263 5.8244796991363117 6.8397061208242231 6.9254204065385085;
