m;8
n;16
P;9
P1;2 4 6 8
Q;10
M;100
h;1 1 1 1 1 1 1 1 1
Vmin;60 60 60 60 60 60 60 60 60;64 64 64 64 64 64 64 64 64;62 62 62 62 62 62 62 62 62;65 65 65 65 65 65 65 65 65;35 35 35 35 35 35 35 35 35;49 49 49 49 49 49 49 49 49;41 41 41 41 41 41 41 41 41;50 50 50 50 50 50 50 50 50;58 58 58 58 58 58 58 58 58;50 50 50 50 50 50 50 50 50;58 58 58 58 58 58 58 58 58;64 64 64 64 64 64 64 64 64;61 61 61 61 61 61 61 61 61;60 60 60 60 60 60 60 60 60;53 53 53 53 53 53 53 53 53;46 46 46 46 46 46 46 46 46;
Vmax;60 60 60 60 60 60 60 60 60;64 64 64 64 64 64 64 64 64;62 62 62 62 62 62 62 62 62;65 65 65 65 65 65 65 65 65;35 35 35 35 35 35 35 35 35;49 49 49 49 49 49 49 49 49;41 41 41 41 41 41 41 41 41;50 50 50 50 50 50 50 50 50;58 58 58 58 58 58 58 58 58;50 50 50 50 50 50 50 50 50;58 58 58 58 58 58 58 58 58;64 64 64 64 64 64 64 64 64;61 61 61 61 61 61 61 61 61;60 60 60 60 60 60 60 60 60;53 53 53 53 53 53 53 53 53;46 46 46 46 46 46 46 46 46;
d;3.000 42.581 3.000 10.785 3.000 53.564 3.000 5.424 3.000
S;2.1225672892873688 2.072567289287369 1.9821629201771291 1.9321629201771291 1.0394287016491057 0.98942870164910568 0.80967775917599383 0.75967775917599378 0.050000000000000003 0;2.4899068337069084 2.4430318337069084 2.3582777376660586 2.3114027376660586 1.4744644077960365 1.4275894077960365 1.259072899227494 1.212197899227494 0.546875 0.5;3.0540973767297115 3.005710279955518 2.9182221808165765 2.869835084042383 2.0058987435313926 1.9575116467571989 1.7835591217832196 1.7351720250090261 1.0483870967741935 1;3.4592928824191089 3.4131390362652629 3.3296888493942722 3.2835350032404262 2.4594726476760971 2.4133188015222511 2.2473948546239941 2.2012410084701481 1.5461538461538462 1.5;5.6386867816354895 5.5529724959212041 5.3979935774465071 5.3122792917322217 3.78187777425561 3.6961634885413241 3.3880190157302752 3.3023047300159893 2.0857142857142859 2;5.099061986882492 5.0378374970865734 4.9271382696046473 4.8659137798087286 3.7727698387540065 3.7115453489580883 3.4914421540930531 3.4302176642971349 2.5612244897959182 2.5;6.1061960331034664 6.0330253013961492 5.900726224649457 5.8275554929421398 4.5211151731450325 4.4479444414377154 4.1848942817209664 4.1117235500136493 3.0731707317073171 3;6.0470807471448413 5.9870807471448417 5.8785955042125542 5.8185955042125546 4.7473144419789266 4.687314441978927 4.4716133110111924 4.4116133110111928 3.5600000000000001 3.5;0 0.050000000000000003 0.78467775917599381 0.83467775917599385 1.0144287016491058 1.0644287016491059 1.9571629201771295 2.0071629201771293 2.0975672892873689 2.1475672892873687;0.5 0.546875 1.235635399227494 1.282510399227494 1.4510269077960365 1.4979019077960365 2.3348402376660586 2.3817152376660586 2.4664693337069084 2.5133443337069084;1 1.0483870967741935 1.7593655733961229 1.8077526701703164 1.9817051951442957 2.0300922919184892 2.8940286324294795 2.942415729203673 3.0299038283426145 3.078290925116808;1.5 1.5461538461538462 2.2243179315470711 2.2704717777009171 2.4363957245991741 2.4825495707530201 3.3066119263173492 3.3527657724711952 3.4362159593421859 3.4823698054960319;2 2.0857142857142859 3.345161872873132 3.4308761585874179 3.7390206313984669 3.8247349171127527 5.3551364345893644 5.4408507203036498 5.5958296387783468 5.6815439244926322;2.5 2.5612244897959182 3.4608299091950943 3.5220543989910125 3.7421575938560476 3.8033820836519658 4.896526024706688 4.9577505145026066 5.0684497419845327 5.1296742317804513;3 3.0731707317073171 4.1483089158673074 4.2214796475746246 4.4845298072913735 4.5577005389986907 5.8641408587957979 5.9373115905031151 6.0696106672498074 6.1427813989571245;3.5 3.5600000000000001 4.4416133110111922 4.5016133110111918 4.7173144419789264 4.777314441978926 5.8485955042125539 5.9085955042125535 6.0170807471448411 6.0770807471448407;
