m;2
n;4
P;19
P1;2 4 6 8 10 12 14 16 18
Q;20
M;100
h;1 1 1 1 1 1 1 1 1 1 1 1 1 1 1 1 1 1 1
Vmin;40 40 40 40 40 40 40 40 40 40 40 40 40 40 40 40 40 40 40;40 40 40 40 40 40 40 40 40 40 40 40 40 40 40 40 40 40 40;40 40 40 40 40 40 40 40 40 40 40 40 40 40 40 40 40 40 40;40 40 40 40 40 40 40 40 40 40 40 40 40 40 40 40 40 40 40;
Vmax;40 40 40 40 40 40 40 40 40 40 40 40 40 40 40 40 40 40 40;40 40 40 40 40 40 40 40 40 40 40 40 40 40 40 40 40 40 40;40 40 40 40 40 40 40 40 40 40 40 40 40 40 40 40 40 40 40;40 40 40 40 40 40 40 40 40 40 40 40 40 40 40 40 40 40 40;
d;3 56.6666666666667 3 56.6666666666667 3 56.6666666666667 3 56.6666666666667 3 56.6666666666667 3 56.6666666666667 3 56.6666666666667 3 56.6666666666667 3 56.6666666666667 3
S;13.499999999999996 13.424999999999997 12.008333333333331 11.933333333333332 10.516666666666666 10.441666666666666 9.0250000000000004 8.9500000000000011 7.5333333333333341 7.4583333333333339 6.041666666666667 5.9666666666666668 4.5499999999999998 4.4749999999999996 3.0583333333333331 2.9833333333333329 1.5666666666666664 1.4916666666666665 0.074999999999999997 0;14.499999999999995 14.424999999999995 13.008333333333329 12.93333333333333 11.516666666666664 11.441666666666665 10.024999999999999 9.9499999999999993 8.5333333333333332 8.4583333333333339 7.041666666666667 6.9666666666666668 5.5499999999999998 5.4749999999999996 4.0583333333333327 3.9833333333333329 2.5666666666666664 2.4916666666666663 1.075 1;0 0.074999999999999997 1.4916666666666665 1.5666666666666664 2.9833333333333329 3.0583333333333331 4.4749999999999996 4.5499999999999998 5.9666666666666668 6.041666666666667 7.4583333333333339 7.5333333333333341 8.9500000000000011 9.0250000000000004 10.441666666666666 10.516666666666666 11.933333333333332 12.008333333333331 13.424999999999997 13.499999999999996;1 1.075 2.4916666666666663 2.5666666666666664 3.9833333333333329 4.0583333333333327 5.4749999999999996 5.5499999999999998 6.9666666666666668 7.041666666666667 8.4583333333333339 8.5333333333333332 9.9499999999999993 10.024999999999999 11.441666666666665 11.516666666666664 12.93333333333333 13.008333333333329 14.424999999999995 14.499999999999995;
