m;5
n;10
P;19
P1;2 4 6 8 10 12 14 16 18
Q;20
M;100
h;1 1 1 1 1 1 1 1 1 1 1 1 1 1 1 1 1 1 1
Vmin;40 40 40 40 40 40 40 40 40 40 40 40 40 40 40 40 40 40 40;40 40 40 40 40 40 40 40 40 40 40 40 40 40 40 40 40 40 40;40 40 40 40 40 40 40 40 40 40 40 40 40 40 40 40 40 40 40;40 40 40 40 40 40 40 40 40 40 40 40 40 40 40 40 40 40 40;40 40 40 40 40 40 40 40 40 40 40 40 40 40 40 40 40 40 40;40 40 40 40 40 40 40 40 40 40 40 40 40 40 40 40 40 40 40;40 40 40 40 40 40 40 40 40 40 40 40 40 40 40 40 40 40 40;40 40 40 40 40 40 40 40 40 40 40 40 40 40 40 40 40 40 40;40 40 40 40 40 40 40 40 40 40 40 40 40 40 40 40 40 40 40;40 40 40 40 40 40 40 40 40 40 40 40 40 40 40 40 40 40 40;
Vmax;40 40 40 40 40 40 40 40 40 40 40 40 40 40 40 40 40 40 40;40 40 40 40 40 40 40 40 40 40 40 40 40 40 40 40 40 40 40;40 40 40 40 40 40 40 40 40 40 40 40 40 40 40 40 40 40 40;40 40 40 40 40 40 40 40 40 40 40 40 40 40 40 40 40 40 40;40 40 40 40 40 40 40 40 40 40 40 40 40 40 40 40 40 40 40;40 40 40 40 40 40 40 40 40 40 40 40 40 40 40 40 40 40 40;40 40 40 40 40 40 40 40 40 40 40 40 40 40 40 40 40 40 40;40 40 40 40 40 40 40 40 40 40 40 40 40 40 40 40 40 40 40;40 40 40 40 40 40 40 40 40 40 40 40 40 40 40 40 40 40 40;40 40 40 40 40 40 40 40 40 40 40 40 40 40 40 40 40 40 40;
d;3 56.6666666666667 3 56.6666666666667 3 56.6666666666667 3 56.6666666666667 3 56.6666666666667 3 56.6666666666667 3 56.6666666666667 3 56.6666666666667 3 56.6666666666667 3
S;13.499999999999996 13.424999999999997 12.008333333333331 11.933333333333332 10.516666666666666 10.441666666666666 9.0250000000000004 8.9500000000000011 7.5333333333333341 7.4583333333333339 6.041666666666667 5.9666666666666668 4.5499999999999998 4.4749999999999996 3.0583333333333331 2.9833333333333329 1.5666666666666664 1.4916666666666665 0.074999999999999997 0;14.499999999999995 14.424999999999995 13.008333333333329 12.93333333333333 11.516666666666664 11.441666666666665 10.024999999999999 9.9499999999999993 8.5333333333333332 8.4583333333333339 7.041666666666667 6.9666666666666668 5.5499999999999998 5.4749999999999996 4.0583333333333327 3.9833333333333329 2.5666666666666664 2.4916666666666663 1.075 1;15.499999999999993 15.424999999999994 14.008333333333328 13.933333333333328 12.516666666666662 12.441666666666663 11.024999999999997 10.949999999999998 9.5333333333333314 9.4583333333333321 8.0416666666666661 7.9666666666666668 6.5499999999999998 6.4749999999999996 5.0583333333333336 4.9833333333333334 3.5666666666666669 3.4916666666666667 2.0750000000000002 2;16.499999999999996 16.424999999999997 15.008333333333329 14.93333333333333 13.516666666666664 13.441666666666665 12.024999999999999 11.949999999999999 10.533333333333333 10.458333333333334 9.0416666666666679 8.9666666666666686 7.5500000000000016 7.4750000000000014 6.0583333333333345 5.9833333333333343 4.5666666666666673 4.4916666666666671 3.0750000000000002 3;17.499999999999996 17.424999999999997 16.008333333333329 15.933333333333328 14.516666666666662 14.441666666666663 13.024999999999997 12.949999999999998 11.533333333333331 11.458333333333332 10.041666666666666 9.9666666666666668 8.5500000000000007 8.4750000000000014 7.0583333333333345 6.9833333333333343 5.5666666666666673 5.4916666666666671 4.0750000000000002 4;0 0.074999999999999997 1.4916666666666665 1.5666666666666664 2.9833333333333329 3.0583333333333331 4.4749999999999996 4.5499999999999998 5.9666666666666668 6.041666666666667 7.4583333333333339 7.5333333333333341 8.9500000000000011 9.0250000000000004 10.441666666666666 10.516666666666666 11.933333333333332 12.008333333333331 13.424999999999997 13.499999999999996;1 1.075 2.4916666666666663 2.5666666666666664 3.9833333333333329 4.0583333333333327 5.4749999999999996 5.5499999999999998 6.9666666666666668 7.041666666666667 8.4583333333333339 8.5333333333333332 9.9499999999999993 10.024999999999999 11.441666666666665 11.516666666666664 12.93333333333333 13.008333333333329 14.424999999999995 14.499999999999995;2 2.0750000000000002 3.4916666666666667 3.5666666666666669 4.9833333333333334 5.0583333333333336 6.4749999999999996 6.5499999999999998 7.9666666666666668 8.0416666666666661 9.4583333333333321 9.5333333333333314 10.949999999999998 11.024999999999997 12.441666666666663 12.516666666666662 13.933333333333328 14.008333333333328 15.424999999999994 15.499999999999993;3 3.0750000000000002 4.4916666666666671 4.5666666666666673 5.9833333333333343 6.0583333333333345 7.4750000000000014 7.5500000000000016 8.9666666666666686 9.0416666666666679 10.458333333333334 10.533333333333333 11.949999999999999 12.024999999999999 13.441666666666665 13.516666666666664 14.93333333333333 15.008333333333329 16.424999999999997 16.499999999999996;4 4.0750000000000002 5.4916666666666671 5.5666666666666673 6.9833333333333343 7.0583333333333345 8.4750000000000014 8.5500000000000007 9.9666666666666668 10.041666666666666 11.458333333333332 11.533333333333331 12.949999999999998 13.024999999999997 14.441666666666663 14.516666666666662 15.933333333333328 16.008333333333329 17.424999999999997 17.499999999999996;
