m;5
n;10
P;19
P1;2 4 6 8 10 12 14 16 18
Q;20
M;100
h;1 1 1 1 1 1 1 1 1 1 1 1 1 1 1 1 1 1 1
Vmin;40 40 40 40 40 40 40 40 40 40 40 40 40 40 40 40 40 40 40;49 49 49 49 49 49 49 49 49 49 49 49 49 49 49 49 49 49 49;28 28 28 28 28 28 28 28 28 28 28 28 28 28 28 28 28 28 28;46 46 46 46 46 46 46 46 46 46 46 46 46 46 46 46 46 46 46;39 39 39 39 39 39 39 39 39 39 39 39 39 39 39 39 39 39 39;52 52 52 52 52 52 52 52 52 52 52 52 52 52 52 52 52 52 52;39 39 39 39 39 39 39 39 39 39 39 39 39 39 39 39 39 39 39;49 49 49 49 49 49 49 49 49 49 49 49 49 49 49 49 49 49 49;41 41 41 41 41 41 41 41 41 41 41 41 41 41 41 41 41 41 41;33 33 33 33 33 33 33 33 33 33 33 33 33 33 33 33 33 33 33;
Vmax;40 40 40 40 40 40 40 40 40 40 40 40 40 40 40 40 40 40 40;49 49 49 49 49 49 49 49 49 49 49 49 49 49 49 49 49 49 49;28 28 28 28 28 28 28 28 28 28 28 28 28 28 28 28 28 28 28;46 46 46 46 46 46 46 46 46 46 46 46 46 46 46 46 46 46 46;39 39 39 39 39 39 39 39 39 39 39 39 39 39 39 39 39 39 39;52 52 52 52 52 52 52 52 52 52 52 52 52 52 52 52 52 52 52;39 39 39 39 39 39 39 39 39 39 39 39 39 39 39 39 39 39 39;49 49 49 49 49 49 49 49 49 49 49 49 49 49 49 49 49 49 49;41 41 41 41 41 41 41 41 41 41 41 41 41 41 41 41 41 41 41;33 33 33 33 33 33 33 33 33 33 33 33 33 33 33 33 33 33 33;
d;3.000 86.987 3.000 131.004 3.000 19.104 3.000 8.368 3.000 79.425 3.000 13.782 3.000 129.165 3.000 34.988 3.000 6.618 3.000
S;0.33731008978251176 0.33606008978251178 0.33330243256293518 0.33205243256293515 0.31747412829064692 0.31622412829064689 0.26240555826381079 0.26115555826381082 0.255413253943022 0.25416325394302203 0.22106947679297254 0.21981947679297253 0.21633286651936154 0.21508286651936154 0.20712281550880635 0.20587281550880637 0.15128773899588663 0.15003773899588663 0.1137929967742714 0.1125429967742714;0.52688566496457379 0.52586525680130847 0.52361410805063369 0.52259369988736837 0.51069304333856158 0.50967263517529626 0.46573910862277701 0.46471870045951175 0.46003110509560252 0.4590106969323372 0.4319953686465825 0.43097496048331718 0.42812874801506334 0.42710833985179802 0.42061033902685502 0.4195899308635897 0.37503068473059398 0.37401027656732866 0.34442273189662237 0.34340232373335705;0.75658022394988733 0.75479450966417305 0.75085499935049216 0.74906928506477788 0.72824313610436608 0.72645742181865181 0.64957375035174314 0.64778803606602886 0.63958474417918787 0.63779902989347359 0.59052220539340294 0.58873649110768866 0.58375561928824438 0.58196990500253021 0.57059840355887981 0.56881268927316564 0.49083400854042314 0.48904829425470886 0.43727009108097281 0.43548437679525853;2.3478324444999088 2.3467454879781697 2.3443475251785384 2.3432605686567993 2.3305837823330702 2.3294968258113311 2.2826980692662557 2.2816111127445167 2.2766178046394834 2.2755308481177443 2.246753650595962 2.2456666940742229 2.2426348590536915 2.2415479025319525 2.2346261190445129 2.2335391625227738 2.1860738785984961 2.184986922076757 2.1534697549275261 2.1523827984057871;2.4714707356396506 2.4701886843575998 2.4673603179785468 2.466078266696496 2.4511261597505589 2.4498441084685081 2.3946455751076505 2.3933635238255992 2.3874739809324828 2.3861919296504315 2.3522495941119193 2.3509675428298684 2.3473915322928316 2.3461094810107803 2.3379453261281595 2.3366632748461087 2.2806785809867036 2.2793965297046528 2.2422224351183804 2.2409403838363295;2.9928052186185878 2.994055218618588 3.0309249608402031 3.0321749608402029 3.0867600373531228 3.0880100373531225 3.0959700883636776 3.0972200883636773 3.1007066986372882 3.101956698637288 3.1350504757873376 3.1363004757873374 3.1420427801081261 3.1432927801081259 3.1971113501349619 3.1983613501349617 3.2129396544072502 3.2141896544072499 3.2169473116268263 3.2181973116268261;3.3869249585754426 3.3879453667387076 3.4180431154910464 3.4190635236543114 3.4636227697873072 3.4646431779505722 3.4711411787755155 3.4721615869387805 3.4750077994070341 3.4760282075702995 3.5030435358560537 3.5040639440193191 3.508751539383228 3.509771947546493 3.5537054740990124 3.5547258822622774 3.5666265388110845 3.5676469469743495 3.5698980957250241 3.5709185038882891;3.7774524032867567 3.7792381175724707 3.8319091778890644 3.8336948921747784 3.9116735729075214 3.9134592871932354 3.9248307886368861 3.9266165029226001 3.9315973747420445 3.9333830890277586 3.9806599135278296 3.9824456278135441 3.9906489197003849 3.9924346339860994 4.0693183054530078 4.0711040197387227 4.0919301686991343 4.0937158829848483 4.0976553932985293 4.0994411075842434;4.2688026305272606 4.2698895870489997 4.3019502324591006 4.3030371889808396 4.3505024729051183 4.3515894294268573 4.3585112129142969 4.3595981694360368 4.3626300044565678 4.3637169609783077 4.3924941585000896 4.3935811150218296 4.3985744231268633 4.3996613796486033 4.4464601361936777 4.4475470927154168 4.4602238790391464 4.4613108355608855 4.4637087983605177 4.4647957548822577;4.6617418452829646 4.6630238965650168 4.7008390167923144 4.7021210680743657 4.7581057619337708 4.759387813215822 4.7675519680984424 4.7688340193804937 4.7724100299175314 4.7736920811995827 4.8076344167380949 4.8089164680201462 4.8148060109132631 4.8160880621953153 4.8712865955561728 4.8725686468382241 4.8875207537841607 4.888802805066212 4.8916311714452654 4.8929132227273167;
