m;7
n;14
P;19
P1;2 4 6 8 10 12 14 16 18
Q;20
M;100
h;1 1 1 1 1 1 1 1 1 1 1 1 1 1 1 1 1 1 1
Vmin;45 45 45 45 45 45 45 45 45 45 45 45 45 45 45 45 45 45 45;28 28 28 28 28 28 28 28 28 28 28 28 28 28 28 28 28 28 28;50 50 50 50 50 50 50 50 50 50 50 50 50 50 50 50 50 50 50;46 46 46 46 46 46 46 46 46 46 46 46 46 46 46 46 46 46 46;37 37 37 37 37 37 37 37 37 37 37 37 37 37 37 37 37 37 37;45 45 45 45 45 45 45 45 45 45 45 45 45 45 45 45 45 45 45;49 49 49 49 49 49 49 49 49 49 49 49 49 49 49 49 49 49 49;49 49 49 49 49 49 49 49 49 49 49 49 49 49 49 49 49 49 49;52 52 52 52 52 52 52 52 52 52 52 52 52 52 52 52 52 52 52;39 39 39 39 39 39 39 39 39 39 39 39 39 39 39 39 39 39 39;40 40 40 40 40 40 40 40 40 40 40 40 40 40 40 40 40 40 40;48 48 48 48 48 48 48 48 48 48 48 48 48 48 48 48 48 48 48;43 43 43 43 43 43 43 43 43 43 43 43 43 43 43 43 43 43 43;31 31 31 31 31 31 31 31 31 31 31 31 31 31 31 31 31 31 31;
Vmax;45 45 45 45 45 45 45 45 45 45 45 45 45 45 45 45 45 45 45;28 28 28 28 28 28 28 28 28 28 28 28 28 28 28 28 28 28 28;50 50 50 50 50 50 50 50 50 50 50 50 50 50 50 50 50 50 50;46 46 46 46 46 46 46 46 46 46 46 46 46 46 46 46 46 46 46;37 37 37 37 37 37 37 37 37 37 37 37 37 37 37 37 37 37 37;45 45 45 45 45 45 45 45 45 45 45 45 45 45 45 45 45 45 45;49 49 49 49 49 49 49 49 49 49 49 49 49 49 49 49 49 49 49;49 49 49 49 49 49 49 49 49 49 49 49 49 49 49 49 49 49 49;52 52 52 52 52 52 52 52 52 52 52 52 52 52 52 52 52 52 52;39 39 39 39 39 39 39 39 39 39 39 39 39 39 39 39 39 39 39;40 40 40 40 40 40 40 40 40 40 40 40 40 40 40 40 40 40 40;48 48 48 48 48 48 48 48 48 48 48 48 48 48 48 48 48 48 48;43 43 43 43 43 43 43 43 43 43 43 43 43 43 43 43 43 43 43;31 31 31 31 31 31 31 31 31 31 31 31 31 31 31 31 31 31 31;
d;3.000 26.098 3.000 67.054 3.000 5.803 3.000 3.815 3.000 37.401 3.000 66.692 3.000 53.233 3.000 29.367 3.000 21.121 3.000
S;0.85385586626025123 0.85274475514914017 0.84492201639531439 0.84381090528420322 0.83293409627252124 0.83182298516141018 0.81210721306580225 0.81099610195469107 0.78629539825895134 0.78518428714784017 0.77133212193417078 0.7702210108230596 0.76880819639105691 0.76769708527994573 0.76554768390951888 0.76443657279840771 0.73960174877660212 0.73849063766549095 0.72882462670474824 0.72771351559363706;1.8737213572260083 1.871935642940294 1.8593633842287884 1.8575776699430739 1.8400970840314421 1.8383113697457278 1.8066253074492153 1.8048395931635008 1.7651420336524906 1.7633563193667761 1.7410939109876649 1.7393081967019506 1.737037602079089 1.7352518877933747 1.73179749273376 1.7300117784480455 1.6900986684130008 1.6883129541272865 1.672778293654664 1.6709925793689497;2.2614646033851673 2.2604646033851674 2.2534241385067242 2.2524241385067243 2.2426350103962105 2.2416350103962102 2.2238908155101629 2.222890815510163 2.2006601821839973 2.1996601821839974 2.187193233491695 2.1861932334916947 2.1849217005028923 2.1839217005028924 2.1819872392695081 2.1809872392695078 2.1586358976498827 2.1576358976498828 2.1489364877852144 2.1479364877852145;2.4148346136668577 2.4137476571451186 2.4060949779294196 2.4050080214076806 2.3943676647658174 2.3932807082440783 2.3739935398896796 2.3729065833679406 2.3487428514916733 2.3476558949699342 2.3341048637826489 2.3330179072609099 2.3316358061861249 2.3305488496643858 2.3284461744107072 2.3273592178889682 2.3030642813458972 2.3019773248241582 2.292521444536475 2.2914344880147359;3.0352504461937895 3.0338990948424378 3.0243849531148119 3.0230336017634603 3.009805050262766 3.0084536989114148 2.9844750571735132 2.9831237058221616 2.9530823094354512 2.9517309580840996 2.9348837301215287 2.933532378770177 2.931814090947471 2.9304627395961194 2.9278486027942492 2.9264972514428975 2.8962927357407016 2.8949413843893499 2.8831854251127709 2.8818340737614192;4.1895461825995115 4.1884350714884011 4.180612332734575 4.1795012216234637 4.1686244126117815 4.1675133015006711 4.1477975294050626 4.1466864182939513 4.1219857145982122 4.1208746034871009 4.1070224382734315 4.1059113271623202 4.1044985127303182 4.1033874016192069 4.10123800024878 4.1001268891376688 4.0752920651158631 4.0741809540047518 4.0645149430440091 4.0634038319328987;4.8588366778593644 4.8578162696960998 4.8506321218609534 4.849611713697688 4.8396228074624705 4.8386023992992051 4.8204960779869124 4.8194756698236469 4.796791350103069 4.7957709419398045 4.7830495657231697 4.7820291575599043 4.7807316749182691 4.7797112667550037 4.7777373267209384 4.776716918557673 4.7539094271090763 4.7528890189458108 4.7440120701043131 4.7429916619410477;5.6631960080215347 5.664307119132646 5.6745286856489452 5.6756397967600556 5.7004746207818613 5.7015857318929726 5.7037351332633985 5.7048462443745098 5.7062590588065127 5.707370169917624 5.7212223351312925 5.7223334462424038 5.7470341499381439 5.7481452610492552 5.7678610331448628 5.7689721442559732 5.7798489532676554 5.7809600643787658 5.7887828031325919 5.7898939142437031;6.0335494383004464 6.0353351525861605 6.05176267020164 6.0535483844873541 6.0934614945223986 6.0952472088081127 6.0987016038677266 6.1004873181534407 6.1027579127763021 6.1045436270620161 6.1268060354411285 6.1285917497268416 6.1682893092378519 6.170075023523566 6.2017610858200785 6.2035468001057925 6.2210273860174237 6.2228131003031377 6.2353853590146429 6.2371710733003569;7.5306460656218785 7.5316460656218789 7.540845475486547 7.5418454754865474 7.5641968171061729 7.5651968171061723 7.5671312783395566 7.568131278339556 7.5694028113283585 7.5704028113283588 7.5828697600206603 7.5838697600206606 7.6061003933468259 7.6071003933468262 7.6248445882328735 7.6258445882328738 7.6356337163433876 7.6366337163433871 7.6436741812218303 7.6446741812218306;9.171758383607056 9.172845340128795 9.1828446986773482 9.1839316551990873 9.2082265917421573 9.2093135482638981 9.2114162235175758 9.2125031800393149 9.2138852811141003 9.2149722376358394 9.2285232688231247 9.2296102253448637 9.2537739572211315 9.2548609137428706 9.2741480820972697 9.2752350386190088 9.2858753952608719 9.2869623517826128 9.29461503099831 9.2957019875200508;10.37850152357688 10.379852874928229 10.392284509880485 10.393635861231836 10.423840376934031 10.42519172828538 10.427805865087253 10.429157216438602 10.430875504261309 10.43222685561266 10.44907408357523 10.450425434926581 10.480466831313292 10.481818182664643 10.505796824402545 10.507148175753894 10.52037672725459 10.521728078605941 10.531242220333565 10.532593571684917;11.894081569923651 11.895192681034763 11.905414247551061 11.906525358662174 11.93136018268398 11.932471293795091 11.934620695165517 11.93573180627663 11.937144620708633 11.938255731819744 11.952107897033414 11.953219008144526 11.977919711840265 11.979030822951378 11.998746595046985 11.999857706158098 12.01073451516978 12.011845626280891 12.019668365034716 12.02077947614583;13.324221008437128 13.325241416600393 13.334628569523524 13.335648977686789 13.358456469135385 13.359476877298651 13.361450817332717 13.362471225495982 13.363768708137616 13.36478911630088 13.377510492517517 13.378530900680781 13.401215220401358 13.402235628564624 13.420341949876917 13.421362358040181 13.431351264275401 13.432371672438666 13.439555820273812 13.440576228437076;
