m;6
n;12
P;19
P1;2 4 6 8 10 12 14 16 18
Q;20
M;100
h;1 1 1 1 1 1 1 1 1 1 1 1 1 1 1 1 1 1 1
Vmin;42 42 42 42 42 42 42 42 42 42 42 42 42 42 42 42 42 42 42;44 44 44 44 44 44 44 44 44 44 44 44 44 44 44 44 44 44 44;28 28 28 28 28 28 28 28 28 28 28 28 28 28 28 28 28 28 28;52 52 52 52 52 52 52 52 52 52 52 52 52 52 52 52 52 52 52;52 52 52 52 52 52 52 52 52 52 52 52 52 52 52 52 52 52 52;48 48 48 48 48 48 48 48 48 48 48 48 48 48 48 48 48 48 48;50 50 50 50 50 50 50 50 50 50 50 50 50 50 50 50 50 50 50;52 52 52 52 52 52 52 52 52 52 52 52 52 52 52 52 52 52 52;38 38 38 38 38 38 38 38 38 38 38 38 38 38 38 38 38 38 38;46 46 46 46 46 46 46 46 46 46 46 46 46 46 46 46 46 46 46;48 48 48 48 48 48 48 48 48 48 48 48 48 48 48 48 48 48 48;40 40 40 40 40 40 40 40 40 40 40 40 40 40 40 40 40 40 40;
Vmax;42 42 42 42 42 42 42 42 42 42 42 42 42 42 42 42 42 42 42;44 44 44 44 44 44 44 44 44 44 44 44 44 44 44 44 44 44 44;28 28 28 28 28 28 28 28 28 28 28 28 28 28 28 28 28 28 28;52 52 52 52 52 52 52 52 52 52 52 52 52 52 52 52 52 52 52;52 52 52 52 52 52 52 52 52 52 52 52 52 52 52 52 52 52 52;48 48 48 48 48 48 48 48 48 48 48 48 48 48 48 48 48 48 48;50 50 50 50 50 50 50 50 50 50 50 50 50 50 50 50 50 50 50;52 52 52 52 52 52 52 52 52 52 52 52 52 52 52 52 52 52 52;38 38 38 38 38 38 38 38 38 38 38 38 38 38 38 38 38 38 38;46 46 46 46 46 46 46 46 46 46 46 46 46 46 46 46 46 46 46;48 48 48 48 48 48 48 48 48 48 48 48 48 48 48 48 48 48 48;40 40 40 40 40 40 40 40 40 40 40 40 40 40 40 40 40 40 40;
d;3.000 49.553 3.000 98.349 3.000 4.740 3.000 11.348 3.000 9.042 3.000 82.394 3.000 12.417 3.000 4.330 3.000 6.414 3.000
S;0.31609241119582443 0.31490193500534824 0.31235667632680769 0.31116620013633151 0.30944798567384801 0.30825750948337183 0.3033302226560371 0.30213974646556085 0.26944367286114079 0.26825319667066455 0.26466495175302812 0.26347447556255194 0.25897126073268517 0.25778078454220898 0.25589972758469126 0.25470925139421507 0.2156818759912196 0.21449139980074342 0.19482743879091252 0.19363696260043634;0.56601906219785192 0.56488269856148832 0.56245313345924508 0.56131676982288137 0.5596766560177836 0.55854029238141989 0.55383697313714586 0.55270060950078215 0.52149072106019945 0.52035435742383584 0.51692921454791008 0.51579285091154647 0.51149432766485547 0.51035796402849187 0.50856240965995225 0.50742604602358865 0.47017264222982019 0.46903627859345659 0.45026613399316345 0.44912977035679985;1.1900991339663922 1.1883134196806779 1.1844955316628671 1.1827098173771526 1.1801324956834276 1.1783467813977133 1.1709558511567113 1.1691701368709968 1.1201260264643667 1.1183403121786524 1.1129579448021976 1.1111722305164833 1.1044174082716831 1.1026316939859688 1.0998101085496923 1.0980243942639778 1.0394833311594847 1.0376976168737704 1.0082016753590239 1.0064159610733097;1.362816591934878 1.3618550534733396 1.3597992676175954 1.3588377291560569 1.3574499405517433 1.3564884020902048 1.3525086704219729 1.3515471319604344 1.3251387648184028 1.3241772263568643 1.3212790285387732 1.3203174900772348 1.3166802780992657 1.3157187396377272 1.314199424402809 1.3132378859412706 1.2817157750388513 1.2807542365773128 1.264871806530911 1.2639102680693726;1.9521965505116752 1.9512350120501367 1.9491792261943923 1.9482176877328539 1.9468298991285404 1.945868360667002 1.9418886289987698 1.9409270905372316 1.9145187233951999 1.9135571849336614 1.9106589871155704 1.9096974486540319 1.9060602366760626 1.9050986982145242 1.9035793829796062 1.9026178445180677 1.8710957336156482 1.8701341951541097 1.8542517651077079 1.8532902266461695;2.0304835765178759 2.0294419098512093 2.0272148085074861 2.0261731418408195 2.0246697041861466 2.0236280375194799 2.0193166615455622 2.0182749948788956 1.9896659304750279 1.9886242638083613 1.9854845495054294 1.9844428828387628 1.9805025698626293 1.9794609031959627 1.9778149783581347 1.9767733116914679 1.9426243582138469 1.9415826915471801 1.9243767256635782 1.9233350589969116;3.1040299612586981 3.1052204374491748 3.1254796365542439 3.1266701127447201 3.1656974881477153 3.166887964338192 3.1687690212957094 3.1699594974861856 3.1744627123160525 3.1756531885065291 3.1792414334241657 3.1804319096146418 3.2131279832190618 3.2143184594095384 3.2192457462368731 3.2204362224273497 3.2221544368898329 3.2233449130803096 3.22589017175885 3.2270806479493266;3.355177098828475 3.3563134624648385 3.3756517888833133 3.3767881525196772 3.4140415563134452 3.4151779199498091 3.4169734743183486 3.4181098379547121 3.4224083612014033 3.4235447248377668 3.4269698677136926 3.4281062313500561 3.4593161197906386 3.4604524834270025 3.4651558026712763 3.4662921663076398 3.4679322801127381 3.4690686437491016 3.4714982088513446 3.4726345724877081;3.4688167054280394 3.4706024197137539 3.500991218371357 3.5027769326570715 3.5613179957615646 3.5631037100472791 3.5659252954835554 3.5677110097692699 3.5744658320140701 3.5762515462997846 3.5816339136762392 3.5834196279619532 3.6324637383685836 3.6342494526542977 3.6416403828952997 3.6434260971810142 3.6460034188747397 3.6477891331604537 3.6516070211782647 3.6533927354639792;3.8563211980104333 3.857282736471972 3.8736459357491433 3.874607474210682 3.906129585113101 3.9070911235746397 3.9086104388095579 3.9095719772710966 3.9132091892490659 3.9141707277106046 3.9170689255286955 3.9180304639902341 3.9444388311322656 3.9454003695938042 3.9493801012620362 3.9503416397235749 3.9517294283278885 3.9526909667894272 3.9547467526451716 3.9557082911067103;4.2002597084057918 4.2012212468673304 4.2175844461445013 4.21854598460604 4.2500680955084595 4.2510296339699982 4.2525489492049164 4.2535104876664551 4.257147699644424 4.2581092381059626 4.2610074359240535 4.2619689743855922 4.2883773415276236 4.2893388799891623 4.2933186116573943 4.2942801501189329 4.2956679387232457 4.2966294771847844 4.2986852630405288 4.2996468015020675;4.7224484138729315 4.723490080539599 4.7412168797565339 4.7422585464232005 4.7764074999008219 4.7774491665674885 4.7790950914053161 4.7801367580719836 4.7840770710481166 4.7851187377147832 4.7882584520177156 4.7893001186843822 4.8179091830882497 4.8189508497549163 4.8232622257288345 4.8243038923955011 4.8258073300501731 4.8268489967168398 4.8290760980605638 4.8301177647272304;
