m;1
n;2
P;19
P1;2 4 6 8 10 12 14 16 18
Q;20
M;100
h;1 1 1 1 1 1 1 1 1 1 1 1 1 1 1 1 1 1 1
Vmin;28 28 28 28 28 28 28 28 28 28 28 28 28 28 28 28 28 28 28;52 52 52 52 52 52 52 52 52 52 52 52 52 52 52 52 52 52 52;
Vmax;28 28 28 28 28 28 28 28 28 28 28 28 28 28 28 28 28 28 28;52 52 52 52 52 52 52 52 52 52 52 52 52 52 52 52 52 52 52;
d;3.000 28.178 3.000 36.287 3.000 79.297 3.000 3.994 3.000 45.247 3.000 5.566 3.000 3.642 3.000 40.115 3.000 39.029 3.000
S;1.5149537905276595 1.5131680762419453 1.4899364617501523 1.488150747464438 1.4642729302875019 1.4624872160017874 1.4603192306302846 1.4585335163445703 1.4552206154092984 1.4534349011235839 1.4265022218193972 1.424716507533683 1.422339084101345 1.4205533698156307 1.3733526315100555 1.3715669172243412 1.3499674510230451 1.3481817367373308 1.3314090163770802 1.3296233020913659;1.7911223045537215 1.792908018839436 1.8105735963425436 1.8123593106282578 1.833958776829554 1.8357444911152683 1.8829452294208435 1.8847309437065578 1.8871083671388957 1.88889408142461 1.9158267607287969 1.9176124750145112 1.9209253759497831 1.9227110902354976 1.9248790756070002 1.9266647898927147 1.9505426070696508 1.9523283213553653 1.9755599358471581 1.9773456501328723;
