m;2
n;4
P;19
P1;2 4 6 8 10 12 14 16 18
Q;20
M;100
h;1 1 1 1 1 1 1 1 1 1 1 1 1 1 1 1 1 1 1
Vmin;40 40 40 40 40 40 40 40 40 40 40 40 40 40 40 40 40 40 40;52 52 52 52 52 52 52 52 52 52 52 52 52 52 52 52 52 52 52;44 44 44 44 44 44 44 44 44 44 44 44 44 44 44 44 44 44 44;48 48 48 48 48 48 48 48 48 48 48 48 48 48 48 48 48 48 48;
Vmax;40 40 40 40 40 40 40 40 40 40 40 40 40 40 40 40 40 40 40;52 52 52 52 52 52 52 52 52 52 52 52 52 52 52 52 52 52 52;44 44 44 44 44 44 44 44 44 44 44 44 44 44 44 44 44 44 44;48 48 48 48 48 48 48 48 48 48 48 48 48 48 48 48 48 48 48;
d;3.000 76.571 3.000 13.018 3.000 29.873 3.000 40.518 3.000 14.129 3.000 16.689 3.000 102.724 3.000 3.036 3.000 25.152 3.000
S;0.9452553136781241 0.94400531367812401 0.93352513769872081 0.93227513769872072 0.93101021640360682 0.92976021640360673 0.8869585104611184 0.88570851046111831 0.87875456739632907 0.87750456739632898 0.87161764582590551 0.87036764582590542 0.85348532159734269 0.85223532159734261 0.83978805025256742 0.83853805025256745 0.83311380032525284 0.83186380032525287 0.79995923320981233 0.79870923320981235;0.98548085385119777 0.98451931538965931 0.97645764155934911 0.97549610309781065 0.97452308671695376 0.9735615482554153 0.9406371590688859 0.93967562060734744 0.93432643363443257 0.93336489517289423 0.92883649396487611 0.92787495550333765 0.91488855225059695 0.9139270137890585 0.90435218967769304 0.90339065121615458 0.8992181512720665 0.89825661281052804 0.87371463810634298 0.87275309964480452;0.97492177647937006 0.97617177647937015 1.0087013435948107 1.0099513435948106 1.0153755935221251 1.0166255935221253 1.0290728648669003 1.0303228648669005 1.0472051890954632 1.0484551890954632 1.0543421106658868 1.0555921106658868 1.0625460537306761 1.0637960537306761 1.1065977596731644 1.1078477596731644 1.1091126809682783 1.1103626809682785 1.1208428569476816 1.1220928569476816;2.2682921097574242 2.2692536482189629 2.2942763921539173 2.295237930615456 2.2994104305595444 2.3003719690210831 2.3099467931324482 2.3109083315939869 2.3238947348467276 2.3248562733082663 2.3293846745162843 2.330346212977823 2.3356953999507377 2.3366569384122764 2.369581327598806 2.3705428660603447 2.3715158824412015 2.3724774209027402 2.3805390947330505 2.3815006331945892;
