m;8
n;16
P;19
P1;2 4 6 8 10 12 14 16 18
Q;20
M;100
h;1 1 1 1 1 1 1 1 1 1 1 1 1 1 1 1 1 1 1
Vmin;39 39 39 39 39 39 39 39 39 39 39 39 39 39 39 39 39 39 39;43 43 43 43 43 43 43 43 43 43 43 43 43 43 43 43 43 43 43;40 40 40 40 40 40 40 40 40 40 40 40 40 40 40 40 40 40 40;45 45 45 45 45 45 45 45 45 45 45 45 45 45 45 45 45 45 45;47 47 47 47 47 47 47 47 47 47 47 47 47 47 47 47 47 47 47;36 36 36 36 36 36 36 36 36 36 36 36 36 36 36 36 36 36 36;33 33 33 33 33 33 33 33 33 33 33 33 33 33 33 33 33 33 33;28 28 28 28 28 28 28 28 28 28 28 28 28 28 28 28 28 28 28;44 44 44 44 44 44 44 44 44 44 44 44 44 44 44 44 44 44 44;49 49 49 49 49 49 49 49 49 49 49 49 49 49 49 49 49 49 49;44 44 44 44 44 44 44 44 44 44 44 44 44 44 44 44 44 44 44;40 40 40 40 40 40 40 40 40 40 40 40 40 40 40 40 40 40 40;42 42 42 42 42 42 42 42 42 42 42 42 42 42 42 42 42 42 42;50 50 50 50 50 50 50 50 50 50 50 50 50 50 50 50 50 50 50;52 52 52 52 52 52 52 52 52 52 52 52 52 52 52 52 52 52 52;44 44 44 44 44 44 44 44 44 44 44 44 44 44 44 44 44 44 44;
Vmax;39 39 39 39 39 39 39 39 39 39 39 39 39 39 39 39 39 39 39;43 43 43 43 43 43 43 43 43 43 43 43 43 43 43 43 43 43 43;40 40 40 40 40 40 40 40 40 40 40 40 40 40 40 40 40 40 40;45 45 45 45 45 45 45 45 45 45 45 45 45 45 45 45 45 45 45;47 47 47 47 47 47 47 47 47 47 47 47 47 47 47 47 47 47 47;36 36 36 36 36 36 36 36 36 36 36 36 36 36 36 36 36 36 36;33 33 33 33 33 33 33 33 33 33 33 33 33 33 33 33 33 33 33;28 28 28 28 28 28 28 28 28 28 28 28 28 28 28 28 28 28 28;44 44 44 44 44 44 44 44 44 44 44 44 44 44 44 44 44 44 44;49 49 49 49 49 49 49 49 49 49 49 49 49 49 49 49 49 49 49;44 44 44 44 44 44 44 44 44 44 44 44 44 44 44 44 44 44 44;40 40 40 40 40 40 40 40 40 40 40 40 40 40 40 40 40 40 40;42 42 42 42 42 42 42 42 42 42 42 42 42 42 42 42 42 42 42;50 50 50 50 50 50 50 50 50 50 50 50 50 50 50 50 50 50 50;52 52 52 52 52 52 52 52 52 52 52 52 52 52 52 52 52 52 52;44 44 44 44 44 44 44 44 44 44 44 44 44 44 44 44 44 44 44;
d;3.000 21.609 3.000 38.011 3.000 81.642 3.000 50.922 3.000 77.510 3.000 46.229 3.000 5.561 3.000 23.019 3.000 29.443 3.000
S;0.70522341027008395 0.70394135898803256 0.69135870701723812 0.69007665573518673 0.68023937782745847 0.67895732654540708 0.67658096202036611 0.67529891073831472 0.65554297478693735 0.65426092350488596 0.62113680308960517 0.61985475180755378 0.59809316511699295 0.59681111383494168 0.56192142935114187 0.56063937806909059 0.54439539326176556 0.54311334197971417 0.53387873527112439 0.53259668398907312;1.1411922383564073 1.1400294476587329 1.1286172749410357 1.1274544842433614 1.1185323019549567 1.1173695112572823 1.1152142038973614 1.1140514131996868 1.0961332387321585 1.0949704480344842 1.0649276411462061 1.0637648504485318 1.0440275974036044 1.0428648067059301 1.011220674267135 1.0100578835694605 0.99532496711630525 0.99416217641863081 0.98578660289223541 0.98462381219456108;3.4838269425645576 3.4825769425645579 3.4703088568930336 3.4690588568930338 3.4594675109329986 3.4582175109329989 3.455900555521084 3.4546505555210842 3.4353885179684913 3.4341385179684916 3.4018425005635931 3.4005925005635929 3.3793749535402964 3.3781249535402962 3.3441075111685921 3.3428575111685919 3.3270196259814502 3.3257696259814504 3.3167658844405756 3.3155158844405759;4.6656323830078206 4.6645212718967093 4.6536163068553549 4.6525051957442436 4.6439795548908789 4.6428684437797676 4.6408089278580658 4.6396978167469554 4.622576005589095 4.6214648944779837 4.5927573234514076 4.5916462123402964 4.5727861705418098 4.5716750594306994 4.5414373328780728 4.5403262217669615 4.5262481016006131 4.5251369904895018 4.5171336646753906 4.5160225535642802;5.0304288693811134 5.0293650395938796 5.0189241156181144 5.0178602858308796 5.0096974382053183 5.0086336084180836 5.0066617314717723 5.0055979016845384 4.9892046782355228 4.9881408484482881 4.9606548761887996 4.9595910464015658 4.9415335595732275 4.9404697297859927 4.9115187150015638 4.9104548852143299 4.8969758339912302 4.8959120042039954 4.8882492454458042 4.8871854156585695;5.2286077216993183 5.2272188328104301 5.213587626508736 5.2121987376198469 5.2015416865531412 5.200152797664253 5.1975784027621241 5.1961895138732359 5.1747872499259104 5.1733983610370213 5.1375138972538004 5.1361250083649121 5.1125499561168049 5.1111610672279157 5.0733639090371323 5.0719750201482441 5.0543773699403092 5.0529884810514201 5.0429843237837817 5.0415954348948926;6.3964171575867583 6.3949020060716073 6.3800315991970331 6.3785164476818812 6.36689057379093 6.365375422275779 6.3625669914734582 6.3610518399583071 6.3377039156521331 6.3361887641369821 6.2970420763734687 6.2955269248583177 6.2698086860422002 6.2682935345270492 6.2270602710461951 6.2255451195310441 6.206347682940569 6.204832531425418 6.1939189053152663 6.1924037538001153;7.8460802274760377 7.8442945131903237 7.8267686765167177 7.8249829622310036 7.8112810394309538 7.8094953251452397 7.8061853888425041 7.8043996745567901 7.7768824780530856 7.7750967637673716 7.7289595960460877 7.7271738817603746 7.6968631002985211 7.6950773860128079 7.646481039767516 7.644695325481802 7.6220697752144559 7.6202840609287419 7.6074215730132071 7.605635858727493;7.9951584802563298 7.9964405315383811 8.0063161638879965 8.0075982151700469 8.0238421999773735 8.0251242512594239 8.0600139357432248 8.0612959870252769 8.0830575737158377 8.0843396249978881 8.1174637454131702 8.1187457966952206 8.1385017326465992 8.1397837839286513 8.1421601484536907 8.1434421997357429 8.1532794776434709 8.1545615289255231 8.167144180896317 8.1684262321783692;9.3032160213754587 9.3043788120731339 9.3133357809483659 9.3144985716460393 9.3292314880991949 9.3303942787968683 9.3620384112356643 9.3632012019333395 9.382938454978266 9.3841012456759394 9.4141440525642164 9.4153068432618916 9.4332250177294199 9.4343878084270933 9.4365431157870141 9.4377059064846893 9.4466280887730925 9.4477908794707677 9.4592030521884638 9.460365842886139;9.8367961763965024 9.8380461763965048 9.847674917937379 9.8489249179373797 9.8647628031245223 9.8660128031245229 9.900030245496227 9.9012802454962276 9.9224977925195237 9.9237477925195243 9.956043809924422 9.9572938099244244 9.976555847477016 9.9778058474770166 9.9801228028889319 9.9813728028889326 9.9909641488489687 9.9922141488489693 10.004482234520493 10.005732234520496;10.437197338320555 10.438308449431668 10.446867330801334 10.447978441912447 10.462056562078795 10.463167673189906 10.493405399742532 10.494516510853645 10.513376552652129 10.514487663763243 10.543195234789819 10.544306345900932 10.561428157058792 10.562539268169903 10.564598784091606 10.565709895202719 10.574235536056083 10.575346647167196 10.586251612208549 10.587362723319663;11.053295911674727 11.05435974146196 11.06255441511377 11.063618244901003 11.077097296124101 11.078161125911334 11.107112140695765 11.108175970482998 11.126233457311336 11.127297287098569 11.154783259358057 11.15584708914529 11.172240312594306 11.173304142381539 11.17527601932785 11.176339849115084 11.184502696740646 11.185566526527879 11.196007450503645 11.197071280290878;11.900642546540245 11.902031435429135 11.912730037141218 11.914118926030108 11.931716576238044 11.933105465126934 11.970902623317716 11.972291512206604 11.995866564454712 11.997255453343602 12.033139917126823 12.034528806015713 12.055931069963037 12.057319958851927 12.059894353754055 12.061283242642945 12.07194029370965 12.07332918259854 12.086960388900232 12.088349277789122;12.062099053057151 12.063614204572303 12.075285406440031 12.076800557955183 12.095997994545657 12.097513146060809 12.138746409541662 12.140261561056814 12.165979799872932 12.167494951388084 12.206641639151599 12.208156790666751 12.231504714972923 12.233019866488075 12.235828297290396 12.237343448805548 12.2489693226965 12.250484474211651 12.265354881086228 12.26687003260138;12.204871565238328 12.206657279524043 12.220412624582435 12.22219833886815 12.244823889135496 12.246609603421211 12.295205949666503 12.296991663952218 12.32730244541407 12.329088159699785 12.37522532742107 12.377011041706785 12.40452823821049 12.406313952496204 12.40962388879894 12.411409603084655 12.425111525884706 12.426897240170421 12.444423076844027 12.446208791129742;
