m;4
n;8
P;19
P1;2 4 6 8 10 12 14 16 18
Q;20
M;100
h;1 1 1 1 1 1 1 1 1 1 1 1 1 1 1 1 1 1 1
Vmin;30 30 30 30 30 30 30 30 30 30 30 30 30 30 30 30 30 30 30;32 32 32 32 32 32 32 32 32 32 32 32 32 32 32 32 32 32 32;42 42 42 42 42 42 42 42 42 42 42 42 42 42 42 42 42 42 42;36 36 36 36 36 36 36 36 36 36 36 36 36 36 36 36 36 36 36;52 52 52 52 52 52 52 52 52 52 52 52 52 52 52 52 52 52 52;28 28 28 28 28 28 28 28 28 28 28 28 28 28 28 28 28 28 28;44 44 44 44 44 44 44 44 44 44 44 44 44 44 44 44 44 44 44;41 41 41 41 41 41 41 41 41 41 41 41 41 41 41 41 41 41 41;
Vmax;30 30 30 30 30 30 30 30 30 30 30 30 30 30 30 30 30 30 30;32 32 32 32 32 32 32 32 32 32 32 32 32 32 32 32 32 32 32;42 42 42 42 42 42 42 42 42 42 42 42 42 42 42 42 42 42 42;36 36 36 36 36 36 36 36 36 36 36 36 36 36 36 36 36 36 36;52 52 52 52 52 52 52 52 52 52 52 52 52 52 52 52 52 52 52;28 28 28 28 28 28 28 28 28 28 28 28 28 28 28 28 28 28 28;44 44 44 44 44 44 44 44 44 44 44 44 44 44 44 44 44 44 44;41 41 41 41 41 41 41 41 41 41 41 41 41 41 41 41 41 41 41;
d;3.000 73.535 3.000 4.012 3.000 20.263 3.000 44.007 3.000 15.554 3.000 67.443 3.000 87.872 3.000 25.563 3.000 32.269 3.000
S;0.39273796467748745 0.39107129801082074 0.37314396973022329 0.37147730306355664 0.35727561784757728 0.35560895118091057 0.306791054532361 0.30512438786569429 0.2676561133638744 0.26598944669720775 0.2573482781090537 0.25568161144238705 0.23123342768586311 0.22956676101919643 0.21830974270654985 0.2166430760398832 0.21441405660164489 0.21274738993497824 0.17189471627043226 0.17022804960376561;1.2979204189238716 1.2963579189238714 1.2795510486608113 1.2779885486608114 1.2646744687708307 1.2631119687708305 1.2173451906628154 1.2157826906628155 1.1806561833173594 1.1790936833173593 1.170992587765965 1.1694300877659649 1.1465099154942238 1.1449474154942236 1.1343939608261175 1.1328314608261176 1.1307417551027692 1.1291792551027693 1.0908798735422574 1.0893173735422574;2.2706904911896264 2.2695000149991502 2.2566947805130089 2.2555043043225327 2.2453602434539759 2.2441697672634997 2.2092998410859641 2.2081093648954875 2.1813463116799019 2.1801558354894253 2.1739835722121725 2.1727930960216963 2.1553301076241791 2.1541396314337025 2.1460989040675265 2.1449084278770498 2.1433162711354514 2.1421257949449748 2.1129453137560135 2.1117548375655373;3.7006350630457683 3.6992461741568792 3.6843067339230484 3.6829178450341593 3.6710831073541765 3.6696942184652874 3.6290126379248293 3.6276237490359402 3.5964001869510906 3.5950112980622015 3.5878103242387396 3.5864214353498505 3.5660479488860806 3.5646590599971915 3.5552782114033192 3.5538893225144301 3.552031806315898 3.5506429174270093 3.5165990227065538 3.5152101338176651;3.7238265315843981 3.7254931982510646 3.7671792052489437 3.7688458719156102 3.7710748913538485 3.772741558020515 3.7839985763331616 3.7856652429998281 3.8101134267563523 3.8117800934230188 3.8204212620111728 3.8220879286778393 3.8595562031796593 3.8612228698463258 3.9100407664948755 3.9117074331615425 3.9259091183775214 3.9275757850441884 3.9455031133247855 3.9471697799914525;5.9205915798259525 5.9221540798259529 5.9612347113864645 5.962797211386464 5.9648869171098129 5.9664494171098132 5.9770028717779189 5.9785653717779192 6.0014855440496602 6.0030480440496605 6.0111491396010548 6.0127116396010543 6.0478381469465115 6.0494006469465109 6.0951674250545267 6.096729925054527 6.1100440049445073 6.1116065049445067 6.1284133752075673 6.1299758752075668;6.4809588539782306 6.4821493301687063 6.5119250494529064 6.5131155256433821 6.514707682384981 6.5158981585754567 6.5239388859416332 6.5251293621321089 6.5425923505296266 6.5437828267201024 6.5499550899973551 6.5511455661878308 6.5779086194034164 6.5790990955938922 6.6139690217714273 6.6151594979619031 6.6253035588304607 6.6264940350209365 6.6392992695070774 6.6404897456975531;7.92924015827119 7.9306290471600791 7.9653673863249788 7.966756275213867 7.9686137914123982 7.9700026803012873 7.9793835288951591 7.9807724177840482 8.0011459042478172 8.0025347931367072 8.0097357669601674 8.0111246558490556 8.0423482179339061 8.0437371068227943 8.084418687363252 8.085807576252142 8.0976423139321234 8.0990312028210134 8.1139706430548451 8.1153595319437333;
