m;3
n;6
P;19
P1;2 4 6 8 10 12 14 16 18
Q;20
M;100
h;1 1 1 1 1 1 1 1 1 1 1 1 1 1 1 1 1 1 1
Vmin;44 44 44 44 44 44 44 44 44 44 44 44 44 44 44 44 44 44 44;28 28 28 28 28 28 28 28 28 28 28 28 28 28 28 28 28 28 28;52 52 52 52 52 52 52 52 52 52 52 52 52 52 52 52 52 52 52;50 50 50 50 50 50 50 50 50 50 50 50 50 50 50 50 50 50 50;51 51 51 51 51 51 51 51 51 51 51 51 51 51 51 51 51 51 51;52 52 52 52 52 52 52 52 52 52 52 52 52 52 52 52 52 52 52;
Vmax;44 44 44 44 44 44 44 44 44 44 44 44 44 44 44 44 44 44 44;28 28 28 28 28 28 28 28 28 28 28 28 28 28 28 28 28 28 28;52 52 52 52 52 52 52 52 52 52 52 52 52 52 52 52 52 52 52;50 50 50 50 50 50 50 50 50 50 50 50 50 50 50 50 50 50 50;51 51 51 51 51 51 51 51 51 51 51 51 51 51 51 51 51 51 51;52 52 52 52 52 52 52 52 52 52 52 52 52 52 52 52 52 52 52;
d;3.000 17.294 3.000 27.857 3.000 77.149 3.000 85.856 3.000 108.157 3.000 54.808 3.000 41.118 3.000 37.711 3.000 37.282 3.000
S;11.755283095204826 11.687101277023007 10.839777014219816 10.771595196037998 9.9145253962507187 9.8463435780689004 8.9118423676711256 8.8436605494893072 7.5980320357228681 7.5298502175410498 5.0717456788207791 5.0035638606389607 3.0522816974303923 2.984099879248574 1.2307100168023253 1.1625281986205072 0.52941680601510777 0.46123498783328959 0.068181818181818177 0;19.472587721036156 19.365444863893298 18.033935308059711 17.926792450916853 16.579968479822558 16.4728256226797 15.004323720626056 14.897180863483198 12.939764627564507 12.83262177042165 8.9698860667183684 8.8627432095755108 5.7964426673906164 5.6892998102477597 2.9339728835465118 2.8268300264036545 1.831940695166598 1.7247978380237408 1.1071428571428572 1;11.946778003634854 11.889085695942546 11.172119012032153 11.114426704339845 10.389213796827532 10.331521489135223 9.5407896957217222 9.4830973880294138 8.429104030227041 8.3714117225347326 6.2914771128483507 6.2337848051560432 4.5826998978257159 4.5250075901334084 3.0413700142173519 2.9836777065250444 2.4479680666281678 2.3902757589358603 2.0576923076923075 2;0 0.068181818181818177 0.49532589692419865 0.56350771510601683 1.1966191077114163 1.2648009258932345 3.0181907883394832 3.0863726065213015 5.0376547697298708 5.1058365879116892 7.5639411266319598 7.6321229448137782 8.8777514585802173 8.9459332767620356 9.8804344871598104 9.9486163053416288 10.805686105128908 10.873867923310726 11.721192186113917 11.789374004295736;1 1.1071428571428572 1.7783692665951694 1.8855121237380266 2.8804014549750829 2.9875443121179401 5.7428712388191876 5.8500140959620444 8.9163146381469378 9.0234574952897955 12.886193198993077 12.993336056135934 14.950752292054625 15.057895149197483 16.526397051251127 16.633539908393985 17.98036387948828 18.087506736631138 19.419016292464725 19.526159149607583;2 2.0576923076923075 2.419121912782014 2.4768142204743215 3.0125238603711981 3.0702161680635056 4.5538537439795626 4.61154605167187 6.2626309590021974 6.3203232666945048 8.4002578763808877 8.4579501840731961 9.5119435418755689 9.5696358495678773 10.360367642981378 10.418059950673687 11.143272858186 11.200965165878308 11.917931849788701 11.975624157481009;
