m;8
n;16
P;19
P1;2 4 6 8 10 12 14 16 18
Q;20
M;100
h;1 1 1 1 1 1 1 1 1 1 1 1 1 1 1 1 1 1 1
Vmin;41 41 41 41 41 41 41 41 41 41 41 41 41 41 41 41 41 41 41;36 36 36 36 36 36 36 36 36 36 36 36 36 36 36 36 36 36 36;32 32 32 32 32 32 32 32 32 32 32 32 32 32 32 32 32 32 32;44 44 44 44 44 44 44 44 44 44 44 44 44 44 44 44 44 44 44;39 39 39 39 39 39 39 39 39 39 39 39 39 39 39 39 39 39 39;40 40 40 40 40 40 40 40 40 40 40 40 40 40 40 40 40 40 40;42 42 42 42 42 42 42 42 42 42 42 42 42 42 42 42 42 42 42;44 44 44 44 44 44 44 44 44 44 44 44 44 44 44 44 44 44 44;46 46 46 46 46 46 46 46 46 46 46 46 46 46 46 46 46 46 46;28 28 28 28 28 28 28 28 28 28 28 28 28 28 28 28 28 28 28;36 36 36 36 36 36 36 36 36 36 36 36 36 36 36 36 36 36 36;41 41 41 41 41 41 41 41 41 41 41 41 41 41 41 41 41 41 41;47 47 47 47 47 47 47 47 47 47 47 47 47 47 47 47 47 47 47;50 50 50 50 50 50 50 50 50 50 50 50 50 50 50 50 50 50 50;52 52 52 52 52 52 52 52 52 52 52 52 52 52 52 52 52 52 52;51 51 51 51 51 51 51 51 51 51 51 51 51 51 51 51 51 51 51;
Vmax;41 41 41 41 41 41 41 41 41 41 41 41 41 41 41 41 41 41 41;36 36 36 36 36 36 36 36 36 36 36 36 36 36 36 36 36 36 36;32 32 32 32 32 32 32 32 32 32 32 32 32 32 32 32 32 32 32;44 44 44 44 44 44 44 44 44 44 44 44 44 44 44 44 44 44 44;39 39 39 39 39 39 39 39 39 39 39 39 39 39 39 39 39 39 39;40 40 40 40 40 40 40 40 40 40 40 40 40 40 40 40 40 40 40;42 42 42 42 42 42 42 42 42 42 42 42 42 42 42 42 42 42 42;44 44 44 44 44 44 44 44 44 44 44 44 44 44 44 44 44 44 44;46 46 46 46 46 46 46 46 46 46 46 46 46 46 46 46 46 46 46;28 28 28 28 28 28 28 28 28 28 28 28 28 28 28 28 28 28 28;36 36 36 36 36 36 36 36 36 36 36 36 36 36 36 36 36 36 36;41 41 41 41 41 41 41 41 41 41 41 41 41 41 41 41 41 41 41;47 47 47 47 47 47 47 47 47 47 47 47 47 47 47 47 47 47 47;50 50 50 50 50 50 50 50 50 50 50 50 50 50 50 50 50 50 50;52 52 52 52 52 52 52 52 52 52 52 52 52 52 52 52 52 52 52;51 51 51 51 51 51 51 51 51 51 51 51 51 51 51 51 51 51 51;
d;3.000 63.794 3.000 24.171 3.000 120.964 3.000 3.595 3.000 17.295 3.000 3.816 3.000 79.932 3.000 8.388 3.000 32.474 3.000
S;9.3763141295470991 9.3031433978397828 8.5110849789729155 8.4379142472655992 8.233320081333062 8.1601493496257458 6.2105921690560413 6.1374214373487241 6.0443585173802292 5.9711877856729121 5.5493691574102328 5.4761984257029157 5.3885112426477342 5.315340510940417 2.3650038375365785 2.2918331058292614 1.7023022360566942 1.629131504349377 0.073170731707317069 0;11.678579980873089 11.595246647539755 10.693180114941379 10.609846781608045 10.376836759295989 10.293503425962655 8.0731744147582685 7.9898410814249354 7.8838527559052602 7.8005194225719272 7.320114873717209 7.236781540383876 7.1369155819043639 7.0535822485710309 3.6934765927499922 3.6101432594166587 2.9387331021756795 2.855399768842346 1.0833333333333333 1;14.013402478482226 13.919652478482226 12.904827629309052 12.811077629309052 12.548941354207988 12.455191354207988 9.957321216603054 9.863571216603054 9.7443343503934194 9.6505843503934194 9.1101292329318611 9.0163792329318611 8.90403002964241 8.81028002964241 5.0301611668437411 4.9364111668437411 4.1810747399476398 4.0873247399476398 2.09375 2;11.737019984350709 11.668838166168891 10.930783730406583 10.862601912224765 10.671957348514901 10.603775530333083 8.7871427029840401 8.7189608848022218 8.632243163922487 8.5640613457406687 8.1710030784958985 8.1028212603140801 8.0211127488308431 7.9529309306490248 5.2037535758863571 5.1355717577045388 4.5862361745073743 4.518054356325556 3.0681818181818183 3;13.857150751575153 13.780227674652076 12.947550875330499 12.870627798407423 12.655541623965524 12.578618547042447 10.529084075161476 10.4521609982384 10.354325620835622 10.277402543912546 9.8339521911235757 9.757029114200499 9.6648451525271035 9.5879220756040269 6.4862860856153768 6.4093630086923001 5.7895997866237039 5.7126767097006272 4.0769230769230766 4;14.610721982785774 14.535721982785775 13.723862103447237 13.648862103447238 13.439153083366387 13.364153083366388 11.36585697328244 11.290856973282441 11.195467480314734 11.120467480314735 10.688103386345489 10.61310338634549 10.523224023713928 10.448224023713928 7.4241289334749938 7.3491289334749936 6.7448597919581124 6.6698597919581122 5.0750000000000002 5;15.153068555034071 15.0816399836055 14.308440098521178 14.237011527092607 14.037288650825131 13.96586007939656 12.062720926935658 11.991292355507086 11.900445219347365 11.829016647918793 11.417241320329035 11.345812748900464 11.260213355918024 11.188784784489453 8.3086942223571345 8.2372656509285633 7.6617712304362957 7.5903426590077245 6.0714285714285712 6;15.737019984350711 15.668838166168893 14.930783730406585 14.862601912224767 14.671957348514903 14.603775530333085 12.787142702984042 12.718960884802224 12.632243163922489 12.56406134574067 12.1710030784959 12.102821260314082 12.021112748830845 11.952930930649027 9.203753575886358 9.1355717577045397 8.5862361745073752 8.5180543563255569 7.0681818181818183 7;0 0.073170731707317069 1.6657168702030356 1.7388876019103527 2.3284184716829195 2.4015892033902366 5.3519258767940752 5.4250966085013923 5.5127837915565738 5.585954523263891 6.0077731515265702 6.0809438832338873 6.1740068032023823 6.2471775349096994 8.1967347154794048 8.269905447186721 8.4744996131192583 8.5476703448265745 9.3397287636934418 9.4128994954007581;1 1.0833333333333333 2.8970664355090125 2.980399768842346 3.6518099260833252 3.7351432594166587 7.095248915237697 7.17858224857103 7.2784482070505421 7.3617815403838751 7.8421860892385933 7.9255194225719263 8.0315077480916006 8.1148410814249345 10.335170092629321 10.418503425962655 10.651513448274711 10.734846781608045 11.636913314206421 11.720246647539755;2 2.09375 4.1341997399476398 4.2279497399476398 4.9832861668437411 5.0770361668437411 8.85715502964241 8.95090502964241 9.0632542329318611 9.1570042329318611 9.6974593503934194 9.7912093503934194 9.910446216603054 10.004196216603054 12.502066354207988 12.595816354207988 12.857952629309052 12.951702629309052 13.966527478482226 14.060277478482226;3 3.0681818181818183 4.5521452654164651 4.6203270835982835 5.1696626667954479 5.2378444849772663 7.9870218397399348 8.0552036579217532 8.1369121694049902 8.2050939875868085 8.5981522548315787 8.6663340730133971 8.7530517938931318 8.8212336120749502 10.637866439423993 10.706048257605811 10.896692821315675 10.964874639497493 11.702929075259801 11.77111089344162;4 4.0769230769230766 5.7511382481621656 5.8280613250852422 6.4478245471538385 6.5247476240769151 9.626383614065567 9.7033066909886436 9.7954906526620391 9.8724137295851158 10.315864082374086 10.392787159297162 10.49062253669994 10.567545613623016 12.617080085503988 12.694003162427064 12.909089336868963 12.986012413792039 13.818689213113617 13.895612290036693;5 5.0750000000000002 6.7073597919581118 6.782359791958112 7.3866289334749933 7.4616289334749935 10.485724023713928 10.560724023713927 10.650603386345489 10.725603386345488 11.157967480314735 11.232967480314734 11.328356973282441 11.40335697328244 13.401653083366387 13.476653083366386 13.686362103447237 13.761362103447237 14.573221982785775 14.648221982785774;6 6.0714285714285712 7.626056944722011 7.6974855161505822 8.2729799366428498 8.344408508071421 11.224499070203739 11.295927641632311 11.38152703461475 11.452955606043322 11.86473093363308 11.936159505061651 12.027006641221373 12.098435212649944 14.001574365110846 14.073002936539417 14.272725812806893 14.344154384235464 15.117354269319787 15.188782840748358;7 7.0681818181818183 8.5521452654164651 8.6203270835982835 9.1696626667954479 9.2378444849772663 11.987021839739935 12.055203657921753 12.13691216940499 12.205093987586809 12.598152254831579 12.666334073013397 12.753051793893132 12.82123361207495 14.637866439423993 14.706048257605811 14.896692821315675 14.964874639497493 15.702929075259801 15.77111089344162;
