m;7
n;14
P;19
P1;2 4 6 8 10 12 14 16 18
Q;20
M;100
h;1 1 1 1 1 1 1 1 1 1 1 1 1 1 1 1 1 1 1
Vmin;51 51 51 51 51 51 51 51 51 51 51 51 51 51 51 51 51 51 51;48 48 48 48 48 48 48 48 48 48 48 48 48 48 48 48 48 48 48;48 48 48 48 48 48 48 48 48 48 48 48 48 48 48 48 48 48 48;48 48 48 48 48 48 48 48 48 48 48 48 48 48 48 48 48 48 48;28 28 28 28 28 28 28 28 28 28 28 28 28 28 28 28 28 28 28;40 40 40 40 40 40 40 40 40 40 40 40 40 40 40 40 40 40 40;46 46 46 46 46 46 46 46 46 46 46 46 46 46 46 46 46 46 46;52 52 52 52 52 52 52 52 52 52 52 52 52 52 52 52 52 52 52;46 46 46 46 46 46 46 46 46 46 46 46 46 46 46 46 46 46 46;42 42 42 42 42 42 42 42 42 42 42 42 42 42 42 42 42 42 42;46 46 46 46 46 46 46 46 46 46 46 46 46 46 46 46 46 46 46;46 46 46 46 46 46 46 46 46 46 46 46 46 46 46 46 46 46 46;38 38 38 38 38 38 38 38 38 38 38 38 38 38 38 38 38 38 38;50 50 50 50 50 50 50 50 50 50 50 50 50 50 50 50 50 50 50;
Vmax;51 51 51 51 51 51 51 51 51 51 51 51 51 51 51 51 51 51 51;48 48 48 48 48 48 48 48 48 48 48 48 48 48 48 48 48 48 48;48 48 48 48 48 48 48 48 48 48 48 48 48 48 48 48 48 48 48;48 48 48 48 48 48 48 48 48 48 48 48 48 48 48 48 48 48 48;28 28 28 28 28 28 28 28 28 28 28 28 28 28 28 28 28 28 28;40 40 40 40 40 40 40 40 40 40 40 40 40 40 40 40 40 40 40;46 46 46 46 46 46 46 46 46 46 46 46 46 46 46 46 46 46 46;52 52 52 52 52 52 52 52 52 52 52 52 52 52 52 52 52 52 52;46 46 46 46 46 46 46 46 46 46 46 46 46 46 46 46 46 46 46;42 42 42 42 42 42 42 42 42 42 42 42 42 42 42 42 42 42 42;46 46 46 46 46 46 46 46 46 46 46 46 46 46 46 46 46 46 46;46 46 46 46 46 46 46 46 46 46 46 46 46 46 46 46 46 46 46;38 38 38 38 38 38 38 38 38 38 38 38 38 38 38 38 38 38 38;50 50 50 50 50 50 50 50 50 50 50 50 50 50 50 50 50 50 50;
d;3.000 61.095 3.000 69.290 3.000 21.680 3.000 12.867 3.000 18.787 3.000 8.901 3.000 40.492 3.000 5.305 3.000 38.933 3.000
S;6.026485738274304 5.9676622088625395 5.2042674687794328 5.1454439393676683 5.0414251250556461 4.9826015956438816 4.1886369749547834 4.1298134455430189 3.9552787138489793 3.8964551844372148 3.528083228012092 3.4692596986003275 3.2169666851805547 3.1581431557687902 2.7330451498767743 2.6742216204650098 1.3155967179598902 1.2567731885481255 0.058823529411764705 0;7.4031410969164506 7.3406410969164506 6.5295341855781492 6.4670341855781492 6.3565141953716253 6.2940141953716253 5.4504267858894586 5.3879267858894586 5.2024836334645412 5.1399836334645412 4.7485884297628482 4.6860884297628482 4.4180271030043397 4.3555271030043397 3.903860471744073 3.841360471744073 2.3978215128323832 2.3353215128323832 1.0625 1;8.4031410969164497 8.3406410969164497 7.5295341855781492 7.4670341855781492 7.3565141953716253 7.2940141953716253 6.4504267858894586 6.3879267858894586 6.2024836334645412 6.1399836334645412 5.7485884297628482 5.6860884297628482 5.4180271030043397 5.3555271030043397 4.903860471744073 4.841360471744073 3.3978215128323832 3.3353215128323832 2.0625 2;9.4031410969164515 9.3406410969164515 8.5295341855781501 8.4670341855781501 8.3565141953716253 8.2940141953716253 7.4504267858894586 7.3879267858894586 7.2024836334645412 7.1399836334645412 6.7485884297628482 6.6860884297628482 6.4180271030043397 6.3555271030043397 5.903860471744073 5.841360471744073 4.3978215128323832 4.3353215128323832 3.0625 3;14.976813308999629 14.869670451856772 13.479201460991113 13.372058603848256 13.182595763494215 13.075452906351357 11.629303061524785 11.522160204381928 11.204257657367785 11.097114800224928 10.426151593879169 10.319008736736311 9.8594750337217256 9.752332176578868 8.978046522989839 8.8709036658469813 6.3962654505697989 6.2891225934269421 4.1071428571428568 4;12.683769316299735 12.608769316299735 11.635441022693774 11.560441022693775 11.427817034445946 11.352817034445946 10.340512143067347 10.265512143067347 10.042980360157447 9.9679803601574477 9.4983061157154154 9.4233061157154161 9.1016325236052058 9.0266325236052065 8.4846325660928859 8.4096325660928866 6.6773858153988597 6.6023858153988595 5.0750000000000002 5;12.681538535912814 12.616321144608467 11.769948715385892 11.704731324081544 11.589406116909519 11.524188725605171 10.643923602667257 10.57870621136291 10.385200313180388 10.31998292187604 9.9115705354047083 9.8463531441003607 9.5666369770480042 9.5014195857436565 9.0301152748633786 8.9648978835590309 7.458596361216399 7.3933789699120513 6.0652173913043477 6;0 0.058823529411764705 1.2861849532540077 1.3450084826657724 2.703633385170892 2.7624569145826565 3.1875549204746725 3.246378449886437 3.4986714633062097 3.5574949927179742 3.9258669491430971 3.9846904785548616 4.1592252102489011 4.2180487396606656 5.0120133603497639 5.0708368897615284 5.1748557040735506 5.2336792334853151 5.9970739735684218 6.0558975029801863;1 1.0625 2.3665715128323832 2.4290715128323832 3.872610471744073 3.935110471744073 4.3867771030043397 4.4492771030043397 4.7173384297628482 4.7798384297628482 5.1712336334645412 5.2337336334645412 5.4191767858894586 5.4816767858894586 6.3252641953716253 6.3877641953716253 6.4982841855781492 6.5607841855781492 7.3718910969164506 7.4343910969164506;2 2.0625 3.3665715128323832 3.4290715128323832 4.872610471744073 4.935110471744073 5.3867771030043397 5.4492771030043397 5.7173384297628482 5.7798384297628482 6.1712336334645412 6.2337336334645412 6.4191767858894586 6.4816767858894586 7.3252641953716253 7.3877641953716253 7.4982841855781492 7.5607841855781492 8.3718910969164497 8.4343910969164497;3 3.0625 4.3665715128323832 4.4290715128323832 5.872610471744073 5.935110471744073 6.3867771030043397 6.4492771030043397 6.7173384297628482 6.7798384297628482 7.1712336334645412 7.2337336334645412 7.4191767858894586 7.4816767858894586 8.3252641953716253 8.3877641953716253 8.4982841855781501 8.5607841855781501 9.3718910969164515 9.4343910969164515;4 4.1071428571428568 6.342694021998371 6.4498368791412277 8.9244750944184101 9.0316179515612678 9.8059036051502968 9.9130464622931544 10.37258016530774 10.479723022450598 11.150686228796356 11.257829085939214 11.575731632953357 11.682874490096214 13.129024334922786 13.236167192065643 13.425630032419685 13.532772889562542 14.923241880428201 15.030384737571058;5 5.0750000000000002 6.63988581539886 6.7148858153988602 8.447132566092888 8.5221325660928873 9.0641325236052079 9.1391325236052072 9.4608061157154175 9.5358061157154168 10.005480360157449 10.080480360157448 10.303012143067349 10.378012143067348 11.390317034445948 11.465317034445947 11.597941022693776 11.672941022693776 12.646269316299737 12.721269316299736;6 6.0652173913043477 7.4259876655642261 7.4912050568685737 8.9975065792112066 9.0627239705155542 9.5340282813958321 9.5992456727001798 9.8789618397525363 9.9441792310568839 10.352591617528216 10.417809008832563 10.611314907015085 10.676532298319433 11.556797421257347 11.622014812561694 11.73734001973372 11.802557411038068 12.648929840260642 12.71414723156499;
