m;6
n;12
P;19
P1;2 4 6 8 10 12 14 16 18
Q;20
M;100
h;1 1 1 1 1 1 1 1 1 1 1 1 1 1 1 1 1 1 1
Vmin;47 47 47 47 47 47 47 47 47 47 47 47 47 47 47 47 47 47 47;44 44 44 44 44 44 44 44 44 44 44 44 44 44 44 44 44 44 44;28 28 28 28 28 28 28 28 28 28 28 28 28 28 28 28 28 28 28;42 42 42 42 42 42 42 42 42 42 42 42 42 42 42 42 42 42 42;42 42 42 42 42 42 42 42 42 42 42 42 42 42 42 42 42 42 42;45 45 45 45 45 45 45 45 45 45 45 45 45 45 45 45 45 45 45;52 52 52 52 52 52 52 52 52 52 52 52 52 52 52 52 52 52 52;50 50 50 50 50 50 50 50 50 50 50 50 50 50 50 50 50 50 50;48 48 48 48 48 48 48 48 48 48 48 48 48 48 48 48 48 48 48;48 48 48 48 48 48 48 48 48 48 48 48 48 48 48 48 48 48 48;41 41 41 41 41 41 41 41 41 41 41 41 41 41 41 41 41 41 41;50 50 50 50 50 50 50 50 50 50 50 50 50 50 50 50 50 50 50;
Vmax;47 47 47 47 47 47 47 47 47 47 47 47 47 47 47 47 47 47 47;44 44 44 44 44 44 44 44 44 44 44 44 44 44 44 44 44 44 44;28 28 28 28 28 28 28 28 28 28 28 28 28 28 28 28 28 28 28;42 42 42 42 42 42 42 42 42 42 42 42 42 42 42 42 42 42 42;42 42 42 42 42 42 42 42 42 42 42 42 42 42 42 42 42 42 42;45 45 45 45 45 45 45 45 45 45 45 45 45 45 45 45 45 45 45;52 52 52 52 52 52 52 52 52 52 52 52 52 52 52 52 52 52 52;50 50 50 50 50 50 50 50 50 50 50 50 50 50 50 50 50 50 50;48 48 48 48 48 48 48 48 48 48 48 48 48 48 48 48 48 48 48;48 48 48 48 48 48 48 48 48 48 48 48 48 48 48 48 48 48 48;41 41 41 41 41 41 41 41 41 41 41 41 41 41 41 41 41 41 41;50 50 50 50 50 50 50 50 50 50 50 50 50 50 50 50 50 50 50;
d;3.000 36.856 3.000 29.364 3.000 74.330 3.000 102.547 3.000 13.328 3.000 16.658 3.000 25.120 3.000 86.611 3.000 62.104 3.000
S;10.147206947791716 10.083377160557673 8.7620156334832142 8.6981858462491708 6.855399223498269 6.7915694362642265 6.2570955127044288 6.1932657254703862 5.8388328449618809 5.7750030577278384 5.4914377599926274 5.4276079727585849 3.2457603579638485 3.181930570729806 1.6004313616634156 1.5366015744293731 0.91183935546562722 0.84800956823158469 0.063829787234042548 0;11.839061966959333 11.770880148777515 10.359425790311615 10.291243972129797 8.3228128069186074 8.254630988736789 7.6837156612979136 7.6155338431160953 7.2369350843911011 7.1687532662092828 6.8658539709012167 6.7976721527193984 4.4670622005522933 4.398880382370475 2.7095516817768308 2.6413698635950125 1.9740102206110108 1.9058284024291927 1.0681818181818181 1;19.032811662364665 18.925668805221807 16.707669099061111 16.600526241918253 13.507277268014954 13.400134410872097 12.50298175346815 12.395838896325293 11.800897989757445 11.693755132614587 11.217770525701912 11.110627668559054 7.4482406008678881 7.3410977437250313 4.6864383570778765 4.5792954999350197 3.5305874895315887 3.4234446323887315 2.1071428571428572 2;14.355207774909774 14.283779203481203 12.805112732707403 12.733684161278832 10.671518178676633 10.600089607248062 10.001987835645432 9.9305592642168605 9.5339319931716293 9.4625034217430581 9.1451803504679408 9.0737517790393696 6.6321604005785924 6.5607318291500212 4.7909589047185843 4.7195303332900131 4.0203916596877258 3.9489630882591547 3.0714285714285716 3;15.355207774909774 15.283779203481203 13.805112732707403 13.733684161278832 11.671518178676633 11.600089607248062 11.001987835645432 10.930559264216861 10.533931993171629 10.462503421743058 10.145180350467941 10.07375177903937 7.6321604005785915 7.5607318291500203 5.7909589047185834 5.7195303332900123 5.0203916596877249 4.9489630882591538 4.0714285714285712 4;15.598193923249124 15.531527256582457 14.151438550526912 14.084771883860245 12.160083633431526 12.09341696676486 11.535188646602403 11.468521979935737 11.098336526960187 11.031669860293521 10.735501660436745 10.668834993770078 8.3900163738733529 8.3233497072066864 6.6715616444040116 6.6048949777373451 5.9523655490418772 5.8856988823752108 5.0666666666666664 5;0 0.063829787234042548 0.87992446184860595 0.94375424908264849 1.5685164680463943 1.6323462552804369 3.2138454643468268 3.2776752515808694 5.4595228663756057 5.5233526536096482 5.8069179513448592 5.8707477385789018 6.2251806190874071 6.2890104063214496 6.8234843298812473 6.8873141171152898 8.7301007398661916 8.793930527100235 10.115292054174693 10.179121841408737;1 1.0681818181818181 1.9399193115201019 2.0081011297019202 2.6754607726859216 2.74364259086774 4.4329712914613841 4.5011531096432025 6.8317630618103085 6.8999448799921268 7.2028441753001928 7.2710259934820112 7.6496247522070053 7.7178065703888237 8.2887218978276991 8.3569037160095174 10.325334881220707 10.393516699402525 11.804971057868425 11.873152876050243;2 2.1071428571428572 3.4770160609601604 3.5841589181030176 4.6328669285064485 4.7400097856493053 7.3946691722964601 7.5018120294393169 11.164199097130483 11.271341954273341 11.747326561186016 11.854469418328874 12.449410324896721 12.556553182039579 13.453705839443526 13.560848696586383 16.654097670489683 16.761240527632541 18.979240233793238 19.086383090936096;3 3.0714285714285716 3.9846773739734402 4.0561059454020114 4.7552446190042987 4.8266731904328699 6.5964461148643068 6.6678746862928779 9.1094660647536543 9.1808946361822255 9.4982177074573428 9.569646278885914 9.9662735499311452 10.037702121359716 10.635803892962347 10.707232464390918 12.769398446993117 12.840827018421688 14.319493489195487 14.390922060624058;4 4.0714285714285712 4.9846773739734402 5.0561059454020114 5.7552446190042987 5.8266731904328699 7.5964461148643068 7.6678746862928779 10.109466064753654 10.180894636182225 10.498217707457343 10.569646278885914 10.966273549931145 11.037702121359716 11.635803892962347 11.707232464390918 13.769398446993117 13.840827018421688 15.319493489195487 15.390922060624058;5 5.0666666666666664 5.919032215708544 5.9856988823752104 6.6382283110706783 6.7048949777373448 8.3566830405400196 8.4233497072066861 10.702168327103411 10.768834993770078 11.065003193626854 11.13166986029352 11.50185531326907 11.568521979935737 12.126750300098193 12.193416966764859 14.118105217193579 14.184771883860245 15.56486058991579 15.631527256582457;
