m;1
n;2
P;19
P1;2 4 6 8 10 12 14 16 18
Q;20
M;100
h;1 1 1 1 1 1 1 1 1 1 1 1 1 1 1 1 1 1 1
Vmin;28 28 28 28 28 28 28 28 28 28 28 28 28 28 28 28 28 28 28;52 52 52 52 52 52 52 52 52 52 52 52 52 52 52 52 52 52 52;
Vmax;28 28 28 28 28 28 28 28 28 28 28 28 28 28 28 28 28 28 28;52 52 52 52 52 52 52 52 52 52 52 52 52 52 52 52 52 52 52;
d;3.000 42.213 3.000 4.196 3.000 56.455 3.000 12.561 3.000 6.949 3.000 22.671 3.000 9.337 3.000 49.502 3.000 61.576 3.000
S;10.552171727121065 10.445028869978207 8.2458724819877798 8.1387296248449221 6.3707842861121975 6.2636414289693407 5.9301870154832068 5.8230441583403501 5.0133764052553671 4.9062335481125103 4.6580455425848646 4.5509026854420078 4.1022818707288984 3.9951390135860416 1.9788907821863275 1.8717479250434703 1.7218921721695108 1.6147493150266536 0.10714285714285714 0;0 0.10714285714285714 1.6683207435980822 1.7754636007409395 1.9253193536148989 2.0324622107577559 4.0487104421574696 4.1558532993003263 4.6044741140134358 4.7116169711562925 4.9598049766839383 5.066947833826795 5.876615586911778 5.9837584440546348 6.3172128575407687 6.4243557146836254 8.1923010534163492 8.2994439105592068 10.498600298549635 10.605743155692492;
