m;4
n;8
P;19
P1;2 4 6 8 10 12 14 16 18
Q;20
M;100
h;1 1 1 1 1 1 1 1 1 1 1 1 1 1 1 1 1 1 1
Vmin;29 29 29 29 29 29 29 29 29 29 29 29 29 29 29 29 29 29 29;47 47 47 47 47 47 47 47 47 47 47 47 47 47 47 47 47 47 47;52 52 52 52 52 52 52 52 52 52 52 52 52 52 52 52 52 52 52;39 39 39 39 39 39 39 39 39 39 39 39 39 39 39 39 39 39 39;28 28 28 28 28 28 28 28 28 28 28 28 28 28 28 28 28 28 28;47 47 47 47 47 47 47 47 47 47 47 47 47 47 47 47 47 47 47;34 34 34 34 34 34 34 34 34 34 34 34 34 34 34 34 34 34 34;37 37 37 37 37 37 37 37 37 37 37 37 37 37 37 37 37 37 37;
Vmax;29 29 29 29 29 29 29 29 29 29 29 29 29 29 29 29 29 29 29;47 47 47 47 47 47 47 47 47 47 47 47 47 47 47 47 47 47 47;52 52 52 52 52 52 52 52 52 52 52 52 52 52 52 52 52 52 52;39 39 39 39 39 39 39 39 39 39 39 39 39 39 39 39 39 39 39;28 28 28 28 28 28 28 28 28 28 28 28 28 28 28 28 28 28 28;47 47 47 47 47 47 47 47 47 47 47 47 47 47 47 47 47 47 47;34 34 34 34 34 34 34 34 34 34 34 34 34 34 34 34 34 34 34;37 37 37 37 37 37 37 37 37 37 37 37 37 37 37 37 37 37 37;
d;3.000 107.408 3.000 62.140 3.000 39.475 3.000 30.683 3.000 29.128 3.000 33.289 3.000 102.804 3.000 30.075 3.000 57.301 3.000
S;18.010498080472782 17.907049804610715 15.931156009197689 15.82770773333562 14.790627475983564 14.687179200121495 11.142199040296189 11.03875076443412 9.8908380813655601 9.7873898055034907 8.7829782773109315 8.6795300014488621 7.6214831766002327 7.5180349007381633 6.1568298912216752 6.0533816153596058 3.910629872886302 3.8071815970242331 0.10344827586206896 0;12.112860517738527 12.049030730504484 10.829862218441127 10.766032431207083 10.126131846883474 10.062302059649431 7.8749738759274344 7.8111440886933918 7.1028575395659832 7.0390277523319407 6.4192844689790851 6.3554546817450426 5.7026172791788667 5.6387874919448242 4.7988950392644378 4.7350652520303953 3.4129418364617607 3.3491120492277182 1.0638297872340425 1;12.044316237186743 11.986623929494435 10.884683158975632 10.826990851283323 10.248619169298523 10.190926861606215 8.2139186955497951 8.1562263878574868 7.5160443146077132 7.4583520069154057 6.8981994238849405 6.840507116192633 6.250442540796282 6.1927502331039745 5.4336166701043949 5.3759243624120874 4.1809281983404372 4.1232358906481297 2.0576923076923075 2;16.392421649582321 16.315498572659244 14.846244211967507 14.76932113504443 13.998158892398031 13.921235815474954 11.285224927399728 11.208301850476651 10.354725752810287 10.277802675887211 9.5309325651799224 9.4540094882568457 8.66725672106171 8.5903336441386333 7.5781555601391934 7.5012324832161168 5.9079042644539168 5.8309811875308402 3.0769230769230771 3;0 0.10344827586206896 3.8589057349552673 3.9623540108173363 6.1051057532906405 6.2085540291527099 7.569759038669198 7.6732073145312674 8.7312541393798977 8.8347024152419671 9.8391139434345263 9.9425622192965957 11.090474902365155 11.193923178227225 14.738903338052531 14.8423516139146 15.879431871266656 15.982880147128725 17.95877394254175 18.062222218403818;1 1.0638297872340425 3.3810269428447395 3.444856730078782 4.7669801456474161 4.8308099328814587 5.670702385561845 5.7345321727958876 6.3873695753620634 6.4511993625961059 7.0709426459489615 7.134772433183004 7.8430589823104127 7.9068887695444552 10.094216953266452 10.158046740500495 10.797947324824104 10.861777112058148 12.080945624121505 12.144775411355548;2 2.0576923076923075 4.1520820444942839 4.2097743521865914 5.4047705162582416 5.4624628239505491 6.2215963869501287 6.2792886946424362 6.869353270038788 6.9270455777310955 7.4871981607615608 7.5448904684538682 8.1850725417036418 8.2427648493959502 10.21977301545237 10.277465323144678 10.855837005129478 10.913529312821787 12.01547008334059 12.073162391032898;3 3.0769230769230771 5.8694427259923785 5.9463658029154551 7.5396940216776551 7.6166170986007318 8.6287951826001716 8.7057182595232483 9.4924710267183841 9.5693941036414607 10.316264214348749 10.393187291271826 11.24676338893819 11.323686465861266 13.959697353936493 14.036620430859569 14.807782673505969 14.884705750429045 16.353960111120784 16.430883188043861;
