m;2
n;4
P;19
P1;2 4 6 8 10 12 14 16 18
Q;20
M;100
h;1 1 1 1 1 1 1 1 1 1 1 1 1 1 1 1 1 1 1
Vmin;40 40 40 40 40 40 40 40 40 40 40 40 40 40 40 40 40 40 40;52 52 52 52 52 52 52 52 52 52 52 52 52 52 52 52 52 52 52;49 49 49 49 49 49 49 49 49 49 49 49 49 49 49 49 49 49 49;48 48 48 48 48 48 48 48 48 48 48 48 48 48 48 48 48 48 48;
Vmax;40 40 40 40 40 40 40 40 40 40 40 40 40 40 40 40 40 40 40;52 52 52 52 52 52 52 52 52 52 52 52 52 52 52 52 52 52 52;49 49 49 49 49 49 49 49 49 49 49 49 49 49 49 49 49 49 49;48 48 48 48 48 48 48 48 48 48 48 48 48 48 48 48 48 48 48;
d;3.000 11.874 3.000 5.696 3.000 63.415 3.000 11.230 3.000 28.402 3.000 43.803 3.000 22.219 3.000 77.125 3.000 92.087 3.000
S;9.646265494142332 9.5712654941423327 7.2690899975127392 7.194089997512739 5.2659694519518361 5.1909694519518359 4.6355040327711565 4.5605040327711563 3.46543005280469 3.3904300528046898 2.6803918719729745 2.6053918719729743 2.3246454457665404 2.2496454457665402 0.66426470200468146 0.58926470200468151 0.44685511208146783 0.37185511208146782 0.074999999999999997 0;8.4202042262633316 8.3625119185710233 6.5916076903944125 6.533915382702105 5.0507457322706415 4.993053424578334 4.5657723329008881 4.5080800252085806 3.6657154252343762 3.6080231175420687 3.0618399015176725 3.004147593825365 2.7881888044358005 2.730496496743493 1.510972847695909 1.4532805400036013 1.3437347016011292 1.2860423939088215 1.0576923076923077 1;0 0.074999999999999997 0.4093551120814678 0.48435511208146781 0.62676470200468148 0.70176470200468144 2.2871454457665403 2.3621454457665405 2.6428918719729744 2.7178918719729745 3.4279300528046899 3.5029300528046901 4.598004032771156 4.6730040327711562 5.2284694519518355 5.3034694519518357 7.2315899975127387 7.3065899975127389 9.6087654941423324 9.6837654941423317;1 1.0576923076923077 1.3148885477549752 1.3725808554472829 1.482126693849755 1.5398190015420627 2.7593426505896463 2.8170349582819538 3.0329937476715183 3.0906860553638258 3.636869271388222 3.6945615790805295 4.5369261790547339 4.5946184867470414 5.0218995784244873 5.0795918861167948 6.5627615365482583 6.6204538442405658 8.3913580724171766 8.4490503801094849;
