m;5
n;10
P;19
P1;2 4 6 8 10 12 14 16 18
Q;20
M;100
h;1 1 1 1 1 1 1 1 1 1 1 1 1 1 1 1 1 1 1
Vmin;47 47 47 47 47 47 47 47 47 47 47 47 47 47 47 47 47 47 47;48 48 48 48 48 48 48 48 48 48 48 48 48 48 48 48 48 48 48;42 42 42 42 42 42 42 42 42 42 42 42 42 42 42 42 42 42 42;31 31 31 31 31 31 31 31 31 31 31 31 31 31 31 31 31 31 31;28 28 28 28 28 28 28 28 28 28 28 28 28 28 28 28 28 28 28;40 40 40 40 40 40 40 40 40 40 40 40 40 40 40 40 40 40 40;42 42 42 42 42 42 42 42 42 42 42 42 42 42 42 42 42 42 42;39 39 39 39 39 39 39 39 39 39 39 39 39 39 39 39 39 39 39;40 40 40 40 40 40 40 40 40 40 40 40 40 40 40 40 40 40 40;52 52 52 52 52 52 52 52 52 52 52 52 52 52 52 52 52 52 52;
Vmax;47 47 47 47 47 47 47 47 47 47 47 47 47 47 47 47 47 47 47;48 48 48 48 48 48 48 48 48 48 48 48 48 48 48 48 48 48 48;42 42 42 42 42 42 42 42 42 42 42 42 42 42 42 42 42 42 42;31 31 31 31 31 31 31 31 31 31 31 31 31 31 31 31 31 31 31;28 28 28 28 28 28 28 28 28 28 28 28 28 28 28 28 28 28 28;40 40 40 40 40 40 40 40 40 40 40 40 40 40 40 40 40 40 40;42 42 42 42 42 42 42 42 42 42 42 42 42 42 42 42 42 42 42;39 39 39 39 39 39 39 39 39 39 39 39 39 39 39 39 39 39 39;40 40 40 40 40 40 40 40 40 40 40 40 40 40 40 40 40 40 40;52 52 52 52 52 52 52 52 52 52 52 52 52 52 52 52 52 52 52;
d;3.000 94.628 3.000 35.788 3.000 52.494 3.000 3.748 3.000 49.099 3.000 81.762 3.000 27.198 3.000 34.755 3.000 96.069 3.000
S;10.75617482430361 10.692345037069567 8.648328290686802 8.5844985034527586 7.845036640219706 7.7812068529856635 7.2025254210619396 7.1386956338278971 5.3990793276778959 5.3352495404438534 4.2905931829594683 4.2267633957254258 4.1470205845494421 4.0831907973153996 2.9663035330916308 2.9024737458575882 2.1410226532277461 2.0771928659937036 0.063829787234042548 0;11.532087848797284 11.469587848797284 9.4681547846308263 9.4056547846308263 8.6815983768817961 8.6190983768817961 8.0524728081231505 7.9899728081231505 6.2865985083512745 6.2240985083512745 5.2012058249811473 5.1387058249811473 5.0606243223713294 4.9981243223713294 3.9045055428188888 3.8420055428188888 3.0964180146188349 3.0339180146188349 1.0625 1;14.036671827196896 13.965243255768325 11.67789118243523 11.606462611006659 10.778969573579195 10.707541002150624 10.059968923569315 9.9885403521407437 8.0418268666871704 7.9703982952585983 6.8013780856927388 6.7299495142641677 6.6407135112815183 6.5692849398529471 5.3194349060787296 5.2480063346501584 4.3959063024215252 4.3244777309929541 2.0714285714285716 2;19.307748927169992 19.210974733621605 16.111981602009028 16.01520740846064 14.894087809365367 14.797313615816979 13.919957896448754 13.823183702900366 11.185700916156815 11.088926722608427 9.5050928902933904 9.4083186967450025 9.2874183056072201 9.1906441120588322 7.4972989050098917 7.4005247114615047 6.2460666032807763 6.1492924097323893 3.096774193548387 3;22.055007740795347 21.947864883652489 18.516836773652848 18.40969391650999 17.168454360368795 17.061311503225937 16.089953385353972 15.982810528211115 13.062740300030756 12.955597442887898 11.202067128539108 11.09492427139625 10.961070266922277 10.85392740977942 8.9791523591180926 8.872009501975235 7.5938594536322865 7.4867165964894298 4.1071428571428568 4;0 0.063829787234042548 2.1091077596107248 2.1729375468447674 2.9343886394746095 2.998218426708652 4.1151056909324213 4.1789354781664638 4.2586782893424475 4.3225080765764901 5.3671644340608751 5.4309942212949176 7.1706105274449188 7.2344403146789613 7.8131217466026852 7.8769515338367277 8.6164133970697812 8.6802431843038246 10.724259930686589 10.788089717920633;1 1.0625 3.0651680146188345 3.1276680146188345 3.8732555428188884 3.9357555428188884 5.0293743223713285 5.0918743223713285 5.1699558249811464 5.2324558249811464 6.2553485083512737 6.3178485083512737 8.0212228081231487 8.0837228081231487 8.6503483768817944 8.7128483768817944 9.4369047846308245 9.4994047846308245 11.500837848797282 11.563337848797282;2 2.0714285714285716 4.3601920167072397 4.4316205881358108 5.283720620364444 5.3551491917930152 6.6049992255672327 6.6764277969958039 6.7656637999784532 6.8370923714070244 8.0061125809728839 8.0775411524014551 10.024254637855028 10.0956832092836 10.743255287864908 10.81468385929348 11.642176896720944 11.713605468149515 14.00095754148261 14.072386112911181;3 3.096774193548387 6.1976795065065824 6.2944537000549694 7.4489118082356978 7.5456860017840848 9.2390312088330244 9.3358054023814123 9.4567057935191947 9.5534799870675826 11.137313819382619 11.234088012931007 13.871570799674558 13.968344993222946 14.845700712591171 14.942474906139559 16.063594505234832 16.16036869878322 19.259361830395797 19.356136023944185;4 4.1071428571428568 7.5402880250608586 7.6474308822037154 8.9255809305466656 9.0327237876895232 10.90749883835085 11.014641695493708 11.148495699967681 11.255638557110538 13.009168871459329 13.116311728602186 16.036381956782545 16.143524813925403 17.114882931797368 17.222025788940226 18.463265345081421 18.570408202224279 22.00143631222392 22.108579169366777;
