m;0
n;3
P;9
P1;2 4 6 8
Q;10
M;100
h;0 0 0 0 0 0 0 0 0
Vmin;5 5 5 5 5 5 5 5 5;10 10 10 10 10 10 10 10 10;15 15 15 15 15 15 15 15 15;
Vmax;5 5 5 5 5 5 5 5 5;10 10 10 10 10 10 10 10 10;15 15 15 15 15 15 15 15 15;
d;3 46.25 3 46.25 3 46.25 3 46.25 3
S;0 0.59999999999999998 9.8499999999999996 10.449999999999999 19.699999999999999 20.300000000000001 29.550000000000001 30.150000000000002 39.400000000000006 40.000000000000007;0.5 0.80000000000000004 5.4249999999999998 5.7249999999999996 10.35 10.65 15.275 15.575000000000001 20.200000000000003 20.500000000000004;1 1.2 4.2833333333333332 4.4833333333333334 7.5666666666666664 7.7666666666666666 10.85 11.049999999999999 14.133333333333333 14.333333333333332;
