m;0
n;5
P;9
P1;2 4 6 8
Q;10
M;100
h;0 0 0 0 0 0 0 0 0
Vmin;5 5 5 5 5 5 5 5 5;10 10 10 10 10 10 10 10 10;15 15 15 15 15 15 15 15 15;20 20 20 20 20 20 20 20 20;25 25 25 25 25 25 25 25 25;
Vmax;5 5 5 5 5 5 5 5 5;10 10 10 10 10 10 10 10 10;15 15 15 15 15 15 15 15 15;20 20 20 20 20 20 20 20 20;25 25 25 25 25 25 25 25 25;
d;3 46.25 3 46.25 3 46.25 3 46.25 3
S;0 0.59999999999999998 9.8499999999999996 10.449999999999999 19.699999999999999 20.300000000000001 29.550000000000001 30.150000000000002 39.400000000000006 40.000000000000007;0.5 0.80000000000000004 5.4249999999999998 5.7249999999999996 10.35 10.65 15.275 15.575000000000001 20.200000000000003 20.500000000000004;1 1.2 4.2833333333333332 4.4833333333333334 7.5666666666666664 7.7666666666666666 10.85 11.049999999999999 14.133333333333333 14.333333333333332;1.5 1.6499999999999999 3.9624999999999999 4.1124999999999998 6.4249999999999998 6.5750000000000002 8.8874999999999993 9.0374999999999996 11.35 11.5;2 2.1200000000000001 3.9700000000000002 4.0899999999999999 5.9399999999999995 6.0599999999999996 7.9100000000000001 8.0299999999999994 9.879999999999999 9.9999999999999982;
