m;0
n;8
P;9
P1;2 4 6 8
Q;10
M;100
h;0 0 0 0 0 0 0 0 0
Vmin;5 5 5 5 5 5 5 5 5;10 10 10 10 10 10 10 10 10;15 15 15 15 15 15 15 15 15;20 20 20 20 20 20 20 20 20;25 25 25 25 25 25 25 25 25;30 30 30 30 30 30 30 30 30;35 35 35 35 35 35 35 35 35;40 40 40 40 40 40 40 40 40;
Vmax;5 5 5 5 5 5 5 5 5;10 10 10 10 10 10 10 10 10;15 15 15 15 15 15 15 15 15;20 20 20 20 20 20 20 20 20;25 25 25 25 25 25 25 25 25;30 30 30 30 30 30 30 30 30;35 35 35 35 35 35 35 35 35;40 40 40 40 40 40 40 40 40;
d;3 46.25 3 46.25 3 46.25 3 46.25 3
S;0 0.59999999999999998 9.8499999999999996 10.449999999999999 19.699999999999999 20.300000000000001 29.550000000000001 30.150000000000002 39.400000000000006 40.000000000000007;0.5 0.80000000000000004 5.4249999999999998 5.7249999999999996 10.35 10.65 15.275 15.575000000000001 20.200000000000003 20.500000000000004;1 1.2 4.2833333333333332 4.4833333333333334 7.5666666666666664 7.7666666666666666 10.85 11.049999999999999 14.133333333333333 14.333333333333332;1.5 1.6499999999999999 3.9624999999999999 4.1124999999999998 6.4249999999999998 6.5750000000000002 8.8874999999999993 9.0374999999999996 11.35 11.5;2 2.1200000000000001 3.9700000000000002 4.0899999999999999 5.9399999999999995 6.0599999999999996 7.9100000000000001 8.0299999999999994 9.879999999999999 9.9999999999999982;2.5 2.6000000000000001 4.1416666666666666 4.2416666666666663 5.7833333333333332 5.8833333333333329 7.4249999999999998 7.5249999999999995 9.0666666666666664 9.1666666666666661;3 3.0857142857142859 4.4071428571428575 4.4928571428571429 5.8142857142857141 5.8999999999999995 7.2214285714285706 7.3071428571428561 8.6285714285714281 8.7142857142857135;3.5 3.5750000000000002 4.7312500000000002 4.8062500000000004 5.9625000000000004 6.0375000000000005 7.1937500000000005 7.2687500000000007 8.4250000000000007 8.5;
