m;6
n;12
P;19
P1;2 4 6 8 10 12 14 16 18
Q;20
M;100
h;1 1 1 1 1 1 1 1 1 1 1 1 1 1 1 1 1 1 1
Vmin;40 40 40 40 40 40 40 40 40 40 40 40 40 40 40 40 40 40 40;40 40 40 40 40 40 40 40 40 40 40 40 40 40 40 40 40 40 40;40 40 40 40 40 40 40 40 40 40 40 40 40 40 40 40 40 40 40;40 40 40 40 40 40 40 40 40 40 40 40 40 40 40 40 40 40 40;40 40 40 40 40 40 40 40 40 40 40 40 40 40 40 40 40 40 40;40 40 40 40 40 40 40 40 40 40 40 40 40 40 40 40 40 40 40;40 40 40 40 40 40 40 40 40 40 40 40 40 40 40 40 40 40 40;40 40 40 40 40 40 40 40 40 40 40 40 40 40 40 40 40 40 40;40 40 40 40 40 40 40 40 40 40 40 40 40 40 40 40 40 40 40;40 40 40 40 40 40 40 40 40 40 40 40 40 40 40 40 40 40 40;40 40 40 40 40 40 40 40 40 40 40 40 40 40 40 40 40 40 40;40 40 40 40 40 40 40 40 40 40 40 40 40 40 40 40 40 40 40;
Vmax;40 40 40 40 40 40 40 40 40 40 40 40 40 40 40 40 40 40 40;40 40 40 40 40 40 40 40 40 40 40 40 40 40 40 40 40 40 40;40 40 40 40 40 40 40 40 40 40 40 40 40 40 40 40 40 40 40;40 40 40 40 40 40 40 40 40 40 40 40 40 40 40 40 40 40 40;40 40 40 40 40 40 40 40 40 40 40 40 40 40 40 40 40 40 40;40 40 40 40 40 40 40 40 40 40 40 40 40 40 40 40 40 40 40;40 40 40 40 40 40 40 40 40 40 40 40 40 40 40 40 40 40 40;40 40 40 40 40 40 40 40 40 40 40 40 40 40 40 40 40 40 40;40 40 40 40 40 40 40 40 40 40 40 40 40 40 40 40 40 40 40;40 40 40 40 40 40 40 40 40 40 40 40 40 40 40 40 40 40 40;40 40 40 40 40 40 40 40 40 40 40 40 40 40 40 40 40 40 40;40 40 40 40 40 40 40 40 40 40 40 40 40 40 40 40 40 40 40;
d;3 56.6666666666667 3 56.6666666666667 3 56.6666666666667 3 56.6666666666667 3 56.6666666666667 3 56.6666666666667 3 56.6666666666667 3 56.6666666666667 3 56.6666666666667 3
S;13.499999999999996 13.424999999999997 12.008333333333331 11.933333333333332 10.516666666666666 10.441666666666666 9.0250000000000004 8.9500000000000011 7.5333333333333341 7.4583333333333339 6.041666666666667 5.9666666666666668 4.5499999999999998 4.4749999999999996 3.0583333333333331 2.9833333333333329 1.5666666666666664 1.4916666666666665 0.074999999999999997 0;13.999999999999995 13.924999999999995 12.508333333333329 12.43333333333333 11.016666666666664 10.941666666666665 9.5249999999999986 9.4499999999999993 8.0333333333333332 7.9583333333333339 6.541666666666667 6.4666666666666668 5.0499999999999998 4.9749999999999996 3.5583333333333331 3.4833333333333329 2.0666666666666664 1.9916666666666665 0.57499999999999996 0.5;14.499999999999995 14.424999999999995 13.008333333333329 12.93333333333333 11.516666666666664 11.441666666666665 10.024999999999999 9.9499999999999993 8.5333333333333332 8.4583333333333339 7.041666666666667 6.9666666666666668 5.5499999999999998 5.4749999999999996 4.0583333333333327 3.9833333333333329 2.5666666666666664 2.4916666666666663 1.075 1;14.999999999999995 14.924999999999995 13.508333333333329 13.43333333333333 12.016666666666664 11.941666666666665 10.524999999999999 10.449999999999999 9.0333333333333332 8.9583333333333339 7.541666666666667 7.4666666666666668 6.0499999999999998 5.9749999999999996 4.5583333333333327 4.4833333333333325 3.0666666666666664 2.9916666666666663 1.575 1.5;15.499999999999993 15.424999999999994 14.008333333333328 13.933333333333328 12.516666666666662 12.441666666666663 11.024999999999997 10.949999999999998 9.5333333333333314 9.4583333333333321 8.0416666666666661 7.9666666666666668 6.5499999999999998 6.4749999999999996 5.0583333333333336 4.9833333333333334 3.5666666666666669 3.4916666666666667 2.0750000000000002 2;15.999999999999993 15.924999999999994 14.508333333333328 14.433333333333328 13.016666666666662 12.941666666666663 11.524999999999997 11.449999999999998 10.033333333333331 9.9583333333333321 8.5416666666666661 8.4666666666666668 7.0499999999999998 6.9749999999999996 5.5583333333333327 5.4833333333333325 4.0666666666666664 3.9916666666666667 2.5750000000000002 2.5;0 0.074999999999999997 1.4916666666666665 1.5666666666666664 2.9833333333333329 3.0583333333333331 4.4749999999999996 4.5499999999999998 5.9666666666666668 6.041666666666667 7.4583333333333339 7.5333333333333341 8.9500000000000011 9.0250000000000004 10.441666666666666 10.516666666666666 11.933333333333332 12.008333333333331 13.424999999999997 13.499999999999996;0.5 0.57499999999999996 1.9916666666666665 2.0666666666666664 3.4833333333333329 3.5583333333333331 4.9749999999999996 5.0499999999999998 6.4666666666666668 6.541666666666667 7.9583333333333339 8.0333333333333332 9.4499999999999993 9.5249999999999986 10.941666666666665 11.016666666666664 12.43333333333333 12.508333333333329 13.924999999999995 13.999999999999995;1 1.075 2.4916666666666663 2.5666666666666664 3.9833333333333329 4.0583333333333327 5.4749999999999996 5.5499999999999998 6.9666666666666668 7.041666666666667 8.4583333333333339 8.5333333333333332 9.9499999999999993 10.024999999999999 11.441666666666665 11.516666666666664 12.93333333333333 13.008333333333329 14.424999999999995 14.499999999999995;1.5 1.575 2.9916666666666663 3.0666666666666664 4.4833333333333325 4.5583333333333327 5.9749999999999996 6.0499999999999998 7.4666666666666668 7.541666666666667 8.9583333333333339 9.0333333333333332 10.449999999999999 10.524999999999999 11.941666666666665 12.016666666666664 13.43333333333333 13.508333333333329 14.924999999999995 14.999999999999995;2 2.0750000000000002 3.4916666666666667 3.5666666666666669 4.9833333333333334 5.0583333333333336 6.4749999999999996 6.5499999999999998 7.9666666666666668 8.0416666666666661 9.4583333333333321 9.5333333333333314 10.949999999999998 11.024999999999997 12.441666666666663 12.516666666666662 13.933333333333328 14.008333333333328 15.424999999999994 15.499999999999993;2.5 2.5750000000000002 3.9916666666666667 4.0666666666666664 5.4833333333333325 5.5583333333333327 6.9749999999999996 7.0499999999999998 8.4666666666666668 8.5416666666666661 9.9583333333333321 10.033333333333331 11.449999999999998 11.524999999999997 12.941666666666663 13.016666666666662 14.433333333333328 14.508333333333328 15.924999999999994 15.999999999999993;
