m;3
n;6
P;19
P1;2 4 6 8 10 12 14 16 18
Q;20
M;100
h;1 1 1 1 1 1 1 1 1 1 1 1 1 1 1 1 1 1 1
Vmin;50 50 50 50 50 50 50 50 50 50 50 50 50 50 50 50 50 50 50;52 52 52 52 52 52 52 52 52 52 52 52 52 52 52 52 52 52 52;47 47 47 47 47 47 47 47 47 47 47 47 47 47 47 47 47 47 47;28 28 28 28 28 28 28 28 28 28 28 28 28 28 28 28 28 28 28;50 50 50 50 50 50 50 50 50 50 50 50 50 50 50 50 50 50 50;40 40 40 40 40 40 40 40 40 40 40 40 40 40 40 40 40 40 40;
Vmax;50 50 50 50 50 50 50 50 50 50 50 50 50 50 50 50 50 50 50;52 52 52 52 52 52 52 52 52 52 52 52 52 52 52 52 52 52 52;47 47 47 47 47 47 47 47 47 47 47 47 47 47 47 47 47 47 47;28 28 28 28 28 28 28 28 28 28 28 28 28 28 28 28 28 28 28;50 50 50 50 50 50 50 50 50 50 50 50 50 50 50 50 50 50 50;40 40 40 40 40 40 40 40 40 40 40 40 40 40 40 40 40 40 40;
d;3.000 17.373 3.000 134.834 3.000 51.837 3.000 3.184 3.000 34.481 3.000 56.250 3.000 6.307 3.000 98.334 3.000 9.673 3.000
S;0.69409221384440811 0.69309221384440811 0.68986784174709137 0.68886784174709137 0.65608977274439861 0.65508977274439861 0.65298737493027181 0.65198737493027181 0.63323722970732066 0.63223722970732055 0.62074340593973498 0.61974340593973498 0.61868218851020207 0.61768218851020196 0.60040324676584633 0.59940324676584622 0.55445850787083539 0.55345850787083539 0.54766763619756254 0.54666763619756253;0.99281528941983965 0.99185375095830119 0.98875339317241984 0.98779185471088138 0.95627448066983078 0.95531294220829233 0.95329140584855498 0.95232986738701653 0.93430088159571745 0.93333934313417899 0.92228758951150058 0.92132605104996224 0.92030564967541117 0.91934411121387272 0.90272974415199225 0.90176820569045379 0.8585521105990972 0.85759057213755874 0.85202242629787328 0.85106088783633482;1.160695884635262 1.1596320548480279 1.1562018717657763 1.1551380419785422 1.1202677558054648 1.1192039260182307 1.1169673325989469 1.1159035028117128 1.0959565398085733 1.0948927100213395 1.0826652379281634 1.0816014081409293 1.0804724534286601 1.0794086236414262 1.0610267707218988 1.0599629409346647 1.0121493889186957 1.0110855591314616 1.0049250573513842 1.0038612275641501;1.4319887490422465 1.4329887490422464 1.4392796207155194 1.4402796207155193 1.4852243596105303 1.4862243596105305 1.5035033013548862 1.5045033013548863 1.5055645187844191 1.5065645187844192 1.5180583425520049 1.5190583425520048 1.537808487774956 1.5388084877749562 1.5409108855890827 1.5419108855890828 1.5746889545917755 1.5756889545917756 1.5789133266890922 1.5799133266890921;1.7668804940890475 1.7678420325505859 1.7738909476210405 1.774852486082579 1.8180685811739357 1.8190301196354741 1.8356444866973545 1.8366060251588929 1.8376264265334439 1.8385879649949823 1.8496397186176607 1.8506012570791992 1.8686302428704984 1.8695917813320369 1.8716133176917742 1.8725748561533127 1.904092230194363 1.9050537686559015 1.9081541264417829 1.9091156649033214;2.3344990854929435 2.3355629152801778 2.3422553319538721 2.3433191617411064 2.3911327137570755 2.3921965435443098 2.4105783964638374 2.4116422262510713 2.4127711809633405 2.4138350107505748 2.4260624828437511 2.427126312630985 2.4470732756341249 2.4481371054213592 2.450373698840643 2.4514375286278773 2.4863078148009543 2.4873716445881886 2.4908018276704404 2.4918656574576747;
