m;5
n;10
P;19
P1;2 4 6 8 10 12 14 16 18
Q;20
M;100
h;1 1 1 1 1 1 1 1 1 1 1 1 1 1 1 1 1 1 1
Vmin;51 51 51 51 51 51 51 51 51 51 51 51 51 51 51 51 51 51 51;34 34 34 34 34 34 34 34 34 34 34 34 34 34 34 34 34 34 34;28 28 28 28 28 28 28 28 28 28 28 28 28 28 28 28 28 28 28;32 32 32 32 32 32 32 32 32 32 32 32 32 32 32 32 32 32 32;44 44 44 44 44 44 44 44 44 44 44 44 44 44 44 44 44 44 44;28 28 28 28 28 28 28 28 28 28 28 28 28 28 28 28 28 28 28;40 40 40 40 40 40 40 40 40 40 40 40 40 40 40 40 40 40 40;43 43 43 43 43 43 43 43 43 43 43 43 43 43 43 43 43 43 43;52 52 52 52 52 52 52 52 52 52 52 52 52 52 52 52 52 52 52;42 42 42 42 42 42 42 42 42 42 42 42 42 42 42 42 42 42 42;
Vmax;51 51 51 51 51 51 51 51 51 51 51 51 51 51 51 51 51 51 51;34 34 34 34 34 34 34 34 34 34 34 34 34 34 34 34 34 34 34;28 28 28 28 28 28 28 28 28 28 28 28 28 28 28 28 28 28 28;32 32 32 32 32 32 32 32 32 32 32 32 32 32 32 32 32 32 32;44 44 44 44 44 44 44 44 44 44 44 44 44 44 44 44 44 44 44;28 28 28 28 28 28 28 28 28 28 28 28 28 28 28 28 28 28 28;40 40 40 40 40 40 40 40 40 40 40 40 40 40 40 40 40 40 40;43 43 43 43 43 43 43 43 43 43 43 43 43 43 43 43 43 43 43;52 52 52 52 52 52 52 52 52 52 52 52 52 52 52 52 52 52 52;42 42 42 42 42 42 42 42 42 42 42 42 42 42 42 42 42 42 42;
d;3.000 19.200 3.000 31.497 3.000 14.818 3.000 38.341 3.000 85.707 3.000 21.584 3.000 4.637 3.000 96.072 3.000 35.525 3.000
S;0.36899981268671789 0.36801942052985515 0.35640992355261331 0.35542953139575056 0.3240333278066389 0.32305293564977616 0.32153743386433492 0.32055704170747218 0.31350339354481821 0.31252300138795547 0.28451404057951574 0.283533648422653 0.27100394829162017 0.27002355613475743 0.26518105438623368 0.26420066222937094 0.25390736169590372 0.25292696953904098 0.24665235498649404 0.2456719628296313;0.93544309770060741 0.93397250946531329 0.91655826399945051 0.91508767576415651 0.86799337038048896 0.86652278214519485 0.86424952946703293 0.86277894123173882 0.85219846898775797 0.85072788075246386 0.80871443953980415 0.80724385130451004 0.78844930110796096 0.78697871287266685 0.77971496024988129 0.77824437201458718 0.76280442121438641 0.7613338329790923 0.75192191115027185 0.75045132291497785;1.2516005243567425 1.2498148100710282 1.2286689405767663 1.2268832262910518 1.1696972840394555 1.1679115697537412 1.1651511915016877 1.1633654772159732 1.1505177609197108 1.1487320466339963 1.0977157251614811 1.0959300108757666 1.0731080570656713 1.071322342779957 1.0625020717380032 1.0607163574522889 1.0419678457663306 1.0401821314806166 1.0287533692599058 1.0269676549741917;1.778668854048475 1.7771063540484748 1.7586037182409957 1.7570412182409958 1.7070035187708492 1.7054410187708491 1.7030256878003021 1.7014631878003021 1.6902214360410721 1.6886589360410722 1.6440196547526214 1.6424571547526212 1.6224879451687879 1.6209254451687878 1.6132077080070781 1.6116452080070782 1.5952402602818649 1.5936777602818648 1.583677593338743 1.5821150933387431;2.3863285636155909 2.3851921999792274 2.3717357375737875 2.370599373937424 2.3342083197773174 2.3330719561409539 2.3313153517987377 2.3301789881623742 2.3220031687011162 2.3208668050647527 2.2884018732186062 2.2872655095822427 2.2727424480667278 2.2716060844303643 2.2659931846763937 2.2648568210400297 2.2529259499671475 2.251789586330784 2.2445167376448771 2.2433803740085136;2.397464146321548 2.3984445384784108 2.4052093491093895 2.4061897412662523 2.4164830417997196 2.4174634339565824 2.422305935705106 2.4232863278619687 2.4358160279930017 2.4367964201498649 2.4648053809583041 2.4657857731151669 2.4728394212778206 2.4738198134346834 2.4753353152201245 2.4763157073769877 2.5077119109660995 2.5086923031229622 2.5203018001002042 2.521282192257067;2.4553985319637635 2.4568691201990576 2.4670163361455253 2.4684869243808194 2.4839268751810204 2.4853974634163145 2.4926612160391004 2.4941318042743945 2.5129263544709435 2.5143969427062376 2.5564103839188972 2.5578809721541917 2.5684614443981726 2.5699320326334667 2.5722052853116284 2.573675873546923 2.6207701789305902 2.6222407671658843 2.6396550126317471 2.6411256008670412;3.0390858437232171 3.0408715580089316 3.0531931773724992 3.0549788916582137 3.0737274033441717 3.0755131176298862 3.0843333886718396 3.0861191029575541 3.1089410567676494 3.1107267710533639 3.1617430925258794 3.1635288068115934 3.176376523107856 3.1781622373935705 3.1809226156456245 3.1827083299313386 3.2398942721829349 3.241679986468649 3.2628258559629111 3.2646115702486256;3.3914110352224762 3.3929735352224761 3.4037549521655981 3.405317452165598 3.4217223998908115 3.4232848998908114 3.4310026370525213 3.4325651370525212 3.4525343466363547 3.4540968466363546 3.4987361279248055 3.5002986279248054 3.511540379684035 3.5131028796840349 3.5155182106545819 3.5170807106545818 3.5671184101247286 3.5686809101247285 3.5871835459322079 3.5887460459322083;3.6608542884633186 3.6619906520996821 3.6698316826037707 3.6709680462401342 3.6828989173130169 3.6840352809493804 3.689648180703351 3.6907845443397145 3.7053076058552299 3.7064439694915934 3.7389089013377395 3.7400452649741029 3.7482210844353614 3.7493574480717249 3.7511140524139406 3.7522504160503041 3.7886414702104108 3.7897778338467747 3.8032342962522141 3.8043706598885776;
