m;1
n;2
P;19
P1;2 4 6 8 10 12 14 16 18
Q;20
M;100
h;1 1 1 1 1 1 1 1 1 1 1 1 1 1 1 1 1 1 1
Vmin;50 50 50 50 50 50 50 50 50 50 50 50 50 50 50 50 50 50 50;52 52 52 52 52 52 52 52 52 52 52 52 52 52 52 52 52 52 52;
Vmax;50 50 50 50 50 50 50 50 50 50 50 50 50 50 50 50 50 50 50;52 52 52 52 52 52 52 52 52 52 52 52 52 52 52 52 52 52 52;
d;3.000 43.258 3.000 14.264 3.000 66.344 3.000 33.729 3.000 42.431 3.000 10.765 3.000 69.986 3.000 67.405 3.000 67.907 3.000
S;8.9218018118322142 8.8618018118322137 7.5036556425719185 7.4436556425719189 6.0955506006509657 6.035550600650966 4.6358317439829717 4.5758317439829721 4.3605225873177611 4.3005225873177615 3.4519069195268859 3.3919069195268858 2.7173332477693863 2.6573332477693863 1.3304468227902553 1.2704468227902552 0.98516597157882102 0.92516597157882097 0.059999999999999998 0;0 0.059999999999999998 0.95516597157882099 1.015165971578821 1.3004468227902555 1.3604468227902555 2.6873332477693865 2.7473332477693866 3.4219069195268861 3.4819069195268861 4.3305225873177617 4.3905225873177613 4.6058317439829723 4.665831743982972 6.0655506006509654 6.125550600650965 7.4736556425719183 7.5336556425719179 8.8918018118322131 8.9518018118322136;
