m;2
n;4
P;19
P1;2 4 6 8 10 12 14 16 18
Q;20
M;100
h;1 1 1 1 1 1 1 1 1 1 1 1 1 1 1 1 1 1 1
Vmin;42 42 42 42 42 42 42 42 42 42 42 42 42 42 42 42 42 42 42;34 34 34 34 34 34 34 34 34 34 34 34 34 34 34 34 34 34 34;28 28 28 28 28 28 28 28 28 28 28 28 28 28 28 28 28 28 28;52 52 52 52 52 52 52 52 52 52 52 52 52 52 52 52 52 52 52;
Vmax;42 42 42 42 42 42 42 42 42 42 42 42 42 42 42 42 42 42 42;34 34 34 34 34 34 34 34 34 34 34 34 34 34 34 34 34 34 34;28 28 28 28 28 28 28 28 28 28 28 28 28 28 28 28 28 28 28;52 52 52 52 52 52 52 52 52 52 52 52 52 52 52 52 52 52 52;
d;3.000 54.546 3.000 47.179 3.000 63.565 3.000 25.130 3.000 87.032 3.000 43.622 3.000 82.004 3.000 28.823 3.000 34.883 3.000
S;11.828185286144008 11.756756714715436 10.926200291047495 10.854771719618924 10.168512721604829 10.097084150176258 8.1446083618442646 8.0731797904156934 7.0345590650250927 6.9631304935965215 4.8909328880672405 4.8195043166386693 4.2211710807902545 4.1497425093616833 2.6362871426023022 2.5648585711737306 1.4415596653274809 1.3701310938989095 0.071428571428571425 0;15.111287706413187 15.02305241229554 13.997070947764554 13.908835653646907 13.061103950217731 12.972868656100085 10.560986799925269 10.472751505807622 9.1897494332662912 9.1015141391486445 6.5417406264360034 6.4535053323183567 5.7143878056820796 5.6261525115644329 3.7565899996851972 3.6683547055675501 2.2807501748163004 2.1925148806986532 0.58823529411764708 0.5;0 0.071428571428571425 1.4058453796131951 1.4772739510417665 2.6005728568880162 2.6720014283165878 4.1854567950759689 4.2568853665045401 4.8552186023529549 4.9266471737815261 6.9988447793108062 7.0702733507393773 8.1088940761299781 8.1803226475585493 10.132798435890543 10.204227007319114 10.890486005333209 10.96191457676178 11.792471000429721 11.863899571858292;0.5 0.58823529411764708 2.2366325277574766 2.3248678218751238 3.7124723526263734 3.8007076467440206 5.6702701586232562 5.758505452740903 6.49762297937718 6.5858582734948268 9.145631786207467 9.2338670803251137 10.516869152866445 10.605104446984091 13.016986303158907 13.105221597276554 13.95295330070573 14.041188594823376 15.067170059354362 15.155405353472009;
