m;3
n;6
P;19
P1;2 4 6 8 10 12 14 16 18
Q;20
M;100
h;1 1 1 1 1 1 1 1 1 1 1 1 1 1 1 1 1 1 1
Vmin;49 49 49 49 49 49 49 49 49 49 49 49 49 49 49 49 49 49 49;45 45 45 45 45 45 45 45 45 45 45 45 45 45 45 45 45 45 45;46 46 46 46 46 46 46 46 46 46 46 46 46 46 46 46 46 46 46;52 52 52 52 52 52 52 52 52 52 52 52 52 52 52 52 52 52 52;42 42 42 42 42 42 42 42 42 42 42 42 42 42 42 42 42 42 42;51 51 51 51 51 51 51 51 51 51 51 51 51 51 51 51 51 51 51;
Vmax;49 49 49 49 49 49 49 49 49 49 49 49 49 49 49 49 49 49 49;45 45 45 45 45 45 45 45 45 45 45 45 45 45 45 45 45 45 45;46 46 46 46 46 46 46 46 46 46 46 46 46 46 46 46 46 46 46;52 52 52 52 52 52 52 52 52 52 52 52 52 52 52 52 52 52 52;42 42 42 42 42 42 42 42 42 42 42 42 42 42 42 42 42 42 42;51 51 51 51 51 51 51 51 51 51 51 51 51 51 51 51 51 51 51;
d;3.000 29.566 3.000 22.320 3.000 17.233 3.000 50.653 3.000 32.858 3.000 68.962 3.000 22.509 3.000 99.053 3.000 17.241 3.000
S;7.967205119033216 7.9059806292372974 7.5541293742319748 7.4929048844360562 5.4714240283272897 5.410199538531371 4.9508346418899087 4.8896101520939901 3.4822294630856709 3.4210049732897527 2.7504343159579032 2.689209826161985 1.6554794787831362 1.5942549889872177 1.2425683069368592 1.1813438171409407 0.72582691543750866 0.66460242564159033 0.061224489795918366 0;9.1754011296139435 9.1087344629472771 8.7256075408303708 8.6589408741637044 6.4577728308452693 6.3911061641786029 5.8909088322801217 5.8242421656134553 4.291760970915508 4.2250943042488416 3.4949173662652728 3.428250699598606 2.302633210230526 2.2359665435638592 1.8530188231090245 1.7863521564423579 1.2903448634763983 1.2236781968097317 0.56666666666666665 0.5;9.4868054528832051 9.4215880615788574 9.046789985594927 8.9815725942905793 6.8282560301747193 6.7630386388703716 6.2737151620131621 6.2084977707088145 4.7093313845912572 4.6441139932869095 3.9298104669986351 3.8645930756942874 2.7634455317472533 2.6982281404429056 2.3236053704327411 2.2583879791283934 1.7731634534008245 1.7079460620964766 1.0652173913043479 1;0 0.061224489795918366 0.69521467053954944 0.75643916033546776 1.2119560620389001 1.2731805518348185 1.6248672338851771 1.6860917236810955 2.7198220710599443 2.7810465608558625 3.4516172181877121 3.5128417079836303 4.9202223969919494 4.9814468867878681 5.4408117834293304 5.502036273225249 7.5235171293340155 7.5847416191299342 7.9365928741352567 7.9978173639311754;0.5 0.56666666666666665 1.2570115301430649 1.3236781968097315 1.8196854897756911 1.8863521564423578 2.2692998768971924 2.3359665435638592 3.4615840329319392 3.528250699598606 4.2584276375821748 4.3250943042488412 5.8575754989467885 5.924242165613455 6.4244394975119361 6.4911061641786025 8.6922742074970358 8.7589408741637023 9.1420677962806085 9.2087344629472749;1 1.0652173913043479 1.7405547577486506 1.8057721490529985 2.2909966747805677 2.3562140660849153 2.7308368360950799 2.7960542273994275 3.8972017713464622 3.9624191626508098 4.6767226889390843 4.7419400802434319 6.2411064663609892 6.3063238576653369 6.7956473345225463 6.860864725826894 9.0141812899427531 9.0793986812471008 9.4541967572310313 9.5194141485353789;
