m;6
n;12
P;19
P1;2 4 6 8 10 12 14 16 18
Q;20
M;100
h;1 1 1 1 1 1 1 1 1 1 1 1 1 1 1 1 1 1 1
Vmin;52 52 52 52 52 52 52 52 52 52 52 52 52 52 52 52 52 52 52;40 40 40 40 40 40 40 40 40 40 40 40 40 40 40 40 40 40 40;41 41 41 41 41 41 41 41 41 41 41 41 41 41 41 41 41 41 41;42 42 42 42 42 42 42 42 42 42 42 42 42 42 42 42 42 42 42;49 49 49 49 49 49 49 49 49 49 49 49 49 49 49 49 49 49 49;47 47 47 47 47 47 47 47 47 47 47 47 47 47 47 47 47 47 47;51 51 51 51 51 51 51 51 51 51 51 51 51 51 51 51 51 51 51;52 52 52 52 52 52 52 52 52 52 52 52 52 52 52 52 52 52 52;28 28 28 28 28 28 28 28 28 28 28 28 28 28 28 28 28 28 28;51 51 51 51 51 51 51 51 51 51 51 51 51 51 51 51 51 51 51;46 46 46 46 46 46 46 46 46 46 46 46 46 46 46 46 46 46 46;43 43 43 43 43 43 43 43 43 43 43 43 43 43 43 43 43 43 43;
Vmax;52 52 52 52 52 52 52 52 52 52 52 52 52 52 52 52 52 52 52;40 40 40 40 40 40 40 40 40 40 40 40 40 40 40 40 40 40 40;41 41 41 41 41 41 41 41 41 41 41 41 41 41 41 41 41 41 41;42 42 42 42 42 42 42 42 42 42 42 42 42 42 42 42 42 42 42;49 49 49 49 49 49 49 49 49 49 49 49 49 49 49 49 49 49 49;47 47 47 47 47 47 47 47 47 47 47 47 47 47 47 47 47 47 47;51 51 51 51 51 51 51 51 51 51 51 51 51 51 51 51 51 51 51;52 52 52 52 52 52 52 52 52 52 52 52 52 52 52 52 52 52 52;28 28 28 28 28 28 28 28 28 28 28 28 28 28 28 28 28 28 28;51 51 51 51 51 51 51 51 51 51 51 51 51 51 51 51 51 51 51;46 46 46 46 46 46 46 46 46 46 46 46 46 46 46 46 46 46 46;43 43 43 43 43 43 43 43 43 43 43 43 43 43 43 43 43 43 43;
d;3.000 104.420 3.000 54.501 3.000 11.286 3.000 50.920 3.000 36.454 3.000 27.513 3.000 66.520 3.000 91.352 3.000 13.507 3.000
S;9.3552498712538341 9.2975575635615257 9.0378084865620494 8.980116178869741 7.223356561752726 7.1656642540604185 5.8864250946449506 5.8287327869526431 5.2996303691266631 5.2419380614343556 4.5408989282278451 4.4832066205355376 3.5039729096834691 3.4462806019911616 3.2292514744256975 3.17155916673339 2.1234610561230993 2.0657687484307918 0.057692307692307696 0;12.66182483262998 12.586824832629981 12.249151032530662 12.174151032530663 9.8903635302785435 9.8153635302785442 8.1523526230384373 8.077352623038438 7.3895194798646635 7.3145194798646633 6.4031686066961999 6.3281686066961997 5.0551647825885109 4.9801647825885107 4.6980269167534079 4.6230269167534077 3.2604993729600302 3.1854993729600301 0.57499999999999996 0.5;12.865194958663395 12.792024226956078 12.462586373200645 12.389415641493329 10.161330273442481 10.088159541735164 8.46570987613506 8.3925391444277437 7.721482419380159 7.6483116876728419 6.7591888845816586 6.6860181528743414 5.4440632025253768 5.3708924708180596 5.0956360163447885 5.0224652846374713 3.693170119961005 3.6199993882536878 1.0731707317073171 1;13.082690316790456 13.011261745361885 12.689667650029202 12.618239078600631 10.44320336217004 10.371774790741469 8.7879548790842232 8.7165263076556521 8.0614471236806295 7.9900185522520575 7.1220653397106641 7.050636768282093 5.8382521738938182 5.7668236024652471 5.4981208730984825 5.4266923016699113 4.129047021866695 4.0576184504381239 1.5714285714285714 1.5;11.928020271534681 11.866795781738762 11.591143700025034 11.529919210229115 9.665602881860039 9.6043783920641204 8.2468184677864809 8.1855939779905622 7.6240975345833997 7.562873044787481 6.8189131483234293 6.7576886585275107 5.7185018633375604 5.6572773735416417 5.4269607483701288 5.3657362585742101 4.2534688758857389 4.1922443860898202 2.0612244897959182 2;12.850489219259563 12.78665943202552 12.499277474494185 12.435447687260142 10.491798749173231 10.427968961939188 9.0126405302454788 8.9488107430114354 8.363420833927373 8.2995910466933296 7.5239732822946381 7.4601434950605956 6.3767359851817114 6.3129061979476688 6.0727888653220488 6.0089590780880062 4.8493611684766211 4.7855313812425786 2.5638297872340425 2.5;0 0.057692307692307696 2.094614902276946 2.1523072099692535 3.2004053205795442 3.2580976282718517 3.4751267558373158 3.5328190635296233 4.5120527743816918 4.5697450820739993 5.2707842152805098 5.3284765229728173 5.8575789407987973 5.9152712484911047 7.1945104079065718 7.2522027155988793 9.0089623327158943 9.0666546404082027 9.326403717407679 9.3840960250999874;0.5 0.57499999999999996 3.2229993729600297 3.2979993729600299 4.6605269167534074 4.7355269167534075 5.0176647825885103 5.0926647825885105 6.3656686066961994 6.4406686066961996 7.352019479864663 7.4270194798646632 8.1148526230384377 8.189852623038437 9.8528635302785439 9.9278635302785432 12.211651032530662 12.286651032530662 12.624324832629981 12.69932483262998;1 1.0731707317073171 3.6565847541073464 3.7297554858146635 5.0590506504911295 5.1322213821984466 5.4074778366717178 5.4806485683790349 6.7226035187279995 6.7957742504353167 7.6848970535265 7.7580677852338171 8.429124510281401 8.5022952419887172 10.124744907588822 10.197915639296138 12.426001007346986 12.499171739054303 12.828609592809736 12.901780324517052;1.5 1.5714285714285714 4.0933327361524094 4.1647613075809806 5.4624065873841978 5.533835158812769 5.8025378881795335 5.8739664596081047 7.0863510539963794 7.1577796254249506 8.0257328379663448 8.097161409394916 8.7522405933699385 8.8236691647985097 10.407489076455755 10.478917647884327 12.653953364314917 12.725381935743489 13.046976031076172 13.118404602504743;2 2.0612244897959182 4.2228566309877795 4.2840811207836982 5.3963485034721694 5.4575729932680881 5.6878896184396011 5.7491141082355197 6.78830090342547 6.8495253932213886 7.5934852896854403 7.654709779481359 8.2162062228885215 8.2774307126844402 9.6349906369620797 9.6962151267579983 11.560531455127075 11.621755944922993 11.897408026636722 11.95863251643264;2.5 2.5638297872340425 4.8174462748596003 4.8812760620936428 6.0408739717050279 6.1047037589390705 6.3448210915646905 6.4086508787987331 7.4920583886776173 7.5558881759116598 8.3315059403103522 8.3953357275443956 8.980725636628458 9.0445554238625014 10.45988385555621 10.523713642790254 12.467362580877165 12.531192368111208 12.818574325642542 12.882404112876586;
