m;7
n;14
P;19
P1;2 4 6 8 10 12 14 16 18
Q;20
M;100
h;1 1 1 1 1 1 1 1 1 1 1 1 1 1 1 1 1 1 1
Vmin;40 40 40 40 40 40 40 40 40 40 40 40 40 40 40 40 40 40 40;28 28 28 28 28 28 28 28 28 28 28 28 28 28 28 28 28 28 28;35 35 35 35 35 35 35 35 35 35 35 35 35 35 35 35 35 35 35;29 29 29 29 29 29 29 29 29 29 29 29 29 29 29 29 29 29 29;50 50 50 50 50 50 50 50 50 50 50 50 50 50 50 50 50 50 50;36 36 36 36 36 36 36 36 36 36 36 36 36 36 36 36 36 36 36;42 42 42 42 42 42 42 42 42 42 42 42 42 42 42 42 42 42 42;48 48 48 48 48 48 48 48 48 48 48 48 48 48 48 48 48 48 48;52 52 52 52 52 52 52 52 52 52 52 52 52 52 52 52 52 52 52;44 44 44 44 44 44 44 44 44 44 44 44 44 44 44 44 44 44 44;51 51 51 51 51 51 51 51 51 51 51 51 51 51 51 51 51 51 51;51 51 51 51 51 51 51 51 51 51 51 51 51 51 51 51 51 51 51;40 40 40 40 40 40 40 40 40 40 40 40 40 40 40 40 40 40 40;50 50 50 50 50 50 50 50 50 50 50 50 50 50 50 50 50 50 50;
Vmax;40 40 40 40 40 40 40 40 40 40 40 40 40 40 40 40 40 40 40;28 28 28 28 28 28 28 28 28 28 28 28 28 28 28 28 28 28 28;35 35 35 35 35 35 35 35 35 35 35 35 35 35 35 35 35 35 35;29 29 29 29 29 29 29 29 29 29 29 29 29 29 29 29 29 29 29;50 50 50 50 50 50 50 50 50 50 50 50 50 50 50 50 50 50 50;36 36 36 36 36 36 36 36 36 36 36 36 36 36 36 36 36 36 36;42 42 42 42 42 42 42 42 42 42 42 42 42 42 42 42 42 42 42;48 48 48 48 48 48 48 48 48 48 48 48 48 48 48 48 48 48 48;52 52 52 52 52 52 52 52 52 52 52 52 52 52 52 52 52 52 52;44 44 44 44 44 44 44 44 44 44 44 44 44 44 44 44 44 44 44;51 51 51 51 51 51 51 51 51 51 51 51 51 51 51 51 51 51 51;51 51 51 51 51 51 51 51 51 51 51 51 51 51 51 51 51 51 51;40 40 40 40 40 40 40 40 40 40 40 40 40 40 40 40 40 40 40;50 50 50 50 50 50 50 50 50 50 50 50 50 50 50 50 50 50 50;
d;3.000 42.132 3.000 146.586 3.000 35.287 3.000 74.347 3.000 46.286 3.000 8.030 3.000 71.355 3.000 41.547 3.000 61.251 3.000
S;13.920538484628052 13.845538484628053 12.314259091011387 12.239259091011387 11.200580660112619 11.12558066011262 9.34171535356937 9.2667153535693707 9.0659687842867012 8.9909687842867019 7.8338183092828251 7.7588183092828249 5.9001312532190733 5.8251312532190731 4.9429582563863965 4.8679582563863963 1.2032991773673742 1.1282991773673743 0.074999999999999997 0;20.38648354946865 20.279340692325793 18.091798701444841 17.984655844301983 16.5008295144466 16.393686657303743 13.845307647956245 13.738164790813387 13.45138397755243 13.344241120409572 11.691169013261177 11.58402615611832 8.9287589331701032 8.8216160760272455 7.5613689376948505 7.4542260805519938 2.2189988248105346 2.1118559676676774 0.6071428571428571 0.5;16.909186839574918 16.823472553860633 15.073438961155871 14.987724675441585 13.800663611557278 13.714949325842992 11.676246118364993 11.590531832650708 11.361107182041941 11.275392896327656 9.9529352106089402 9.8672209248946547 7.7430071465360824 7.6572928608217969 6.6490951501558806 6.5633808644415952 2.3751990598484278 2.289484774134142 1.0857142857142856 1;20.700742737418004 20.597294461555936 18.485184953119155 18.381736677257088 16.949076772569132 16.845628496707064 14.385124625612928 14.281676349750859 14.004784530050623 13.901336254188553 12.305266633493551 12.201818357631481 9.6381120734056172 9.5346637975435478 8.3178734570846835 8.2144251812226141 3.1597230032653436 3.0562747274032747 1.603448275862069 1.5;13.136430787702446 13.076430787702446 11.851407272809112 11.791407272809112 10.960464528090096 10.900464528090096 9.4733722828554967 9.4133722828554962 9.2527750274293599 9.1927750274293594 8.2670546474262583 8.2070546474262578 6.7201050025752567 6.6601050025752571 5.954366605109116 5.8943666051091164 2.9626393418938997 2.9026393418938996 2.0600000000000001 2;17.967264982920064 17.883931649586732 16.182510101123768 16.099176767790436 14.945089622347361 14.861756289014027 12.879683726188194 12.79635039285486 12.573298649207448 12.489965315874114 11.204242565869807 11.120909232536473 9.0557013924656378 8.9723680591323038 7.9921758404293293 7.9088425070959962 3.8369990859637495 3.753665752630416 2.5833333333333335 2.5;16.257655699645767 16.186227128217194 14.727865800963226 14.656437229534655 13.667219676297732 13.595791104869161 11.896871765304162 11.825443193875591 11.634255985034953 11.562827413606382 10.460779342174117 10.389350770745546 8.6191726221134015 8.5477440506848303 7.7075792917965664 7.6361507203679952 4.1459992165403561 4.0745706451117849 3.0714285714285716 3;0 0.074999999999999997 1.1657991773673742 1.2407991773673741 4.905458256386396 4.9804582563863962 5.8626312532190727 5.9376312532190729 7.7963183092828245 7.8713183092828247 9.0284687842867015 9.1034687842867008 9.3042153535693704 9.3792153535693696 11.16308066011262 11.238080660112619 12.276759091011387 12.351759091011386 13.883038484628052 13.958038484628052;0.5 0.6071428571428571 2.1654273962391062 2.2725702533819634 7.5077975091234226 7.6149403662662793 8.8751875045986743 8.982330361741532 11.637597584689747 11.744740441832604 13.397812548980999 13.504955406123857 13.791736219384815 13.898879076527672 16.44725808587517 16.554400943018027 18.03822727287341 18.145370130016268 20.33291212089722 20.440054978040077;1 1.0857142857142856 2.3323419169912851 2.418056202705571 6.6062380072987388 6.6919522930130242 7.7001500036789405 7.7858642893932259 9.9100780677517992 9.9957923534660846 11.3182500391848 11.403964324899086 11.633388975507852 11.719103261222138 13.757806468700137 13.843520754414422 15.03058181829873 15.116296104013015 16.866329696717777 16.952043982432063;1.5 1.603448275862069 3.1079988653343094 3.2114471411963783 8.2661493191536497 8.3695975950157191 9.5863879354745833 9.6898362113366527 12.253542495562517 12.356990771424586 13.953060392119589 14.056508667981658 14.333400487681894 14.436848763543964 16.8973526346381 17.000800910500168 18.433460815188123 18.536909091050191 20.649018599486972 20.75246687534904;2 2.0600000000000001 2.9326393418938994 2.9926393418938995 5.9243666051091166 5.9843666051091162 6.6901050025752582 6.7501050025752578 8.2370546474262589 8.2970546474262594 9.2227750274293605 9.282775027429361 9.4433722828554973 9.5033722828554978 10.930464528090097 10.990464528090097 11.821407272809113 11.881407272809113 13.106430787702447 13.166430787702447;2.5 2.5833333333333335 3.7953324192970825 3.878665752630416 7.9505091737626632 8.0338425070959971 9.0140347257989717 9.0973680591323056 11.162575899203141 11.245909232536475 12.531631982540782 12.614965315874116 12.838017059521528 12.921350392854862 14.903422955680695 14.986756289014028 16.140843434457103 16.224176767790436 17.925598316253399 18.008931649586732;3 3.0714285714285716 4.1102849308260705 4.1817135022546417 7.6718650060822817 7.7432935775108529 8.5834583363991168 8.654886907827688 10.425065056459832 10.496493627888404 11.598541699320668 11.669970270749239 11.861157479589878 11.932586051018449 13.631505390583449 13.70293396201202 14.692151515248943 14.763580086677514 16.221941413931482 16.293369985360055;
