m;8
n;16
P;19
P1;2 4 6 8 10 12 14 16 18
Q;20
M;100
h;1 1 1 1 1 1 1 1 1 1 1 1 1 1 1 1 1 1 1
Vmin;52 52 52 52 52 52 52 52 52 52 52 52 52 52 52 52 52 52 52;36 36 36 36 36 36 36 36 36 36 36 36 36 36 36 36 36 36 36;49 49 49 49 49 49 49 49 49 49 49 49 49 49 49 49 49 49 49;39 39 39 39 39 39 39 39 39 39 39 39 39 39 39 39 39 39 39;28 28 28 28 28 28 28 28 28 28 28 28 28 28 28 28 28 28 28;42 42 42 42 42 42 42 42 42 42 42 42 42 42 42 42 42 42 42;50 50 50 50 50 50 50 50 50 50 50 50 50 50 50 50 50 50 50;46 46 46 46 46 46 46 46 46 46 46 46 46 46 46 46 46 46 46;40 40 40 40 40 40 40 40 40 40 40 40 40 40 40 40 40 40 40;42 42 42 42 42 42 42 42 42 42 42 42 42 42 42 42 42 42 42;40 40 40 40 40 40 40 40 40 40 40 40 40 40 40 40 40 40 40;43 43 43 43 43 43 43 43 43 43 43 43 43 43 43 43 43 43 43;44 44 44 44 44 44 44 44 44 44 44 44 44 44 44 44 44 44 44;50 50 50 50 50 50 50 50 50 50 50 50 50 50 50 50 50 50 50;42 42 42 42 42 42 42 42 42 42 42 42 42 42 42 42 42 42 42;45 45 45 45 45 45 45 45 45 45 45 45 45 45 45 45 45 45 45;
Vmax;52 52 52 52 52 52 52 52 52 52 52 52 52 52 52 52 52 52 52;36 36 36 36 36 36 36 36 36 36 36 36 36 36 36 36 36 36 36;49 49 49 49 49 49 49 49 49 49 49 49 49 49 49 49 49 49 49;39 39 39 39 39 39 39 39 39 39 39 39 39 39 39 39 39 39 39;28 28 28 28 28 28 28 28 28 28 28 28 28 28 28 28 28 28 28;42 42 42 42 42 42 42 42 42 42 42 42 42 42 42 42 42 42 42;50 50 50 50 50 50 50 50 50 50 50 50 50 50 50 50 50 50 50;46 46 46 46 46 46 46 46 46 46 46 46 46 46 46 46 46 46 46;40 40 40 40 40 40 40 40 40 40 40 40 40 40 40 40 40 40 40;42 42 42 42 42 42 42 42 42 42 42 42 42 42 42 42 42 42 42;40 40 40 40 40 40 40 40 40 40 40 40 40 40 40 40 40 40 40;43 43 43 43 43 43 43 43 43 43 43 43 43 43 43 43 43 43 43;44 44 44 44 44 44 44 44 44 44 44 44 44 44 44 44 44 44 44;50 50 50 50 50 50 50 50 50 50 50 50 50 50 50 50 50 50 50;42 42 42 42 42 42 42 42 42 42 42 42 42 42 42 42 42 42 42;45 45 45 45 45 45 45 45 45 45 45 45 45 45 45 45 45 45 45;
d;3.000 125.990 3.000 3.481 3.000 9.496 3.000 70.671 3.000 45.088 3.000 90.227 3.000 8.807 3.000 36.688 3.000 64.595 3.000
S;9.3277648938604631 9.2700725861681548 8.0278594525760703 7.9701671448837619 7.264629274124375 7.2069369664320675 7.0375647095420559 6.9798724018497484 5.2447284800469589 5.1870361723546514 4.3199614361001117 4.2622691284078043 2.9032107417593145 2.845518434067007 2.6629084493208097 2.6052161416285022 2.538269629721114 2.4805773220288065 0.057692307692307696 0;13.97343818002067 13.890104846687336 12.095796987054326 12.012463653720992 10.993353395957435 10.910020062624101 10.665371247116306 10.582037913782973 8.0757189156233871 7.992385582290054 6.7399442965890515 6.6566109632557184 4.693526626985677 4.610193293652344 4.3464233156856142 4.2630899823522812 4.1663894651527205 4.0830561318193874 0.58333333333333337 0.5;10.898852540423354 10.837628050627435 9.5193610517133855 9.4581365619174669 8.7094024949891384 8.6481780051932198 8.468436018289534 8.4072115284936153 6.5658343053559598 6.5046098155600411 5.5844488709633859 5.5232243811674673 4.0809583381935592 4.0197338483976406 3.8259436605037171 3.7647191707077989 3.6936738927652644 3.6324494029693462 1.0612244897959184 1;13.937019858480618 13.860096781557541 12.203812603434761 12.126889526511684 11.18617236549917 11.109249288576093 10.883419612722744 10.806496535799667 8.4929713067292809 8.4160482298062043 7.2599485814668174 7.1830255045437408 5.3709476556790872 5.2940245787560105 5.0505445990944136 4.9736215221713369 4.8843595062948193 4.8074364293717426 1.5769230769230769 1.5;19.322991945740863 19.215849088598006 16.90888184049842 16.801738983355563 15.491454366230988 15.38431150908813 15.06976303200668 14.962620174863822 11.740210034372927 11.633067177230069 10.022785524185924 9.9156426670430662 7.3916770918387273 7.2845342346958706 6.9454014058815039 6.8382585487386471 6.7139293123392116 6.6067864551963549 2.1071428571428572 2;14.048661297160571 13.977232725732 12.439254560332277 12.367825988903705 11.494302910820656 11.422874339392084 11.213175354671117 11.141746783242546 8.9934733562486162 8.922044784820045 7.8485236827906153 7.7770951113620441 6.0944513945591519 6.0230228231305807 5.7969342705876699 5.7255056991590987 5.6426195415594753 5.5711909701309041 2.5714285714285716 2.5;12.700875489614885 12.640875489614885 11.348973830679117 11.288973830679117 10.555214445089355 10.495214445089355 10.319067297923741 10.259067297923741 8.4545176192488398 8.3945176192488393 7.4927598935441173 7.4327598935441177 6.0193391714296878 5.9593391714296882 5.7694247872936426 5.709424787293643 5.639800414909959 5.5798004149099594 3.0600000000000001 3;14.044429880016176 13.979212488711829 12.574971555085995 12.509754163781647 11.712189614227558 11.64697222292321 11.455507932525805 11.390290541221457 9.4288234991835207 9.363606107879173 8.3834346668957807 8.318217275591433 6.781890403727922 6.7166730124235743 6.5102443340148293 6.4450269427104816 6.3693482770760426 6.3041308857716949 3.5652173913043477 3.5;0 0.057692307692307696 2.5094234758749607 2.5671157835672682 2.6340622954746564 2.6917546031669639 2.8743645879131612 2.9320568956054687 4.2911152822539584 4.3488075899462659 5.2158823262008056 5.2735746338931131 7.0087185556959035 7.066410863388211 7.2357831202782226 7.2934754279705301 7.999013298729917 8.0567056064222253 9.2989187400143098 9.3566110477066182;0.5 0.58333333333333337 4.1247227984860544 4.2080561318193874 4.3047566490189482 4.3880899823522812 4.6518599603190109 4.735193293652344 6.6982776299223854 6.7816109632557184 8.034052248956721 8.1173855822900549 10.62370458044964 10.707037913782974 10.951686729290769 11.035020062624103 12.05413032038766 12.137463653720994 13.931771513354004 14.015104846687338;1 1.0612244897959184 3.6630616478673055 3.7242861376632237 3.7953314156057583 3.8565559054016765 4.0503460932955999 4.1115705830915186 5.5538366260654266 5.6150611158613453 6.5352220604580005 6.5964465502539191 8.4378237733915746 8.4990482631874933 8.6787902500911791 8.7400147398870978 9.4887488068154262 9.5499732966113449 10.868240295525395 10.929464785321313;1.5 1.5769230769230769 4.845897967833281 4.9228210447563576 5.0120830606328752 5.0890061375559519 5.3324861172175488 5.4094091941406255 7.2214870430052791 7.2984101199283558 8.4545097682677426 8.5314328451908192 10.844958074261205 10.921881151184282 11.147710827037631 11.224633903960708 12.165351064973223 12.242274141896299 13.898558320019079 13.975481396942156;2 2.1071428571428572 6.6603578837677837 6.7675007409106405 6.891829977310076 6.9989728344529327 7.3381056632672994 7.4452485204101562 9.969214095614495 10.076356952757353 11.686638605801498 11.793781462944356 15.016191603435251 15.123334460578109 15.437882937659559 15.545025794802417 16.855310411926993 16.962453269069851 19.269420517169436 19.376563374312294;2.5 2.5714285714285716 5.6069052558451897 5.6783338272737609 5.7612199848733843 5.8326485563019554 6.0587371088448663 6.1301656802734374 7.8128093970763297 7.8842379685049009 8.9577590705343315 9.0291876419629027 11.177461068956834 11.248889640385405 11.458588625106373 11.530017196534944 12.403540274617994 12.474968846046565 14.012947011446288 14.084375582874859;3 3.0600000000000001 5.6098004149099587 5.6698004149099583 5.7394247872936424 5.799424787293642 5.9893391714296875 6.0493391714296871 7.4627598935441171 7.5227598935441167 8.4245176192488387 8.4845176192488392 10.28906729792374 10.349067297923741 10.525214445089354 10.585214445089354 11.318973830679116 11.378973830679117 12.670875489614884 12.730875489614885;3.5 3.5652173913043477 6.3367395814238687 6.4019569727282164 6.4776356383626554 6.5428530296670031 6.7492817080757481 6.8144990993800958 8.3508259712436068 8.4160433625479545 9.3962148035313469 9.4614321948356945 11.422899236873631 11.488116628177979 11.679580918575384 11.744798309879732 12.542362859433821 12.607580250738168 14.011821184364003 14.07703857566835;
