m;4
n;8
P;19
P1;2 4 6 8 10 12 14 16 18
Q;20
M;100
h;1 1 1 1 1 1 1 1 1 1 1 1 1 1 1 1 1 1 1
Vmin;48 48 48 48 48 48 48 48 48 48 48 48 48 48 48 48 48 48 48;52 52 52 52 52 52 52 52 52 52 52 52 52 52 52 52 52 52 52;52 52 52 52 52 52 52 52 52 52 52 52 52 52 52 52 52 52 52;36 36 36 36 36 36 36 36 36 36 36 36 36 36 36 36 36 36 36;28 28 28 28 28 28 28 28 28 28 28 28 28 28 28 28 28 28 28;38 38 38 38 38 38 38 38 38 38 38 38 38 38 38 38 38 38 38;51 51 51 51 51 51 51 51 51 51 51 51 51 51 51 51 51 51 51;47 47 47 47 47 47 47 47 47 47 47 47 47 47 47 47 47 47 47;
Vmax;48 48 48 48 48 48 48 48 48 48 48 48 48 48 48 48 48 48 48;52 52 52 52 52 52 52 52 52 52 52 52 52 52 52 52 52 52 52;52 52 52 52 52 52 52 52 52 52 52 52 52 52 52 52 52 52 52;36 36 36 36 36 36 36 36 36 36 36 36 36 36 36 36 36 36 36;28 28 28 28 28 28 28 28 28 28 28 28 28 28 28 28 28 28 28;38 38 38 38 38 38 38 38 38 38 38 38 38 38 38 38 38 38 38;51 51 51 51 51 51 51 51 51 51 51 51 51 51 51 51 51 51 51;47 47 47 47 47 47 47 47 47 47 47 47 47 47 47 47 47 47 47;
d;3.000 16.346 3.000 4.212 3.000 107.879 3.000 7.015 3.000 49.496 3.000 14.908 3.000 98.047 3.000 11.594 3.000 3.533 3.000
S;7.1464317919575926 7.0839317919575926 7.0103321731027393 6.9478321731027393 6.70629061535878 6.64379061535878 4.6011498015975008 4.5386498015975008 4.2280746363572064 4.1655746363572064 3.1344100600909979 3.0719100600909979 2.9257673830514643 2.8632673830514643 0.61578484720126869 0.55328484720126869 0.46554241820052433 0.40304241820052433 0.0625 0;7.0967062694993155 7.039013961807008 6.9710758520948364 6.9133835444025289 6.6904221064850278 6.6327297987927203 4.7472152014746163 4.6895228937823088 4.4028381258681906 4.3451458181758831 3.3933015939301518 3.3356092862378444 3.2007083535859673 3.1430160458936598 1.0684167820319403 1.0107244743396326 0.92973146295433018 0.87203915526202247 0.55769230769230771 0.5;7.5967062694993155 7.539013961807008 7.4710758520948364 7.4133835444025289 7.1904221064850278 7.1327297987927203 5.2472152014746163 5.1895228937823088 4.9028381258681906 4.8451458181758831 3.8933015939301518 3.8356092862378444 3.7007083535859673 3.6430160458936598 1.5684167820319403 1.5107244743396326 1.4297314629543301 1.3720391552620224 1.0576923076923077 1;11.028575722610123 10.945242389276789 10.847109564136986 10.763776230803652 10.441720820478373 10.358387487145039 7.6348664021299992 7.5515330687966662 7.1374328484762737 7.0540995151429406 5.6792134134546632 5.5958800801213302 5.4010231774019521 5.3176898440686191 2.3210464629350254 2.2377131296016919 2.1207232242673659 2.0373898909340324 1.5833333333333333 1.5;0 0.0625 0.43429241820052433 0.49679241820052433 0.58453484720126869 0.64703484720126869 2.8945173830514643 2.9570173830514643 3.1031600600909979 3.1656600600909979 4.1968246363572064 4.2593246363572064 4.5698998015975008 4.6323998015975008 6.67504061535878 6.73754061535878 6.9790821731027393 7.0415821731027393 7.1151817919575926 7.1776817919575926;0.5 0.55769230769230771 0.90088530910817632 0.95857761680048403 1.0395706281857866 1.0972629358780943 3.1718621997398135 3.229554507432121 3.3644554400839981 3.4221477477763056 4.3739919720220364 4.4316842797143439 4.7183690476284621 4.7760613553207696 6.6615759526388736 6.7192682603311811 6.9422296982486822 6.9999220059409897 7.0678601156531613 7.1255524233454688;1 1.0576923076923077 1.4008853091081763 1.458577616800484 1.5395706281857866 1.5972629358780943 3.6718621997398135 3.729554507432121 3.8644554400839981 3.9221477477763056 4.8739919720220364 4.9316842797143439 5.2183690476284621 5.2760613553207696 7.1615759526388736 7.2192682603311811 7.4422296982486822 7.4999220059409897 7.5678601156531613 7.6255524233454688;1.5 1.5833333333333333 2.079056557600699 2.1623898909340324 2.2793797962683584 2.3627131296016919 5.3593565107352861 5.4426898440686191 5.6375467467879972 5.7208800801213302 7.0957661818096085 7.1790995151429415 7.593199735463334 7.6765330687966671 10.400054153811707 10.483387487145041 10.80544289747032 10.888776230803654 10.986909055943457 11.070242389276791;
