m;1
n;2
P;19
P1;2 4 6 8 10 12 14 16 18
Q;20
M;100
h;1 1 1 1 1 1 1 1 1 1 1 1 1 1 1 1 1 1 1
Vmin;40 40 40 40 40 40 40 40 40 40 40 40 40 40 40 40 40 40 40;40 40 40 40 40 40 40 40 40 40 40 40 40 40 40 40 40 40 40;
Vmax;40 40 40 40 40 40 40 40 40 40 40 40 40 40 40 40 40 40 40;40 40 40 40 40 40 40 40 40 40 40 40 40 40 40 40 40 40 40;
d;3 36.6666666666667 3 36.6666666666667 3 36.6666666666667 3 36.6666666666667 3 36.6666666666667 3 36.6666666666667 3 36.6666666666667 3 36.6666666666667 3 36.6666666666667 3
S;9 8.9250000000000007 8.0083333333333346 7.9333333333333353 7.0166666666666684 6.9416666666666682 6.0250000000000012 5.9500000000000011 5.0333333333333341 4.9583333333333339 4.041666666666667 3.9666666666666668 3.0500000000000003 2.9750000000000001 2.0583333333333336 1.9833333333333334 1.0666666666666667 0.99166666666666659 0.074999999999999997 0;0 0.074999999999999997 0.99166666666666659 1.0666666666666667 1.9833333333333334 2.0583333333333336 2.9750000000000001 3.0500000000000003 3.9666666666666668 4.041666666666667 4.9583333333333339 5.0333333333333341 5.9500000000000011 6.0250000000000012 6.9416666666666682 7.0166666666666684 7.9333333333333353 8.0083333333333346 8.9250000000000007 9;
