m;3
n;6
P;19
P1;2 4 6 8 10 12 14 16 18
Q;20
M;100
h;1 1 1 1 1 1 1 1 1 1 1 1 1 1 1 1 1 1 1
Vmin;28 28 28 28 28 28 28 28 28 28 28 28 28 28 28 28 28 28 28;36 36 36 36 36 36 36 36 36 36 36 36 36 36 36 36 36 36 36;42 42 42 42 42 42 42 42 42 42 42 42 42 42 42 42 42 42 42;42 42 42 42 42 42 42 42 42 42 42 42 42 42 42 42 42 42 42;48 48 48 48 48 48 48 48 48 48 48 48 48 48 48 48 48 48 48;52 52 52 52 52 52 52 52 52 52 52 52 52 52 52 52 52 52 52;
Vmax;28 28 28 28 28 28 28 28 28 28 28 28 28 28 28 28 28 28 28;36 36 36 36 36 36 36 36 36 36 36 36 36 36 36 36 36 36 36;42 42 42 42 42 42 42 42 42 42 42 42 42 42 42 42 42 42 42;42 42 42 42 42 42 42 42 42 42 42 42 42 42 42 42 42 42 42;48 48 48 48 48 48 48 48 48 48 48 48 48 48 48 48 48 48 48;52 52 52 52 52 52 52 52 52 52 52 52 52 52 52 52 52 52 52;
d;3.000 9.005 3.000 22.317 3.000 64.412 3.000 13.640 3.000 3.204 3.000 23.470 3.000 4.051 3.000 14.837 3.000 8.169 3.000
S;0.44235384294708813 0.44056812866137385 0.43570557757291889 0.43391986328720461 0.42508811748664216 0.42330240320092788 0.42089119958136939 0.41910548529565511 0.40513523838086335 0.40334952409514907 0.40144212782911942 0.39965641354340514 0.3915372829975205 0.38975156871180622 0.35141135498704507 0.34962564070133079 0.33634190059879016 0.33455618631307588 0.32919607589423427 0.32741036160851994;0.60075647770143425 0.59936758881254526 0.59558560463263588 0.59419671574374699 0.58732758012108732 0.58593869123219844 0.58406331063920858 0.58267442175031958 0.57180867414992609 0.5704197852610372 0.56893625483190313 0.56754736594301414 0.56123248662954828 0.55984359774065939 0.53002343151028952 0.52863454262140075 0.51830274476386906 0.51691385587498018 0.51274488110477012 0.51135599221588124;0.90279597995222904 0.90160550376175286 0.89836380303611618 0.89717332684564011 0.89128549631193177 0.89009502012145558 0.88848755104175003 0.88729707485127385 0.87798357690807938 0.87679310071760319 0.8755215032069168 0.87433102701644061 0.86891827331918425 0.86772779712870807 0.842167654645534 0.84097717845505782 0.83212135172003066 0.83093087552955458 0.82735746858366011 0.82616699239318392;1.2549637925369741 1.2567495068226886 1.2630024743843873 1.2647881886701018 1.2780719287726425 1.2798576430583568 1.3181978567831181 1.3199835710688324 1.3281027016147171 1.3298884159004314 1.331795812166461 1.3335815264521753 1.3475517733669671 1.3493374876526816 1.3517486912722398 1.3535344055579543 1.3623661513585168 1.3641518656442311 1.3690144167326859 1.3708001310184001;1.4842464059259981 1.485635294814887 1.4904987140295416 1.4918876029184305 1.5022194007759622 1.5036082896648508 1.5334284558952205 1.5348173447841094 1.5411322240975751 1.542521112986464 1.5440046434155981 1.5453935323044869 1.5562592799048807 1.5576481687937693 1.5595235493867594 1.5609124382756481 1.5677815738983079 1.5691704627871965 1.5729524469671061 1.5743413358559948;1.9794660868884826 1.9806565630789588 1.9848252081200912 1.9860156843105672 1.9948715110455943 1.9960619872360705 2.0216221297192445 2.0228126059097207 2.028225359606977 2.0294158357974532 2.0306874333081395 2.0318779094986157 2.04119140744181 2.0423818836322862 2.0439893527119919 2.0451798289024681 2.0510676594361765 2.0522581356266527 2.0554998363522889 2.0566903125427651;
