m;6
n;12
P;19
P1;2 4 6 8 10 12 14 16 18
Q;20
M;100
h;1 1 1 1 1 1 1 1 1 1 1 1 1 1 1 1 1 1 1
Vmin;31 31 31 31 31 31 31 31 31 31 31 31 31 31 31 31 31 31 31;51 51 51 51 51 51 51 51 51 51 51 51 51 51 51 51 51 51 51;39 39 39 39 39 39 39 39 39 39 39 39 39 39 39 39 39 39 39;51 51 51 51 51 51 51 51 51 51 51 51 51 51 51 51 51 51 51;50 50 50 50 50 50 50 50 50 50 50 50 50 50 50 50 50 50 50;28 28 28 28 28 28 28 28 28 28 28 28 28 28 28 28 28 28 28;43 43 43 43 43 43 43 43 43 43 43 43 43 43 43 43 43 43 43;44 44 44 44 44 44 44 44 44 44 44 44 44 44 44 44 44 44 44;33 33 33 33 33 33 33 33 33 33 33 33 33 33 33 33 33 33 33;41 41 41 41 41 41 41 41 41 41 41 41 41 41 41 41 41 41 41;52 52 52 52 52 52 52 52 52 52 52 52 52 52 52 52 52 52 52;52 52 52 52 52 52 52 52 52 52 52 52 52 52 52 52 52 52 52;
Vmax;31 31 31 31 31 31 31 31 31 31 31 31 31 31 31 31 31 31 31;51 51 51 51 51 51 51 51 51 51 51 51 51 51 51 51 51 51 51;39 39 39 39 39 39 39 39 39 39 39 39 39 39 39 39 39 39 39;51 51 51 51 51 51 51 51 51 51 51 51 51 51 51 51 51 51 51;50 50 50 50 50 50 50 50 50 50 50 50 50 50 50 50 50 50 50;28 28 28 28 28 28 28 28 28 28 28 28 28 28 28 28 28 28 28;43 43 43 43 43 43 43 43 43 43 43 43 43 43 43 43 43 43 43;44 44 44 44 44 44 44 44 44 44 44 44 44 44 44 44 44 44 44;33 33 33 33 33 33 33 33 33 33 33 33 33 33 33 33 33 33 33;41 41 41 41 41 41 41 41 41 41 41 41 41 41 41 41 41 41 41;52 52 52 52 52 52 52 52 52 52 52 52 52 52 52 52 52 52 52;52 52 52 52 52 52 52 52 52 52 52 52 52 52 52 52 52 52 52;
d;3.000 30.421 3.000 32.059 3.000 32.716 3.000 4.830 3.000 15.889 3.000 80.069 3.000 19.816 3.000 58.566 3.000 29.110 3.000
S;0.34090452203282812 0.33929161880702169 0.32364090042989541 0.32202799720408898 0.29054072638362766 0.28892782315782117 0.27827423832322112 0.27666133509741464 0.23361371843828851 0.23200081521248206 0.22345818582674221 0.22184528260093572 0.21924826235058731 0.21763535912478085 0.2000461690624834 0.19843326583667692 0.18119715127680625 0.17958424805099979 0.16322906417272245 0.16161616094691597;0.64769214205383052 0.64671174989696767 0.63719856813832232 0.63621817598145958 0.61707885450235567 0.61609846234549281 0.60962275391661824 0.6086423617597555 0.58247616339832586 0.58149577124146312 0.57630319259522911 0.57532280043836626 0.57374421950187993 0.57276382734501718 0.56207235887577756 0.5610919667189147 0.55061511277075814 0.54963472061389529 0.53969333433494238 0.53871294217807963;0.93686028551791056 0.93557823423585917 0.92313791962839986 0.92185586834634847 0.89682752487367412 0.89554547359162284 0.88707723949232542 0.88579518821027403 0.85157785189148139 0.85029580060943011 0.84350550545666247 0.8422234541746112 0.84015915602689828 0.838877104744847 0.82489595366968738 0.8236139023876361 0.80991340107081577 0.8086313497887645 0.79563107542397993 0.79434902414192854;1.892742248066561 1.8917618559096983 1.8822486741510529 1.8812682819941899 1.8621289605150861 1.8611485683582234 1.8546728599293487 1.853692467772486 1.8275262694110563 1.8265458772541936 1.8213532986079595 1.8203729064510967 1.8187943255146104 1.8178139333577477 1.807122464888508 1.8061420727316453 1.7956652187834885 1.7946848266266258 1.784743440347673 1.7837630481908102;2.080090238338463 2.0790902383384631 2.0693867929446448 2.0683867929446449 2.0488646850359586 2.0478646850359588 2.0412594624385063 2.0402594624385064 2.0135699401098481 2.0125699401098482 2.0072735098906893 2.0062735098906894 2.0046633573354735 2.0036633573354736 1.992758059496849 1.9917580594968489 1.9810716684697289 1.980071668469729 1.9699314544651971 1.968931454465197;2.3175292694488827 2.3157435551631682 2.2984159741027788 2.2966302598170643 2.261769352837268 2.2599836385515535 2.2481885981989604 2.2464028839132464 2.1987430226120708 2.1969573083263563 2.1874993972207162 2.1857136829350017 2.182838410514973 2.1810526962292585 2.1615789500888578 2.1597932358031433 2.1407103946832868 2.1389246803975723 2.1208171553894797 2.1190314411037656;2.3608747496263192 2.3624876528521255 2.3796492883433062 2.3812621915691126 2.3984983061289831 2.4001112093547894 2.4177003994170869 2.4193133026428932 2.4219103228932415 2.4235232261190478 2.432065855504788 2.4336787587305944 2.4767263753897208 2.4783392786155272 2.488992863450127 2.4906057666759334 2.5220930374963948 2.5237059407222011 2.5393566590993273 2.5409695623251336;2.9067291119506611 2.9077095041075238 2.918141086464908 2.9191214786217707 2.929598332569928 2.9305787247267907 2.9412701931960306 2.9422505853528933 2.9438291662893792 2.9448095584462424 2.9500021370924761 2.9509825292493388 2.9771487276107687 2.9781291197676314 2.9846048281965056 2.9855852203533688 3.0047245418324726 3.0057049339893354 3.0152181157479805 3.0161985079048437;3.7631504426078255 3.7644324938898768 3.778073793895687 3.7793558451777383 3.7930563464945584 3.7943383977766092 3.8083195488517689 3.8096016001338198 3.8116658982815328 3.8129479495635841 3.8197382447163517 3.8210202959984025 3.8552376323171953 3.8565196835992461 3.8649879176985436 3.8662699689805948 3.891298312453269 3.8925803637353202 3.9050206783427797 3.9063027296248309;3.8968216672754745 3.8978020594323373 3.9082336417897214 3.9092140339465842 3.919690887894741 3.9206712800516041 3.931362748520844 3.9323431406777067 3.9339217216141926 3.9349021137710554 3.9400946924172895 3.9410750845741522 3.9672412829355821 3.9682216750924448 3.9746973835213191 3.9756777756781818 3.9948170971572861 3.9957974893141488 4.0053106710727944 4.0062910632296571;4.0132668057100753 4.0142668057100757 4.0249070197146075 4.025907019714607 4.0365934107417267 4.0375934107417271 4.0484987085803512 4.0494987085803515 4.0511088611355675 4.0521088611355678 4.0574052913547263 4.0584052913547266 4.0850948136833845 4.0860948136833848 4.0927000362808368 4.0937000362808371 4.1132221441895229 4.1142221441895224 4.1239255895833411 4.1249255895833405;5.0230563139943758 5.0248420282800899 5.04384241043104 5.045628124716754 5.0647109658366105 5.0664966801223246 5.0859704262627243 5.0877561405484384 5.0906314129684667 5.0924171272541807 5.1018750383598217 5.1036607526455358 5.1513206139467105 5.1531063282324245 5.164901368585018 5.1666870828707321 5.2015479898505284 5.2033337041362424 5.2206612851966323 5.2224469994823464;
