m;7
n;14
P;19
P1;2 4 6 8 10 12 14 16 18
Q;20
M;100
h;1 1 1 1 1 1 1 1 1 1 1 1 1 1 1 1 1 1 1
Vmin;28 28 28 28 28 28 28 28 28 28 28 28 28 28 28 28 28 28 28;43 43 43 43 43 43 43 43 43 43 43 43 43 43 43 43 43 43 43;38 38 38 38 38 38 38 38 38 38 38 38 38 38 38 38 38 38 38;52 52 52 52 52 52 52 52 52 52 52 52 52 52 52 52 52 52 52;43 43 43 43 43 43 43 43 43 43 43 43 43 43 43 43 43 43 43;49 49 49 49 49 49 49 49 49 49 49 49 49 49 49 49 49 49 49;51 51 51 51 51 51 51 51 51 51 51 51 51 51 51 51 51 51 51;42 42 42 42 42 42 42 42 42 42 42 42 42 42 42 42 42 42 42;52 52 52 52 52 52 52 52 52 52 52 52 52 52 52 52 52 52 52;46 46 46 46 46 46 46 46 46 46 46 46 46 46 46 46 46 46 46;36 36 36 36 36 36 36 36 36 36 36 36 36 36 36 36 36 36 36;45 45 45 45 45 45 45 45 45 45 45 45 45 45 45 45 45 45 45;52 52 52 52 52 52 52 52 52 52 52 52 52 52 52 52 52 52 52;33 33 33 33 33 33 33 33 33 33 33 33 33 33 33 33 33 33 33;
Vmax;28 28 28 28 28 28 28 28 28 28 28 28 28 28 28 28 28 28 28;43 43 43 43 43 43 43 43 43 43 43 43 43 43 43 43 43 43 43;38 38 38 38 38 38 38 38 38 38 38 38 38 38 38 38 38 38 38;52 52 52 52 52 52 52 52 52 52 52 52 52 52 52 52 52 52 52;43 43 43 43 43 43 43 43 43 43 43 43 43 43 43 43 43 43 43;49 49 49 49 49 49 49 49 49 49 49 49 49 49 49 49 49 49 49;51 51 51 51 51 51 51 51 51 51 51 51 51 51 51 51 51 51 51;42 42 42 42 42 42 42 42 42 42 42 42 42 42 42 42 42 42 42;52 52 52 52 52 52 52 52 52 52 52 52 52 52 52 52 52 52 52;46 46 46 46 46 46 46 46 46 46 46 46 46 46 46 46 46 46 46;36 36 36 36 36 36 36 36 36 36 36 36 36 36 36 36 36 36 36;45 45 45 45 45 45 45 45 45 45 45 45 45 45 45 45 45 45 45;52 52 52 52 52 52 52 52 52 52 52 52 52 52 52 52 52 52 52;33 33 33 33 33 33 33 33 33 33 33 33 33 33 33 33 33 33 33;
d;3.000 38.566 3.000 41.766 3.000 37.518 3.000 12.830 3.000 41.797 3.000 22.640 3.000 17.759 3.000 3.720 3.000 33.375 3.000
S;0.23593206515923176 0.23414635087351746 0.2142802385192627 0.21249452423354842 0.21028023580223279 0.20849452151651848 0.19792366524168414 0.19613795095596984 0.18266192692571467 0.18087621264000037 0.15599703456822933 0.15421132028251502 0.14657466502689281 0.14478895074117851 0.12245669116455056 0.12067097687883628 0.095810025235252921 0.094024310949538642 0.071068532060879444 0.069282817775165165;0.91881576206110793 0.91765297136343349 0.90471689820252343 0.9035541075048491 0.90211224527050404 0.90094945457282971 0.89406610630084449 0.89290331560317016 0.88412823018812015 0.88296543949044581 0.86676504446696689 0.86560225376929256 0.86062954802144553 0.85946675732377109 0.8449248208552691 0.84376203015759477 0.82757350350595904 0.8264107128082846 0.81146276376450654 0.81029997306683221;1.1969287154432335 1.1956129259695492 1.1809747379190456 1.1796589484453615 1.1780273674959711 1.1767115780222868 1.1689225260303038 1.1676067365566196 1.1576770346395895 1.1563612451659051 1.1380292192182846 1.1367134297446002 1.1310864206088787 1.1297706311351945 1.1133152819734684 1.1119994924997842 1.0936808965518807 1.0923651070781966 1.0754503226339212 1.074134533160237;1.3148267707665766 1.3138652323050382 1.3031680948835165 1.302206556421978 1.3010142472666542 1.3000527088051157 1.2943607092725127 1.2933991708109742 1.2861428501792984 1.28518131171776 1.2717848312175757 1.2708232927560372 1.2667112476183946 1.2657497091568561 1.2537246463079026 1.2527631078463641 1.2393764415767423 1.2384149031152039 1.2260540990982336 1.2250925606366951;1.4141036483518197 1.4129408576541453 1.4000047844932351 1.3988419937955607 1.3974001315612157 1.3962373408635413 1.3893539925915561 1.3881912018938818 1.3794161164788319 1.3782533257811573 1.3620529307576785 1.3608901400600042 1.3559174343121572 1.3547546436144828 1.3402127071459808 1.3390499164483065 1.3228613897966708 1.3216985990989965 1.3067506500552182 1.3055878593575438;1.4879562450175152 1.48693583685425 1.4755837726518188 1.4745633644885534 1.4732980568135159 1.4722776486502507 1.4662371593503454 1.4652167511870799 1.4575161660269342 1.4564957578636688 1.4422790846797997 1.4412586765165343 1.4368948735133216 1.4358744653500564 1.4231131741634118 1.4220927660001466 1.4078865079180989 1.4068660997548335 1.3937485118184569 1.3927281036551915;2.100578484378492 2.0995980922216289 2.0886912070075283 2.0877108148506656 2.0864951270844529 2.0855147349275902 2.0797111275610147 2.078730735404152 2.0713321339757766 2.0703517418189135 2.0566925852304903 2.0557121930736275 2.0515195195999523 2.0505391274430895 2.038278279048078 2.0372978868912153 2.023648736969248 2.0226683448123852 2.0100651720891998 2.009084779932337;2.1444166392845276 2.1462023535702417 2.1700509896017581 2.1718367038874726 2.196697655531056 2.1984833698167705 2.2208156293933987 2.2226013436791132 2.2302379989347352 2.2320237132204497 2.2569028912922207 2.2586886055779352 2.2721646296081901 2.2739503438939042 2.2845212001687387 2.2863069144544528 2.2885212028857684 2.2903069171714829 2.3101730295257377 2.3119587438114522;2.2688591490459729 2.2700219397436476 2.2855512841362629 2.2867140748339376 2.3029026014855729 2.3040653921832477 2.3186073286517499 2.3197701193494242 2.3247428250972715 2.3259056157949458 2.3421060108184246 2.343268801516099 2.3520438869311491 2.3532066776288239 2.3600900259008091 2.3612528165984839 2.3626946788328289 2.3638574695305032 2.3767935426914137 2.3779563333890881;2.5433613881532029 2.5446771776268871 2.5622498568080041 2.5635656462816883 2.5818842422295916 2.5832000317032757 2.5996553808650016 2.6009711703386857 2.6065981794744073 2.607913968948091 2.626245994895712 2.6275617843693961 2.6374914862864265 2.6388072757601102 2.6465963277520936 2.6479121172257778 2.6495436981751679 2.650859487648852 2.6654976756993558 2.66681346517304;2.66797245217129 2.6689339906328287 2.6817755638805685 2.6827371023421072 2.6961237686117285 2.6970853070732672 2.7091103699222208 2.7100719083837594 2.7141839535214021 2.7151454919829408 2.7285419724831255 2.7295035109446641 2.73675983157634 2.7377213700378786 2.7434133695704817 2.7443749080320203 2.745567217187344 2.7465287556488827 2.7572258930704048 2.7581874315319435;3.4130286076683691 3.4141913983660439 3.4297207427586596 3.4308835334563339 3.4470720601079696 3.4482348508056444 3.4627767872741462 3.4639395779718209 3.4689122837196678 3.4700750744173425 3.4862754694408209 3.4874382601384957 3.4962133455535453 3.4973761362512201 3.5042594845232053 3.5054222752208801 3.5068641374552252 3.5080269281529 3.52096300131381 3.5221257920114848;3.4690345547895327 3.4700549629527981 3.4836827549708071 3.4847031631340721 3.4989094212161196 3.4999298293793846 3.5126911205660294 3.5137115287292944 3.5180753317325069 3.5190957398957723 3.5333124130796412 3.5343328212429062 3.5420334064030521 3.5430538145663175 3.5490943038662226 3.550114712029488 3.5513800197045251 3.5524004278677901 3.5637524920702215 3.5647729002334865;3.8034703037040698 3.804450695860933 3.8175440646625494 3.8185244568194121 3.8321736067413794 3.8331539988982422 3.8454148472932537 3.8463952394501164 3.8505879129237912 3.851568305080654 3.8652274616690772 3.8662078538259399 3.8736064552543152 3.874586847411178 3.8803904547777535 3.8813708469346162 3.8825865347008288 3.8835669268576916 3.8944738120717926 3.8954542042286553;
