m;4
n;8
P;19
P1;2 4 6 8 10 12 14 16 18
Q;20
M;100
h;1 1 1 1 1 1 1 1 1 1 1 1 1 1 1 1 1 1 1
Vmin;36 36 36 36 36 36 36 36 36 36 36 36 36 36 36 36 36 36 36;28 28 28 28 28 28 28 28 28 28 28 28 28 28 28 28 28 28 28;40 40 40 40 40 40 40 40 40 40 40 40 40 40 40 40 40 40 40;32 32 32 32 32 32 32 32 32 32 32 32 32 32 32 32 32 32 32;51 51 51 51 51 51 51 51 51 51 51 51 51 51 51 51 51 51 51;51 51 51 51 51 51 51 51 51 51 51 51 51 51 51 51 51 51 51;52 52 52 52 52 52 52 52 52 52 52 52 52 52 52 52 52 52 52;49 49 49 49 49 49 49 49 49 49 49 49 49 49 49 49 49 49 49;
Vmax;36 36 36 36 36 36 36 36 36 36 36 36 36 36 36 36 36 36 36;28 28 28 28 28 28 28 28 28 28 28 28 28 28 28 28 28 28 28;40 40 40 40 40 40 40 40 40 40 40 40 40 40 40 40 40 40 40;32 32 32 32 32 32 32 32 32 32 32 32 32 32 32 32 32 32 32;51 51 51 51 51 51 51 51 51 51 51 51 51 51 51 51 51 51 51;51 51 51 51 51 51 51 51 51 51 51 51 51 51 51 51 51 51 51;52 52 52 52 52 52 52 52 52 52 52 52 52 52 52 52 52 52 52;49 49 49 49 49 49 49 49 49 49 49 49 49 49 49 49 49 49 49;
d;3.000 93.738 3.000 10.904 3.000 4.514 3.000 33.920 3.000 36.882 3.000 29.181 3.000 8.732 3.000 8.360 3.000 6.119 3.000
S;0.30235655798653016 0.30096766909764128 0.29813486189278143 0.29674597300389255 0.29287574622494911 0.29148685733606022 0.28744441676536087 0.28605552787647198 0.2725457009066668 0.27115681201777792 0.25408176940268995 0.25269288051380101 0.23698908903553395 0.23560020014664504 0.23351041645084425 0.23212152756195534 0.22707359253731688 0.22568470364842799 0.18228764968780325 0.18089876079891437;0.66296595863315955 0.66118024434744527 0.65753806365548262 0.65575234936976834 0.65077634351112679 0.64899062922541251 0.64379320563451325 0.64200749134879909 0.62463771381619237 0.62285199953047821 0.60089837331107931 0.59911265902536515 0.57892206998187878 0.57713635569616462 0.57444949094442066 0.57266377665870638 0.56617357448417127 0.56438786019845699 0.50859164796336809 0.50680593367765381;0.89467240048923857 0.8934224004892386 0.8908728740048647 0.88962287400486462 0.88613966990381554 0.88488966990381546 0.88125147339018606 0.88000147339018597 0.86784262911736121 0.86659262911736124 0.85122509076378194 0.84997509076378186 0.83584167843334156 0.83459167843334148 0.83271087310712077 0.83146087310712069 0.82691773158494597 0.825667731584946 0.78661038302038366 0.78536038302038369;1.7669421765632471 1.765379676563247 1.7621927684577798 1.7606302684577799 1.7562762633314684 1.7547137633314684 1.7501660176894314 1.7486035176894315 1.7334049623484007 1.7318424623484006 1.7126330394064266 1.7110705394064267 1.6934037739933763 1.6918412739933761 1.6894902673356003 1.6879277673356003 1.6822488404328821 1.680686340432882 1.6318646547271791 1.6303021547271792;1.9349558842572705 1.9363447731461594 1.9804362715512285 1.9818251604401174 1.9868730954647558 1.9882619843536447 1.9903517680494456 1.9917406569383342 2.0074444484166012 2.0088333373054903 2.0259083799205779 2.027297268809467 2.0408070957792721 2.0421959846681608 2.0462384252388603 2.047627314127749 2.0514975409066927 2.0528864297955813 2.0557192370004413 2.05710812588933;2.0411097921668691 2.0428955064525836 2.0995845758305296 2.1013702901162441 2.1078604922907789 2.1096462065764934 2.1123330713282376 2.1141187856139516 2.134309374657438 2.136095088943152 2.1580487151625509 2.1598344294482654 2.1772042069808721 2.1789899212665862 2.1841873448574853 2.1859730591431998 2.1909490650018411 2.1927347792875556 2.196376959979518 2.1981626742652325;2.3080462128431254 2.3092962128431251 2.3489785614076877 2.3502285614076874 2.3547717029298618 2.3560217029298616 2.3579025082560823 2.359152508256082 2.3732859205865227 2.3745359205865224 2.3899034589401018 2.3911534589401016 2.4033123032129264 2.4045623032129262 2.4082004997265556 2.4094504997265553 2.4129337038276044 2.4141837038276042 2.4167332303119782 2.4179832303119779;2.4086394592563112 2.4102019592563111 2.4598048949620135 2.4613673949620134 2.4670463218647316 2.468608821864732 2.4709598285225081 2.472522328522508 2.4901890939355584 2.4917515939355588 2.5109610168775327 2.5125235168775331 2.5277220722185638 2.5292845722185637 2.5338323178606004 2.5353948178606003 2.5397488229869114 2.5413113229869118 2.5444982310923789 2.5460607310923793;
