m;5
n;10
P;19
P1;2 4 6 8 10 12 14 16 18
Q;20
M;100
h;1 1 1 1 1 1 1 1 1 1 1 1 1 1 1 1 1 1 1
Vmin;29 29 29 29 29 29 29 29 29 29 29 29 29 29 29 29 29 29 29;35 35 35 35 35 35 35 35 35 35 35 35 35 35 35 35 35 35 35;52 52 52 52 52 52 52 52 52 52 52 52 52 52 52 52 52 52 52;29 29 29 29 29 29 29 29 29 29 29 29 29 29 29 29 29 29 29;50 50 50 50 50 50 50 50 50 50 50 50 50 50 50 50 50 50 50;28 28 28 28 28 28 28 28 28 28 28 28 28 28 28 28 28 28 28;43 43 43 43 43 43 43 43 43 43 43 43 43 43 43 43 43 43 43;34 34 34 34 34 34 34 34 34 34 34 34 34 34 34 34 34 34 34;32 32 32 32 32 32 32 32 32 32 32 32 32 32 32 32 32 32 32;48 48 48 48 48 48 48 48 48 48 48 48 48 48 48 48 48 48 48;
Vmax;29 29 29 29 29 29 29 29 29 29 29 29 29 29 29 29 29 29 29;35 35 35 35 35 35 35 35 35 35 35 35 35 35 35 35 35 35 35;52 52 52 52 52 52 52 52 52 52 52 52 52 52 52 52 52 52 52;29 29 29 29 29 29 29 29 29 29 29 29 29 29 29 29 29 29 29;50 50 50 50 50 50 50 50 50 50 50 50 50 50 50 50 50 50 50;28 28 28 28 28 28 28 28 28 28 28 28 28 28 28 28 28 28 28;43 43 43 43 43 43 43 43 43 43 43 43 43 43 43 43 43 43 43;34 34 34 34 34 34 34 34 34 34 34 34 34 34 34 34 34 34 34;32 32 32 32 32 32 32 32 32 32 32 32 32 32 32 32 32 32 32;48 48 48 48 48 48 48 48 48 48 48 48 48 48 48 48 48 48 48;
d;3.000 51.262 3.000 34.521 3.000 11.340 3.000 6.750 3.000 10.661 3.000 12.569 3.000 36.251 3.000 8.532 3.000 4.953 3.000
S;1.2633485172544552 1.2616243793234208 1.258777684092113 1.2570535461610786 1.2521499780491836 1.2504258401181494 1.2295921945744817 1.2278680566434472 1.2206444442333308 1.2189203063022966 1.212793062774923 1.2110689248438886 1.2071895494226033 1.2054654114915688 1.1989482778426932 1.1972241399116588 1.1773842509304706 1.1756601129994364 1.146199344833793 1.1444752069027586;2.3726535479394752 2.3712249765109035 2.3688662861763916 2.3674377147478203 2.3633747583122497 2.3619461868836784 2.3446840234332109 2.3432554520046396 2.337270173150543 2.3358416017219716 2.3307647427992904 2.329336171370719 2.3261218317359398 2.3246932603073684 2.3192933495697283 2.317864778141157 2.3014260129853152 2.2999974415567435 2.2755870907909252 2.2741585193623535;3.2932574862640664 3.2922959478025278 3.2907083677696831 3.2897468293081444 3.2870121470918954 3.2860506086303567 3.2744318447694654 3.2734703063079267 3.2694417532330542 3.2684802147715155 3.2650630981889419 3.2641015597274032 3.2619380618963021 3.2609765234347634 3.2573419681305826 3.256380429669044 3.2453158761987662 3.2443543377372275 3.2279242939525417 3.226962755491003;3.5402079317731348 3.5384837938421003 3.5356370986107928 3.5339129606797584 3.5290093925678638 3.5272852546368294 3.5064516090931619 3.5047274711621275 3.4975038587520113 3.4957797208209769 3.4896524772936033 3.4879283393625689 3.4840489639412837 3.4823248260102493 3.4758076923613737 3.4740835544303392 3.4542436654491508 3.4525195275181164 3.4230587593524731 3.4213346214214386;3.6734713058712436 3.6724713058712433 3.6708202226370847 3.6698202226370848 3.6669761531321856 3.6659761531321857 3.6538926387168589 3.6528926387168585 3.648702943518991 3.6477029435189912 3.6441491422731143 3.6431491422731144 3.6408991045287689 3.6398991045287685 3.6361191670124211 3.6351191670124208 3.6236120314033315 3.6226120314033312 3.6055247858672583 3.604524785867258;3.8190659469639665 3.8207900848950009 3.8511129220261613 3.8528370599571957 3.8726769489383841 3.8744010868694185 3.8809182205182942 3.8826423584493286 3.8865217338706137 3.8882458718016482 3.8943731153290218 3.8960972532600562 3.9033208656701723 3.9050450036012068 3.9258786491448743 3.9276027870759083 3.9325063551878032 3.9342304931188377 3.9370771883501452 3.9388013262811796;3.9874842683750256 3.9889128398035969 4.0140374762837014 4.0154660477122723 4.031904812868115 4.0333333842966859 4.0387332950343255 4.0401618664628973 4.043376206097677 4.0448047775262479 4.0498816364489292 4.051310207877501 4.0572954867315971 4.0587240581601689 4.075986221610636 4.0774147930392077 4.0814777494747778 4.0829063209033496 4.085265011237861 4.0866935826664328;4.5236397496120224 4.5246012880735611 4.5415121010890163 4.5424736395505549 4.5535381930208327 4.5544997314823714 4.5581342867865526 4.5590958252480913 4.5612593230791934 4.562220861540732 4.5656379781233056 4.5665995165848443 4.5706280696597172 4.5715896081212559 4.5832083719821481 4.5841699104436868 4.5869045926599359 4.5878661311214746 4.5894537111543192 4.5904152496158579;5.0543784068678725 5.0561025447989074 5.0864253819300682 5.0881495198611031 5.1079894088422906 5.1097135467733255 5.116230680422202 5.1179548183532368 5.1218341937745215 5.1235583317055564 5.12968557523293 5.1314097131639649 5.138633325574081 5.1403574635051159 5.1611911090487839 5.1629152469798187 5.1678188150917128 5.1695429530227477 5.1723896482540557 5.1741137861850905;5.4805572235604956 5.4815572235604959 5.4991444690965681 5.5001444690965684 5.5116516047056576 5.5126516047056571 5.5164315422220058 5.5174315422220053 5.5196815799663508 5.5206815799663511 5.5242353812122271 5.5252353812122275 5.529425076410095 5.5304250764100953 5.5425085908254221 5.5435085908254225 5.5463526603303217 5.5473526603303212 5.5490037435644801 5.5500037435644796;
