m;1
n;2
P;19
P1;2 4 6 8 10 12 14 16 18
Q;20
M;100
h;1 1 1 1 1 1 1 1 1 1 1 1 1 1 1 1 1 1 1
Vmin;48 48 48 48 48 48 48 48 48 48 48 48 48 48 48 48 48 48 48;52 52 52 52 52 52 52 52 52 52 52 52 52 52 52 52 52 52 52;
Vmax;48 48 48 48 48 48 48 48 48 48 48 48 48 48 48 48 48 48 48;52 52 52 52 52 52 52 52 52 52 52 52 52 52 52 52 52 52 52;
d;3.000 48.026 3.000 21.660 3.000 48.348 3.000 37.187 3.000 9.585 3.000 15.684 3.000 31.545 3.000 52.774 3.000 11.875 3.000
S;0.60640170688132855 0.60536004021466183 0.60123661431956366 0.60019494765289694 0.58187072843535348 0.58082906176868687 0.5698760705106074 0.56883440384394068 0.56338847699269223 0.56234681032602551 0.55901858409953986 0.55797691743287314 0.54506479928766716 0.54402313262100044 0.52723554377099491 0.52619387710432819 0.5186728998021386 0.51763123313547199 0.50095565650111129 0.49991398983444468;0.8396594697529044 0.84070113641957112 0.85789754638726501 0.85893921305393162 0.86646019035612132 0.86750185702278793 0.88428944587279357 0.88533111253946017 0.89824323068466627 0.89928489735133288 0.90261312357781864 0.90365479024448525 0.90910071709573381 0.91014238376240042 0.92109537502047989 0.92213704168714661 0.94046126090469007 0.94150292757135667 0.94562635346645496 0.94666802013312157;
