m;2
n;4
P;19
P1;2 4 6 8 10 12 14 16 18
Q;20
M;100
h;1 1 1 1 1 1 1 1 1 1 1 1 1 1 1 1 1 1 1
Vmin;52 52 52 52 52 52 52 52 52 52 52 52 52 52 52 52 52 52 52;50 50 50 50 50 50 50 50 50 50 50 50 50 50 50 50 50 50 50;45 45 45 45 45 45 45 45 45 45 45 45 45 45 45 45 45 45 45;28 28 28 28 28 28 28 28 28 28 28 28 28 28 28 28 28 28 28;
Vmax;52 52 52 52 52 52 52 52 52 52 52 52 52 52 52 52 52 52 52;50 50 50 50 50 50 50 50 50 50 50 50 50 50 50 50 50 50 50;45 45 45 45 45 45 45 45 45 45 45 45 45 45 45 45 45 45 45;28 28 28 28 28 28 28 28 28 28 28 28 28 28 28 28 28 28 28;
d;3.000 38.241 3.000 16.294 3.000 36.321 3.000 50.653 3.000 28.392 3.000 7.123 3.000 5.595 3.000 7.127 3.000 33.933 3.000
S;0.42876338461102459 0.42780184614948613 0.41692588104013434 0.41596434257859588 0.41367993173018847 0.41271839326865006 0.4109250520846377 0.40996351362309924 0.40768034481531124 0.40671880635377278 0.3976187288094738 0.39665719034793534 0.38042228810041306 0.37946074963887461 0.36781930038602045 0.366857761924482 0.36163521669558329 0.36067367823404489 0.34841680742245518 0.34745526896091672;0.79248762006118523 0.79148762006118512 0.78017661634745927 0.77917661634745927 0.77680082906511549 0.77580082906511549 0.77393575423374261 0.77293575423374261 0.77056125867364311 0.76956125867364311 0.76009717802757215 0.75909717802757215 0.74221287969014893 0.74121287969014893 0.72910577246718056 0.72810577246718056 0.72267432542912602 0.72167432542912591 0.70892717978507269 0.70792717978507258;2.0208627895304301 2.0218243279919683 2.034561968034327 2.0355235064958657 2.0407460517247644 2.0417075901863027 2.0533490394391567 2.0543105779006954 2.0705454801482177 2.0715070186097559 2.080607096154055 2.0815686346155937 2.0838518034233817 2.08481334188492 2.0866066830689323 2.0875682215304709 2.0898526323788782 2.0908141708404169 2.1016901359497684 2.1026516744113071;2.0860998252456864 2.0870998252456863 2.1003469708897393 2.1013469708897392 2.106778417927794 2.1077784179277943 2.1198855251507625 2.1208855251507628 2.1377698234881857 2.1387698234881856 2.1482339041342566 2.1492339041342565 2.1516083996943558 2.1526083996943561 2.1544734745257288 2.1554734745257287 2.1578492618080727 2.1588492618080726 2.1701602655217984 2.1711602655217983;
