m;4
n;8
P;19
P1;2 4 6 8 10 12 14 16 18
Q;20
M;100
h;1 1 1 1 1 1 1 1 1 1 1 1 1 1 1 1 1 1 1
Vmin;39 39 39 39 39 39 39 39 39 39 39 39 39 39 39 39 39 39 39;50 50 50 50 50 50 50 50 50 50 50 50 50 50 50 50 50 50 50;41 41 41 41 41 41 41 41 41 41 41 41 41 41 41 41 41 41 41;50 50 50 50 50 50 50 50 50 50 50 50 50 50 50 50 50 50 50;52 52 52 52 52 52 52 52 52 52 52 52 52 52 52 52 52 52 52;28 28 28 28 28 28 28 28 28 28 28 28 28 28 28 28 28 28 28;51 51 51 51 51 51 51 51 51 51 51 51 51 51 51 51 51 51 51;40 40 40 40 40 40 40 40 40 40 40 40 40 40 40 40 40 40 40;
Vmax;39 39 39 39 39 39 39 39 39 39 39 39 39 39 39 39 39 39 39;50 50 50 50 50 50 50 50 50 50 50 50 50 50 50 50 50 50 50;41 41 41 41 41 41 41 41 41 41 41 41 41 41 41 41 41 41 41;50 50 50 50 50 50 50 50 50 50 50 50 50 50 50 50 50 50 50;52 52 52 52 52 52 52 52 52 52 52 52 52 52 52 52 52 52 52;28 28 28 28 28 28 28 28 28 28 28 28 28 28 28 28 28 28 28;51 51 51 51 51 51 51 51 51 51 51 51 51 51 51 51 51 51 51;40 40 40 40 40 40 40 40 40 40 40 40 40 40 40 40 40 40 40;
d;3.000 2.752 3.000 3.849 3.000 38.993 3.000 47.248 3.000 29.577 3.000 34.109 3.000 43.585 3.000 10.186 3.000 32.749 3.000
S;7.0012502165667776 6.9243271396437009 6.0846002204107892 6.0076771434877125 5.7464866568129382 5.6695635798898616 4.5519985663959019 4.4750754894728253 3.6004756789926122 3.5235526020695351 2.7651806255827398 2.6882575486596627 1.4767657910985899 1.399842714175513 0.40001994566597349 0.32309686874289656 0.22440266825533089 0.14747959133225397 0.076923076923076927 0;5.9609751689220838 5.9009751689220842 5.2459881719204136 5.1859881719204139 4.9822595923140902 4.9222595923140906 4.0505588817888025 3.9905588817888029 3.308371029614237 3.248371029614237 2.6568408879545369 2.5968408879545368 1.6518773170569003 1.5918773170569003 0.81201555761945943 0.75201555761945937 0.6750340812391582 0.61503408123915815 0.56000000000000005 0.5;7.6597258157586436 7.5865550840513265 6.7877904535614837 6.7146197218541666 6.4661702345293817 6.3929995028220645 5.3299498558400051 5.256779124132688 4.4248427190417532 4.3516719873344361 3.6302937657982159 3.5571230340908988 2.4047284354352443 2.3315577037279271 1.3805067775847066 1.3073360458773895 1.2134561966331197 1.1402854649258025 1.0731707317073171 1;6.9609751689220838 6.9009751689220842 6.2459881719204136 6.1859881719204139 5.9822595923140902 5.9222595923140906 5.0505588817888025 4.9905588817888029 4.3083710296142366 4.248371029614237 3.6568408879545369 3.5968408879545368 2.6518773170569001 2.5918773170569001 1.8120155576194594 1.7520155576194594 1.6750340812391582 1.6150340812391581 1.5600000000000001 1.5;0 0.076923076923076927 0.18594112979379243 0.26286420671686939 0.36155840720443511 0.43848148412751203 1.4383042526370515 1.5152273295601284 2.726719087121201 2.8036421640442781 3.5620141405310735 3.6389372174541506 4.5135370279343636 4.5904601048574403 5.7080251183513999 5.7849481952744766 6.0461386819492509 6.1230617588723275 6.9627886781052393 7.0397117550283159;0.5 0.56000000000000005 0.64503408123915817 0.70503408123915823 0.7820155576194594 0.84201555761945945 1.6218773170569003 1.6818773170569004 2.6268408879545371 2.6868408879545371 3.2783710296142372 3.3383710296142373 4.0205588817888032 4.0805588817888028 4.9522595923140909 5.0122595923140905 5.2159881719204142 5.2759881719204138 5.9309751689220844 5.990975168922084;1 1.0731707317073171 1.1768708307794611 1.2500415624867782 1.3439214117310481 1.4170921434383652 2.3681430695815857 2.4413138012889029 3.5937083999445574 3.6668791316518745 4.3882573531880942 4.4614280848954113 5.2933644899863452 5.3665352216936624 6.4295848686757218 6.5027556003830389 6.7512050877078238 6.8243758194151409 7.6231404499049837 7.6963111816123009;1.5 1.5600000000000001 1.6450340812391582 1.7050340812391582 1.7820155576194594 1.8420155576194595 2.6218773170569003 2.6818773170569004 3.6268408879545371 3.6868408879545371 4.2783710296142372 4.3383710296142368 5.0205588817888032 5.0805588817888028 5.9522595923140909 6.0122595923140905 6.2159881719204142 6.2759881719204138 6.9309751689220844 6.990975168922084;
