m;7
n;14
P;19
P1;2 4 6 8 10 12 14 16 18
Q;20
M;100
h;1 1 1 1 1 1 1 1 1 1 1 1 1 1 1 1 1 1 1
Vmin;40 40 40 40 40 40 40 40 40 40 40 40 40 40 40 40 40 40 40;37 37 37 37 37 37 37 37 37 37 37 37 37 37 37 37 37 37 37;37 37 37 37 37 37 37 37 37 37 37 37 37 37 37 37 37 37 37;46 46 46 46 46 46 46 46 46 46 46 46 46 46 46 46 46 46 46;52 52 52 52 52 52 52 52 52 52 52 52 52 52 52 52 52 52 52;52 52 52 52 52 52 52 52 52 52 52 52 52 52 52 52 52 52 52;34 34 34 34 34 34 34 34 34 34 34 34 34 34 34 34 34 34 34;51 51 51 51 51 51 51 51 51 51 51 51 51 51 51 51 51 51 51;31 31 31 31 31 31 31 31 31 31 31 31 31 31 31 31 31 31 31;42 42 42 42 42 42 42 42 42 42 42 42 42 42 42 42 42 42 42;43 43 43 43 43 43 43 43 43 43 43 43 43 43 43 43 43 43 43;47 47 47 47 47 47 47 47 47 47 47 47 47 47 47 47 47 47 47;48 48 48 48 48 48 48 48 48 48 48 48 48 48 48 48 48 48 48;28 28 28 28 28 28 28 28 28 28 28 28 28 28 28 28 28 28 28;
Vmax;40 40 40 40 40 40 40 40 40 40 40 40 40 40 40 40 40 40 40;37 37 37 37 37 37 37 37 37 37 37 37 37 37 37 37 37 37 37;37 37 37 37 37 37 37 37 37 37 37 37 37 37 37 37 37 37 37;46 46 46 46 46 46 46 46 46 46 46 46 46 46 46 46 46 46 46;52 52 52 52 52 52 52 52 52 52 52 52 52 52 52 52 52 52 52;52 52 52 52 52 52 52 52 52 52 52 52 52 52 52 52 52 52 52;34 34 34 34 34 34 34 34 34 34 34 34 34 34 34 34 34 34 34;51 51 51 51 51 51 51 51 51 51 51 51 51 51 51 51 51 51 51;31 31 31 31 31 31 31 31 31 31 31 31 31 31 31 31 31 31 31;42 42 42 42 42 42 42 42 42 42 42 42 42 42 42 42 42 42 42;43 43 43 43 43 43 43 43 43 43 43 43 43 43 43 43 43 43 43;47 47 47 47 47 47 47 47 47 47 47 47 47 47 47 47 47 47 47;48 48 48 48 48 48 48 48 48 48 48 48 48 48 48 48 48 48 48;28 28 28 28 28 28 28 28 28 28 28 28 28 28 28 28 28 28 28;
d;3.000 13.423 3.000 58.870 3.000 46.119 3.000 103.543 3.000 4.201 3.000 25.452 3.000 5.421 3.000 34.793 3.000 29.279 3.000
S;8.7775028015541885 8.7025028015541892 7.9705316999212208 7.8955316999212206 7.0257125068143687 6.9507125068143685 6.8151954104753996 6.7401954104753994 6.1038998141778027 6.0288998141778025 5.9238704042509758 5.8488704042509756 3.2602918608703702 3.18529186087037 2.0323205023167703 1.9573205023167703 0.48556881528918422 0.41056881528918421 0.074999999999999997 0;9.9891922178964165 9.9081111368153358 9.1167910269418577 9.035709945860777 8.0953648722317482 8.0142837911506675 7.8677788221355662 7.7866977410544855 7.0988106099219479 7.0177295288408672 6.9041842208118656 6.8231031397307849 4.0246398495895894 3.9435587685085083 2.6971032457478601 2.6160221646667789 1.0249392597720912 0.94385817869101007 0.58108108108108114 0.5;10.489192217896415 10.408111136815334 9.6167910269418559 9.5357099458607752 8.5953648722317464 8.5142837911506657 8.3677788221355645 8.2866977410544838 7.598810609921947 7.5177295288408663 7.4041842208118647 7.323103139730784 4.5246398495895885 4.4435587685085078 3.1971032457478601 3.1160221646667789 1.5249392597720912 1.4438581786910101 1.0810810810810811 1;9.1326111317862484 9.0673937404819007 8.4308971303662776 8.36567973906193 7.6093152233168402 7.5440978320124925 7.4262568786742591 7.3610394873699114 6.8077389688502619 6.7425215775459142 6.6511916558704129 6.5859742645660653 4.3350364007568434 4.2698190094524957 3.2672352194058871 3.2020178281015395 1.9222337524253776 1.8570163611210297 1.5652173913043479 1.5;8.7519252319647602 8.6942329242724519 8.1311782307086311 8.0734859230163227 7.4043942360110515 7.346701928318744 7.2424580080579988 7.1847657003656913 6.6953075493675396 6.6376152416752321 6.5568233878853652 6.4991310801930577 4.5079168160541299 4.4502245083618224 3.5633234633205921 3.5056311556282846 2.3735144732993723 2.3158221656070648 2.0576923076923075 2;9.2519252319647602 9.1942329242724519 8.6311782307086311 8.5734859230163227 7.9043942360110515 7.846701928318744 7.7424580080579988 7.6847657003656913 7.1953075493675396 7.1376152416752321 7.0568233878853652 6.9991310801930577 5.0079168160541299 4.9502245083618224 4.0633234633205921 4.0056311556282846 2.8735144732993723 2.8158221656070648 2.5576923076923075 2.5;13.326473884181393 13.238238590063746 12.377096117554373 12.288860823436726 11.265544125663959 11.177308831546313 11.017876953500467 10.929641659382821 10.18105860491506 10.092823310797414 9.9692592991187929 9.8810240050011462 6.8356374833769049 6.7474021892592582 5.3909652968432589 5.3027300027256121 3.5712574297519817 3.4830221356343345 3.0882352941176472 3;0 0.074999999999999997 0.44806881528918424 0.52306881528918425 1.9948205023167704 2.0698205023167704 3.2227918608703701 3.2977918608703702 5.8863704042509752 5.9613704042509754 6.0663998141778022 6.1413998141778023 6.777695410475399 6.8526954104753992 6.9882125068143681 7.0632125068143683 7.9330316999212203 8.0080316999212204 8.7400028015541871 8.8150028015541864;0.5 0.58108108108108114 0.98439871923155053 1.0654798003126316 2.6565627052073193 2.7376437862884004 3.9840993090490486 4.0651803901301298 6.8636436802713252 6.9447247613524059 7.0582700693814076 7.1393511504624882 7.8272382815950259 7.9083193626761066 8.0548243316912078 8.1359054127722885 9.0762504864013174 9.1573315674823981 9.9486516773558762 10.029732758436957;1 1.0810810810810811 1.4843987192315504 1.5654798003126316 3.1565627052073193 3.2376437862884004 4.4840993090490482 4.5651803901301289 7.3636436802713243 7.444724761352405 7.5582700693814067 7.6393511504624874 8.3272382815950241 8.4083193626761048 8.554824331691206 8.6359054127722867 9.5762504864013156 9.6573315674823963 10.448651677355874 10.529732758436955;1.5 1.5652173913043479 1.8896250567732038 1.9548424480775517 3.2346265237537137 3.2998439150580614 4.3024277051046695 4.3676450964090172 6.6185829602182391 6.6838003515225868 6.775130273198088 6.8403476645024357 7.3936481830220853 7.4588655743264329 7.5767065276646663 7.641923918969014 8.3982884347141038 8.4635058260184515 9.1000024361340763 9.165219827438424;2 2.0576923076923075 2.3446683194532185 2.402360627145526 3.5344773094744384 3.5921696171667459 4.4790706622079766 4.536762969900284 6.527977234039211 6.5856695417315185 6.6664613955213854 6.7241537032136929 7.2136118542118446 7.2713041619041521 7.3755480821648973 7.4332403898572048 8.102332076862476 8.1600243845547844 8.7230790781186052 8.7807713858109135;2.5 2.5576923076923075 2.8446683194532185 2.902360627145526 4.0344773094744379 4.0921696171667454 4.9790706622079757 5.0367629699002832 7.027977234039211 7.0856695417315185 7.1664613955213854 7.2241537032136929 7.7136118542118446 7.7713041619041521 7.8755480821648973 7.9332403898572048 8.602332076862476 8.6600243845547844 9.2230790781186052 9.2807713858109135;3 3.0882352941176472 3.5271397826931579 3.6153750768108051 5.3468476497844364 5.4350829439020831 6.7915198363180824 6.8797551304357292 9.9251416520599705 10.013376946177617 10.136940957856238 10.225176251973885 10.973759306441647 11.061994600559293 11.221426478605139 11.309661772722785 12.332978470495553 12.421213764613199 13.282356237122572 13.370591531240219;
