m;8
n;16
P;19
P1;2 4 6 8 10 12 14 16 18
Q;20
M;100
h;1 1 1 1 1 1 1 1 1 1 1 1 1 1 1 1 1 1 1
Vmin;34 34 34 34 34 34 34 34 34 34 34 34 34 34 34 34 34 34 34;49 49 49 49 49 49 49 49 49 49 49 49 49 49 49 49 49 49 49;28 28 28 28 28 28 28 28 28 28 28 28 28 28 28 28 28 28 28;33 33 33 33 33 33 33 33 33 33 33 33 33 33 33 33 33 33 33;44 44 44 44 44 44 44 44 44 44 44 44 44 44 44 44 44 44 44;49 49 49 49 49 49 49 49 49 49 49 49 49 49 49 49 49 49 49;36 36 36 36 36 36 36 36 36 36 36 36 36 36 36 36 36 36 36;45 45 45 45 45 45 45 45 45 45 45 45 45 45 45 45 45 45 45;40 40 40 40 40 40 40 40 40 40 40 40 40 40 40 40 40 40 40;43 43 43 43 43 43 43 43 43 43 43 43 43 43 43 43 43 43 43;45 45 45 45 45 45 45 45 45 45 45 45 45 45 45 45 45 45 45;44 44 44 44 44 44 44 44 44 44 44 44 44 44 44 44 44 44 44;40 40 40 40 40 40 40 40 40 40 40 40 40 40 40 40 40 40 40;52 52 52 52 52 52 52 52 52 52 52 52 52 52 52 52 52 52 52;29 29 29 29 29 29 29 29 29 29 29 29 29 29 29 29 29 29 29;44 44 44 44 44 44 44 44 44 44 44 44 44 44 44 44 44 44 44;
Vmax;34 34 34 34 34 34 34 34 34 34 34 34 34 34 34 34 34 34 34;49 49 49 49 49 49 49 49 49 49 49 49 49 49 49 49 49 49 49;28 28 28 28 28 28 28 28 28 28 28 28 28 28 28 28 28 28 28;33 33 33 33 33 33 33 33 33 33 33 33 33 33 33 33 33 33 33;44 44 44 44 44 44 44 44 44 44 44 44 44 44 44 44 44 44 44;49 49 49 49 49 49 49 49 49 49 49 49 49 49 49 49 49 49 49;36 36 36 36 36 36 36 36 36 36 36 36 36 36 36 36 36 36 36;45 45 45 45 45 45 45 45 45 45 45 45 45 45 45 45 45 45 45;40 40 40 40 40 40 40 40 40 40 40 40 40 40 40 40 40 40 40;43 43 43 43 43 43 43 43 43 43 43 43 43 43 43 43 43 43 43;45 45 45 45 45 45 45 45 45 45 45 45 45 45 45 45 45 45 45;44 44 44 44 44 44 44 44 44 44 44 44 44 44 44 44 44 44 44;40 40 40 40 40 40 40 40 40 40 40 40 40 40 40 40 40 40 40;52 52 52 52 52 52 52 52 52 52 52 52 52 52 52 52 52 52 52;29 29 29 29 29 29 29 29 29 29 29 29 29 29 29 29 29 29 29;44 44 44 44 44 44 44 44 44 44 44 44 44 44 44 44 44 44 44;
d;3.000 76.967 3.000 6.795 3.000 60.646 3.000 32.308 3.000 48.150 3.000 23.704 3.000 35.031 3.000 5.672 3.000 21.848 3.000
S;10.032951320489433 9.9447160263717862 9.3021394054309425 9.2139041113132958 9.0470841974535841 8.9588489033359373 7.9285318611159461 7.8402965669982994 7.1431273897983694 7.0548920956807226 5.6387086669960595 5.5504733728784128 4.6002417713348782 4.5120064772172315 2.7283045445074845 2.6400692503898373 2.4402100528589203 2.3519747587412732 0.088235294117647065 0;7.4616396917681822 7.4004152019722635 6.9545457098908612 6.8933212200949425 6.7775686268045297 6.716344137008611 6.0014302709784131 5.9402057811824944 5.4564557398600941 5.3952312500641755 4.4125733607727762 4.3513488709768575 3.6920044943956292 3.630780004599711 2.3931092757807031 2.3318847859847849 2.193206975453128 2.1319824856572098 0.56122448979591832 0.5;13.182869460594315 13.075726603451457 12.295454992309002 12.188312135166145 11.985745096907923 11.878602239765065 10.62750297421222 10.520360117069362 9.6737975447551623 9.5666546876123046 7.8470033813523568 7.7398605242095 6.586007865192351 6.4788650080494943 4.3129412326162306 4.2057983754733739 3.9631122070429745 3.8559693499001173 1.1071428571428572 1;11.836980148383061 11.746071057473969 11.084022417716735 10.993113326807643 10.821238264043091 10.730329173133999 9.6687904023618874 9.5778813114527956 8.8595857955498367 8.768676704640745 7.3095786266020006 7.2186695356929098 6.2396430371329048 6.148733946223814 4.31098043979559 4.2200713488864992 4.0141558120364635 3.9232467211273723 1.5909090909090908 1.5;9.7527351112872935 9.6845532931054752 9.1880168132875504 9.119834995105732 8.9909286980323184 8.9227468798505001 8.126592801771416 8.0584109835895976 7.5196893466623784 7.4515075284805601 6.3571839699515014 6.289002151769683 5.5547322778496788 5.4865504596678605 4.1082353298466927 4.0400535116648744 3.8856168590273477 3.8174350408455293 2.0681818181818183 2;9.4616396917681804 9.4004152019722618 8.9545457098908603 8.8933212200949416 8.7775686268045288 8.7163441370086101 8.0014302709784122 7.9402057811824944 7.4564557398600941 7.3952312500641755 6.4125733607727762 6.3513488709768575 5.6920044943956292 5.6307800045997105 4.3931092757807031 4.3318847859847844 4.193206975453128 4.1319824856572094 2.5612244897959182 2.5;12.475565136017803 12.392231802684469 11.785353882907005 11.702020549573671 11.544468408706164 11.46113507537283 10.488057868831728 10.404724535498394 9.7462869792540161 9.6629536459206822 8.325447074385167 8.242113741051833 7.3446727840384947 7.2613394507051616 5.576732069812623 5.49339873647929 5.304642827700091 5.221309494366758 3.0833333333333335 3;11.080452108814237 11.01378544214757 10.528283106325599 10.461616439658933 10.335574726964929 10.268908060298262 9.4904462950653805 9.4237796283987141 8.8970295834032118 8.8303629167365454 7.7603576595081325 7.6936909928414661 6.9757382272307957 6.9090715605641293 5.5613856558500983 5.4947189891834318 5.3437142621600726 5.2770475954934062 3.5666666666666669 3.5;0 0.088235294117647065 2.3960924058000965 2.4843276999177437 2.6841868974486607 2.7724221915663079 4.5561241242760548 4.6443594183937016 5.5945910199372362 5.6828263140548829 7.0990097427395469 7.1872450368571936 7.8844142140571236 7.9726495081747704 9.0029665503947616 9.0912018445124083 9.25802175837212 9.3462570524897668 9.9888336734306122 10.077068967548259;0.5 0.56122448979591832 2.1625947305551692 2.2238192203510874 2.3624970308827442 2.4237215206786624 3.6613922494976703 3.7226167392935885 4.3819611158748168 4.4431856056707355 5.4258434949621348 5.4870679847580535 5.9708180260804538 6.0320425158763724 6.7469563819065703 6.808180871702489 6.9239334649929019 6.9851579547888205 7.4310274468702229 7.4922519366661415;1 1.1071428571428572 3.9095407784715457 4.0166836356144024 4.2593698040448018 4.3665126611876586 6.5324364366209231 6.6395792937637799 7.7934319527809288 7.9005748099237856 9.6202261161837335 9.7273689733265911 10.573931545640791 10.681074402783649 11.932173668336494 12.039316525479352 12.241883563737574 12.349026420880431 13.129298032022886 13.236440889165744;1.5 1.5909090909090908 3.9687012665819177 4.0596103574910085 4.2655258943410441 4.356434985250135 6.1941884916783589 6.2850975825874498 7.2641240811474548 7.3550331720565456 8.81413125009529 8.9050403410043817 9.6233358569073388 9.7142449478164306 10.775783718588542 10.866692809497634 11.038567872262186 11.129476963171278 11.791525602928512 11.882434693837604;2 2.0681818181818183 3.8515259499364385 3.9197077681182568 4.0741444207557835 4.1423262389376019 5.5206413687587697 5.588823186940588 6.3230930608605922 6.3912748790424105 7.4855984375714684 7.5537802557532867 8.0925018926805059 8.1606837108623242 8.9568377889414084 9.0250196071232267 9.1539259041966403 9.2221077223784587 9.7186442021963835 9.7868260203782018;2.5 2.5612244897959182 4.1625947305551687 4.2238192203510874 4.3624970308827438 4.4237215206786624 5.6613922494976698 5.7226167392935885 6.3819611158748168 6.4431856056707355 7.4258434949621348 7.4870679847580535 7.9708180260804538 8.0320425158763715 8.7469563819065694 8.8081808717024881 8.923933464992901 8.9851579547888196 9.4310274468702211 9.4922519366661398;3 3.0833333333333335 5.2629761610334249 5.346309494366758 5.535065403145957 5.61839873647929 7.3030061173718286 7.3863394507051616 8.2837804077184991 8.367113741051833 9.7046203125873483 9.7879536459206822 10.44639120216506 10.529724535498394 11.502801742039496 11.58613507537283 11.743687216240337 11.827020549573671 12.433898469351135 12.517231802684469;3.5 3.5666666666666669 5.3103809288267403 5.3770475954934067 5.5280523225167659 5.5947189891834324 6.9424048938974634 7.0090715605641298 7.7270243261748002 7.7936909928414666 8.8636962500698786 8.930362916736545 9.4571129617320473 9.5237796283987137 10.302241393631595 10.368908060298262 10.494949772992266 10.561616439658932 11.047118775480904 11.11378544214757;
