m;2
n;4
P;19
P1;2 4 6 8 10 12 14 16 18
Q;20
M;100
h;1 1 1 1 1 1 1 1 1 1 1 1 1 1 1 1 1 1 1
Vmin;47 47 47 47 47 47 47 47 47 47 47 47 47 47 47 47 47 47 47;52 52 52 52 52 52 52 52 52 52 52 52 52 52 52 52 52 52 52;52 52 52 52 52 52 52 52 52 52 52 52 52 52 52 52 52 52 52;45 45 45 45 45 45 45 45 45 45 45 45 45 45 45 45 45 45 45;
Vmax;47 47 47 47 47 47 47 47 47 47 47 47 47 47 47 47 47 47 47;52 52 52 52 52 52 52 52 52 52 52 52 52 52 52 52 52 52 52;52 52 52 52 52 52 52 52 52 52 52 52 52 52 52 52 52 52 52;45 45 45 45 45 45 45 45 45 45 45 45 45 45 45 45 45 45 45;
d;3.000 11.810 3.000 44.967 3.000 3.140 3.000 24.846 3.000 74.304 3.000 33.682 3.000 3.605 3.000 22.696 3.000 103.928 3.000
S;7.5101436675180215 7.446313880283979 5.2350790991532312 5.1712493119191887 4.6883648876956547 4.6245351004616122 4.5478318340293447 4.4840020467953021 3.7673693052818562 3.7035395180478137 2.122611089181285 2.0587813019472425 1.5301510673519532 1.4663212801179106 1.3995128451970029 1.3356830579629604 0.37893753672877034 0.31510774949472781 0.063829787234042548 0;7.2880144687182105 7.230322161025903 5.2317061088500347 5.1740138011577272 4.7375605715710716 4.6798682638787641 4.6105403115265222 4.5528480038342147 3.9051222566970623 3.8474299490047548 2.4185138690676999 2.3608215613753925 1.88302115702965 1.8253288493373423 1.7649443023895988 1.7072519946972911 0.84250123512023478 0.78480892742792707 0.55769230769230771 0.5;0 0.063829787234042548 0.34702264311174907 0.41085243034579161 1.3675979515799817 1.4314277388140242 1.4982361737349319 1.5620659609689744 2.0906961955642638 2.1545259827983063 3.7354544116648354 3.7992841988988779 4.5159169404123229 4.5797467276463655 4.656449994078633 4.7202797813126756 5.2031642055362095 5.266993992770252 7.4782287739009998 7.5420585611350424;0.5 0.55769230769230771 0.81365508127408093 0.87134738896638864 1.736098148543445 1.7937904562357527 1.8541750031834963 1.911867310875804 2.3896677152215462 2.4473600229138537 3.8762761028509085 3.933968410543216 4.5816941576803689 4.6393864653726764 4.7087144177249183 4.7664067254172258 5.2028599550038814 5.2605522626961889 7.2591683148720563 7.3168606225643638;
