m;1
n;2
P;19
P1;2 4 6 8 10 12 14 16 18
Q;20
M;100
h;1 1 1 1 1 1 1 1 1 1 1 1 1 1 1 1 1 1 1
Vmin;36 36 36 36 36 36 36 36 36 36 36 36 36 36 36 36 36 36 36;28 28 28 28 28 28 28 28 28 28 28 28 28 28 28 28 28 28 28;
Vmax;36 36 36 36 36 36 36 36 36 36 36 36 36 36 36 36 36 36 36;28 28 28 28 28 28 28 28 28 28 28 28 28 28 28 28 28 28 28;
d;3.000 3.454 3.000 18.589 3.000 28.679 3.000 27.347 3.000 26.848 3.000 16.916 3.000 39.953 3.000 5.637 3.000 83.841 3.000
S;7.8129031057668685 7.7295697724335355 5.4006456238856497 5.3173122905523167 5.1607256302711386 5.0773922969378056 3.9675791203683914 3.884245787035058 3.414358882715451 3.3310255493821175 2.5852356546965329 2.5019023213631995 1.7422600411074158 1.6589267077740826 0.86230099853895825 0.77896766520562488 0.26261647347724404 0.1792831401439107 0.083333333333333329 0;0 0.083333333333333329 0.22094980681057735 0.30428314014391067 0.82063433187229151 0.90396766520562488 1.7005933744407491 1.7839267077740824 2.543568988029866 2.6269023213631995 3.372692216048784 3.4560255493821175 3.9259124537017245 4.0092457870350575 5.1190589636044717 5.2023922969378047 5.3589789572189828 5.4423122905523158 7.7712364391002016 7.8545697724335346;
