Vermelho 1 2 0 5 2020-01-01T00:00:00 70 60
Azul 1 2 0 5 2020-01-01T00:30:00 30 64
Verde 1 2 0 5 2020-01-01T01:00:00 50 62
Amarelo 1 2 0 5 2020-01-01T01:30:00 20 65
Laranja 1 2 0 5 2020-01-01T02:00:00 300 35
Preto 1 2 0 5 2020-01-01T02:30:00 210 49
Roxo 1 2 0 5 2020-01-01T03:00:00 260 41
Rosa 1 2 0 5 2020-01-01T03:30:00 190 50
Branco 5 4 0 1 2020-01-01T00:00:00 100 58
Abobora 5 4 0 1 2020-01-01T00:30:00 200 50
Acafrao 5 4 0 1 2020-01-01T01:00:00 100 58
Ambar 5 4 0 1 2020-01-01T01:30:00 30 64
Ameixa 5 4 0 1 2020-01-01T02:00:00 60 61
Amendoa 5 4 0 1 2020-01-01T02:30:00 70 60
Ametista 5 4 0 1 2020-01-01T03:00:00 160 53
Anil 5 4 0 1 2020-01-01T03:30:00 230 46
