Vermelho 1 2 0 5 2020-01-01T00:00:00 110 57
Azul 1 2 0 5 2020-01-01T00:30:00 220 49
Verde 1 2 0 5 2020-01-01T01:00:00 130 55
Amarelo 1 2 0 5 2020-01-01T01:30:00 290 44
Laranja 1 2 0 5 2020-01-01T02:00:00 210 50
Preto 1 2 0 5 2020-01-01T02:30:00 400 35
Roxo 1 2 0 5 2020-01-01T03:00:00 320 41
Rosa 5 4 0 1 2020-01-01T00:00:00 20 65
Branco 5 4 0 1 2020-01-01T00:30:00 100 58
Abobora 5 4 0 1 2020-01-01T01:00:00 70 60
Acafrao 5 4 0 1 2020-01-01T01:30:00 80 60
Ambar 5 4 0 1 2020-01-01T02:00:00 130 55
Ameixa 5 4 0 1 2020-01-01T02:30:00 130 55
Amendoa 5 4 0 1 2020-01-01T03:00:00 270 45
