m;4
n;8
P;19
P1;2 4 6 8 10 12 14 16 18
Q;20
M;100
h;1 1 1 1 1 1 1 1 1 1 1 1 1 1 1 1 1 1 1
Vmin;40 40 40 40 40 40 40 40 40 40 40 40 40 40 40 40 40 40 40;40 40 40 40 40 40 40 40 40 40 40 40 40 40 40 40 40 40 40;40 40 40 40 40 40 40 40 40 40 40 40 40 40 40 40 40 40 40;40 40 40 40 40 40 40 40 40 40 40 40 40 40 40 40 40 40 40;40 40 40 40 40 40 40 40 40 40 40 40 40 40 40 40 40 40 40;40 40 40 40 40 40 40 40 40 40 40 40 40 40 40 40 40 40 40;40 40 40 40 40 40 40 40 40 40 40 40 40 40 40 40 40 40 40;40 40 40 40 40 40 40 40 40 40 40 40 40 40 40 40 40 40 40;
Vmax;40 40 40 40 40 40 40 40 40 40 40 40 40 40 40 40 40 40 40;40 40 40 40 40 40 40 40 40 40 40 40 40 40 40 40 40 40 40;40 40 40 40 40 40 40 40 40 40 40 40 40 40 40 40 40 40 40;40 40 40 40 40 40 40 40 40 40 40 40 40 40 40 40 40 40 40;40 40 40 40 40 40 40 40 40 40 40 40 40 40 40 40 40 40 40;40 40 40 40 40 40 40 40 40 40 40 40 40 40 40 40 40 40 40;40 40 40 40 40 40 40 40 40 40 40 40 40 40 40 40 40 40 40;40 40 40 40 40 40 40 40 40 40 40 40 40 40 40 40 40 40 40;
d;3 36.6666666666667 3 36.6666666666667 3 36.6666666666667 3 36.6666666666667 3 36.6666666666667 3 36.6666666666667 3 36.6666666666667 3 36.6666666666667 3 36.6666666666667 3
S;9 8.9250000000000007 8.0083333333333346 7.9333333333333353 7.0166666666666684 6.9416666666666682 6.0250000000000012 5.9500000000000011 5.0333333333333341 4.9583333333333339 4.041666666666667 3.9666666666666668 3.0500000000000003 2.9750000000000001 2.0583333333333336 1.9833333333333334 1.0666666666666667 0.99166666666666659 0.074999999999999997 0;9.1666666666666661 9.0916666666666668 8.1750000000000007 8.1000000000000014 7.1833333333333353 7.1083333333333352 6.1916666666666682 6.116666666666668 5.2000000000000011 5.1250000000000009 4.2083333333333339 4.1333333333333337 3.2166666666666668 3.1416666666666666 2.2250000000000001 2.1499999999999999 1.2333333333333332 1.1583333333333332 0.24166666666666664 0.16666666666666666;9.3333333333333321 9.2583333333333329 8.3416666666666668 8.2666666666666675 7.3500000000000014 7.2750000000000012 6.3583333333333343 6.2833333333333341 5.3666666666666671 5.291666666666667 4.375 4.2999999999999998 3.3833333333333333 3.3083333333333331 2.3916666666666666 2.3166666666666664 1.3999999999999999 1.325 0.40833333333333333 0.33333333333333331;9.5 9.4250000000000007 8.5083333333333346 8.4333333333333353 7.5166666666666684 7.4416666666666682 6.5250000000000012 6.4500000000000011 5.5333333333333341 5.4583333333333339 4.541666666666667 4.4666666666666668 3.5500000000000003 3.4750000000000001 2.5583333333333336 2.4833333333333334 1.5666666666666667 1.4916666666666667 0.57499999999999996 0.5;0 0.074999999999999997 0.99166666666666659 1.0666666666666667 1.9833333333333334 2.0583333333333336 2.9750000000000001 3.0500000000000003 3.9666666666666668 4.041666666666667 4.9583333333333339 5.0333333333333341 5.9500000000000011 6.0250000000000012 6.9416666666666682 7.0166666666666684 7.9333333333333353 8.0083333333333346 8.9250000000000007 9;0.16666666666666666 0.24166666666666664 1.1583333333333332 1.2333333333333332 2.1499999999999999 2.2250000000000001 3.1416666666666666 3.2166666666666668 4.1333333333333337 4.2083333333333339 5.1250000000000009 5.2000000000000011 6.116666666666668 6.1916666666666682 7.1083333333333352 7.1833333333333353 8.1000000000000014 8.1750000000000007 9.0916666666666668 9.1666666666666661;0.33333333333333331 0.40833333333333333 1.325 1.3999999999999999 2.3166666666666664 2.3916666666666666 3.3083333333333331 3.3833333333333333 4.2999999999999998 4.375 5.291666666666667 5.3666666666666671 6.2833333333333341 6.3583333333333343 7.2750000000000012 7.3500000000000014 8.2666666666666675 8.3416666666666668 9.2583333333333329 9.3333333333333321;0.5 0.57499999999999996 1.4916666666666667 1.5666666666666667 2.4833333333333334 2.5583333333333336 3.4750000000000001 3.5500000000000003 4.4666666666666668 4.541666666666667 5.4583333333333339 5.5333333333333341 6.4500000000000011 6.5250000000000012 7.4416666666666682 7.5166666666666684 8.4333333333333353 8.5083333333333346 9.4250000000000007 9.5;
