m;1
n;2
P;19
P1;2 4 6 8 10 12 14 16 18
Q;20
M;100
h;1 1 1 1 1 1 1 1 1 1 1 1 1 1 1 1 1 1 1
Vmin;28 28 28 28 28 28 28 28 28 28 28 28 28 28 28 28 28 28 28;52 52 52 52 52 52 52 52 52 52 52 52 52 52 52 52 52 52 52;
Vmax;28 28 28 28 28 28 28 28 28 28 28 28 28 28 28 28 28 28 28;52 52 52 52 52 52 52 52 52 52 52 52 52 52 52 52 52 52 52;
d;3.000 16.128 3.000 25.729 3.000 39.565 3.000 67.297 3.000 57.574 3.000 16.338 3.000 102.191 3.000 31.148 3.000 5.523 3.000
S;0.43066238946977986 0.42887667518406558 0.42558936473965708 0.4238036504539428 0.40526343428881861 0.40347772000310428 0.34264959948237544 0.34086388519666116 0.33113863341117622 0.32935291912546194 0.29508256585406528 0.29329685156835095 0.2532390448955944 0.25145333060988012 0.22790294592498916 0.22611723163927486 0.2108024703160519 0.20901675603033759 0.1994165628984027 0.1976308486126884;0.45347820166706498 0.45526391595277926 0.46575696622757135 0.46754268051328562 0.48285744183650858 0.48464315612222286 0.50819354080711376 0.50997925509282804 0.55003706176558465 0.55182277605129892 0.58609312932269553 0.58787884360840981 0.5976040953938947 0.59938980967960898 0.66021793020033781 0.66200364448605209 0.68054386065117634 0.6823295749368905 0.68561688538129895 0.68740259966701323;
