m;2
n;4
P;19
P1;2 4 6 8 10 12 14 16 18
Q;20
M;100
h;1 1 1 1 1 1 1 1 1 1 1 1 1 1 1 1 1 1 1
Vmin;52 52 52 52 52 52 52 52 52 52 52 52 52 52 52 52 52 52 52;42 42 42 42 42 42 42 42 42 42 42 42 42 42 42 42 42 42 42;42 42 42 42 42 42 42 42 42 42 42 42 42 42 42 42 42 42 42;28 28 28 28 28 28 28 28 28 28 28 28 28 28 28 28 28 28 28;
Vmax;52 52 52 52 52 52 52 52 52 52 52 52 52 52 52 52 52 52 52;42 42 42 42 42 42 42 42 42 42 42 42 42 42 42 42 42 42 42;42 42 42 42 42 42 42 42 42 42 42 42 42 42 42 42 42 42 42;28 28 28 28 28 28 28 28 28 28 28 28 28 28 28 28 28 28 28;
d;3.000 65.710 3.000 31.883 3.000 4.466 3.000 4.352 3.000 15.406 3.000 26.035 3.000 26.684 3.000 22.187 3.000 11.182 3.000
S;0.19718213679954921 0.19622059833801073 0.19263666964834975 0.19167513118681126 0.18456401289492891 0.18360247443339042 0.17504983709905639 0.17408829863751793 0.16574388847968419 0.16478235001814573 0.15984437276865676 0.15888283430711828 0.15748812188811531 0.15652658342657683 0.15509528824712693 0.15413374978558847 0.14391475862971734 0.14295322016817885 0.12189244713680077 0.12093090867526231;0.47472328559166355 0.47353280940118736 0.46909556435684513 0.46790508816636894 0.45910084647165744 0.4579103702811812 0.4473213907243867 0.44613091453391046 0.43579974005278299 0.4346092638623068 0.42849557774389185 0.42730510155341567 0.42557831474893582 0.42438783855845957 0.42261575881247399 0.4214252826219978 0.40877319833377634 0.40758272214330016 0.38150747934254631 0.38031700315207012;0.50955030618252539 0.51051184464406385 0.53205338690621118 0.53301492536774964 0.54323391652362074 0.5441954549851592 0.54562675016460915 0.5465882886261475 0.54798300104515052 0.54894453950668898 0.55388251675617795 0.5548440552177164 0.56318846537555012 0.56415000383708858 0.57270264117142267 0.57366417963296112 0.58077529792484339 0.58173683638638185 0.58532076507604291 0.58628230353758137;0.70014724658989103 0.70133772278036721 0.7280082036763591 0.72919867986683529 0.74185076415505669 0.74304124034553287 0.74481332009151846 0.74600379628199465 0.74773058308647444 0.74892105927695063 0.75503474539536553 0.75622522158584171 0.76655639606696913 0.76774687225744531 0.7783358518142397 0.77952632800471588 0.78833056969942739 0.78952104588990357 0.79395829093424575 0.79514876712472193;
