m;5
n;10
P;19
P1;2 4 6 8 10 12 14 16 18
Q;20
M;100
h;1 1 1 1 1 1 1 1 1 1 1 1 1 1 1 1 1 1 1
Vmin;52 52 52 52 52 52 52 52 52 52 52 52 52 52 52 52 52 52 52;48 48 48 48 48 48 48 48 48 48 48 48 48 48 48 48 48 48 48;38 38 38 38 38 38 38 38 38 38 38 38 38 38 38 38 38 38 38;29 29 29 29 29 29 29 29 29 29 29 29 29 29 29 29 29 29 29;28 28 28 28 28 28 28 28 28 28 28 28 28 28 28 28 28 28 28;33 33 33 33 33 33 33 33 33 33 33 33 33 33 33 33 33 33 33;49 49 49 49 49 49 49 49 49 49 49 49 49 49 49 49 49 49 49;51 51 51 51 51 51 51 51 51 51 51 51 51 51 51 51 51 51 51;51 51 51 51 51 51 51 51 51 51 51 51 51 51 51 51 51 51 51;48 48 48 48 48 48 48 48 48 48 48 48 48 48 48 48 48 48 48;
Vmax;52 52 52 52 52 52 52 52 52 52 52 52 52 52 52 52 52 52 52;48 48 48 48 48 48 48 48 48 48 48 48 48 48 48 48 48 48 48;38 38 38 38 38 38 38 38 38 38 38 38 38 38 38 38 38 38 38;29 29 29 29 29 29 29 29 29 29 29 29 29 29 29 29 29 29 29;28 28 28 28 28 28 28 28 28 28 28 28 28 28 28 28 28 28 28;33 33 33 33 33 33 33 33 33 33 33 33 33 33 33 33 33 33 33;49 49 49 49 49 49 49 49 49 49 49 49 49 49 49 49 49 49 49;51 51 51 51 51 51 51 51 51 51 51 51 51 51 51 51 51 51 51;51 51 51 51 51 51 51 51 51 51 51 51 51 51 51 51 51 51 51;48 48 48 48 48 48 48 48 48 48 48 48 48 48 48 48 48 48 48;
d;3.000 28.012 3.000 48.479 3.000 63.691 3.000 36.893 3.000 19.227 3.000 59.717 3.000 13.134 3.000 19.930 3.000 31.728 3.000
S;0.3136113371230636 0.31264979866152515 0.30248042105987494 0.30151888259833648 0.29513099404584542 0.29416945558430702 0.28995971702067891 0.28899817855914045 0.26985797533050365 0.26889643686896519 0.26273381945755575 0.26177228099601729 0.24994749053171336 0.2489859520701749 0.22857209380778015 0.22761055534624169 0.21207248532804329 0.21111094686650483 0.2021327948441192 0.20117125638258074;0.66550263724768222 0.6644609705810155 0.65344414484589441 0.65240247817922781 0.64548226558069588 0.64444059891402916 0.63988004880343208 0.63883838213676536 0.61810316197240878 0.61706149530574217 0.61038532644338184 0.60934365977671523 0.5965334701070526 0.59549180344038588 0.57337679032279165 0.57233512365612493 0.55550221446974346 0.55446054780307674 0.54473421644549236 0.54369254977882564;0.88593232683233691 0.88461653735865264 0.87070054695639432 0.86938475748271005 0.86064343630561702 0.85932764683193275 0.85356695195538912 0.85225116248170485 0.82605930543199124 0.82474351595830697 0.81631046055322032 0.81499467107953605 0.79881337886522552 0.79749758939154125 0.7695628359798431 0.76824704650615894 0.74698442437599277 0.7456686349023085 0.73338274266114922 0.73206695318746495;0.99843237008664409 0.99670823215560966 0.97847348611127127 0.97674934818023673 0.96529520318956308 0.96357106525852865 0.95602256852374723 0.95429843059271269 0.91997806618274314 0.9182539282517086 0.90720371772090547 0.90547957978987093 0.88427650723318807 0.88255236930215353 0.84594820965923878 0.84422407172820424 0.81636270479902084 0.8146385668679863 0.79853981151750175 0.79681567358646721;1.0745134835099392 1.072727769224225 1.0538417822497315 1.0520560679640174 1.040192846366534 1.0384071320808197 1.0305890461769391 1.0288033318912249 0.99325724018089923 0.99147152589518506 0.98002666498828173 0.97824095070256745 0.9562806255545746 0.95449491126886032 0.91658346021012727 0.9147977459244131 0.88594133017633026 0.88415561589061609 0.86748190499189981 0.86569619070618553;0.93802444130799989 0.93898597976953835 0.94844490102269319 0.94940643948423165 0.96494450950243005 0.96590604796396851 0.98631990622636323 0.98728144468790169 0.99910623515220565 1.000067773613744 1.0062303910251535 1.007191929486692 1.0263321327153287 1.0272936711768672 1.0315034097404954 1.0324649482020338 1.0388528367545247 1.0398143752160631 1.0499837528177134 1.0509452912792518;1.1924020100372303 1.1934436767038969 1.2036908413948146 1.2047325080614815 1.2215654172478629 1.2226070839145295 1.244722097032124 1.2457637636987906 1.2585739533684532 1.2596156200351198 1.2662917888974801 1.2673334555641467 1.2880686757285034 1.28911034239517 1.2936708925057672 1.294712559172434 1.3016327717709659 1.3026744384376328 1.3136912641727538 1.3147329308394204;1.2786511570316821 1.2799669465053662 1.2929107334833678 1.2942265229570522 1.3154891450872184 1.3168049345609025 1.3447396879726008 1.346055477446285 1.3622367696605955 1.3635525591342799 1.3719856145393663 1.3733014040130507 1.3994932610627642 1.4008090505364483 1.406569745412992 1.4078855348866763 1.4166268560637691 1.4179426455374535 1.4318586359397116 1.4331744254133958;1.607406279189995 1.6091304171210294 1.6260912414370312 1.6278153793680656 1.655676746297249 1.6574008842282835 1.694005043871198 1.6957291818022324 1.7169322543589154 1.7186563922899498 1.7297066028207528 1.7314307407517873 1.7657511051617569 1.7674752430927911 1.7750237398275728 1.776747877758607 1.7882020227492808 1.7899261606803152 1.8081609067246533 1.8098850446556878;1.9655037802857591 1.9672894945714736 1.9848560626130469 1.9866417768987612 2.0154981926468438 2.0172839069325583 2.0551953579912916 2.0569810722770057 2.0789413974249986 2.0807271117107131 2.0921719726176162 2.0939576869033307 2.1295037786136564 2.1312894928993709 2.1391075788032512 2.1408932930889657 2.1527565146864491 2.1545422289721632 2.1734282159466565 2.175213930232371;
