m;7
n;14
P;19
P1;2 4 6 8 10 12 14 16 18
Q;20
M;100
h;1 1 1 1 1 1 1 1 1 1 1 1 1 1 1 1 1 1 1
Vmin;45 45 45 45 45 45 45 45 45 45 45 45 45 45 45 45 45 45 45;47 47 47 47 47 47 47 47 47 47 47 47 47 47 47 47 47 47 47;41 41 41 41 41 41 41 41 41 41 41 41 41 41 41 41 41 41 41;45 45 45 45 45 45 45 45 45 45 45 45 45 45 45 45 45 45 45;38 38 38 38 38 38 38 38 38 38 38 38 38 38 38 38 38 38 38;49 49 49 49 49 49 49 49 49 49 49 49 49 49 49 49 49 49 49;41 41 41 41 41 41 41 41 41 41 41 41 41 41 41 41 41 41 41;50 50 50 50 50 50 50 50 50 50 50 50 50 50 50 50 50 50 50;34 34 34 34 34 34 34 34 34 34 34 34 34 34 34 34 34 34 34;28 28 28 28 28 28 28 28 28 28 28 28 28 28 28 28 28 28 28;36 36 36 36 36 36 36 36 36 36 36 36 36 36 36 36 36 36 36;30 30 30 30 30 30 30 30 30 30 30 30 30 30 30 30 30 30 30;47 47 47 47 47 47 47 47 47 47 47 47 47 47 47 47 47 47 47;52 52 52 52 52 52 52 52 52 52 52 52 52 52 52 52 52 52 52;
Vmax;45 45 45 45 45 45 45 45 45 45 45 45 45 45 45 45 45 45 45;47 47 47 47 47 47 47 47 47 47 47 47 47 47 47 47 47 47 47;41 41 41 41 41 41 41 41 41 41 41 41 41 41 41 41 41 41 41;45 45 45 45 45 45 45 45 45 45 45 45 45 45 45 45 45 45 45;38 38 38 38 38 38 38 38 38 38 38 38 38 38 38 38 38 38 38;49 49 49 49 49 49 49 49 49 49 49 49 49 49 49 49 49 49 49;41 41 41 41 41 41 41 41 41 41 41 41 41 41 41 41 41 41 41;50 50 50 50 50 50 50 50 50 50 50 50 50 50 50 50 50 50 50;34 34 34 34 34 34 34 34 34 34 34 34 34 34 34 34 34 34 34;28 28 28 28 28 28 28 28 28 28 28 28 28 28 28 28 28 28 28;36 36 36 36 36 36 36 36 36 36 36 36 36 36 36 36 36 36 36;30 30 30 30 30 30 30 30 30 30 30 30 30 30 30 30 30 30 30;47 47 47 47 47 47 47 47 47 47 47 47 47 47 47 47 47 47 47;52 52 52 52 52 52 52 52 52 52 52 52 52 52 52 52 52 52 52;
d;3.000 17.103 3.000 3.576 3.000 38.375 3.000 5.620 3.000 24.825 3.000 39.460 3.000 38.009 3.000 17.295 3.000 16.639 3.000
S;0.40448474300797288 0.40337363189686182 0.39721094264353535 0.39609983153242428 0.38969444425849215 0.38858333314738108 0.37450596432390248 0.37339485321279137 0.35877996526598033 0.35766885415486921 0.34847453842848636 0.34736342731737524 0.34528211691335897 0.34417100580224785 0.32995819940013488 0.32884708828902376 0.32752253449717805 0.32641142338606693 0.32007714946721993 0.31896603835610882;0.61607742057825343 0.61501359079101936 0.60911314363357916 0.6080493138463452 0.60191649624364429 0.60085266645641022 0.58737433460414357 0.58631050481690949 0.57231752699549465 0.57125369720826069 0.56245062895959619 0.56138679917236223 0.55939405516851681 0.55833022538128285 0.54472221925160014 0.54365838946436607 0.54239019966366275 0.54132636987642868 0.5352616395285964 0.53419780974136244;0.93572865203495181 0.93450913983982997 0.92774521261056919 0.92652570041544735 0.91949539730991214 0.91827588511479019 0.90282511445487468 0.90160560225975284 0.88556487158642361 0.88434535939130177 0.87425403725258888 0.87303452505746693 0.87075015997988814 0.86953064778476619 0.85393122612391048 0.85271171392878864 0.85125793537676286 0.85003842318164091 0.84308617131949171 0.84186665912436986;1.0197459662986741 1.018634855187563 1.0124721659342366 1.0113610548231253 1.0049556675491933 1.003844556438082 0.98976718761460358 0.98865607650349241 0.97404118855668143 0.97293007744557025 0.9637357617191874 0.96262465060807623 0.96054334020405996 0.95943222909294879 0.94521942269083581 0.94410831157972475 0.94278375778787893 0.94167264667676776 0.93533837275792076 0.93422726164680958;1.1277706003772772 1.1264548109035928 1.1191568894193904 1.1178410999457062 1.1102557729107865 1.1089399834371023 1.0922694150935091 1.0909536256198249 1.0736465214722855 1.0723307319986013 1.0614427265331479 1.0601269370594637 1.057662227370497 1.0563464378968128 1.0395154829469422 1.0381996934732578 1.0366311429302828 1.0353153534565984 1.0278142396053322 1.0264984501316481;1.2745849692264954 1.2735645610632302 1.2679049484836447 1.2668845403203794 1.2610020418035031 1.2599816336402376 1.2470534377819409 1.2460330296186757 1.2326111937491553 1.2315907855858901 1.2231470262453346 1.2221266180820691 1.2202152105681767 1.2191948024049113 1.2061422250968483 1.2051218169335831 1.2039053899818879 1.2028849818186227 1.1970677914849874 1.1960473833217222;1.3903848839028947 1.3891653717077728 1.382401444478512 1.38118193228339 1.3741516291778548 1.3729321169827327 1.3574813463228173 1.3562618341276953 1.3402211034543658 1.3390015912592439 1.328910269120531 1.3276907569254091 1.3254063918478303 1.3241868796527081 1.3085874579918524 1.3073679457967304 1.3059141672447045 1.3046946550495826 1.2977424031874334 1.2965228909923112;1.4955448733855354 1.4966559844966463 1.5035458139710489 1.50465692508216 1.5059814788740058 1.5070925899851169 1.5213053963872298 1.5224165074983409 1.5244978179023572 1.5256089290134682 1.5348032447398512 1.5359143558509623 1.5505292437977731 1.5516403549088842 1.5657177237323627 1.5668288348434738 1.573234222117406 1.5743453332285171 1.5805080224818435 1.5816191335929546;1.6820153565482838 1.6830791863355179 1.6896758315769671 1.6907396613642012 1.6920078511649046 1.6930716809521384 1.7066796870818211 1.7077435168690551 1.7097362608729005 1.7108000906601346 1.719603158908799 1.7206669886960329 1.7346599665174478 1.7357237963046819 1.7492021281569485 1.7502659579441826 1.7563987755468835 1.7574626053341176 1.7633630524915576 1.7644268822787916;1.7779268803601027 1.7791463925552249 1.786708400514935 1.7879279127100569 1.7893816912620828 1.7906012034572047 1.8062006251180605 1.8074201373131826 1.8097045023907614 1.8109240145858834 1.8210153367245963 1.8222348489197182 1.8382755795930477 1.8394950917881696 1.854945862448085 1.8561653746432072 1.8631956777487424 1.8644151899438646 1.8711791171731251 1.8723986293682473;1.8680048162477834 1.8691159273588944 1.8760057568332971 1.8771168679444081 1.8784414217362539 1.879552532847365 1.8937653392494778 1.8948764503605888 1.8969577607646051 1.8980688718757162 1.9072631876020991 1.9083742987132102 1.9229891866600213 1.9241002977711323 1.9381776665946109 1.9392887777057219 1.945694164979654 1.946805276090765 1.9529679653440914 1.9540790764552025;1.928462876638054 1.9297786661117382 1.9379376746998465 1.9392534641735308 1.9408220147165061 1.9421378041901902 1.9589687591400609 1.9602845486137452 1.9627492583027117 1.9640650477763961 1.9749530532418496 1.9762688427155337 1.9935759468630729 1.9948917363367573 2.0115623046803504 2.0128780941540345 2.0204634211889543 2.0217792106626384 2.029077132146841 2.0303929216205252;2.023897614932372 2.0249180230956374 2.0312454175109047 2.0322658256741701 2.0334822526258653 2.0345026607891308 2.0475552380971935 2.048575646260459 2.0504870537743516 2.0515074619376166 2.0599512212781721 2.0609716294414375 2.0743934653109579 2.0754138734742233 2.0883420693325201 2.0893624774957851 2.0952449760126615 2.0962653841759269 2.1019249967555123 2.1029454049187777;2.1831014376706941 2.1843209498658158 2.1918829578255261 2.1931024700206478 2.1945562485726735 2.1957757607677952 2.2113751824286512 2.2125946946237729 2.2148790597013517 2.2160985718964734 2.2261898940351865 2.2274094062303083 2.2434501369036375 2.2446696490987592 2.2601204197586751 2.2613399319537968 2.2683702350593316 2.2695897472544533 2.2763536744837145 2.2775731866788362;
