m;3
n;6
P;19
P1;2 4 6 8 10 12 14 16 18
Q;20
M;100
h;1 1 1 1 1 1 1 1 1 1 1 1 1 1 1 1 1 1 1
Vmin;33 33 33 33 33 33 33 33 33 33 33 33 33 33 33 33 33 33 33;46 46 46 46 46 46 46 46 46 46 46 46 46 46 46 46 46 46 46;36 36 36 36 36 36 36 36 36 36 36 36 36 36 36 36 36 36 36;28 28 28 28 28 28 28 28 28 28 28 28 28 28 28 28 28 28 28;52 52 52 52 52 52 52 52 52 52 52 52 52 52 52 52 52 52 52;49 49 49 49 49 49 49 49 49 49 49 49 49 49 49 49 49 49 49;
Vmax;33 33 33 33 33 33 33 33 33 33 33 33 33 33 33 33 33 33 33;46 46 46 46 46 46 46 46 46 46 46 46 46 46 46 46 46 46 46;36 36 36 36 36 36 36 36 36 36 36 36 36 36 36 36 36 36 36;28 28 28 28 28 28 28 28 28 28 28 28 28 28 28 28 28 28 28;52 52 52 52 52 52 52 52 52 52 52 52 52 52 52 52 52 52 52;49 49 49 49 49 49 49 49 49 49 49 49 49 49 49 49 49 49 49;
d;3.000 39.129 3.000 42.301 3.000 30.703 3.000 66.890 3.000 17.957 3.000 21.474 3.000 5.676 3.000 7.853 3.000 60.834 3.000
S;0.27080162581878248 0.26928647430363101 0.23856244716169292 0.23704729564654139 0.23308114486723769 0.23156599335208616 0.2286991454702659 0.22718399395511438 0.21633874197634773 0.2148235904611962 0.20575461010387519 0.20423945858872367 0.1704564177995416 0.16894126628439005 0.15343481304068873 0.15191966152553721 0.13055558115757562 0.1290404296424241 0.10927835769887095 0.10776320618371944;0.53478851764679425 0.53370156112505507 0.51166041121888217 0.51057345469714299 0.50772817261633818 0.506641216094599 0.50458456435329324 0.50349760783155406 0.49571731836852589 0.49463036184678677 0.48812435419914346 0.48703739767740434 0.4628017379808172 0.46171478145907802 0.45059058674077057 0.44950363021903145 0.43417722473766768 0.43309026821592855 0.41891312964772737 0.41782617312598824;0.79840261812441726 0.79701372923552838 0.76885003768875182 0.76746114879986282 0.76382551058550119 0.76243662169661219 0.75980867780494366 0.75841978891605466 0.74847830793551862 0.74708941904662962 0.73877618705241876 0.73738729816352977 0.70641951077344634 0.70503062188455734 0.69081637307783117 0.68942748418894217 0.66984374385164402 0.66845485496275514 0.65033962234783138 0.6489507334589425;0.94664927205700133 0.94816442357215291 0.96868407127328182 0.9701992227884334 0.99156330315639496 0.99307845467154654 1.0085849079152478 1.0101000594303993 1.0438831002195814 1.0453982517347329 1.0544672320920541 1.0559823836072055 1.0668276355859723 1.0683427871011237 1.0712096349829439 1.0727247864980956 1.0766909372773992 1.0782060887925509 1.1089301159344889 1.1104452674496406;1.0966268696672192 1.0977138261889583 1.1124344430180291 1.1135213995397681 1.1288478050211319 1.129934761542871 1.1410589562611786 1.1421459127829177 1.1663815724795048 1.1674685290012439 1.1739745366488872 1.1750614931706262 1.1828417826336546 1.1839287391553937 1.1859853908966995 1.1870723474184386 1.1899176294992435 1.1910045860209826 1.2130457359271556 1.2141326924488947;1.2547741224190845 1.2561630113079731 1.2749726883673413 1.2763615772562302 1.2959453175935283 1.2973342064824172 1.3115484552891432 1.3129373441780321 1.3439051315681156 1.3452940204570045 1.3536072524512155 1.3549961413401044 1.3649376223206402 1.3663265112095291 1.3689544551011976 1.3703433439900865 1.3739789822044484 1.3753678710933372 1.4035315626401139 1.4049204515290026;
