m;4
n;8
P;19
P1;2 4 6 8 10 12 14 16 18
Q;20
M;100
h;1 1 1 1 1 1 1 1 1 1 1 1 1 1 1 1 1 1 1
Vmin;40 40 40 40 40 40 40 40 40 40 40 40 40 40 40 40 40 40 40;51 51 51 51 51 51 51 51 51 51 51 51 51 51 51 51 51 51 51;49 49 49 49 49 49 49 49 49 49 49 49 49 49 49 49 49 49 49;48 48 48 48 48 48 48 48 48 48 48 48 48 48 48 48 48 48 48;28 28 28 28 28 28 28 28 28 28 28 28 28 28 28 28 28 28 28;52 52 52 52 52 52 52 52 52 52 52 52 52 52 52 52 52 52 52;46 46 46 46 46 46 46 46 46 46 46 46 46 46 46 46 46 46 46;42 42 42 42 42 42 42 42 42 42 42 42 42 42 42 42 42 42 42;
Vmax;40 40 40 40 40 40 40 40 40 40 40 40 40 40 40 40 40 40 40;51 51 51 51 51 51 51 51 51 51 51 51 51 51 51 51 51 51 51;49 49 49 49 49 49 49 49 49 49 49 49 49 49 49 49 49 49 49;48 48 48 48 48 48 48 48 48 48 48 48 48 48 48 48 48 48 48;28 28 28 28 28 28 28 28 28 28 28 28 28 28 28 28 28 28 28;52 52 52 52 52 52 52 52 52 52 52 52 52 52 52 52 52 52 52;46 46 46 46 46 46 46 46 46 46 46 46 46 46 46 46 46 46 46;42 42 42 42 42 42 42 42 42 42 42 42 42 42 42 42 42 42 42;
d;3.000 22.880 3.000 9.452 3.000 28.159 3.000 54.825 3.000 35.598 3.000 26.351 3.000 4.473 3.000 18.843 3.000 3.707 3.000
S;0.26988770058870115 0.26863770058870112 0.26709296636172125 0.26584296636172122 0.2579918179182476 0.25674181791824763 0.25487820175148107 0.2536282017514811 0.2426484666910253 0.2413984666910253 0.22656594092493598 0.22531594092493598 0.20247211936904819 0.20122211936904819 0.1894890621734579 0.1882390621734579 0.18430091122941444 0.18305091122941444 0.17351743681657752 0.17226743681657755;0.44215931438985379 0.44117892223299104 0.43996736597653624 0.4389869738196735 0.43282921033459615 0.43184881817773341 0.43038715843909298 0.42940676628223023 0.42079520937206888 0.41981481721520614 0.40818146367317526 0.40720107151631252 0.38928434872738094 0.38830395657051819 0.37910155877005519 0.37812116661319245 0.37503242077472698 0.37405202861786424 0.36657479378426666 0.36559440162740392;0.60152529901353047 0.60050489085026515 0.59924388331803669 0.59822347515477137 0.59181437438458884 0.59079396622132352 0.58927264690151415 0.58825223873824883 0.57928918970930532 0.57826878154604 0.56616059724719159 0.56514018908392627 0.54649217148728313 0.54547176332401781 0.53589375745006651 0.53487334928680119 0.53165853218962289 0.53063812402635757 0.52285569593424575 0.52183528777098043;0.90346221369660418 0.90242054702993746 0.90113326850745423 0.90009160184078751 0.89354897813789291 0.89250731147122619 0.89095429799892079 0.88991263133225418 0.88076285211520766 0.87972118544854105 0.86736074731013324 0.86631908064346652 0.84728256268022661 0.84624089601356001 0.83646334835056813 0.83542168168390141 0.83213988923053195 0.83109822256386523 0.82315366055316774 0.82211199388650114;1.0766130411320018 1.0778630411320018 1.0880215155448387 1.0892715155448387 1.0932096664888822 1.0944596664888822 1.1061927236844726 1.1074427236844726 1.1302865452403605 1.1315365452403607 1.14636907100645 1.14761907100645 1.1585988060669059 1.1598488060669061 1.1617124222336725 1.1629624222336725 1.1708135706771463 1.1720635706771463 1.1736083049041262 1.1748583049041263;1.1674261733087727 1.1684065654656355 1.1763739963776645 1.1773543885345275 1.1804431343729929 1.1814235265298556 1.1906259243303188 1.1916063164871815 1.2095230392761132 1.2105034314329759 1.2221367849750067 1.2231171771318694 1.2317287340420309 1.2327091261988938 1.2341707859375342 1.2351511780943971 1.2413089415794745 1.2422893337363372 1.243500889992792 1.2444812821496547;1.3804982381924999 1.3815186463557652 1.3898112785295096 1.3908316866927748 1.394046503789953 1.3950669119532184 1.4046449178271696 1.4056653259904348 1.4243133435870778 1.4253337517503433 1.4374419360491915 1.4384623442124569 1.4474253932414003 1.4484458014046657 1.4499671207244751 1.4509875288877403 1.4573966296579228 1.4584170378211883 1.4596780453534168 1.460698453516682;1.5141993716206301 1.5152410382872967 1.5237064336313275 1.5247481002979941 1.5280298927513636 1.5290715594180304 1.5388491070810224 1.539890773747689 1.5589272917109289 1.5599689583775955 1.5723293965160035 1.5733710631826701 1.5825208423997166 1.5835625090663832 1.5851155225386888 1.5861571892053554 1.5926998129082501 1.5937414795749167 1.5950287580973999 1.5960704247640665;
