m;8
n;16
P;19
P1;2 4 6 8 10 12 14 16 18
Q;20
M;100
h;1 1 1 1 1 1 1 1 1 1 1 1 1 1 1 1 1 1 1
Vmin;47 47 47 47 47 47 47 47 47 47 47 47 47 47 47 47 47 47 47;51 51 51 51 51 51 51 51 51 51 51 51 51 51 51 51 51 51 51;46 46 46 46 46 46 46 46 46 46 46 46 46 46 46 46 46 46 46;34 34 34 34 34 34 34 34 34 34 34 34 34 34 34 34 34 34 34;48 48 48 48 48 48 48 48 48 48 48 48 48 48 48 48 48 48 48;49 49 49 49 49 49 49 49 49 49 49 49 49 49 49 49 49 49 49;47 47 47 47 47 47 47 47 47 47 47 47 47 47 47 47 47 47 47;28 28 28 28 28 28 28 28 28 28 28 28 28 28 28 28 28 28 28;47 47 47 47 47 47 47 47 47 47 47 47 47 47 47 47 47 47 47;41 41 41 41 41 41 41 41 41 41 41 41 41 41 41 41 41 41 41;52 52 52 52 52 52 52 52 52 52 52 52 52 52 52 52 52 52 52;44 44 44 44 44 44 44 44 44 44 44 44 44 44 44 44 44 44 44;44 44 44 44 44 44 44 44 44 44 44 44 44 44 44 44 44 44 44;44 44 44 44 44 44 44 44 44 44 44 44 44 44 44 44 44 44 44;28 28 28 28 28 28 28 28 28 28 28 28 28 28 28 28 28 28 28;44 44 44 44 44 44 44 44 44 44 44 44 44 44 44 44 44 44 44;
Vmax;47 47 47 47 47 47 47 47 47 47 47 47 47 47 47 47 47 47 47;51 51 51 51 51 51 51 51 51 51 51 51 51 51 51 51 51 51 51;46 46 46 46 46 46 46 46 46 46 46 46 46 46 46 46 46 46 46;34 34 34 34 34 34 34 34 34 34 34 34 34 34 34 34 34 34 34;48 48 48 48 48 48 48 48 48 48 48 48 48 48 48 48 48 48 48;49 49 49 49 49 49 49 49 49 49 49 49 49 49 49 49 49 49 49;47 47 47 47 47 47 47 47 47 47 47 47 47 47 47 47 47 47 47;28 28 28 28 28 28 28 28 28 28 28 28 28 28 28 28 28 28 28;47 47 47 47 47 47 47 47 47 47 47 47 47 47 47 47 47 47 47;41 41 41 41 41 41 41 41 41 41 41 41 41 41 41 41 41 41 41;52 52 52 52 52 52 52 52 52 52 52 52 52 52 52 52 52 52 52;44 44 44 44 44 44 44 44 44 44 44 44 44 44 44 44 44 44 44;44 44 44 44 44 44 44 44 44 44 44 44 44 44 44 44 44 44 44;44 44 44 44 44 44 44 44 44 44 44 44 44 44 44 44 44 44 44;28 28 28 28 28 28 28 28 28 28 28 28 28 28 28 28 28 28 28;44 44 44 44 44 44 44 44 44 44 44 44 44 44 44 44 44 44 44;
d;3.000 5.899 3.000 3.990 3.000 4.873 3.000 31.105 3.000 29.331 3.000 94.977 3.000 27.935 3.000 74.270 3.000 32.131 3.000
S;7.117257165170102 7.0534273779360595 6.3697900142662993 6.3059602270322568 4.7257403269284213 4.6619105396943787 4.067556601970483 4.0037268147364404 1.9829343687801486 1.9191045815461061 1.2950437513148709 1.2312139640808284 0.56940080801999371 0.50557102078595118 0.40188453406094748 0.33805474682690495 0.2531681446693973 0.18933835743535476 0.063829787234042548 0;6.7257075835881333 6.6668840541763688 6.0368653072650211 5.9780417778532566 4.5217606934438397 4.4629371640320752 3.9151992214237783 3.8563756920120138 1.9940767712287644 1.9352532418169996 1.3601383590548808 1.3013148296431161 0.69140858778313141 0.63258505837136669 0.53703084511499077 0.47820731570322611 0.39997848626395438 0.34115495685218966 0.22549019607843135 0.16666666666666666;7.6053134803549591 7.5400960890506115 6.8415970435619435 6.7763796522575959 5.1618071456297638 5.0965897543254162 4.4893150788249132 4.4240976875205655 2.3593749710000065 2.2941575796956588 1.6565302096767882 1.5913128183724403 0.9151124197885443 0.84989502848419651 0.74395448769995365 0.67873709639560587 0.59200513332163063 0.52678774201728285 0.39855072463768115 0.33333333333333331;10.338561375382197 10.25032608126455 9.3052979608975299 9.2170626667798832 7.0326410401657586 6.9444057460481119 6.1227988321356674 6.0345635380180207 3.2411151568431467 3.1528798627254995 2.2902075385823215 2.2019722444646743 1.2871128816746971 1.1988775875570501 1.0555462676724863 0.9673109735548393 0.84996772939593168 0.7617324352782846 0.58823529411764708 0.5;7.6356476408957246 7.5731476408957246 6.9037527223024178 6.8412527223024178 5.2939540701174126 5.2314540701174126 4.6494825060960974 4.5869825060960974 2.6082899027638953 2.5457899027638953 1.9347303398291442 1.8722303398291442 1.2242049578529104 1.1617049578529104 1.060178606268011 0.99767860626801108 0.9145604749887849 0.8520604749887849 0.72916666666666663 0.66666666666666663;7.6600902060475136 7.5988657162515949 6.943131918445907 6.8819074286499884 5.3661862999789633 5.3049618101830447 4.7348672168560419 4.6736427270601233 2.7353316054285779 2.6741071156326597 2.0755181560231075 2.0142936662271893 1.3794932920463887 1.3182688022504703 1.2188144170244464 1.1575899272285279 1.0761680843427552 1.0149435945468368 0.89455782312925169 0.83333333333333337;8.117257165170102 8.0534273779360586 7.3697900142662993 7.3059602270322568 5.7257403269284213 5.6619105396943787 5.067556601970483 5.0037268147364404 2.9829343687801488 2.9191045815461063 2.2950437513148709 2.2312139640808284 1.5694008080199939 1.5055710207859514 1.4018845340609476 1.3380547468269051 1.2531681446693974 1.1893383574353549 1.0638297872340425 1;13.113491193916483 13.006348336773625 11.858814190613671 11.751671333470814 9.099159358296518 8.9920165011536604 7.9943509628314056 7.8872081056885488 4.4951636428333446 4.3880207856904878 3.3404901063737715 3.2333472492309143 2.1224465944145137 2.0153037372716565 1.8412585631261145 1.7341157059832573 1.5916274809331552 1.484484623790298 1.2738095238095239 1.1666666666666667;0 0.063829787234042548 0.22125325105237609 0.28508303828641862 0.36996964044392622 0.43379942767796875 0.53748591440297244 0.60131570163701498 1.2631288576978497 1.3269586449318922 1.9510194751631273 2.0148492623971701 4.0356417083534621 4.0994714955875047 4.6938254333114013 4.7576552205454439 6.3378751206492794 6.4017049078833219 7.085342271553082 7.1491720587871246;0.16666666666666666 0.22549019607843135 0.37056672155807202 0.42939025096983674 0.50761908040910853 0.56644260982087324 0.66199682307724916 0.72082035248901388 1.3307265943489988 1.3895501237607635 1.9646650065228823 2.0234885359346468 3.885787456717896 3.9446109861296605 4.4923489287379574 4.5511724581497219 6.0074535425591389 6.0662770719709034 6.696295818882251 6.7551193482940155;0.33333333333333331 0.39855072463768115 0.55939643766945668 0.62461382897380446 0.7113457920477797 0.77656318335212748 0.88250372413637035 0.94772111544071813 1.6239215140246142 1.689138905328962 2.3267662753478326 2.3919836666521803 4.4567063831727394 4.521923774477087 5.12919844997759 5.1944158412819377 6.8089883479097697 6.8742057392141174 7.5727047847027853 7.637922176007133;0.5 0.58823529411764708 0.80585008233710809 0.89408537645475517 1.0114286206136627 1.0996639147313096 1.2429952346158735 1.3312305287335204 2.2460898915234977 2.3343251856411449 3.1969975097843228 3.28523280390197 6.0786811850768441 6.1669164791944908 6.9885233931069353 7.076758687224582 9.2611803138387074 9.3494156079563542 10.294443728323376 10.382679022441023;0.66666666666666663 0.72916666666666663 0.8833104749887849 0.9458104749887849 1.0289286062680112 1.0914286062680112 1.1929549578529106 1.2554549578529106 1.9034803398291444 1.9659803398291444 2.5770399027638957 2.6395399027638957 4.6182325060960983 4.6807325060960983 5.2627040701174135 5.3252040701174135 6.8725027223024187 6.9350027223024187 7.6043976408957255 7.6668976408957255;0.83333333333333337 0.89455782312925169 1.0455558394447961 1.1067803292407146 1.1882021721264873 1.2494266619224057 1.3488810471484296 1.410105536944348 2.0449059111251486 2.1061304009210668 2.704719360530619 2.7659438503265372 4.7042549719580826 4.7654794617540013 5.335574055081004 5.3967985448769227 6.9125196735479477 6.9737441633438664 7.6294779611495542 7.6907024509454729;1 1.0638297872340425 1.2212532510523761 1.2850830382864187 1.3699696404439263 1.4337994276779689 1.5374859144029727 1.6013157016370152 2.2631288576978497 2.3269586449318922 2.9510194751631271 3.0148492623971697 5.0356417083534613 5.0994714955875038 5.6938254333113996 5.7576552205454421 7.3378751206492776 7.4017049078833201 8.0853422715530794 8.1491720587871228;1.1666666666666667 1.2738095238095239 1.5380560523617266 1.6451989095045838 1.7876871345546859 1.8948299916975431 2.0688751658430848 2.176018022985942 3.2869186778023431 3.3940615349452004 4.4415922142619166 4.5487350714047734 7.9407795342599776 8.0479223914028353 9.0455879297250892 9.1527307868679468 11.805242762042241 11.912385619185098 13.059919765345052 13.16706262248791;
