m;3
n;6
P;19
P1;2 4 6 8 10 12 14 16 18
Q;20
M;100
h;1 1 1 1 1 1 1 1 1 1 1 1 1 1 1 1 1 1 1
Vmin;48 48 48 48 48 48 48 48 48 48 48 48 48 48 48 48 48 48 48;28 28 28 28 28 28 28 28 28 28 28 28 28 28 28 28 28 28 28;52 52 52 52 52 52 52 52 52 52 52 52 52 52 52 52 52 52 52;47 47 47 47 47 47 47 47 47 47 47 47 47 47 47 47 47 47 47;49 49 49 49 49 49 49 49 49 49 49 49 49 49 49 49 49 49 49;38 38 38 38 38 38 38 38 38 38 38 38 38 38 38 38 38 38 38;
Vmax;48 48 48 48 48 48 48 48 48 48 48 48 48 48 48 48 48 48 48;28 28 28 28 28 28 28 28 28 28 28 28 28 28 28 28 28 28 28;52 52 52 52 52 52 52 52 52 52 52 52 52 52 52 52 52 52 52;47 47 47 47 47 47 47 47 47 47 47 47 47 47 47 47 47 47 47;49 49 49 49 49 49 49 49 49 49 49 49 49 49 49 49 49 49 49;38 38 38 38 38 38 38 38 38 38 38 38 38 38 38 38 38 38 38;
d;3.000 26.120 3.000 16.915 3.000 12.719 3.000 17.603 3.000 84.925 3.000 51.639 3.000 21.305 3.000 42.166 3.000 5.984 3.000
S;6.4453255749590168 6.3828255749590168 6.2581609858894236 6.1956609858894236 5.3172009588858398 5.2547009588858398 4.810840768379137 4.748340768379137 3.6725243011539588 3.6100243011539588 1.8407572495724314 1.7782572495724314 1.4115316974991861 1.3490316974991861 1.0840526130755126 1.0215526130755126 0.66915703854389297 0.60665703854389297 0.0625 0;11.215796223739266 11.108653366596409 10.894942642477107 10.787799785334249 9.2818683104709621 9.1747254533281044 8.4138222696023295 8.3066794124594718 6.4624226115020242 6.3552797543591675 3.3222505230765491 3.2151076659336919 2.5864352909509858 2.4792924338081286 2.0250425747961169 1.9178997176532597 1.3137930184561974 1.2066501613133402 0.27380952380952378 0.16666666666666666;6.2828646332955005 6.225172325603193 6.1100973203081841 6.0524050126158766 5.2415188338433376 5.1838265261510301 4.7741094272217666 4.7164171195294591 3.7233557651677565 3.665663457475449 2.032493871400193 1.9748015637078855 1.6362856694864283 1.5785933617941206 1.3339972838645757 1.276304976172268 0.9510167535276961 0.89332444583538839 0.39102564102564102 0.33333333333333331;0 0.0625 0.63790703854389297 0.70040703854389297 1.0528026130755126 1.1153026130755126 1.3802816974991861 1.4427816974991861 1.8095072495724314 1.8720072495724314 3.6412743011539588 3.7037743011539588 4.779590768379137 4.842090768379137 5.2859509588858398 5.3484509588858398 6.2269109858894236 6.2894109858894236 6.4140755749590168 6.4765755749590168;0.16666666666666666 0.27380952380952378 1.2602215898847688 1.3673644470276261 1.9714711462246886 2.0786140033675458 2.5328638623795574 2.6400067195224146 3.2686790945051207 3.3758219516479779 6.4088511829305963 6.5159940400734531 8.3602508410309007 8.4673936981737583 9.2282968818995332 9.3354397390423909 10.841371213905678 10.948514071048535 11.162224795167837 11.269367652310695;0.33333333333333331 0.39102564102564102 0.92217059968154214 0.97986290737384985 1.3051511300184218 1.3628434377107295 1.6074395156402743 1.665131823332582 2.0036477175540393 2.0613400252463467 3.6945096113216027 3.7522019190139102 4.7452632733756124 4.8029555810679199 5.2126726799971834 5.2703649876894909 6.0812511664620299 6.1389434741543374 6.2540184794493463 6.3117107871416538;
