m;4
n;8
P;19
P1;2 4 6 8 10 12 14 16 18
Q;20
M;100
h;1 1 1 1 1 1 1 1 1 1 1 1 1 1 1 1 1 1 1
Vmin;44 44 44 44 44 44 44 44 44 44 44 44 44 44 44 44 44 44 44;49 49 49 49 49 49 49 49 49 49 49 49 49 49 49 49 49 49 49;51 51 51 51 51 51 51 51 51 51 51 51 51 51 51 51 51 51 51;47 47 47 47 47 47 47 47 47 47 47 47 47 47 47 47 47 47 47;34 34 34 34 34 34 34 34 34 34 34 34 34 34 34 34 34 34 34;28 28 28 28 28 28 28 28 28 28 28 28 28 28 28 28 28 28 28;49 49 49 49 49 49 49 49 49 49 49 49 49 49 49 49 49 49 49;52 52 52 52 52 52 52 52 52 52 52 52 52 52 52 52 52 52 52;
Vmax;44 44 44 44 44 44 44 44 44 44 44 44 44 44 44 44 44 44 44;49 49 49 49 49 49 49 49 49 49 49 49 49 49 49 49 49 49 49;51 51 51 51 51 51 51 51 51 51 51 51 51 51 51 51 51 51 51;47 47 47 47 47 47 47 47 47 47 47 47 47 47 47 47 47 47 47;34 34 34 34 34 34 34 34 34 34 34 34 34 34 34 34 34 34 34;28 28 28 28 28 28 28 28 28 28 28 28 28 28 28 28 28 28 28;49 49 49 49 49 49 49 49 49 49 49 49 49 49 49 49 49 49 49;52 52 52 52 52 52 52 52 52 52 52 52 52 52 52 52 52 52 52;
d;3.000 4.833 3.000 62.123 3.000 34.193 3.000 31.611 3.000 14.380 3.000 3.913 3.000 34.984 3.000 53.937 3.000 11.000 3.000
S;6.3857226113715928 6.3175407931897745 6.0675352561692728 5.9993534379874545 4.7735213795917995 4.7053395614099811 3.9102482856016438 3.8420664674198255 3.7531456535230134 3.6849638353411951 3.3581479880901997 3.2899661699083813 2.5715443149421642 2.5033624967603458 1.7262592072445138 1.6580773890626956 0.24620084706431467 0.17801902888249649 0.068181818181818177 0;5.9007849299391175 5.8395604401431989 5.6150656722064216 5.553841182410503 4.4530940279327718 4.3918695381368531 3.6779100251661014 3.6166855353701832 3.5368382739118212 3.4756137841159029 3.1821464927068459 3.1209220029109277 2.4758085004922834 2.4145840106963652 1.7167769752127608 1.6555524854168424 0.38774497831625532 0.32652048852033694 0.22789115646258501 0.16666666666666666;5.8425842137323523 5.7837606843205878 5.5680696327734882 5.5092461033617237 4.4516655039615509 4.3928419745497864 3.7068808738523975 3.648057344440633 3.5713413481375009 3.5125178187257364 3.230559048548407 3.1717355191366425 2.5519205854402984 2.4930970560285339 1.8226550023286003 1.7638314729168356 0.54574190727117344 0.48691837785940872 0.39215686274509803 0.33333333333333331;6.4781232957521286 6.4142935085180861 6.1802457717329355 6.116415984498893 4.9688285255753009 4.9049987383412583 4.160657969499411 4.0968281822653685 4.0135831650002682 3.9497533777662253 3.6437981165099744 3.5799683292759319 2.9074031884564944 2.8435734012224518 2.1160724493352898 2.0522426621012473 0.73048589937935837 0.66665611214531584 0.56382978723404253 0.5;0 0.068181818181818177 0.21210993797340558 0.28029175615522373 1.6921682981536046 1.7603501163354227 2.537453405851255 2.6056352240330733 3.3240570789992905 3.3922388971811088 3.7190547444321043 3.7872365626139226 3.8761573765107347 3.944339194692553 4.7394304705008903 4.8076122886827086 6.0334443470783636 6.101626165260182 6.3516317022806836 6.419813520462502;0.16666666666666666 0.22789115646258501 0.3571327334182961 0.41835722321421448 1.6861647303148015 1.74738922011072 2.4451962555943245 2.5064207453902427 3.151534247808887 3.2127587376048052 3.5062260290138623 3.5674505188097805 3.6472977802681426 3.7085222700640608 4.4224817830348124 4.4837062728307311 5.5844534273084623 5.6456779171043809 5.8701726850411582 5.9313971748370768;0.33333333333333331 0.39215686274509803 0.51633014256529108 0.5751536719770558 1.7932432376227179 1.8520667670344826 2.5225088207344162 2.5813323501461807 3.2011472838425248 3.2599708132542893 3.5419295834316187 3.6007531128433832 3.6774691091465153 3.7362926385582798 4.4222537392556687 4.4810772686674332 5.538657868067606 5.5974813974793705 5.81317244902647 5.8719959784382345;0.5 0.56382978723404253 0.6985710057623371 0.76240079299637964 2.0841575557182681 2.1479873429523106 2.8754882948394727 2.9393180820735152 3.6118832228929527 3.6757130101269953 3.9816682713832461 4.0454980586172891 4.1287430758823893 4.1925728631164318 4.9369136319582791 5.0007434191923217 6.1483308781159138 6.2121606653499564 6.4462084021351069 6.5100381893691495;
