m;5
n;10
P;19
P1;2 4 6 8 10 12 14 16 18
Q;20
M;100
h;1 1 1 1 1 1 1 1 1 1 1 1 1 1 1 1 1 1 1
Vmin;46 46 46 46 46 46 46 46 46 46 46 46 46 46 46 46 46 46 46;44 44 44 44 44 44 44 44 44 44 44 44 44 44 44 44 44 44 44;28 28 28 28 28 28 28 28 28 28 28 28 28 28 28 28 28 28 28;33 33 33 33 33 33 33 33 33 33 33 33 33 33 33 33 33 33 33;52 52 52 52 52 52 52 52 52 52 52 52 52 52 52 52 52 52 52;46 46 46 46 46 46 46 46 46 46 46 46 46 46 46 46 46 46 46;43 43 43 43 43 43 43 43 43 43 43 43 43 43 43 43 43 43 43;40 40 40 40 40 40 40 40 40 40 40 40 40 40 40 40 40 40 40;49 49 49 49 49 49 49 49 49 49 49 49 49 49 49 49 49 49 49;40 40 40 40 40 40 40 40 40 40 40 40 40 40 40 40 40 40 40;
Vmax;46 46 46 46 46 46 46 46 46 46 46 46 46 46 46 46 46 46 46;44 44 44 44 44 44 44 44 44 44 44 44 44 44 44 44 44 44 44;28 28 28 28 28 28 28 28 28 28 28 28 28 28 28 28 28 28 28;33 33 33 33 33 33 33 33 33 33 33 33 33 33 33 33 33 33 33;52 52 52 52 52 52 52 52 52 52 52 52 52 52 52 52 52 52 52;46 46 46 46 46 46 46 46 46 46 46 46 46 46 46 46 46 46 46;43 43 43 43 43 43 43 43 43 43 43 43 43 43 43 43 43 43 43;40 40 40 40 40 40 40 40 40 40 40 40 40 40 40 40 40 40 40;49 49 49 49 49 49 49 49 49 49 49 49 49 49 49 49 49 49 49;40 40 40 40 40 40 40 40 40 40 40 40 40 40 40 40 40 40 40;
d;3.000 44.631 3.000 32.835 3.000 43.792 3.000 5.955 3.000 23.390 3.000 24.473 3.000 44.635 3.000 27.917 3.000 81.904 3.000
S;7.8159034099180049 7.7506860186136572 5.9701748755615505 5.9049574842572028 5.2980757703042567 5.232858378999909 4.2625387440504259 4.1973213527460782 3.6653022883728648 3.6000848970685171 3.0916096855263415 3.0263922942219939 2.8969274590079221 2.8317100677035745 1.8797009998432006 1.8144836085388527 1.1006830945626167 1.0354657032582688 0.065217391304347824 0;8.3378384133991279 8.2696565952173096 6.4082131274810168 6.3400313092991984 5.7055640628938455 5.6373822447120272 4.6229571718102953 4.554775353628477 3.9985736045110265 3.9303917863292082 3.398804065171479 3.3306222469896607 3.1952726465385854 3.1270908283567671 2.1318086210481946 2.0636268028663762 1.3173808109821294 1.2491989928003113 0.23484848484848483 0.16666666666666666;13.173746078198629 13.066603221055772 10.141477771755882 10.034334914613025 9.0373149559760417 8.9301720988331841 7.33607555570189 7.2289326985590332 6.354901378517325 6.2477585213744682 5.412406388126608 5.3052635309837513 5.0925713017034901 4.9854284445606334 3.4214135473614484 3.3142706902185912 2.1415984172576321 2.0344555601147749 0.44047619047619047 0.33333333333333331;11.394895662309949 11.303986571400857 8.8220619477524664 8.7311528568433747 7.8851965283029042 7.7942874373938134 6.4417206735248369 6.3508115826157461 5.6092092504591449 5.518300159550054 4.8095165313397485 4.7186074404306577 4.5381413064958904 4.4472322155867996 3.1201892725087035 3.0292801815996127 2.0342855257539503 1.9433764348448594 0.59090909090909094 0.5;7.5807350677479786 7.5230427600556711 5.9479752104326531 5.8902829027403456 5.3534260019358166 5.2957336942435091 4.4373740171728127 4.3796817094805052 3.9090494602272781 3.8513571525349706 3.4015521577091996 3.3438598500168921 3.2293332650198283 3.1716409573275208 2.3294790896048827 2.2717867819125752 1.6403478657028276 1.5826555580105199 0.72435897435897434 0.66666666666666663;0 0.065217391304347824 1.0680743989104429 1.1332917902147908 1.847092304191027 1.9123096954953749 2.8643187633557483 2.929536154660096 3.0590009898741677 3.1242183811785154 3.6326935927206909 3.6979109840250386 4.229930048398252 4.2951474397025997 5.2654670746520829 5.3306844659564305 5.9375661799093766 6.0027835712137243 7.7832947142658311 7.8485121055701788;0.16666666666666666 0.23484848484848483 1.2832899018912205 1.3514717200730386 2.0977177119572854 2.1658995301391037 3.1611817374476763 3.2293635556294946 3.3647131560805699 3.4328949742623882 3.9644826954201173 4.0326645136019357 4.5888662627193861 4.6570480809012045 5.6714731538029373 5.7396549719847556 6.3741222183901085 6.4423040365719269 8.3037475043082196 8.371929322490038;0.33333333333333331 0.44047619047619047 2.0880269886862033 2.1951698458290605 3.36784211879002 3.4749849759328773 5.0389998731320622 5.146142730274919 5.3588349595551801 5.4659778166980368 6.301329949945897 6.4084728070887538 7.282504127130462 7.3896469842733188 8.9837435274046129 9.0908863845474706 10.087906343184454 10.195049200327311 13.120174649627202 13.22731750677006;0.5 0.59090909090909094 1.9888309802994053 2.0797400712084961 3.0747347270541585 3.1656438179632493 4.4926867610413463 4.5835958519504372 4.7640619858852045 4.8549710767942953 5.5637547050046008 5.6546637959136916 6.3962661280702928 6.4871752189793837 7.8397419828483601 7.9306510737574509 8.7766074022979215 8.8675164932070132 11.349441116855404 11.440350207764496;0.66666666666666663 0.72435897435897434 1.6115017118566737 1.6691940195489814 2.3006329357587285 2.358325243451036 3.2004871111736741 3.2581794188659816 3.3727060038630454 3.4303983115553529 3.8802033063811239 3.9378956140734314 4.4085278633266585 4.466220171018966 5.3245798480896624 5.3822721557819699 5.9191290565864989 5.9768213642788064 7.5518889139018244 7.6095812215941319;
