m;1
n;2
P;19
P1;2 4 6 8 10 12 14 16 18
Q;20
M;100
h;1 1 1 1 1 1 1 1 1 1 1 1 1 1 1 1 1 1 1
Vmin;28 28 28 28 28 28 28 28 28 28 28 28 28 28 28 28 28 28 28;52 52 52 52 52 52 52 52 52 52 52 52 52 52 52 52 52 52 52;
Vmax;28 28 28 28 28 28 28 28 28 28 28 28 28 28 28 28 28 28 28;52 52 52 52 52 52 52 52 52 52 52 52 52 52 52 52 52 52 52;
d;3.000 49.711 3.000 28.733 3.000 4.216 3.000 4.537 3.000 47.092 3.000 28.915 3.000 26.113 3.000 17.001 3.000 3.936 3.000
S;8.5805048986780257 8.473362041535168 8.3327847006566405 8.2256418435137828 7.6184674157688734 7.5113245586260167 6.5787081081708978 6.471565251028041 5.4388920438748896 5.3317491867320328 3.6499098075927647 3.5427669504499075 3.3807169185642767 3.2735740614214195 3.1230119123054121 3.0158690551625549 1.9896846985813654 1.8825418414385082 0.10714285714285714 0;0 0.10714285714285714 1.9361132700099368 2.043256127152794 3.0694404837339837 3.1765833408768409 3.3271454899928483 3.4342883471357055 3.5963383790213364 3.7034812361641936 5.3853206153034616 5.4924634724463184 6.5251366795994699 6.6322795367423266 7.5648959871974455 7.6720388443403023 8.2792132720852116 8.3863561292280693 8.5269334701065969 8.6340763272494545;
