m;6
n;12
P;19
P1;2 4 6 8 10 12 14 16 18
Q;20
M;100
h;1 1 1 1 1 1 1 1 1 1 1 1 1 1 1 1 1 1 1
Vmin;42 42 42 42 42 42 42 42 42 42 42 42 42 42 42 42 42 42 42;28 28 28 28 28 28 28 28 28 28 28 28 28 28 28 28 28 28 28;39 39 39 39 39 39 39 39 39 39 39 39 39 39 39 39 39 39 39;31 31 31 31 31 31 31 31 31 31 31 31 31 31 31 31 31 31 31;52 52 52 52 52 52 52 52 52 52 52 52 52 52 52 52 52 52 52;40 40 40 40 40 40 40 40 40 40 40 40 40 40 40 40 40 40 40;49 49 49 49 49 49 49 49 49 49 49 49 49 49 49 49 49 49 49;44 44 44 44 44 44 44 44 44 44 44 44 44 44 44 44 44 44 44;45 45 45 45 45 45 45 45 45 45 45 45 45 45 45 45 45 45 45;45 45 45 45 45 45 45 45 45 45 45 45 45 45 45 45 45 45 45;44 44 44 44 44 44 44 44 44 44 44 44 44 44 44 44 44 44 44;42 42 42 42 42 42 42 42 42 42 42 42 42 42 42 42 42 42 42;
Vmax;42 42 42 42 42 42 42 42 42 42 42 42 42 42 42 42 42 42 42;28 28 28 28 28 28 28 28 28 28 28 28 28 28 28 28 28 28 28;39 39 39 39 39 39 39 39 39 39 39 39 39 39 39 39 39 39 39;31 31 31 31 31 31 31 31 31 31 31 31 31 31 31 31 31 31 31;52 52 52 52 52 52 52 52 52 52 52 52 52 52 52 52 52 52 52;40 40 40 40 40 40 40 40 40 40 40 40 40 40 40 40 40 40 40;49 49 49 49 49 49 49 49 49 49 49 49 49 49 49 49 49 49 49;44 44 44 44 44 44 44 44 44 44 44 44 44 44 44 44 44 44 44;45 45 45 45 45 45 45 45 45 45 45 45 45 45 45 45 45 45 45;45 45 45 45 45 45 45 45 45 45 45 45 45 45 45 45 45 45 45;44 44 44 44 44 44 44 44 44 44 44 44 44 44 44 44 44 44 44;42 42 42 42 42 42 42 42 42 42 42 42 42 42 42 42 42 42 42;
d;3.000 16.615 3.000 33.575 3.000 3.176 3.000 9.130 3.000 20.894 3.000 63.591 3.000 5.527 3.000 86.536 3.000 17.197 3.000
S;6.8152588710400375 6.7438302996114663 6.3343763269728477 6.2629477555442765 4.2025685348907418 4.1311399634621706 3.9995423411802471 3.9281137697516755 2.4140459457929837 2.3426173743644121 1.8451527448499387 1.7737241734213673 1.5563476636605391 1.4849190922319677 1.4092988947647345 1.3378703233361631 0.53845858979546457 0.46703001836689317 0.071428571428571425 0;10.389554973226723 10.282412116083865 9.6682311571259376 9.56108829998308 6.4705194690027774 6.3633766118599207 6.1659801784370361 6.0588373212941793 3.7877355853561423 3.6805927282132851 2.9343957839415751 2.8272529267987179 2.5011881621574754 2.3940453050146182 2.2806150088137684 2.1734721516709112 0.9743545513598636 0.8672116942170065 0.27380952380952378 0.16666666666666666;7.6728428867610647 7.5959198098379881 7.1549693777656298 7.0780463008425532 4.8591763709079778 4.7822532939849012 4.6405327776812921 4.5636097007582155 2.9330751211103934 2.8561520441873163 2.3204209047101911 2.243497827787114 2.0094000480446836 1.9324769711216065 1.8510398353876629 1.7741167584645861 0.91321181465152601 0.83628873772844903 0.41025641025641024 0.33333333333333331;9.7335765349574714 9.6368023414090835 9.0820582494470834 8.9852840558986955 6.1938025311422944 6.0970283375939074 5.9187347848248502 5.8219605912764631 3.7706428943001713 3.6738687007517843 2.9998843639902395 2.9031101704418525 2.6086000604433108 2.5118258668949238 2.4093726961328659 2.3125985025844789 1.2295245410132101 1.1327503474648231 0.59677419354838712 0.5;6.171298831737464 6.1136065240451565 5.7828936999908871 5.7252013922985796 4.0610489448476486 4.0033566371553411 3.8970662499276343 3.8393739422353268 2.6164730074994607 2.5587806998071532 2.1569823451993093 2.0992900375070018 1.9237167027001789 1.8660243950078712 1.8049465432074137 1.7472542355151059 1.1015755276553112 1.0438832199630035 0.72435897435897434 0.66666666666666663;7.989355147925373 7.9143551479253729 7.4844284766548235 7.4094284766548233 5.2460302949686124 5.1710302949686122 5.0328527915725934 4.9578527915725932 3.3680815764159671 3.2930815764159669 2.7707437154257697 2.6957437154257695 2.4674983801768997 2.3924983801768995 2.3130971728363048 2.2380971728363046 1.3987148526185711 1.3237148526185711 0.90833333333333333 0.83333333333333337;0 0.071428571428571425 0.50274430408117887 0.57417287550975027 1.3735846090504489 1.4450131804790203 1.5206333779462535 1.5920619493748249 1.8094384591356532 1.8808670305642246 2.3783316600786981 2.4497602315072697 3.9638280554659611 4.0352566268945322 4.1668542491764553 4.2382828206050265 6.2986620412585612 6.3700906126871324 6.779544585325751 6.8509731567543222;0.16666666666666666 0.27380952380952378 0.92078312278843488 1.0279259799312921 2.2270435802423396 2.3341864373851968 2.4476167335860466 2.5547595907289038 2.8808243553701463 2.9879672125130035 3.7341641567847135 3.8413070139275707 6.1124087498656081 6.2195516070084649 6.4169480404313495 6.5240908975742062 9.614659728554507 9.7218025856973647 10.335983544655292 10.44312640179815;0.33333333333333331 0.41025641025641024 0.87475027618998746 0.95167335311306434 1.8125782969261244 1.8895013738492012 1.9709385095831449 2.047861586506222 2.2819593662486524 2.3588824431717295 2.8946135826488546 2.9715366595719317 4.6020712392197538 4.6789943161428305 4.8207148324464395 4.8976379093695162 7.1165078393040915 7.1934309162271681 7.6343813482995264 7.7113044252226031;0.5 0.59677419354838712 1.1811374442390166 1.2779116377874036 2.3609855993586724 2.4577597929070594 2.5602129636691173 2.6569871572175043 2.9514972672160456 3.0482714607644326 3.7222557975259773 3.8190299910743644 5.8703476880506562 5.9671218815990432 6.1454154343681004 6.2421896279164875 9.0336711526728894 9.1304453462212773 9.6851894381832775 9.7819636317316654;0.66666666666666663 0.72435897435897434 1.0727293738091572 1.1304216815014649 1.7761003893612597 1.8337926970535674 1.8948705488540249 1.9525628565463327 2.1281361913531556 2.1858284990454631 2.5876268536533069 2.6453191613456144 3.8682200960814805 3.925912403773788 4.0322027910014953 4.0898950986938027 5.7540475461447347 5.8117398538370422 6.1424526778913116 6.200144985583619;0.83333333333333337 0.90833333333333333 1.3612148526185712 1.4362148526185712 2.2755971728363047 2.3505971728363049 2.4299983801768996 2.5049983801768998 2.7332437154257696 2.8082437154257698 3.330581576415967 3.4055815764159671 4.9953527915725928 5.070352791572593 5.2085302949686119 5.283530294968612 7.4469284766548229 7.5219284766548231 7.9518551479253725 8.0268551479253727;
