m;7
n;14
P;19
P1;2 4 6 8 10 12 14 16 18
Q;20
M;100
h;1 1 1 1 1 1 1 1 1 1 1 1 1 1 1 1 1 1 1
Vmin;39 39 39 39 39 39 39 39 39 39 39 39 39 39 39 39 39 39 39;39 39 39 39 39 39 39 39 39 39 39 39 39 39 39 39 39 39 39;52 52 52 52 52 52 52 52 52 52 52 52 52 52 52 52 52 52 52;42 42 42 42 42 42 42 42 42 42 42 42 42 42 42 42 42 42 42;48 48 48 48 48 48 48 48 48 48 48 48 48 48 48 48 48 48 48;46 46 46 46 46 46 46 46 46 46 46 46 46 46 46 46 46 46 46;50 50 50 50 50 50 50 50 50 50 50 50 50 50 50 50 50 50 50;28 28 28 28 28 28 28 28 28 28 28 28 28 28 28 28 28 28 28;50 50 50 50 50 50 50 50 50 50 50 50 50 50 50 50 50 50 50;36 36 36 36 36 36 36 36 36 36 36 36 36 36 36 36 36 36 36;41 41 41 41 41 41 41 41 41 41 41 41 41 41 41 41 41 41 41;39 39 39 39 39 39 39 39 39 39 39 39 39 39 39 39 39 39 39;47 47 47 47 47 47 47 47 47 47 47 47 47 47 47 47 47 47 47;48 48 48 48 48 48 48 48 48 48 48 48 48 48 48 48 48 48 48;
Vmax;39 39 39 39 39 39 39 39 39 39 39 39 39 39 39 39 39 39 39;39 39 39 39 39 39 39 39 39 39 39 39 39 39 39 39 39 39 39;52 52 52 52 52 52 52 52 52 52 52 52 52 52 52 52 52 52 52;42 42 42 42 42 42 42 42 42 42 42 42 42 42 42 42 42 42 42;48 48 48 48 48 48 48 48 48 48 48 48 48 48 48 48 48 48 48;46 46 46 46 46 46 46 46 46 46 46 46 46 46 46 46 46 46 46;50 50 50 50 50 50 50 50 50 50 50 50 50 50 50 50 50 50 50;28 28 28 28 28 28 28 28 28 28 28 28 28 28 28 28 28 28 28;50 50 50 50 50 50 50 50 50 50 50 50 50 50 50 50 50 50 50;36 36 36 36 36 36 36 36 36 36 36 36 36 36 36 36 36 36 36;41 41 41 41 41 41 41 41 41 41 41 41 41 41 41 41 41 41 41;39 39 39 39 39 39 39 39 39 39 39 39 39 39 39 39 39 39 39;47 47 47 47 47 47 47 47 47 47 47 47 47 47 47 47 47 47 47;48 48 48 48 48 48 48 48 48 48 48 48 48 48 48 48 48 48 48;
d;3.000 40.951 3.000 22.938 3.000 28.512 3.000 54.231 3.000 19.055 3.000 32.988 3.000 3.821 3.000 43.265 3.000 46.386 3.000
S;8.2601585852521673 8.1832355083290906 6.9938600870469587 6.9169370101238821 5.8075828500323761 5.7306597731092994 5.6326862296041789 5.5557631526811022 4.7099267093874415 4.6330036324643649 4.1444037350243352 4.0674806581012586 2.6769467615070259 2.6000236845839488 1.8689502473114203 1.7920271703883435 1.2038724425929139 1.1269493656698371 0.076923076923076927 0;8.4268252519188351 8.3499021749957585 7.1605267537136257 7.083603676790549 5.974249516699043 5.8973264397759664 5.7993528962708458 5.7224298193477692 4.8765933760541085 4.7996702991310318 4.3110704016910022 4.2341473247679255 2.8436134281736933 2.7666903512506162 2.0356169139780875 1.9586938370550104 1.3705391092595807 1.2936160323365038 0.24358974358974358 0.16666666666666666;6.5284522722724594 6.4707599645801519 5.5787283986185532 5.5210360909262457 4.6890204708576162 4.6313281631653087 4.5578480055364681 4.5001556978441606 3.8657783653739148 3.8080860576816074 3.4416361346015849 3.3839438269092774 2.341043404463603 2.2833510967712956 1.735046018816899 1.6773537111245913 1.2362376652780189 1.1785453575857112 0.39102564102564102 0.33333333333333331;8.1701472577341541 8.0987186863055829 6.9942986522578892 6.922870080829318 5.8927555036014914 5.8213269321729202 5.7303514989181652 5.658922927489594 4.8735033730026238 4.8020748015740526 4.3483748968083109 4.2769463253797397 2.9857362785422388 2.9143077071136672 2.2354538010748906 2.1640252296463189 1.6178815538362772 1.5464529824077058 0.5714285714285714 0.5;7.3780455171840549 7.3155455171840549 6.3491779873923226 6.2866779873923226 5.3853277323179736 5.3228277323179736 5.243224228220063 5.180724228220063 4.4934821180439632 4.4309821180439632 4.0339947013739392 3.9714947013739392 2.8416859103911256 2.7791859103911256 2.1851887426071959 2.1226887426071959 1.6448130262734093 1.5823130262734093 0.72916666666666663 0.66666666666666663;7.8365112643079984 7.7712938730036507 6.7629103636557559 6.6976929723514083 5.7571535757520875 5.6919361844477399 5.6088716584325287 5.543654267128181 4.8265320652052948 4.7613146739009471 4.3470669347670086 4.2818495434626609 3.1029186311327681 3.0377012398284204 2.4178781082277983 2.3526607169234506 1.8540077955316734 1.7887904042273255 0.89855072463768115 0.83333333333333337;7.4429236964966901 7.3829236964966904 6.4552108678966276 6.395210867896628 5.5299146230252534 5.4699146230252538 5.3934952590912593 5.3334952590912597 4.673742833322204 4.6137428333222044 4.2326349133189813 4.1726349133189817 3.0880184739754806 3.0280184739754805 2.4577811929029081 2.397781192902908 1.9390205052224729 1.8790205052224729 1.0600000000000001 1;0 0.076923076923076927 1.1654109041313756 1.2423339810544525 1.8304887088498822 1.9074117857729591 2.638485223045488 2.7154082999685651 4.1059421965627978 4.1828652734858744 4.6714651709259041 4.7483882478489807 5.5942246911426414 5.6711477680657181 5.7691213115708386 5.8460443884939153 6.9553985485854213 7.0323216255084979 8.2216970467906307 8.2986201237137074;0.16666666666666666 0.24358974358974358 1.3320775707980423 1.4090006477211192 1.9971553755165488 2.0740784524396259 2.8051518897121546 2.8820749666352317 4.2726088632294639 4.3495319401525405 4.8381318375925702 4.9150549145156468 5.7608913578093075 5.8378144347323842 5.9357879782375047 6.0127110551605814 7.1220652152520874 7.198988292175164 8.388363713457295 8.4652867903803717;0.33333333333333331 0.39102564102564102 1.207391511431865 1.2650838191241727 1.7061998649707451 1.7638921726630528 2.3121972506174493 2.3698895583097568 3.4127899807554307 3.4704822884477382 3.8369322115277606 3.8946245192200681 4.5290018516903139 4.5866941593826214 4.660174317011462 4.7178666247037695 5.549882244772399 5.6075745524647065 6.4996061184263052 6.5572984261186127;0.5 0.5714285714285714 1.5821672681219916 1.653595839550563 2.199739515360605 2.2711680867891766 2.9500219928279532 3.0214505642565248 4.3126606110940262 4.3840891825225974 4.8377890872883391 4.9092176587169103 5.6946372132038805 5.7660657846324517 5.8570412178872067 5.9284697893157778 6.9585843665436045 7.0300129379721756 8.1344329720198694 8.2058615434484405;0.66666666666666663 0.72916666666666663 1.6135630262734093 1.6760630262734093 2.1539387426071959 2.2164387426071959 2.8104359103911256 2.8729359103911256 4.0027447013739392 4.0652447013739392 4.4622321180439632 4.5247321180439632 5.211974228220063 5.274474228220063 5.3540777323179736 5.4165777323179736 6.3179279873923226 6.3804279873923226 7.3467955171840549 7.4092955171840549;0.83333333333333337 0.89855072463768115 1.8213990998794996 1.8866164911838474 2.3852694125756249 2.4504868038799725 3.0703099354805947 3.1355273267849424 4.3144582391148347 4.3796756304191824 4.7939233695531209 4.8591407608574686 5.5762629627803548 5.6414803540847025 5.7245448800999137 5.7897622714042614 6.7303016680035821 6.7955190593079298 7.8039025686558245 7.8691199599601722;1 1.0600000000000001 1.9090205052224731 1.9690205052224732 2.4277811929029083 2.4877811929029083 3.0580184739754808 3.1180184739754808 4.202634913318982 4.2626349133189816 4.6437428333222046 4.7037428333222042 5.363495259091259 5.4234952590912586 5.4999146230252531 5.5599146230252527 6.4252108678966273 6.4852108678966269 7.4129236964966898 7.4729236964966894;
