Vermelho 1 2 0 10 2020-01-01T00:09:41 330 31
Azul 1 2 0 10 2020-01-01T00:32:18 60 51
Verde 1 2 0 10 2020-01-01T00:47:38 220 39
Amarelo 1 2 0 10 2020-01-01T01:46:59 60 51
Laranja 1 2 0 10 2020-01-01T01:58:05 70 50
Preto 1 2 0 10 2020-01-01T02:07:05 370 28
Roxo 10 9 0 1 2020-01-01T02:21:35 160 43
Rosa 10 9 0 1 2020-01-01T02:54:20 150 44
Branco 10 9 0 1 2020-01-01T03:45:43 300 33
Abobora 10 9 0 1 2020-01-01T03:53:44 180 41
Acafrao 10 9 0 1 2020-01-01T04:00:43 50 52
Ambar 10 9 0 1 2020-01-01T05:01:18 50 52
