Vermelho 1 2 0 10 2020-01-01T00:21:20 130 44
Azul 1 2 0 10 2020-01-01T01:22:34 150 43
Verde 1 2 0 10 2020-01-01T01:28:17 340 35
Amarelo 1 2 0 10 2020-01-01T02:10:34 90 47
Laranja 1 2 0 10 2020-01-01T02:48:49 110 46
Preto 1 2 0 10 2020-01-01T02:55:28 20 52
Roxo 1 2 0 10 2020-01-01T03:32:53 80 48
Rosa 1 2 0 10 2020-01-01T03:53:18 30 51
Branco 10 9 0 1 2020-01-01T04:20:13 40 50
Abobora 10 9 0 1 2020-01-01T04:51:01 520 28
Acafrao 10 9 0 1 2020-01-01T05:35:52 110 46
Ambar 10 9 0 1 2020-01-01T06:30:26 300 37
Ameixa 10 9 0 1 2020-01-01T06:45:32 300 37
Amendoa 10 9 0 1 2020-01-01T06:55:44 140 44
Ametista 10 9 0 1 2020-01-01T07:34:20 320 36
Anil 10 9 0 1 2020-01-01T07:41:21 100 46
