Vermelho 1 2 0 10 2020-01-01T00:04:09 410 28
Azul 1 2 0 10 2020-01-01T00:48:36 160 43
Verde 1 2 0 10 2020-01-01T01:04:25 250 38
Amarelo 1 2 0 10 2020-01-01T01:13:28 40 52
Laranja 1 2 0 10 2020-01-01T01:18:17 160 43
Preto 1 2 0 10 2020-01-01T01:23:30 80 49
Roxo 1 2 0 10 2020-01-01T02:00:28 50 51
Rosa 10 9 0 1 2020-01-01T02:08:35 170 42
Branco 10 9 0 1 2020-01-01T02:16:02 40 52
Abobora 10 9 0 1 2020-01-01T02:32:30 120 46
Acafrao 10 9 0 1 2020-01-01T02:39:58 270 36
Ambar 10 9 0 1 2020-01-01T03:24:40 130 45
Ameixa 10 9 0 1 2020-01-01T03:28:01 40 52
Amendoa 10 9 0 1 2020-01-01T03:48:04 330 33
