Vermelho 1 2 0 10 2020-01-01T00:00:00 190 40
Azul 1 2 0 10 2020-01-01T00:30:00 250 37
Verde 1 2 0 10 2020-01-01T01:00:00 250 37
Amarelo 1 2 0 10 2020-01-01T01:30:00 100 46
Laranja 1 2 0 10 2020-01-01T02:00:00 20 52
Preto 1 2 0 10 2020-01-01T02:30:00 20 52
Roxo 1 2 0 10 2020-01-01T03:00:00 310 34
Rosa 10 9 0 1 2020-01-01T00:00:00 30 51
Branco 10 9 0 1 2020-01-01T00:30:00 350 31
Abobora 10 9 0 1 2020-01-01T01:00:00 170 42
Acafrao 10 9 0 1 2020-01-01T01:30:00 150 43
Ambar 10 9 0 1 2020-01-01T02:00:00 90 47
Ameixa 10 9 0 1 2020-01-01T02:30:00 70 48
Amendoa 10 9 0 1 2020-01-01T03:00:00 400 28
