Vermelho 1 2 0 10 2020-01-01T00:00:00 280 34
Azul 1 2 0 10 2020-01-01T00:30:00 60 49
Verde 1 2 0 10 2020-01-01T01:00:00 350 28
Amarelo 1 2 0 10 2020-01-01T01:30:00 290 33
Laranja 1 2 0 10 2020-01-01T02:00:00 140 44
Preto 1 2 0 10 2020-01-01T02:30:00 60 49
Roxo 1 2 0 10 2020-01-01T03:00:00 260 36
Rosa 1 2 0 10 2020-01-01T03:30:00 120 45
Branco 10 9 0 1 2020-01-01T00:00:00 210 40
Abobora 10 9 0 1 2020-01-01T00:30:00 150 43
Acafrao 10 9 0 1 2020-01-01T01:00:00 120 45
Ambar 10 9 0 1 2020-01-01T01:30:00 130 44
Ameixa 10 9 0 1 2020-01-01T02:00:00 200 40
Amendoa 10 9 0 1 2020-01-01T02:30:00 30 52
Ametista 10 9 0 1 2020-01-01T03:00:00 340 29
Anil 10 9 0 1 2020-01-01T03:30:00 130 44
