Vermelho 1 2 0 10 2020-01-01T00:00:00 150 44
Azul 1 2 0 10 2020-01-01T00:30:00 310 28
Verde 1 2 0 10 2020-01-01T01:00:00 50 52
Amarelo 1 2 0 10 2020-01-01T01:30:00 110 47
Laranja 1 2 0 10 2020-01-01T02:00:00 290 31
Preto 1 2 0 10 2020-01-01T02:30:00 300 30
Roxo 10 9 0 1 2020-01-01T00:00:00 140 44
Rosa 10 9 0 1 2020-01-01T00:30:00 200 40
Branco 10 9 0 1 2020-01-01T01:00:00 170 42
Abobora 10 9 0 1 2020-01-01T01:30:00 90 48
Acafrao 10 9 0 1 2020-01-01T02:00:00 90 48
Ambar 10 9 0 1 2020-01-01T02:30:00 70 50
