m;8
n;16
P;19
P1;2 4 6 8 10 12 14 16 18
Q;20
M;100
h;1 1 1 1 1 1 1 1 1 1 1 1 1 1 1 1 1 1 1
Vmin;52 52 52 52 52 52 52 52 52 52 52 52 52 52 52 52 52 52 52;37 37 37 37 37 37 37 37 37 37 37 37 37 37 37 37 37 37 37;38 38 38 38 38 38 38 38 38 38 38 38 38 38 38 38 38 38 38;47 47 47 47 47 47 47 47 47 47 47 47 47 47 47 47 47 47 47;39 39 39 39 39 39 39 39 39 39 39 39 39 39 39 39 39 39 39;52 52 52 52 52 52 52 52 52 52 52 52 52 52 52 52 52 52 52;44 44 44 44 44 44 44 44 44 44 44 44 44 44 44 44 44 44 44;43 43 43 43 43 43 43 43 43 43 43 43 43 43 43 43 43 43 43;48 48 48 48 48 48 48 48 48 48 48 48 48 48 48 48 48 48 48;38 38 38 38 38 38 38 38 38 38 38 38 38 38 38 38 38 38 38;42 42 42 42 42 42 42 42 42 42 42 42 42 42 42 42 42 42 42;44 44 44 44 44 44 44 44 44 44 44 44 44 44 44 44 44 44 44;44 44 44 44 44 44 44 44 44 44 44 44 44 44 44 44 44 44 44;28 28 28 28 28 28 28 28 28 28 28 28 28 28 28 28 28 28 28;44 44 44 44 44 44 44 44 44 44 44 44 44 44 44 44 44 44 44;43 43 43 43 43 43 43 43 43 43 43 43 43 43 43 43 43 43 43;
Vmax;52 52 52 52 52 52 52 52 52 52 52 52 52 52 52 52 52 52 52;37 37 37 37 37 37 37 37 37 37 37 37 37 37 37 37 37 37 37;38 38 38 38 38 38 38 38 38 38 38 38 38 38 38 38 38 38 38;47 47 47 47 47 47 47 47 47 47 47 47 47 47 47 47 47 47 47;39 39 39 39 39 39 39 39 39 39 39 39 39 39 39 39 39 39 39;52 52 52 52 52 52 52 52 52 52 52 52 52 52 52 52 52 52 52;44 44 44 44 44 44 44 44 44 44 44 44 44 44 44 44 44 44 44;43 43 43 43 43 43 43 43 43 43 43 43 43 43 43 43 43 43 43;48 48 48 48 48 48 48 48 48 48 48 48 48 48 48 48 48 48 48;38 38 38 38 38 38 38 38 38 38 38 38 38 38 38 38 38 38 38;42 42 42 42 42 42 42 42 42 42 42 42 42 42 42 42 42 42 42;44 44 44 44 44 44 44 44 44 44 44 44 44 44 44 44 44 44 44;44 44 44 44 44 44 44 44 44 44 44 44 44 44 44 44 44 44 44;28 28 28 28 28 28 28 28 28 28 28 28 28 28 28 28 28 28 28;44 44 44 44 44 44 44 44 44 44 44 44 44 44 44 44 44 44 44;43 43 43 43 43 43 43 43 43 43 43 43 43 43 43 43 43 43 43;
d;3.000 3.258 3.000 14.793 3.000 9.471 3.000 37.245 3.000 27.337 3.000 41.867 3.000 27.178 3.000 21.097 3.000 48.040 3.000
S;0.23112449773319901 0.23016295927166056 0.21476561099381603 0.21380407253227757 0.20704221588313818 0.20608067742159972 0.19736987527074384 0.19640833680920536 0.18298932161618617 0.18202778315464768 0.17326579751669702 0.17230425905515856 0.16036669199865819 0.15940515353711973 0.15636955596978633 0.15540801750824784 0.15066680142533873 0.14970526296380024 0.14866091073844481 0.14769937227690635;0.44927457161760465 0.44792322026625331 0.426283703767661 0.42493235241630967 0.41542920253103266 0.41407785117968132 0.40183564275145145 0.40048429140010011 0.38162513491261368 0.38027378356126229 0.36795964158360195 0.36660829023225061 0.34983116896365551 0.34847981761230418 0.3442135723825383 0.34286222103118696 0.33619889032007144 0.3348475389687201 0.33337980070605844 0.3320284493547071;0.68776463189289516 0.68644884241921089 0.66537878688110796 0.66406299740742369 0.65480993041386459 0.65349414094018032 0.64157409589164061 0.64025830641795645 0.62189544352224602 0.62057965404856175 0.60858956843873446 0.60727377896505019 0.59093816088773399 0.58962237141404972 0.58546839579559351 0.58415260632190924 0.57766462641898098 0.57634883694529671 0.57491972337375763 0.57360393390007347;0.84149262518741097 0.8404287954001769 0.82339343134809362 0.82232960156085955 0.81484839845968404 0.81378456867244997 0.80414708544171587 0.8030832556544818 0.78823668565369465 0.78717285586646057 0.77747874409681306 0.77641491430957899 0.76320739331089782 0.76214356352366375 0.75878503004491193 0.75772120025767786 0.75247559948509768 0.75141176969786361 0.75025631617193844 0.74919248638470437;0.96680893327049933 0.96552688198844794 0.94499708428465523 0.94371503300260395 0.93469922413708473 0.93341717285503345 0.92180276998722555 0.92052071870517416 0.90262869844781524 0.90134664716576396 0.8896639996484963 0.88838194836644502 0.87246519229111119 0.87118314100905991 0.86713567758594867 0.86585362630389728 0.85953200486001846 0.85824995357796718 0.85685748394415984 0.85557543266210856;1.1133462541421291 1.1123847156805906 1.0969873674027462 1.0960258289412077 1.0892639722920683 1.0883024338305298 1.0795916316796739 1.0786300932181354 1.0652110780251163 1.0642495395635778 1.0554875539256272 1.0545260154640888 1.0425884484075885 1.04162690994605 1.0385913123787165 1.037629773917178 1.032888557834269 1.0319270193727306 1.0308826671473752 1.0299211286858367;1.3522519679780747 1.3511156043417112 1.3329187381951677 1.3317823745588042 1.3237910894280029 1.3226547257916395 1.3123601414315369 1.3112237777951734 1.2953649416579689 1.2942285780216054 1.2838735040858456 1.2827371404494818 1.268629106655436 1.2674927430190726 1.2639052186213149 1.2627688549849514 1.2571655996142406 1.2560292359778771 1.2547950015297298 1.2536586378933663;1.5759616239175906 1.5747988332199163 1.5561787841397323 1.555015993442058 1.5468388644710056 1.5456760737733313 1.5351420804746216 1.5339792897769473 1.5177516434970171 1.5165888527993425 1.5059929631906581 1.5048301724929838 1.4903940448897741 1.4892312541920996 1.4855602989943941 1.4843975082967198 1.4786639446615739 1.4775011539638996 1.4762382163890513 1.4750754256913767;1.7224844089275713 1.7234459473891097 1.7249710688452344 1.7259326073067729 1.7306738233896819 1.7316353618512204 1.7346709594185536 1.7356324978800921 1.7475700649365924 1.7485316033981309 1.7572935890360815 1.7582551274976199 1.7716741426906391 1.7726356811521775 1.7813464833030332 1.7823080217645717 1.7890698784137113 1.7900314168752496 1.8054287651530943 1.8063903036146327;2.031517831584075 2.0328691829354262 2.0350125968737638 2.036363948225115 2.0430272789362305 2.0443786302875817 2.0486448755173479 2.0499962268686991 2.0667733481372941 2.0681246994886453 2.080438841466306 2.0817901928176572 2.1006493493051437 2.1020007006564949 2.1142429090847248 2.1155942604360765 2.1250974103213531 2.1264487616727044 2.1480882781712967 2.1494396295226483;2.3268385592867293 2.3281543487604135 2.3302413570687945 2.3315571465424787 2.3380451264454072 2.3393609159190913 2.3435148915375472 2.3448306810112314 2.3611662990885476 2.3624820885622317 2.3744721741720594 2.3757879636457431 2.3941508265414537 2.3954666160151374 2.4073866610636769 2.4087024505373611 2.4179555175309204 2.4192713070046046 2.4403413625427075 2.4416571520163912;2.5978448904543452 2.5989087202415795 2.6005960886611215 2.6016599184483558 2.6069055192209363 2.6079693490081706 2.6113278824869224 2.6123917122741562 2.6255992332728377 2.626663063060072 2.6363571748297194 2.6374210046169537 2.6522675746177407 2.6533314044049749 2.6629688876357092 2.6640327174229435 2.6715139205241192 2.6725777503113535 2.689613114363437 2.6906769441506713;2.7195862058701366 2.7208682571521878 2.7229017524270205 2.7241838037090718 2.7305054251529501 2.7317874764350014 2.7358349398581128 2.7371169911401636 2.7530337472154973 2.7543157984975486 2.7659984460148164 2.7672804972968672 2.7851725175542259 2.7864545688362772 2.798068971704085 2.7993510229861363 2.8083668318516555 2.8096488831337063 2.8301786808374989 2.8314607321195502;2.7868620422094352 2.7878235806709739 2.7893487021270986 2.7903102405886373 2.7950514566715463 2.796012995133085 2.7990485927004185 2.8000101311619572 2.8119476982184577 2.8129092366799964 2.8216712223179465 2.8226327607794852 2.8360517759725048 2.8370133144340435 2.8457241165848992 2.8466856550464379 2.8534475116955775 2.8544090501571162 2.8698063984349607 2.8707679368964993;2.8885175463968791 2.889653910033243 2.8914563262995716 2.8925926899359355 2.8981959453066461 2.8993323089430096 2.9029198333407673 2.9040561969771308 2.9181642307711768 2.9193005944075403 2.9296556683433002 2.9307920319796636 2.9466508681168682 2.9477872317532317 2.9580818161133342 2.9592181797496977 2.9672094648804985 2.968345828516862 2.9865426946634055 2.987679058299769;3.1092923325997806 3.1104551232974553 3.1122994562211406 3.1134622469188153 3.1191958105539612 3.120358601251636 3.1240295564493414 3.1251923471470158 3.1396284747502254 3.1407912654479002 3.1513871550565846 3.1525499457542594 3.1687775920341896 3.1699403827318644 3.1804743760305736 3.1816371667282484 3.1898142956993003 3.1909770863969751 3.2095971354771593 3.2107599261748336;
