Vermelho 1 2 0 5 2020-01-01T00:11:07 190 40
Azul 1 2 0 5 2020-01-01T00:14:36 20 52
Verde 1 2 0 5 2020-01-01T00:22:14 270 32
Amarelo 1 2 0 5 2020-01-01T00:26:31 40 50
Laranja 1 2 0 5 2020-01-01T00:45:22 60 49
Preto 1 2 0 5 2020-01-01T01:36:25 300 28
Roxo 1 2 0 5 2020-01-01T02:34:51 200 40
Rosa 5 4 0 1 2020-01-01T02:58:13 80 48
Branco 5 4 0 1 2020-01-01T04:15:18 190 40
Abobora 5 4 0 1 2020-01-01T05:16:01 120 45
Acafrao 5 4 0 1 2020-01-01T05:36:59 180 41
Ambar 5 4 0 1 2020-01-01T05:41:38 120 45
Ameixa 5 4 0 1 2020-01-01T05:50:41 270 32
Amendoa 5 4 0 1 2020-01-01T06:22:39 230 37
