Vermelho 1 2 0 5 2020-01-01T00:45:30 50 50
Azul 1 2 0 5 2020-01-01T01:23:46 30 51
Verde 1 2 0 5 2020-01-01T02:13:31 220 39
Amarelo 1 2 0 5 2020-01-01T02:49:01 160 42
Laranja 1 2 0 5 2020-01-01T02:59:33 130 44
Preto 1 2 0 5 2020-01-01T03:07:01 390 30
Roxo 1 2 0 5 2020-01-01T03:29:30 300 35
Rosa 1 2 0 5 2020-01-01T04:00:10 140 44
Branco 5 4 0 1 2020-01-01T04:26:04 410 28
Abobora 5 4 0 1 2020-01-01T05:29:30 20 52
Acafrao 5 4 0 1 2020-01-01T05:51:57 140 44
Ambar 5 4 0 1 2020-01-01T06:10:17 90 47
Ameixa 5 4 0 1 2020-01-01T07:05:52 120 45
Amendoa 5 4 0 1 2020-01-01T07:47:50 130 44
Ametista 5 4 0 1 2020-01-01T08:20:00 80 48
Anil 5 4 0 1 2020-01-01T08:52:20 100 46
