Vermelho 1 2 0 5 2020-01-01T00:00:00 110 46
Azul 1 2 0 5 2020-01-01T00:30:00 370 35
Verde 1 2 0 5 2020-01-01T01:00:00 280 38
Amarelo 1 2 0 5 2020-01-01T01:30:00 260 38
Laranja 1 2 0 5 2020-01-01T02:00:00 20 52
Preto 1 2 0 5 2020-01-01T02:30:00 100 46
Roxo 1 2 0 5 2020-01-01T03:00:00 30 51
Rosa 1 2 0 5 2020-01-01T03:30:00 140 44
Branco 5 4 0 1 2020-01-01T00:00:00 180 41
Abobora 5 4 0 1 2020-01-01T00:30:00 160 42
Acafrao 5 4 0 1 2020-01-01T01:00:00 90 47
Ambar 5 4 0 1 2020-01-01T01:30:00 90 47
Ameixa 5 4 0 1 2020-01-01T02:00:00 550 28
Amendoa 5 4 0 1 2020-01-01T02:30:00 150 43
Ametista 5 4 0 1 2020-01-01T03:00:00 160 42
Anil 5 4 0 1 2020-01-01T03:30:00 450 32
