Vermelho 1 2 0 5 2020-01-01T00:00:00 50 50
Azul 1 2 0 5 2020-01-01T00:30:00 240 32
Verde 1 2 0 5 2020-01-01T01:00:00 100 46
Amarelo 1 2 0 5 2020-01-01T01:30:00 40 50
Laranja 1 2 0 5 2020-01-01T02:00:00 260 28
Preto 1 2 0 5 2020-01-01T02:30:00 210 38
Roxo 1 2 0 5 2020-01-01T03:00:00 110 46
Rosa 5 4 0 1 2020-01-01T00:00:00 140 44
Branco 5 4 0 1 2020-01-01T00:30:00 60 49
Abobora 5 4 0 1 2020-01-01T01:00:00 110 46
Acafrao 5 4 0 1 2020-01-01T01:30:00 30 51
Ambar 5 4 0 1 2020-01-01T02:00:00 30 51
Ameixa 5 4 0 1 2020-01-01T02:30:00 140 44
Amendoa 5 4 0 1 2020-01-01T03:00:00 20 52
