Vermelho 1 2 0 5 2020-01-01T00:03:25 220 39
Azul 1 2 0 5 2020-01-01T00:22:08 110 46
Verde 1 2 0 5 2020-01-01T00:59:13 210 40
Amarelo 1 2 0 5 2020-01-01T01:44:46 40 52
Laranja 1 2 0 5 2020-01-01T01:53:44 40 52
Preto 1 2 0 5 2020-01-01T02:13:47 180 41
Roxo 1 2 0 5 2020-01-01T02:40:58 80 49
Rosa 5 4 0 1 2020-01-01T02:52:10 60 50
Branco 5 4 0 1 2020-01-01T03:02:49 120 46
Abobora 5 4 0 1 2020-01-01T03:10:28 90 48
Acafrao 5 4 0 1 2020-01-01T03:58:22 210 40
Ambar 5 4 0 1 2020-01-01T04:24:06 290 33
Ameixa 5 4 0 1 2020-01-01T05:06:10 340 28
Amendoa 5 4 0 1 2020-01-01T05:44:28 190 40
