Vermelho 1 2 0 5 2020-01-01T00:13:08 30 52
Azul 1 2 0 5 2020-01-01T00:35:13 150 43
Verde 1 2 0 5 2020-01-01T00:41:43 100 47
Amarelo 1 2 0 5 2020-01-01T00:44:48 110 46
Laranja 1 2 0 5 2020-01-01T01:04:31 80 48
Preto 1 2 0 5 2020-01-01T01:53:09 260 32
Roxo 1 2 0 5 2020-01-01T02:24:30 290 28
Rosa 1 2 0 5 2020-01-01T02:27:34 30 52
Branco 5 4 0 1 2020-01-01T03:14:43 140 44
Abobora 5 4 0 1 2020-01-01T03:28:14 150 43
Acafrao 5 4 0 1 2020-01-01T04:16:53 30 52
Ambar 5 4 0 1 2020-01-01T04:28:54 130 44
Ameixa 5 4 0 1 2020-01-01T04:58:14 30 52
Amendoa 5 4 0 1 2020-01-01T05:06:43 160 42
Ametista 5 4 0 1 2020-01-01T05:39:40 240 35
Anil 5 4 0 1 2020-01-01T06:00:26 110 46
