Vermelho 1 2 0 5 2020-01-01T00:00:00 220 36
Azul 1 2 0 5 2020-01-01T00:30:00 250 28
Verde 1 2 0 5 2020-01-01T01:00:00 90 48
Amarelo 1 2 0 5 2020-01-01T01:30:00 180 41
Laranja 1 2 0 5 2020-01-01T02:00:00 70 49
Preto 1 2 0 5 2020-01-01T02:30:00 60 50
Roxo 1 2 0 5 2020-01-01T03:00:00 40 52
Rosa 5 4 0 1 2020-01-01T00:00:00 110 46
Branco 5 4 0 1 2020-01-01T00:30:00 140 44
Abobora 5 4 0 1 2020-01-01T01:00:00 140 44
Acafrao 5 4 0 1 2020-01-01T01:30:00 80 49
Ambar 5 4 0 1 2020-01-01T02:00:00 230 33
Ameixa 5 4 0 1 2020-01-01T02:30:00 50 51
Amendoa 5 4 0 1 2020-01-01T03:00:00 110 46
