Vermelho 1 2 0 5 2020-01-01T00:00:00 40 52
Azul 1 2 0 5 2020-01-01T00:30:00 70 49
Verde 1 2 0 5 2020-01-01T01:00:00 220 39
Amarelo 1 2 0 5 2020-01-01T01:30:00 230 38
Laranja 1 2 0 5 2020-01-01T02:00:00 80 49
Preto 1 2 0 5 2020-01-01T02:30:00 40 52
Roxo 1 2 0 5 2020-01-01T03:00:00 100 47
Rosa 1 2 0 5 2020-01-01T03:30:00 190 40
Branco 5 4 0 1 2020-01-01T00:00:00 360 28
Abobora 5 4 0 1 2020-01-01T00:30:00 80 49
Acafrao 5 4 0 1 2020-01-01T01:00:00 110 46
Ambar 5 4 0 1 2020-01-01T01:30:00 200 40
Ameixa 5 4 0 1 2020-01-01T02:00:00 160 43
Amendoa 5 4 0 1 2020-01-01T02:30:00 170 42
Ametista 5 4 0 1 2020-01-01T03:00:00 70 49
Anil 5 4 0 1 2020-01-01T03:30:00 90 48
