m;5
n;10
P;9
P1;2 4 6 8
Q;10
M;100
h;1 1 1 1 1 1 1 1 1
Vmin;40 40 40 40 40 40 40 40 40;40 40 40 40 40 40 40 40 40;40 40 40 40 40 40 40 40 40;40 40 40 40 40 40 40 40 40;40 40 40 40 40 40 40 40 40;40 40 40 40 40 40 40 40 40;40 40 40 40 40 40 40 40 40;40 40 40 40 40 40 40 40 40;40 40 40 40 40 40 40 40 40;40 40 40 40 40 40 40 40 40;
Vmax;40 40 40 40 40 40 40 40 40;40 40 40 40 40 40 40 40 40;40 40 40 40 40 40 40 40 40;40 40 40 40 40 40 40 40 40;40 40 40 40 40 40 40 40 40;40 40 40 40 40 40 40 40 40;40 40 40 40 40 40 40 40 40;40 40 40 40 40 40 40 40 40;40 40 40 40 40 40 40 40 40;40 40 40 40 40 40 40 40 40;
d;3 36.25 3 36.25 3 36.25 3 36.25 3
S;4 3.9250000000000003 3.0187500000000003 2.9437500000000001 2.0375000000000001 1.9624999999999999 1.0562499999999999 0.98124999999999996 0.074999999999999997 0;4.5000000000000009 4.4250000000000007 3.5187500000000003 3.4437500000000001 2.5375000000000001 2.4624999999999999 1.5562499999999999 1.48125 0.57499999999999996 0.5;5 4.9249999999999998 4.0187499999999998 3.9437500000000001 3.0375000000000001 2.9624999999999999 2.0562499999999999 1.98125 1.075 1;5.5000000000000009 5.4250000000000007 4.5187500000000007 4.4437500000000005 3.5375000000000005 3.4625000000000004 2.5562500000000004 2.4812500000000002 1.575 1.5;6.0000000000000009 5.9250000000000007 5.0187500000000007 4.9437500000000005 4.0375000000000005 3.9625000000000004 3.0562500000000004 2.9812500000000002 2.0750000000000002 2;0 0.074999999999999997 0.98124999999999996 1.0562499999999999 1.9624999999999999 2.0375000000000001 2.9437500000000001 3.0187500000000003 3.9250000000000003 4;0.5 0.57499999999999996 1.48125 1.5562499999999999 2.4624999999999999 2.5375000000000001 3.4437500000000001 3.5187500000000003 4.4250000000000007 4.5000000000000009;1 1.075 1.98125 2.0562499999999999 2.9624999999999999 3.0375000000000001 3.9437500000000001 4.0187499999999998 4.9249999999999998 5;1.5 1.575 2.4812500000000002 2.5562500000000004 3.4625000000000004 3.5375000000000005 4.4437500000000005 4.5187500000000007 5.4250000000000007 5.5000000000000009;2 2.0750000000000002 2.9812500000000002 3.0562500000000004 3.9625000000000004 4.0375000000000005 4.9437500000000005 5.0187500000000007 5.9250000000000007 6.0000000000000009;
