m;1
n;2
P;9
P1;2 4 6 8
Q;10
M;100
h;1 1 1 1 1 1 1 1 1
Vmin;52 52 52 52 52 52 52 52 52;28 28 28 28 28 28 28 28 28;
Vmax;52 52 52 52 52 52 52 52 52;28 28 28 28 28 28 28 28 28;
d;3.000 57.248 3.000 24.108 3.000 27.465 3.000 69.517 3.000
S;0.70901056906043058 0.70804903059889213 0.68576793441146811 0.68480639594992965 0.67600339144788324 0.67504185298634478 0.66731491142314669 0.66635337296160835 0.64800450272460963 0.64704296426307129;0.80478823455263104 0.80574977301416939 0.82457941248193722 0.82554095094347568 0.83326789250667377 0.83422943096821223 0.84303243547025863 0.84399397393179709 0.86627507011922111 0.86723660858075957;
