m;7
n;14
P;9
P1;2 4 6 8
Q;10
M;100
h;1 1 1 1 1 1 1 1 1
Vmin;39 39 39 39 39 39 39 39 39;46 46 46 46 46 46 46 46 46;40 40 40 40 40 40 40 40 40;52 52 52 52 52 52 52 52 52;52 52 52 52 52 52 52 52 52;41 41 41 41 41 41 41 41 41;49 49 49 49 49 49 49 49 49;50 50 50 50 50 50 50 50 50;46 46 46 46 46 46 46 46 46;48 48 48 48 48 48 48 48 48;40 40 40 40 40 40 40 40 40;33 33 33 33 33 33 33 33 33;28 28 28 28 28 28 28 28 28;40 40 40 40 40 40 40 40 40;
Vmax;39 39 39 39 39 39 39 39 39;46 46 46 46 46 46 46 46 46;40 40 40 40 40 40 40 40 40;52 52 52 52 52 52 52 52 52;52 52 52 52 52 52 52 52 52;41 41 41 41 41 41 41 41 41;49 49 49 49 49 49 49 49 49;50 50 50 50 50 50 50 50 50;46 46 46 46 46 46 46 46 46;48 48 48 48 48 48 48 48 48;40 40 40 40 40 40 40 40 40;33 33 33 33 33 33 33 33 33;28 28 28 28 28 28 28 28 28;40 40 40 40 40 40 40 40 40;
d;3.000 75.615 3.000 35.591 3.000 13.761 3.000 29.946 3.000
S;0.12977422848623021 0.12849217720417894 0.11569461760813611 0.11441256632608483 0.10853197938067004 0.10724992809861876 0.092040280326138632 0.090758229044087355 0.058444006396937594 0.057161955114886309;0.43083047982119388 0.42974352329945475 0.41889341842454891 0.41780646190280979 0.41282074688387116 0.41173379036213203 0.39883865420720327 0.39775169768546415 0.37035485674548935 0.36926790022375022;1.0581995066721361 1.0569495066721362 1.0444718860659943 1.0432218860659943 1.0374883137942148 1.0362383137942148 1.0214089072160466 1.0201589072160466 0.98865254013507564 0.98740254013507556;1.8010795374271622 1.8001179989656237 1.7905198292685915 1.7895582908070531 1.7851478505979919 1.7841863121364534 1.7727790763070934 1.771817537845555 1.7475818708601927 1.7466203323986542;1.9506261153747899 1.9496645769132515 1.9400664072162193 1.9391048687546808 1.9346944285456198 1.9337328900840813 1.9223256542547213 1.9213641157931829 1.8971284488078206 1.8961669103462822;2.2994263248567615 2.2982068126616397 2.2860335242654042 2.2848140120702825 2.2792202830246437 2.278000770829522 2.2635330570947239 2.2623135448996021 2.2315756257962156 2.2303561136010939;2.7413664644979692 2.7403460563347037 2.7301602435949963 2.7291398354317313 2.7244593682710954 2.7234389601078299 2.7113333220848355 2.7103129139215705 2.6845934305901653 2.6835730224269003;2.870259837731187 2.8715418890132378 2.904497137301413 2.9057791885834643 2.9209888363559444 2.9222708876379953 2.9281514745834101 2.9294335258654614 2.9422310854615037 2.943513136743555;3.0478992427765736 3.0489861992983127 3.0769265184991572 3.0780134750208963 3.0909086111758253 3.0919955676975643 3.0969812827165031 3.0980682392382421 3.1089183441131478 3.1100053006348869;3.1755131450907301 3.1767631450907299 3.208894512171701 3.2101445121717007 3.2249739187498685 3.2262239187498682 3.2319574910216478 3.2332074910216475 3.2456851116277892 3.2469351116277894;3.9740685555009088 3.9750300939624474 3.9997465301785788 4.000708068640118 4.0121153044694777 4.0130768429310164 4.0174872831400776 4.0184488216016163 4.0280469912986483 4.029008529760187;4.4032252782618757 4.4041868167234144 4.4289032529395467 4.4298647914010854 4.4412720272304451 4.4422335656919838 4.4466440059010459 4.4476055443625846 4.4572037140596166 4.4581652525211553;5.104483410164609 5.1057029223597308 5.1370505975606777 5.1382701097557995 5.1527378234905976 5.1539573356857193 5.1595510647313585 5.1607705769264802 5.1729438653227167 5.1741633775178384;5.7428999521402373 5.7439203603035027 5.7701500477165402 5.7711704558798056 5.7832760939027992 5.7842965020660646 5.7889769692267006 5.789997377389966 5.8001831901296734 5.8012035982929389;
