m;6
n;12
P;9
P1;2 4 6 8
Q;10
M;100
h;1 1 1 1 1 1 1 1 1
Vmin;46 46 46 46 46 46 46 46 46;44 44 44 44 44 44 44 44 44;49 49 49 49 49 49 49 49 49;40 40 40 40 40 40 40 40 40;52 52 52 52 52 52 52 52 52;28 28 28 28 28 28 28 28 28;37 37 37 37 37 37 37 37 37;42 42 42 42 42 42 42 42 42;46 46 46 46 46 46 46 46 46;44 44 44 44 44 44 44 44 44;42 42 42 42 42 42 42 42 42;40 40 40 40 40 40 40 40 40;
Vmax;46 46 46 46 46 46 46 46 46;44 44 44 44 44 44 44 44 44;49 49 49 49 49 49 49 49 49;40 40 40 40 40 40 40 40 40;52 52 52 52 52 52 52 52 52;28 28 28 28 28 28 28 28 28;37 37 37 37 37 37 37 37 37;42 42 42 42 42 42 42 42 42;46 46 46 46 46 46 46 46 46;44 44 44 44 44 44 44 44 44;42 42 42 42 42 42 42 42 42;40 40 40 40 40 40 40 40 40;
d;3.000 11.049 3.000 27.841 3.000 16.447 3.000 36.538 3.000
S;0.62293118976392148 0.6218442332421823 0.60860574162185954 0.60751878510012036 0.60155974149247238 0.6004727849707332 0.59038531668741323 0.58929836016567405 0.58529494105083202 0.58420798452909284;1.266415962318483 1.2652795986821195 1.251439357442691 1.2503029938063273 1.24407308458015 1.2429367209437863 1.232390731374861 1.2312543677384975 1.2270689750275265 1.2259326113911628;1.4133734508870213 1.4123530427237558 1.3999250709985549 1.3989046628352895 1.3933104586321916 1.3922900504689262 1.3828201822845851 1.3817997741213197 1.3780414622992232 1.377021054135958;1.8672040082859174 1.8659540082859174 1.8507297429225462 1.8494797429225462 1.8426268427737509 1.8413768427737509 1.8297762542479328 1.8285262542479328 1.8239223222658647 1.8226723222658647;2.6998681503052282 2.6989066118436895 2.6871956384872502 2.6862341000257115 2.680962638372792 2.6800010999112533 2.671077570276009 2.6701160318144703 2.6665745456744174 2.6656130072128787;2.901696212352078 2.8999104980663635 2.8781615475472622 2.8763758332615477 2.8665859759061258 2.8648002616204113 2.8482279922978146 2.8464422780121001 2.8398652323234317 2.8380795180377172;3.2357587455254317 3.2368457020471708 3.2413925994228823 3.2424795559446213 3.2525670242279414 3.2536539807496805 3.2596130243573285 3.2606999808790675 3.2739384724993901 3.2750254290211291;4.2797943772892877 4.2809307409256512 4.2856843154548034 4.2868206790911669 4.297366668660092 4.2985030322964555 4.3047329415226327 4.3058693051589962 4.3197095463984247 4.3208459100347882;5.1199938752635896 5.1210142834268551 5.1252827993305834 5.1263032074938488 5.1357730756781903 5.1367934838414557 5.1423876880445532 5.1434080962078186 5.15583606793302 5.1568564760962845;5.9534938700404512 5.9547438700404509 5.9599728020225191 5.9612228020225189 5.9728233905483368 5.9740733905483365 5.9809262906971314 5.9821762906971312 5.9974005560605024 5.9986505560605021;6.0836340932574835 6.0845956317190222 6.0886178870898435 6.0895794255513822 6.0985029551866274 6.0994644936481661 6.1047359553010851 6.1056974937626238 6.1174084671190636 6.1183700055806023;6.3243423784526351 6.3261280927383483 6.3335979955698747 6.3353837098555887 6.3519559791781859 6.3537416934638999 6.3635315508193209 6.3653172651050349 6.3870662156241362 6.3888519299098503;
