m;8
n;16
P;9
P1;2 4 6 8
Q;10
M;100
h;1 1 1 1 1 1 1 1 1
Vmin;52 52 52 52 52 52 52 52 52;43 43 43 43 43 43 43 43 43;47 47 47 47 47 47 47 47 47;46 46 46 46 46 46 46 46 46;48 48 48 48 48 48 48 48 48;32 32 32 32 32 32 32 32 32;28 28 28 28 28 28 28 28 28;52 52 52 52 52 52 52 52 52;44 44 44 44 44 44 44 44 44;43 43 43 43 43 43 43 43 43;52 52 52 52 52 52 52 52 52;44 44 44 44 44 44 44 44 44;52 52 52 52 52 52 52 52 52;42 42 42 42 42 42 42 42 42;35 35 35 35 35 35 35 35 35;46 46 46 46 46 46 46 46 46;
Vmax;52 52 52 52 52 52 52 52 52;43 43 43 43 43 43 43 43 43;47 47 47 47 47 47 47 47 47;46 46 46 46 46 46 46 46 46;48 48 48 48 48 48 48 48 48;32 32 32 32 32 32 32 32 32;28 28 28 28 28 28 28 28 28;52 52 52 52 52 52 52 52 52;44 44 44 44 44 44 44 44 44;43 43 43 43 43 43 43 43 43;52 52 52 52 52 52 52 52 52;44 44 44 44 44 44 44 44 44;52 52 52 52 52 52 52 52 52;42 42 42 42 42 42 42 42 42;35 35 35 35 35 35 35 35 35;46 46 46 46 46 46 46 46 46;
d;3.000 1.778 3.000 6.857 3.000 33.662 3.000 37.593 3.000
S;0.24947055454150349 0.24850901607996503 0.23646012588128401 0.23549858741974553 0.22470954012738711 0.22374800166584866 0.22155028190341897 0.22058874344188048 0.22001901159738987 0.21905747313585139;0.62391085409183222 0.62274806339415778 0.60817731245621798 0.60701452175854353 0.59396730177708679 0.59280451107941246 0.59014680345973003 0.5889840127620557 0.5882950347175554 0.58713224401988096;0.72913734255555807 0.72807351276832399 0.71474282573999615 0.71367899595276207 0.70174217767185487 0.7006783478846208 0.69824682814746453 0.69718299836023045 0.6965526567450494 0.69548882695781533;0.78142071665159907 0.78033376012985989 0.76671327555743785 0.76562631903569867 0.7534300047052066 0.75234304818346742 0.7498586693215904 0.74877171279985122 0.74812766810607922 0.74704071158434004;1.1086488778044457 1.107607211137779 1.0945542467558744 1.0935125800892078 1.0818244455224861 1.0807827788558195 1.0784019157798539 1.0773602491131873 1.0767430396149891 1.0757013729483225;1.9358057473987402 1.9342432473987403 1.9146638008258838 1.9131013008258837 1.8955690989758014 1.8940065989758013 1.8904353043618534 1.8888728043618532 1.887946990114556 1.8863844901145559;2.4655378236107648 2.4637521093250503 2.4413755989560713 2.4395898846703568 2.4195530825559772 2.4177673682702627 2.4136858887114645 2.4119001744257504 2.4108421010002679 2.4090563867145534;2.4907807165658218 2.4898191781042831 2.4777702879056021 2.4768087494440634 2.466019702151705 2.4650581636901663 2.4628604439277368 2.4618989054661982 2.4613291736217073 2.4603676351601687;3.2462470436293689 3.2472085820909076 3.2482590831661677 3.2492206216277064 3.2514183413901359 3.2523798798516745 3.2631689271440334 3.2641304656055721 3.2761793558042527 3.2771408942657914;3.471614819734731 3.4727776104324053 3.4740479838257428 3.4752107745234175 3.4778684821431001 3.4790312728407744 3.4920784928222313 3.493241283519906 3.5078120344578454 3.5089748251555202;4.2825069456309972 4.2835707754182311 4.28473303192703 4.2857968617142639 4.2882283814514199 4.2892922112386547 4.3012290295195612 4.3022928593067951 4.3156235463351234 4.3166873761223581;4.4829802547763649 4.4840672112981048 4.485254734252746 4.4863416907744851 4.488826069636362 4.4899130261581019 4.5021093404885937 4.5031962970103336 4.5168167815827562 4.5179037381044953;4.9721417326747899 4.9731833993414565 4.9743214421729887 4.9753631088396553 4.9777439719156202 4.9787856385822868 4.9904737731490085 4.9915154398156751 5.0045684041975802 5.0056100708642468;5.1137036856472085 5.1152661856472088 5.1169732498945049 5.1185357498945052 5.1221070445084536 5.1236695445084539 5.1412017463585356 5.1427642463585359 5.1623436929313922 5.1639061929313925;5.663039750446325 5.6648254647320382 5.6667763953003778 5.6685621095860919 5.6726435891448892 5.6744293034306033 5.6944661055449837 5.6962518198306968 5.7186283301996763 5.7204140444853904;6.0094087265315039 6.0103702649930426 6.0114207660683023 6.012382304529841 6.0145800242922709 6.0155415627538096 6.026330610046168 6.0272921485077067 6.0393410387063868 6.0403025771679255;
