m;5
n;10
P;9
P1;2 4 6 8
Q;10
M;100
h;1 1 1 1 1 1 1 1 1
Vmin;51 51 51 51 51 51 51 51 51;40 40 40 40 40 40 40 40 40;41 41 41 41 41 41 41 41 41;40 40 40 40 40 40 40 40 40;28 28 28 28 28 28 28 28 28;43 43 43 43 43 43 43 43 43;50 50 50 50 50 50 50 50 50;34 34 34 34 34 34 34 34 34;52 52 52 52 52 52 52 52 52;51 51 51 51 51 51 51 51 51;
Vmax;51 51 51 51 51 51 51 51 51;40 40 40 40 40 40 40 40 40;41 41 41 41 41 41 41 41 41;40 40 40 40 40 40 40 40 40;28 28 28 28 28 28 28 28 28;43 43 43 43 43 43 43 43 43;50 50 50 50 50 50 50 50 50;34 34 34 34 34 34 34 34 34;52 52 52 52 52 52 52 52 52;51 51 51 51 51 51 51 51 51;
d;3.000 11.797 3.000 13.224 3.000 61.957 3.000 30.695 3.000
S;0.36532343797877243 0.36434304582190968 0.35431194405167865 0.35333155189481591 0.33308429536690942 0.33210390321004668 0.3277822290508457 0.32680183689398296 0.32294669069505688 0.32196629853819414;1.1834280482523298 1.1821780482523296 1.1693883934952851 1.1681383934952849 1.1423231414222041 1.1410731414222042 1.1355630068692228 1.1343130068692229 1.129397695465592 1.128147695465592;1.6546281548923834 1.6534086426972614 1.6409309307391693 1.6397114185440471 1.6145258067654318 1.6133062945703098 1.6079305535430108 1.6067110413478889 1.6019156155882492 1.6006961033931271;1.8745520337656603 1.8733020337656603 1.8605123790086155 1.8592623790086156 1.8334471269355348 1.8321971269355346 1.8266869923825533 1.8254369923825533 1.8205216809789226 1.8192716809789224;2.0437213584038765 2.041935644118162 2.0236647087509554 2.0218789944652413 1.9850000629322688 1.9832143486465545 1.9753427278565814 1.9735570135708671 1.9665351401371087 1.9647494258513944;2.1841037187931667 2.1850841109500294 2.1894294532273872 2.19040984538425 2.1947315195434509 2.1957119117003137 2.21595916822822 2.2169395603850832 2.2269706621553143 2.227951054312177;2.3030058291649884 2.3042558291649882 2.3097961405686194 2.3110461405686191 2.3165562751216 2.3178062751215998 2.3436215271946805 2.3448715271946807 2.357661181951725 2.3589111819517248;2.6438150529314801 2.6450345651266018 2.6504397469838024 2.6516592591789245 2.6570350002062231 2.6582545124013448 2.6834401241799601 2.6846596363750819 2.697137348333174 2.6983568605282957;3.6923100548244872 3.6935600548244869 3.6991003662281177 3.7003503662281174 3.7058605007810987 3.7071105007810985 3.7329257528541793 3.734175752854179 3.7469654076112233 3.7482154076112235;4.7119457406038157 4.7137314548895297 4.7216461854661453 4.7234318997518594 4.7313035205418323 4.7330892348275464 4.7699681663605187 4.7717538806462327 4.7900248160134398 4.7918105302991538;
