m;3
n;6
P;9
P1;2 4 6 8
Q;10
M;100
h;1 1 1 1 1 1 1 1 1
Vmin;28 28 28 28 28 28 28 28 28;52 52 52 52 52 52 52 52 52;48 48 48 48 48 48 48 48 48;42 42 42 42 42 42 42 42 42;52 52 52 52 52 52 52 52 52;28 28 28 28 28 28 28 28 28;
Vmax;28 28 28 28 28 28 28 28 28;52 52 52 52 52 52 52 52 52;48 48 48 48 48 48 48 48 48;42 42 42 42 42 42 42 42 42;52 52 52 52 52 52 52 52 52;28 28 28 28 28 28 28 28 28;
d;3.000 15.274 3.000 8.136 3.000 4.286 3.000 8.360 3.000
S;0.34452951932623388 0.34274380504051954 0.33776740012141082 0.33598168583569649 0.33343035406195365 0.33164463977623931 0.32680168509751967 0.32501597081180539 0.31592431358831347 0.31413859930259919;0.48838348477210497 0.48742194631056651 0.48474234366181562 0.48378080520027722 0.48240701116826185 0.48144547270672339 0.47883772787972045 0.477876189418182 0.47298068168245566 0.4720191432209172;0.79365495409779074 0.79261328743112403 0.789710384561644 0.78866871789497728 0.78718044102696061 0.786138774360294 0.78331371746437417 0.78227205079770756 0.77696858408400393 0.77592691741733721;1.0322871377390654 1.0340728520247797 1.0440573663911288 1.0458430806768431 1.0506860353555625 1.0524717496412768 1.0550230814150197 1.0568087957007339 1.0617852006198427 1.063570914905557;1.4354058911103622 1.4363674295719007 1.4417437065383962 1.4427052449999347 1.4453129898269377 1.4462745282884761 1.4476483223204917 1.4486098607820301 1.4512894634307807 1.4522510018923191;1.5836637701159086 1.5847054367825752 1.5905297368296123 1.5915714034962789 1.594396460392199 1.5954381270588656 1.5969264039268822 1.5979680705935488 1.6008709734630289 1.6019126401296957;
