m;2
n;4
P;9
P1;2 4 6 8
Q;10
M;100
h;1 1 1 1 1 1 1 1 1
Vmin;52 52 52 52 52 52 52 52 52;37 37 37 37 37 37 37 37 37;39 39 39 39 39 39 39 39 39;28 28 28 28 28 28 28 28 28;
Vmax;52 52 52 52 52 52 52 52 52;37 37 37 37 37 37 37 37 37;39 39 39 39 39 39 39 39 39;28 28 28 28 28 28 28 28 28;
d;3.000 1.804 3.000 11.639 3.000 53.554 3.000 6.213 3.000
S;1.6963601098208325 1.6386678021285248 1.5191782124316562 1.4614859047393485 0.43159360725996637 0.37390129956765866 0.15007420415353823 0.092381896461230531 0.057692307692307696 0;2.8840736678563053 2.8029925867752241 2.6350612715255708 2.5539801904444897 1.1065639885815746 1.0254829075004934 0.71091509772929706 0.62983401664821592 0.58108108108108114 0.5;0 0.057692307692307696 0.12122805030738437 0.17892035799969208 0.40274745341381252 0.46043976110612023 1.4903320585855022 1.5480243662778099 1.6675139559746786 1.7252062636669863;0.5 0.58108108108108114 0.67037455718875649 0.75145563826983763 1.066023448041034 1.1471045291221151 2.5945207309850304 2.6756018120661116 2.8435331273157649 2.924614208396846;
