m;3
n;6
P;9
P1;2 4 6 8
Q;10
M;100
h;1 1 1 1 1 1 1 1 1
Vmin;49 49 49 49 49 49 49 49 49;45 45 45 45 45 45 45 45 45;40 40 40 40 40 40 40 40 40;52 52 52 52 52 52 52 52 52;43 43 43 43 43 43 43 43 43;40 40 40 40 40 40 40 40 40;
Vmax;49 49 49 49 49 49 49 49 49;45 45 45 45 45 45 45 45 45;40 40 40 40 40 40 40 40 40;52 52 52 52 52 52 52 52 52;43 43 43 43 43 43 43 43 43;40 40 40 40 40 40 40 40 40;
d;3.000 5.271 3.000 4.105 3.000 35.184 3.000 23.111 3.000
S;1.6871397607143617 1.6259152709184432 1.1542643927363527 1.0930399029404343 0.37500496410618844 0.31378047431027006 0.23001022418226258 0.1687857343863442 0.061224489795918366 0;2.337107739444527 2.2704410727778601 1.7568656720906948 1.6901990054240281 0.90833873869340498 0.84167207202673833 0.75045557744290803 0.68378891077624138 0.56666666666666665 0.5;3.0667462068750933 2.9917462068750931 2.4139738811020321 2.338973881102032 1.4593810810300807 1.3843810810300807 1.2817625246232716 1.2067625246232716 1.075 1;0 0.061224489795918366 0.19939797928430336 0.26062246908022174 0.34439271920822923 0.40561720900414761 1.1236521478383934 1.1848766376343118 1.6565275158164026 1.717752005612321;0.5 0.56666666666666665 0.71712224410957481 0.78378891077624147 0.87500540536007176 0.94167207202673842 1.7235323387573618 1.7901990054240284 2.3037744061111938 2.3704410727778606;1 1.075 1.2442625246232717 1.3192625246232716 1.4218810810300808 1.4968810810300808 2.3764738811020321 2.4514738811020322 3.0292462068750932 3.1042462068750933;
