m;1
n;2
P;9
P1;2 4 6 8
Q;10
M;100
h;1 1 1 1 1 1 1 1 1
Vmin;52 52 52 52 52 52 52 52 52;40 40 40 40 40 40 40 40 40;
Vmax;52 52 52 52 52 52 52 52 52;40 40 40 40 40 40 40 40 40;
d;3.000 70.080 3.000 59.746 3.000 3.125 3.000 37.856 3.000
S;3.5731897483006678 3.5154974406083603 2.7875065839869069 2.7298142762945994 2.6697199775025924 2.6120276698102849 1.4630724129659318 1.4053801052736241 0.057692307692307696 0;0 0.057692307692307696 1.4342262591197779 1.4919185668120856 2.6408738236564382 2.6985661313487457 2.7586604301407527 2.8163527378330602 3.5443435944545136 3.6020359021468211;
