m;8
n;16
P;9
P1;2 4 6 8
Q;10
M;100
h;1 1 1 1 1 1 1 1 1
Vmin;52 52 52 52 52 52 52 52 52;49 49 49 49 49 49 49 49 49;39 39 39 39 39 39 39 39 39;38 38 38 38 38 38 38 38 38;49 49 49 49 49 49 49 49 49;52 52 52 52 52 52 52 52 52;47 47 47 47 47 47 47 47 47;40 40 40 40 40 40 40 40 40;28 28 28 28 28 28 28 28 28;49 49 49 49 49 49 49 49 49;46 46 46 46 46 46 46 46 46;40 40 40 40 40 40 40 40 40;43 43 43 43 43 43 43 43 43;42 42 42 42 42 42 42 42 42;49 49 49 49 49 49 49 49 49;48 48 48 48 48 48 48 48 48;
Vmax;52 52 52 52 52 52 52 52 52;49 49 49 49 49 49 49 49 49;39 39 39 39 39 39 39 39 39;38 38 38 38 38 38 38 38 38;49 49 49 49 49 49 49 49 49;52 52 52 52 52 52 52 52 52;47 47 47 47 47 47 47 47 47;40 40 40 40 40 40 40 40 40;28 28 28 28 28 28 28 28 28;49 49 49 49 49 49 49 49 49;46 46 46 46 46 46 46 46 46;40 40 40 40 40 40 40 40 40;43 43 43 43 43 43 43 43 43;42 42 42 42 42 42 42 42 42;49 49 49 49 49 49 49 49 49;48 48 48 48 48 48 48 48 48;
d;3.000 7.859 3.000 27.326 3.000 67.914 3.000 35.528 3.000
S;2.9543559257435335 2.896663618051226 2.213431381045365 2.1557390733530575 0.8497055271842211 0.79201321949191339 0.26652046271281976 0.20882815502051205 0.057692307692307696 0;3.6352348599727295 3.5740103701768113 2.8489475880481425 2.7877230982522243 1.401728314562847 1.3405038247669285 0.78283804206258412 0.72161355226666579 0.56122448979591832 0.5;4.9391412343247119 4.8622181574016352 3.9512418413938204 3.8743187644707433 2.1329407029122947 2.0560176259892176 1.3553606169504262 1.2784375400273493 1.0769230769230769 1;5.5428028457543093 5.463855477333257 4.5289061003778679 4.4499587319568157 2.6627549319363024 2.5838075635152498 1.8647122121333324 1.7857648437122797 1.5789473684210527 1.5;5.13523485997273 5.0740103701768113 4.3489475880481425 4.2877230982522239 2.9017283145628467 2.8405038247669285 2.282838042062584 2.2216135522666658 2.0612244897959182 2;5.4543559257435339 5.3966636180512264 4.713431381045365 4.6557390733530575 3.3497055271842209 3.2920132194919134 2.7665204627128195 2.708828155020512 2.5576923076923075 2.5;6.2686491093332721 6.2048193220992296 5.4489028045608299 5.3850730173267873 3.9400997322038189 3.8762699449697764 3.2948737034269495 3.231043916192907 3.0638297872340425 3;7.3406627034665952 7.265662703466595 6.3774607953589753 6.3024607953589751 4.6046171853394879 4.5296171853394878 3.8464766015266658 3.7714766015266656 3.5750000000000002 3.5;0 0.057692307692307696 0.23767430886666591 0.29536661655897362 0.82085937333806736 0.87855168103037506 2.1845852271992117 2.2422775348915192 2.9255097718973802 2.9832020795896876;0.5 0.56122448979591832 0.75222579716462501 0.81345028696054333 1.3711160696648876 1.4323405594608061 2.8183353431501832 2.8795598329461014 3.6046226150747702 3.6658471048706884;1 1.0769230769230769 1.3168990784888879 1.3938221554119647 2.0944791644507563 2.1714022413738334 3.9127803029322816 3.9897033798553587 4.9006796958631735 4.9776027727862502;1.5 1.5789473684210527 1.8252385279228061 1.9041858963438587 2.6232812477257763 2.702228616146829 4.4894324161673422 4.5683797845883944 5.5033291615437836 5.5822765299648358;2 2.0612244897959182 2.2522257971646247 2.3134502869605429 2.871116069664887 2.9323405594608052 4.3183353431501823 4.379559832946101 5.1046226150747698 5.1658471048706884;2.5 2.5576923076923075 2.7376743088666657 2.7953666165589732 3.3208593733380667 3.3785516810303742 4.6845852271992108 4.7422775348915183 5.4255097718973797 5.4832020795896872;3 3.0638297872340425 3.2629588098099283 3.3267885970439708 3.9081848385867977 3.9720146258208402 5.4169879109438082 5.4808176981778507 6.2367342157162504 6.300564002950293;3.5 3.5750000000000002 3.8089766015266657 3.8839766015266659 4.5671171853394874 4.6421171853394876 6.3399607953589747 6.4149607953589749 7.3031627034665947 7.3781627034665949;
