m;4
n;8
P;9
P1;2 4 6 8
Q;10
M;100
h;1 1 1 1 1 1 1 1 1
Vmin;52 52 52 52 52 52 52 52 52;51 51 51 51 51 51 51 51 51;46 46 46 46 46 46 46 46 46;28 28 28 28 28 28 28 28 28;47 47 47 47 47 47 47 47 47;39 39 39 39 39 39 39 39 39;50 50 50 50 50 50 50 50 50;31 31 31 31 31 31 31 31 31;
Vmax;52 52 52 52 52 52 52 52 52;51 51 51 51 51 51 51 51 51;46 46 46 46 46 46 46 46 46;28 28 28 28 28 28 28 28 28;47 47 47 47 47 47 47 47 47;39 39 39 39 39 39 39 39 39;50 50 50 50 50 50 50 50 50;31 31 31 31 31 31 31 31 31;
d;3.000 2.675 3.000 82.659 3.000 18.443 3.000 85.711 3.000
S;3.9324505436897401 3.8747582359974326 2.2264735668769089 2.1687812591846014 1.8141118749885328 1.7564195672962251 0.16682853261880326 0.10913622492649558 0.057692307692307696 0;4.5095574170954205 4.450733887683656 2.7701299113254754 2.7113063819137109 2.349682696066739 2.2908591666549745 0.67009968031721123 0.61127615090544651 0.55882352941176472 0.5;5.4453788754753587 5.380161484171011 3.5168831625565056 3.4516657712521579 3.0507351630305148 2.9855177717261672 1.1885887760038647 1.1233713846995168 1.0652173913043479 1;8.8031224382809459 8.6959795811380882 5.6348794813428302 5.5277366241999735 4.8690649106929884 4.7619220535501317 1.8098244177206348 1.7026815605777776 1.6071428571428572 1.5;0 0.057692307692307696 0.13798237877264943 0.19567468646495711 1.785265721142379 1.8429580288346867 2.1976274130307556 2.2553197207230631 3.9036043898435868 3.9612966975358943;0.5 0.55882352941176472 0.64068791561132887 0.69951144502309359 2.3202709313608567 2.3790944607726212 2.7407181466195931 2.7995416760313576 4.4801456523895382 4.5389691818013027;1 1.0652173913043479 1.1559800803516906 1.2211974716560385 3.018126467378341 3.0833438586826887 3.4842744669043317 3.5494918582086794 5.4127701798231849 5.4779875711275325;1.5 1.6071428571428572 1.7562529891492062 1.8633958462920635 4.8154934821215605 4.9226363392644172 5.5813080527714023 5.6884509099142591 8.749551009709517 8.8566938668523747;
