m;6
n;12
P;9
P1;2 4 6 8
Q;10
M;100
h;1 1 1 1 1 1 1 1 1
Vmin;34 34 34 34 34 34 34 34 34;40 40 40 40 40 40 40 40 40;52 52 52 52 52 52 52 52 52;42 42 42 42 42 42 42 42 42;48 48 48 48 48 48 48 48 48;39 39 39 39 39 39 39 39 39;45 45 45 45 45 45 45 45 45;49 49 49 49 49 49 49 49 49;41 41 41 41 41 41 41 41 41;45 45 45 45 45 45 45 45 45;28 28 28 28 28 28 28 28 28;32 32 32 32 32 32 32 32 32;
Vmax;34 34 34 34 34 34 34 34 34;40 40 40 40 40 40 40 40 40;52 52 52 52 52 52 52 52 52;42 42 42 42 42 42 42 42 42;48 48 48 48 48 48 48 48 48;39 39 39 39 39 39 39 39 39;45 45 45 45 45 45 45 45 45;49 49 49 49 49 49 49 49 49;41 41 41 41 41 41 41 41 41;45 45 45 45 45 45 45 45 45;28 28 28 28 28 28 28 28 28;32 32 32 32 32 32 32 32 32;
d;3.000 24.007 3.000 9.171 3.000 29.581 3.000 5.868 3.000
S;2.4596571927673292 2.371421898649682 2.198823006176958 2.1105877120593108 1.2405446468670462 1.1523093527493993 0.88257104704689104 0.79433575292924397 0.088235294117647065 0;2.5907086138522297 2.5157086138522295 2.3689995552504142 2.293999555250414 1.5544629498369891 1.4794629498369891 1.2501853899898572 1.1751853899898572 0.57499999999999996 0.5;2.6082373952709452 2.5505450875786377 2.4376919655772413 2.3799996578849338 1.8111253460284533 1.7534330383361456 1.5770656846075826 1.5193733769152749 1.0576923076923077 1;3.4911510608116481 3.4197224893830764 3.2799995764289664 3.2085710050003948 2.5042504284161806 2.432821856987609 2.2144622761808166 2.143033704752245 1.5714285714285714 1.5;3.742257178210191 3.679757178210191 3.5574996293753447 3.4949996293753447 2.8787191248641575 2.8162191248641575 2.6251544916582144 2.5626544916582144 2.0625 2;4.6443165270279279 4.5673934501048512 4.4169226207696557 4.339999543846579 3.5815004613712715 3.5045773844481944 3.2694209128101104 3.1924978358870333 2.5769230769230771 2.5;0 0.088235294117647065 0.83845339998806745 0.92668869410571453 1.1964269998082226 1.2846622939258696 2.1547053591181342 2.2429406532357814 2.4155395457085054 2.5037748398261526;0.5 0.57499999999999996 1.2126853899898573 1.2876853899898573 1.5169629498369892 1.5919629498369892 2.3314995552504141 2.4064995552504143 2.5532086138522296 2.6282086138522298;1 1.0576923076923077 1.5482195307614286 1.6059118384537363 1.7822791921822994 1.8399714998746071 2.4088458117310876 2.4665381194233951 2.5793912414247915 2.637083549117099;1.5 1.5714285714285714 2.1787479904665306 2.2501765618951022 2.4685361427018946 2.5399647141304662 3.2442852907146804 3.315713862143252 3.455436775097362 3.5268653465259336;2 2.0625 2.5939044916582144 2.6564044916582144 2.8474691248641575 2.9099691248641575 3.5262496293753447 3.5887496293753447 3.711007178210191 3.773507178210191;2.5 2.5769230769230771 3.2309593743485716 3.3078824512716487 3.5430389229097328 3.6199619998328099 4.3784610823081174 4.455384159231194 4.6058549885663895 4.6827780654894662;
