m;7
n;14
P;9
P1;2 4 6 8
Q;10
M;100
h;1 1 1 1 1 1 1 1 1
Vmin;36 36 36 36 36 36 36 36 36;28 28 28 28 28 28 28 28 28;48 48 48 48 48 48 48 48 48;41 41 41 41 41 41 41 41 41;49 49 49 49 49 49 49 49 49;50 50 50 50 50 50 50 50 50;52 52 52 52 52 52 52 52 52;46 46 46 46 46 46 46 46 46;44 44 44 44 44 44 44 44 44;44 44 44 44 44 44 44 44 44;49 49 49 49 49 49 49 49 49;33 33 33 33 33 33 33 33 33;51 51 51 51 51 51 51 51 51;46 46 46 46 46 46 46 46 46;
Vmax;36 36 36 36 36 36 36 36 36;28 28 28 28 28 28 28 28 28;48 48 48 48 48 48 48 48 48;41 41 41 41 41 41 41 41 41;49 49 49 49 49 49 49 49 49;50 50 50 50 50 50 50 50 50;52 52 52 52 52 52 52 52 52;46 46 46 46 46 46 46 46 46;44 44 44 44 44 44 44 44 44;44 44 44 44 44 44 44 44 44;49 49 49 49 49 49 49 49 49;33 33 33 33 33 33 33 33 33;51 51 51 51 51 51 51 51 51;46 46 46 46 46 46 46 46 46;
d;3.000 4.650 3.000 5.085 3.000 6.935 3.000 15.929 3.000
S;1.3221897565104299 1.2388564231770967 0.79638705209024985 0.71305371875691648 0.52042629426910192 0.4370929609357686 0.29583481040552068 0.21250147707218736 0.083333333333333329 0;2.199958258370553 2.0928154012276958 1.5239262098303212 1.416783352687464 1.1691195212031311 1.0619766640602739 0.88035904194995507 0.77321618480709797 0.6071428571428571 0.5;1.9916423173828226 1.9291423173828226 1.5972902890676874 1.5347902890676874 1.3903197207018265 1.3278197207018265 1.2218761078041405 1.1593761078041405 1.0625 1;2.6609471032774512 2.5877763715701341 2.1992666798841221 2.1260959481768049 1.9569596730167726 1.8837889413094555 1.7597573945024085 1.6865866627950914 1.5731707317073171 1.5;2.9714047190688864 2.9101802292729682 2.5851006913316112 2.523876201535693 2.3823540121160742 2.321129522320156 2.2173480239714025 2.1561235341754843 2.0612244897959182 2;3.4519766246875099 3.3919766246875098 3.0733986775049802 3.0133986775049801 2.8747069318737535 2.8147069318737534 2.713001063491975 2.653001063491975 2.5600000000000001 2.5;3.9153621391226046 3.8576698314302971 3.551344882216326 3.4936525745240186 3.3602951268016854 3.3026028191093779 3.2048087148961293 3.1471164072038218 3.0576923076923075 3;0 0.083333333333333329 0.25416814373885405 0.33750147707218736 0.47875962760243529 0.56209296093576866 0.75472038542358322 0.83805371875691659 1.2805230898437634 1.3638564231770967;0.5 0.6071428571428571 0.82678761337852658 0.93393047052138367 1.1155480926317025 1.2226909497745597 1.4703547812588926 1.5774976384017498 2.1463868297991242 2.2535296869419814;1 1.0625 1.1906261078041405 1.2531261078041405 1.3590697207018265 1.4215697207018265 1.5660402890676874 1.6285402890676874 1.9603923173828226 2.0228923173828228;1.5 1.5731707317073171 1.72317202864875 1.7963427603560671 1.9203743071631141 1.9935450388704312 2.1626813140304635 2.2358520457377806 2.6243617374237926 2.6975324691311098;2 2.0612244897959182 2.1867357790734436 2.2479602688693618 2.3517417672181153 2.4129662570140336 2.5544884464336524 2.6157129362295706 2.9407924741709275 3.0020169639668457;2.5 2.5600000000000001 2.6830010634919748 2.7430010634919748 2.8447069318737532 2.9047069318737533 3.0433986775049799 3.10339867750498 3.4219766246875096 3.4819766246875097;3 3.0576923076923075 3.1759625610499755 3.233654868742283 3.3314489729555317 3.3891412806478391 3.5224987283701723 3.5801910360624798 3.8865159852764508 3.9442082929687583;
