m;5
n;10
P;9
P1;2 4 6 8
Q;10
M;100
h;1 1 1 1 1 1 1 1 1
Vmin;45 45 45 45 45 45 45 45 45;52 52 52 52 52 52 52 52 52;47 47 47 47 47 47 47 47 47;47 47 47 47 47 47 47 47 47;40 40 40 40 40 40 40 40 40;47 47 47 47 47 47 47 47 47;36 36 36 36 36 36 36 36 36;48 48 48 48 48 48 48 48 48;28 28 28 28 28 28 28 28 28;43 43 43 43 43 43 43 43 43;
Vmax;45 45 45 45 45 45 45 45 45;52 52 52 52 52 52 52 52 52;47 47 47 47 47 47 47 47 47;47 47 47 47 47 47 47 47 47;40 40 40 40 40 40 40 40 40;47 47 47 47 47 47 47 47 47;36 36 36 36 36 36 36 36 36;48 48 48 48 48 48 48 48 48;28 28 28 28 28 28 28 28 28;43 43 43 43 43 43 43 43 43;
d;3.000 61.235 3.000 32.275 3.000 58.260 3.000 34.970 3.000
S;4.4831208483295599 4.4164541816628935 3.6393345831471531 3.5726679164804862 2.2780033573551361 2.2113366906884693 1.4941175197636605 1.4274508530969938 0.066666666666666666 0;4.3796238110544268 4.3219315033621193 3.6494241584927285 3.591731850800421 2.4713490592496372 2.4136567515573297 1.7929863151800909 1.7352940074877832 0.55769230769230771 0.5;5.2923497484006425 5.2285199611666 4.4844692817366356 4.4206394945025931 3.1810670442761944 3.1172372570421518 2.4305380508375474 2.3667082636035048 1.0638297872340425 1;5.7923497484006425 5.7285199611666 4.9844692817366356 4.9206394945025931 3.6810670442761944 3.6172372570421518 2.9305380508375474 2.8667082636035048 1.5638297872340425 1.5;7.0435109543707553 6.9685109543707551 6.0942514060405477 6.0192514060405475 4.562753777024529 4.4877537770245288 3.6808822097341185 3.6058822097341183 2.0750000000000002 2;0 0.066666666666666666 1.4607841864303273 1.5274508530969939 2.2446700240218029 2.3113366906884698 3.6060012498138199 3.6726679164804867 4.4497875149962267 4.5164541816628931;0.5 0.55769230769230771 1.7641401613339371 1.8218324690262448 2.4425029054034835 2.500195213095791 3.6205780046465748 3.6782703123388822 4.3507776572082726 4.4084699649005801;1 1.0638297872340425 2.3986231572205261 2.4624529444545686 3.1491521506591731 3.2129819378932156 4.4525543881196148 4.5163841753536573 5.2604348547836217 5.3242646420176643;1.5 1.5638297872340425 2.8986231572205261 2.9624529444545686 3.6491521506591731 3.7129819378932156 4.9525543881196148 5.0163841753536573 5.7604348547836217 5.8242646420176643;2 2.0750000000000002 3.6433822097341184 3.7183822097341186 4.5252537770245285 4.6002537770245286 6.0567514060405472 6.1317514060405474 7.0060109543707547 7.0810109543707549;
