Vermelho 1 2 0 20 2020-01-01T00:18:11 40 52
Azul 1 2 0 20 2020-01-01T00:21:17 120 46
Verde 1 2 0 20 2020-01-01T00:43:56 70 49
Amarelo 1 2 0 20 2020-01-01T01:02:08 260 28
Laranja 1 2 0 20 2020-01-01T01:35:28 40 52
Preto 1 2 0 20 2020-01-01T02:16:20 100 47
Roxo 1 2 0 20 2020-01-01T02:25:16 160 43
Rosa 20 19 0 1 2020-01-01T02:50:13 110 46
Branco 20 19 0 1 2020-01-01T03:23:35 210 38
Abobora 20 19 0 1 2020-01-01T04:00:30 100 47
Acafrao 20 19 0 1 2020-01-01T04:43:56 130 45
Ambar 20 19 0 1 2020-01-01T04:50:45 50 51
Ameixa 20 19 0 1 2020-01-01T05:39:00 140 44
Amendoa 20 19 0 1 2020-01-01T06:07:56 200 40
