Vermelho 1 2 0 20 2020-01-01T00:28:34 180 41
Azul 1 2 0 20 2020-01-01T00:33:35 280 37
Verde 1 2 0 20 2020-01-01T01:05:48 40 50
Amarelo 1 2 0 20 2020-01-01T01:56:24 100 46
Laranja 1 2 0 20 2020-01-01T02:38:14 20 52
Preto 1 2 0 20 2020-01-01T03:03:37 160 42
Roxo 20 19 0 1 2020-01-01T03:33:49 230 39
Rosa 20 19 0 1 2020-01-01T04:15:48 80 48
Branco 20 19 0 1 2020-01-01T05:01:19 450 28
Abobora 20 19 0 1 2020-01-01T05:23:33 20 52
Acafrao 20 19 0 1 2020-01-01T05:33:53 200 40
Ambar 20 19 0 1 2020-01-01T05:52:56 170 42
