Vermelho 1 2 0 20 2020-01-01T00:00:00 420 28
Azul 1 2 0 20 2020-01-01T00:30:00 180 41
Verde 1 2 0 20 2020-01-01T01:00:00 120 45
Amarelo 1 2 0 20 2020-01-01T01:30:00 120 45
Laranja 1 2 0 20 2020-01-01T02:00:00 90 47
Preto 1 2 0 20 2020-01-01T02:30:00 200 40
Roxo 1 2 0 20 2020-01-01T03:00:00 40 50
Rosa 20 19 0 1 2020-01-01T00:00:00 30 51
Branco 20 19 0 1 2020-01-01T00:30:00 310 34
Abobora 20 19 0 1 2020-01-01T01:00:00 20 52
Acafrao 20 19 0 1 2020-01-01T01:30:00 70 48
Ambar 20 19 0 1 2020-01-01T02:00:00 350 32
Ameixa 20 19 0 1 2020-01-01T02:30:00 170 42
Amendoa 20 19 0 1 2020-01-01T03:00:00 150 43
