Vermelho 1 2 0 20 2020-01-01T00:00:00 160 42
Azul 1 2 0 20 2020-01-01T00:30:00 110 46
Verde 1 2 0 20 2020-01-01T01:00:00 150 43
Amarelo 1 2 0 20 2020-01-01T01:30:00 120 45
Laranja 1 2 0 20 2020-01-01T02:00:00 110 46
Preto 1 2 0 20 2020-01-01T02:30:00 130 44
Roxo 20 19 0 1 2020-01-01T00:00:00 160 42
Rosa 20 19 0 1 2020-01-01T00:30:00 260 28
Branco 20 19 0 1 2020-01-01T01:00:00 30 52
Abobora 20 19 0 1 2020-01-01T01:30:00 240 32
Acafrao 20 19 0 1 2020-01-01T02:00:00 80 48
Ambar 20 19 0 1 2020-01-01T02:30:00 30 52
