Vermelho 1 2 0 20 2020-01-01T00:00:00 180 41
Azul 1 2 0 20 2020-01-01T00:30:00 90 48
Verde 1 2 0 20 2020-01-01T01:00:00 100 47
Amarelo 1 2 0 20 2020-01-01T01:30:00 330 28
Laranja 1 2 0 20 2020-01-01T02:00:00 40 52
Preto 1 2 0 20 2020-01-01T02:30:00 80 49
Roxo 1 2 0 20 2020-01-01T03:00:00 40 52
Rosa 1 2 0 20 2020-01-01T03:30:00 110 46
Branco 20 19 0 1 2020-01-01T00:00:00 140 44
Abobora 20 19 0 1 2020-01-01T00:30:00 230 38
Acafrao 20 19 0 1 2020-01-01T01:00:00 310 30
Ambar 20 19 0 1 2020-01-01T01:30:00 270 34
Ameixa 20 19 0 1 2020-01-01T02:00:00 80 49
Amendoa 20 19 0 1 2020-01-01T02:30:00 170 42
Ametista 20 19 0 1 2020-01-01T03:00:00 80 49
Anil 20 19 0 1 2020-01-01T03:30:00 110 46
