Vermelho 1 2 0 20 2020-01-01T00:08:43 290 36
Azul 1 2 0 20 2020-01-01T00:21:56 170 42
Verde 1 2 0 20 2020-01-01T00:45:42 20 52
Amarelo 1 2 0 20 2020-01-01T00:59:07 160 42
Laranja 1 2 0 20 2020-01-01T01:34:35 220 39
Preto 1 2 0 20 2020-01-01T02:20:12 60 49
Roxo 1 2 0 20 2020-01-01T02:28:43 420 28
Rosa 1 2 0 20 2020-01-01T02:51:53 290 36
Branco 20 19 0 1 2020-01-01T02:55:43 20 52
Abobora 20 19 0 1 2020-01-01T03:13:45 50 50
Acafrao 20 19 0 1 2020-01-01T03:33:25 160 42
Ambar 20 19 0 1 2020-01-01T03:36:42 230 39
Ameixa 20 19 0 1 2020-01-01T03:39:46 270 37
Amendoa 20 19 0 1 2020-01-01T03:51:20 400 30
Ametista 20 19 0 1 2020-01-01T04:15:27 30 51
Anil 20 19 0 1 2020-01-01T04:58:23 140 44
