Vermelho 1 2 0 20 2020-01-01T00:17:06 60 49
Azul 1 2 0 20 2020-01-01T00:46:20 120 45
Verde 1 2 0 20 2020-01-01T00:57:55 150 43
Amarelo 1 2 0 20 2020-01-01T01:11:00 320 29
Laranja 1 2 0 20 2020-01-01T01:45:13 60 49
Preto 1 2 0 20 2020-01-01T02:10:58 200 40
Roxo 20 19 0 1 2020-01-01T02:15:15 40 51
Rosa 20 19 0 1 2020-01-01T02:31:03 110 46
Branco 20 19 0 1 2020-01-01T02:37:20 130 44
Abobora 20 19 0 1 2020-01-01T03:11:29 220 39
Acafrao 20 19 0 1 2020-01-01T03:18:02 330 28
Ambar 20 19 0 1 2020-01-01T03:28:24 30 52
