Vermelho 1 2 0 20 2020-01-01T00:44:19 370 33
Azul 1 2 0 20 2020-01-01T00:49:31 310 35
Verde 1 2 0 20 2020-01-01T01:22:56 440 29
Amarelo 1 2 0 20 2020-01-01T01:52:37 190 40
Laranja 1 2 0 20 2020-01-01T02:23:25 230 39
Preto 1 2 0 20 2020-01-01T03:02:23 460 28
Roxo 1 2 0 20 2020-01-01T03:35:00 80 48
Rosa 20 19 0 1 2020-01-01T03:44:11 70 49
Branco 20 19 0 1 2020-01-01T03:50:44 190 40
Abobora 20 19 0 1 2020-01-01T03:57:50 130 44
Acafrao 20 19 0 1 2020-01-01T04:09:58 320 35
Ambar 20 19 0 1 2020-01-01T04:21:13 30 52
Ameixa 20 19 0 1 2020-01-01T04:25:44 170 42
Amendoa 20 19 0 1 2020-01-01T04:31:41 260 38
