Vermelho 1 2 0 20 2020-01-01T00:00:00 100 46
Azul 1 2 0 20 2020-01-01T00:20:00 40 50
Verde 1 2 0 20 2020-01-01T00:40:00 90 47
Amarelo 1 2 0 20 2020-01-01T01:00:00 70 48
Laranja 1 2 0 20 2020-01-01T01:20:00 200 40
Preto 1 2 0 20 2020-01-01T01:40:00 20 52
Roxo 1 2 0 20 2020-01-01T02:00:00 280 36
Rosa 20 19 0 1 2020-01-01T00:00:00 250 38
Branco 20 19 0 1 2020-01-01T00:20:00 200 40
Abobora 20 19 0 1 2020-01-01T00:40:00 440 28
Acafrao 20 19 0 1 2020-01-01T01:00:00 270 37
Ambar 20 19 0 1 2020-01-01T01:20:00 60 49
Ameixa 20 19 0 1 2020-01-01T01:40:00 90 47
Amendoa 20 19 0 1 2020-01-01T02:00:00 190 40
