Vermelho 1 2 0 10 2020-01-01T00:23:10 210 40
Azul 1 2 0 10 2020-01-01T00:42:39 230 39
Verde 1 2 0 10 2020-01-01T01:02:31 190 41
Amarelo 1 2 0 10 2020-01-01T01:14:58 350 31
Laranja 1 2 0 10 2020-01-01T01:54:05 160 44
Preto 1 2 0 10 2020-01-01T01:58:45 160 44
Roxo 1 2 0 10 2020-01-01T02:23:35 80 52
Rosa 1 2 0 10 2020-01-01T03:05:53 390 28
Branco 10 9 0 1 2020-01-01T04:06:24 260 37
Abobora 10 9 0 1 2020-01-01T04:24:24 140 46
Acafrao 10 9 0 1 2020-01-01T04:29:00 390 28
Ambar 10 9 0 1 2020-01-01T05:00:28 270 36
Ameixa 10 9 0 1 2020-01-01T05:10:12 350 31
Amendoa 10 9 0 1 2020-01-01T05:18:51 160 44
Ametista 10 9 0 1 2020-01-01T05:50:08 160 44
Anil 10 9 0 1 2020-01-01T05:53:31 350 31
