Vermelho 1 2 0 10 2020-01-01T00:42:09 310 31
Azul 1 2 0 10 2020-01-01T00:49:05 130 44
Verde 1 2 0 10 2020-01-01T01:06:24 20 52
Amarelo 1 2 0 10 2020-01-01T01:15:46 340 28
Laranja 1 2 0 10 2020-01-01T01:49:35 260 35
Preto 1 2 0 10 2020-01-01T01:55:53 110 46
Roxo 10 9 0 1 2020-01-01T02:04:50 170 42
Rosa 10 9 0 1 2020-01-01T02:37:25 90 47
Branco 10 9 0 1 2020-01-01T02:58:58 120 45
Abobora 10 9 0 1 2020-01-01T03:18:22 230 38
Acafrao 10 9 0 1 2020-01-01T03:41:17 80 48
Ambar 10 9 0 1 2020-01-01T04:41:32 30 51
