Vermelho 1 2 0 10 2020-01-01T00:53:42 420 30
Azul 1 2 0 10 2020-01-01T00:59:20 330 34
Verde 1 2 0 10 2020-01-01T01:25:05 110 46
Amarelo 1 2 0 10 2020-01-01T02:05:10 170 42
Laranja 1 2 0 10 2020-01-01T02:51:11 130 44
Preto 1 2 0 10 2020-01-01T03:07:17 390 32
Roxo 1 2 0 10 2020-01-01T03:45:02 100 47
Rosa 10 9 0 1 2020-01-01T05:02:54 50 50
Branco 10 9 0 1 2020-01-01T05:15:04 210 40
Abobora 10 9 0 1 2020-01-01T06:01:17 30 52
Acafrao 10 9 0 1 2020-01-01T06:12:24 130 44
Ambar 10 9 0 1 2020-01-01T06:16:58 160 42
Ameixa 10 9 0 1 2020-01-01T06:23:54 160 42
Amendoa 10 9 0 1 2020-01-01T07:27:49 460 28
