Vermelho 1 2 0 10 2020-01-01T00:00:00 40 52
Azul 1 2 0 10 2020-01-01T00:30:00 200 40
Verde 1 2 0 10 2020-01-01T01:00:00 180 41
Amarelo 1 2 0 10 2020-01-01T01:30:00 170 42
Laranja 1 2 0 10 2020-01-01T02:00:00 80 49
Preto 1 2 0 10 2020-01-01T02:30:00 100 47
Roxo 10 9 0 1 2020-01-01T00:00:00 50 51
Rosa 10 9 0 1 2020-01-01T00:30:00 40 52
Branco 10 9 0 1 2020-01-01T01:00:00 250 28
Abobora 10 9 0 1 2020-01-01T01:30:00 50 51
Acafrao 10 9 0 1 2020-01-01T02:00:00 120 46
Ambar 10 9 0 1 2020-01-01T02:30:00 160 43
