Vermelho 1 2 0 10 2020-01-01T00:00:00 190 40
Azul 1 2 0 10 2020-01-01T00:30:00 460 28
Verde 1 2 0 10 2020-01-01T01:00:00 310 35
Amarelo 1 2 0 10 2020-01-01T01:30:00 440 29
Laranja 1 2 0 10 2020-01-01T02:00:00 50 50
Preto 1 2 0 10 2020-01-01T02:30:00 300 36
Roxo 1 2 0 10 2020-01-01T03:00:00 170 42
Rosa 10 9 0 1 2020-01-01T00:00:00 70 48
Branco 10 9 0 1 2020-01-01T00:30:00 20 52
Abobora 10 9 0 1 2020-01-01T01:00:00 130 44
Acafrao 10 9 0 1 2020-01-01T01:30:00 30 51
Ambar 10 9 0 1 2020-01-01T02:00:00 30 51
Ameixa 10 9 0 1 2020-01-01T02:30:00 190 40
Amendoa 10 9 0 1 2020-01-01T03:00:00 40 50
