Vermelho 1 2 0 10 2020-01-01T00:00:00 40 52
Azul 1 2 0 10 2020-01-01T00:30:00 280 36
Verde 1 2 0 10 2020-01-01T01:00:00 80 49
Amarelo 1 2 0 10 2020-01-01T01:30:00 220 39
Laranja 1 2 0 10 2020-01-01T02:00:00 410 28
Preto 1 2 0 10 2020-01-01T02:30:00 170 42
Roxo 1 2 0 10 2020-01-01T03:00:00 60 50
Rosa 1 2 0 10 2020-01-01T03:30:00 120 46
Branco 10 9 0 1 2020-01-01T00:00:00 200 40
Abobora 10 9 0 1 2020-01-01T00:30:00 170 42
Acafrao 10 9 0 1 2020-01-01T01:00:00 210 40
Ambar 10 9 0 1 2020-01-01T01:30:00 160 43
Ameixa 10 9 0 1 2020-01-01T02:00:00 140 44
Amendoa 10 9 0 1 2020-01-01T02:30:00 60 50
Ametista 10 9 0 1 2020-01-01T03:00:00 170 42
Anil 10 9 0 1 2020-01-01T03:30:00 130 45
