m;4
n;8
P;19
P1;2 4 6 8 10 12 14 16 18
Q;20
M;100
h;1 1 1 1 1 1 1 1 1 1 1 1 1 1 1 1 1 1 1
Vmin;40 40 40 40 40 40 40 40 40 40 40 40 40 40 40 40 40 40 40;40 40 40 40 40 40 40 40 40 40 40 40 40 40 40 40 40 40 40;40 40 40 40 40 40 40 40 40 40 40 40 40 40 40 40 40 40 40;40 40 40 40 40 40 40 40 40 40 40 40 40 40 40 40 40 40 40;40 40 40 40 40 40 40 40 40 40 40 40 40 40 40 40 40 40 40;40 40 40 40 40 40 40 40 40 40 40 40 40 40 40 40 40 40 40;40 40 40 40 40 40 40 40 40 40 40 40 40 40 40 40 40 40 40;40 40 40 40 40 40 40 40 40 40 40 40 40 40 40 40 40 40 40;
Vmax;40 40 40 40 40 40 40 40 40 40 40 40 40 40 40 40 40 40 40;40 40 40 40 40 40 40 40 40 40 40 40 40 40 40 40 40 40 40;40 40 40 40 40 40 40 40 40 40 40 40 40 40 40 40 40 40 40;40 40 40 40 40 40 40 40 40 40 40 40 40 40 40 40 40 40 40;40 40 40 40 40 40 40 40 40 40 40 40 40 40 40 40 40 40 40;40 40 40 40 40 40 40 40 40 40 40 40 40 40 40 40 40 40 40;40 40 40 40 40 40 40 40 40 40 40 40 40 40 40 40 40 40 40;40 40 40 40 40 40 40 40 40 40 40 40 40 40 40 40 40 40 40;
d;3 16.6666666666667 3 16.6666666666667 3 16.6666666666667 3 16.6666666666667 3 16.6666666666667 3 16.6666666666667 3 16.6666666666667 3 16.6666666666667 3 16.6666666666667 3
S;4.5000000000000009 4.4250000000000007 4.0083333333333337 3.9333333333333336 3.5166666666666671 3.4416666666666669 3.0250000000000004 2.9500000000000002 2.5333333333333337 2.4583333333333335 2.041666666666667 1.9666666666666668 1.55 1.4750000000000001 1.0583333333333333 0.98333333333333339 0.56666666666666665 0.4916666666666667 0.074999999999999997 0;5.5000000000000018 5.4250000000000016 5.0083333333333346 4.9333333333333345 4.5166666666666675 4.4416666666666673 4.0250000000000004 3.9500000000000002 3.5333333333333337 3.4583333333333335 3.041666666666667 2.9666666666666668 2.5500000000000003 2.4750000000000001 2.0583333333333336 1.9833333333333334 1.5666666666666667 1.4916666666666667 1.075 1;6.5000000000000027 6.4250000000000025 6.0083333333333355 5.9333333333333353 5.5166666666666684 5.4416666666666682 5.0250000000000012 4.9500000000000011 4.5333333333333341 4.4583333333333339 4.041666666666667 3.9666666666666668 3.5500000000000003 3.4750000000000001 3.0583333333333336 2.9833333333333334 2.5666666666666669 2.4916666666666667 2.0750000000000002 2;7.5000000000000036 7.4250000000000034 7.0083333333333364 6.9333333333333362 6.5166666666666693 6.4416666666666691 6.0250000000000021 5.950000000000002 5.533333333333335 5.4583333333333348 5.0416666666666679 4.9666666666666677 4.5500000000000007 4.4750000000000005 4.0583333333333336 3.9833333333333334 3.5666666666666669 3.4916666666666667 3.0750000000000002 3;0 0.074999999999999997 0.4916666666666667 0.56666666666666665 0.98333333333333339 1.0583333333333333 1.4750000000000001 1.55 1.9666666666666668 2.041666666666667 2.4583333333333335 2.5333333333333337 2.9500000000000002 3.0250000000000004 3.4416666666666669 3.5166666666666671 3.9333333333333336 4.0083333333333337 4.4250000000000007 4.5000000000000009;1 1.075 1.4916666666666667 1.5666666666666667 1.9833333333333334 2.0583333333333336 2.4750000000000001 2.5500000000000003 2.9666666666666668 3.041666666666667 3.4583333333333335 3.5333333333333337 3.9500000000000002 4.0250000000000004 4.4416666666666673 4.5166666666666675 4.9333333333333345 5.0083333333333346 5.4250000000000016 5.5000000000000018;2 2.0750000000000002 2.4916666666666667 2.5666666666666669 2.9833333333333334 3.0583333333333336 3.4750000000000001 3.5500000000000003 3.9666666666666668 4.041666666666667 4.4583333333333339 4.5333333333333341 4.9500000000000011 5.0250000000000012 5.4416666666666682 5.5166666666666684 5.9333333333333353 6.0083333333333355 6.4250000000000025 6.5000000000000027;3 3.0750000000000002 3.4916666666666667 3.5666666666666669 3.9833333333333334 4.0583333333333336 4.4750000000000005 4.5500000000000007 4.9666666666666677 5.0416666666666679 5.4583333333333348 5.533333333333335 5.950000000000002 6.0250000000000021 6.4416666666666691 6.5166666666666693 6.9333333333333362 7.0083333333333364 7.4250000000000034 7.5000000000000036;
