m;1
n;2
P;19
P1;2 4 6 8 10 12 14 16 18
Q;20
M;100
h;1 1 1 1 1 1 1 1 1 1 1 1 1 1 1 1 1 1 1
Vmin;52 52 52 52 52 52 52 52 52 52 52 52 52 52 52 52 52 52 52;28 28 28 28 28 28 28 28 28 28 28 28 28 28 28 28 28 28 28;
Vmax;52 52 52 52 52 52 52 52 52 52 52 52 52 52 52 52 52 52 52;28 28 28 28 28 28 28 28 28 28 28 28 28 28 28 28 28 28 28;
d;3.000 5.216 3.000 4.032 3.000 26.783 3.000 19.830 3.000 3.455 3.000 12.300 3.000 3.743 3.000 4.871 3.000 52.372 3.000
S;1.1934348907076877 1.1924733522461493 1.1756874328711333 1.1747258944095949 1.1731647716237421 1.1722032331622037 1.1710036502851104 1.170042111823572 1.1660999621368771 1.1651384236753386 1.1640310680656067 1.1630695296040683 1.1567138295774568 1.1557522911159184 1.1471678452057905 1.1462063067442521 1.1449138998485962 1.1439523613870577 1.1422806326286667 1.1413190941671283;3.383076886474405 3.3840384249359436 3.3861909229251035 3.3871524613866422 3.3884448682822983 3.389406406743837 3.3979908526539644 3.3989523911155031 3.405308091142115 3.4062696296036536 3.4073769852133853 3.408338523674924 3.4122806733616189 3.4132422118231576 3.4144417947002506 3.4154033331617892 3.416964455947642 3.4179259944091807 3.4347119137841964 3.4356734522457351;
