m;3
n;6
P;19
P1;2 4 6 8 10 12 14 16 18
Q;20
M;100
h;1 1 1 1 1 1 1 1 1 1 1 1 1 1 1 1 1 1 1
Vmin;52 52 52 52 52 52 52 52 52 52 52 52 52 52 52 52 52 52 52;28 28 28 28 28 28 28 28 28 28 28 28 28 28 28 28 28 28 28;43 43 43 43 43 43 43 43 43 43 43 43 43 43 43 43 43 43 43;45 45 45 45 45 45 45 45 45 45 45 45 45 45 45 45 45 45 45;50 50 50 50 50 50 50 50 50 50 50 50 50 50 50 50 50 50 50;48 48 48 48 48 48 48 48 48 48 48 48 48 48 48 48 48 48 48;
Vmax;52 52 52 52 52 52 52 52 52 52 52 52 52 52 52 52 52 52 52;28 28 28 28 28 28 28 28 28 28 28 28 28 28 28 28 28 28 28;43 43 43 43 43 43 43 43 43 43 43 43 43 43 43 43 43 43 43;45 45 45 45 45 45 45 45 45 45 45 45 45 45 45 45 45 45 45;50 50 50 50 50 50 50 50 50 50 50 50 50 50 50 50 50 50 50;48 48 48 48 48 48 48 48 48 48 48 48 48 48 48 48 48 48 48;
d;3.000 8.714 3.000 11.822 3.000 15.026 3.000 20.207 3.000 4.920 3.000 36.423 3.000 32.477 3.000 4.686 3.000 6.451 3.000
S;0.30772405855199969 0.30676252009046123 0.30469483968431305 0.30373330122277464 0.30223148723495802 0.30126994877341956 0.29086079504737228 0.28989925658583382 0.27822522602665223 0.27726368756511377 0.27568662050307607 0.27472508204153762 0.26824849278836621 0.26728695432682775 0.26247093062367621 0.26150939216213775 0.25772022892361462 0.25675869046207617 0.2539657754752947 0.25300423701375624;1.5105041309238347 1.5087184166381205 1.5048784387409881 1.5030927244552739 1.500303641335043 1.4985179270493285 1.4791866415580979 1.4774009272723836 1.4557205848053318 1.4539348705196176 1.451006031690119 1.4492203174044045 1.4371923659342292 1.4354066516485147 1.4264626076283762 1.4246768933426617 1.4176398758996904 1.4158541616139759 1.4106673194956676 1.4088816052099531;2.9773272748736352 2.9761644841759605 2.9736640334522462 2.9725012427545718 2.9706850956065143 2.9695223049088399 2.9569344911005966 2.9557717004029218 2.9416542680987954 2.9404914774011206 2.9385843265354006 2.9374215358377262 2.9295893813920304 2.9284265906943561 2.9226025620300797 2.921439771332405 2.9168575274160515 2.9156947367183772 2.9123172581297112 2.9111544674320364;4.2181042931445827 4.2190658316061214 4.2223395158236725 4.2233010542852112 4.2270902175237337 4.2280517559852724 4.2328677796884238 4.2338293181499624 4.2403059074031342 4.2412674458646729 4.2428445129267107 4.2438060513882494 4.2554800819474305 4.2564416204089692 4.2668507741350172 4.2678123125965559 4.2693141265843728 4.2702756650459115 4.2723433454520592 4.2733048839135979;5.3457701701036431 5.3475558843893563 5.3536355836505214 5.3554212979362354 5.3624583153792065 5.3642440296649205 5.3731880736850597 5.3749737879707737 5.3870017394409491 5.3887874537266631 5.3917162925561621 5.3935020068418753 5.4151823493089264 5.4169680635946404 5.4362993490858713 5.4380850633715854 5.440874146491816 5.4426598607775292 5.4464998386746624 5.4482855529603755;5.621545353746062 5.6227081444437363 5.6266670183812399 5.6278298090789143 5.6324120529952673 5.6335748436929416 5.6393988723572184 5.6405616630548927 5.6483938175005886 5.6495566081982629 5.6514637590639829 5.6526265497616572 5.6667439820657837 5.667906772763458 5.6804945865717009 5.6816573772693753 5.6834735244174333 5.6846363151151076 5.6871367658388206 5.6882995565364949;
