m;5
n;10
P;19
P1;2 4 6 8 10 12 14 16 18
Q;20
M;100
h;1 1 1 1 1 1 1 1 1 1 1 1 1 1 1 1 1 1 1
Vmin;49 49 49 49 49 49 49 49 49 49 49 49 49 49 49 49 49 49 49;32 32 32 32 32 32 32 32 32 32 32 32 32 32 32 32 32 32 32;47 47 47 47 47 47 47 47 47 47 47 47 47 47 47 47 47 47 47;28 28 28 28 28 28 28 28 28 28 28 28 28 28 28 28 28 28 28;43 43 43 43 43 43 43 43 43 43 43 43 43 43 43 43 43 43 43;34 34 34 34 34 34 34 34 34 34 34 34 34 34 34 34 34 34 34;41 41 41 41 41 41 41 41 41 41 41 41 41 41 41 41 41 41 41;52 52 52 52 52 52 52 52 52 52 52 52 52 52 52 52 52 52 52;46 46 46 46 46 46 46 46 46 46 46 46 46 46 46 46 46 46 46;34 34 34 34 34 34 34 34 34 34 34 34 34 34 34 34 34 34 34;
Vmax;49 49 49 49 49 49 49 49 49 49 49 49 49 49 49 49 49 49 49;32 32 32 32 32 32 32 32 32 32 32 32 32 32 32 32 32 32 32;47 47 47 47 47 47 47 47 47 47 47 47 47 47 47 47 47 47 47;28 28 28 28 28 28 28 28 28 28 28 28 28 28 28 28 28 28 28;43 43 43 43 43 43 43 43 43 43 43 43 43 43 43 43 43 43 43;34 34 34 34 34 34 34 34 34 34 34 34 34 34 34 34 34 34 34;41 41 41 41 41 41 41 41 41 41 41 41 41 41 41 41 41 41 41;52 52 52 52 52 52 52 52 52 52 52 52 52 52 52 52 52 52 52;46 46 46 46 46 46 46 46 46 46 46 46 46 46 46 46 46 46 46;34 34 34 34 34 34 34 34 34 34 34 34 34 34 34 34 34 34 34;
d;3.000 12.503 3.000 5.216 3.000 5.900 3.000 33.474 3.000 6.665 3.000 12.506 3.000 17.806 3.000 23.672 3.000 10.044 3.000
S;0.24560345861916572 0.2445830504559004 0.24116666325574196 0.24014625509247664 0.23209470544725161 0.23107429728398629 0.22501793321859367 0.22399752505532836 0.21974383838113143 0.21872343021786611 0.21645635377509928 0.21543594561183396 0.20405020706864249 0.2030297989053772 0.2010231056270573 0.20000269746379198 0.19822861265822553 0.19720820449496024 0.1929555718592609 0.19193516369599559;2.74932026983406 2.7477577698340601 2.7425264269338174 2.7409639269338175 2.7286349915395665 2.7270724915395665 2.7177986840644341 2.7162361840644342 2.7097227263445705 2.7081602263445701 2.7046887655415834 2.7031262655415835 2.6856918533973215 2.6841293533973216 2.6810566043148945 2.6794941043148941 2.6767775369563709 2.675215036956371 2.6687031932329561 2.6671406932329562;3.2192401872283796 3.2181763574411453 3.2146145920622566 3.2135507622750223 3.2051565934959578 3.2040927637087235 3.197778682023527 3.1967148522362927 3.1922801576185131 3.1912163278312788 3.1888527800505222 3.1877889502632879 3.1759187122076198 3.1748548824203855 3.1727627979387329 3.1716989681514987 3.1698493903754827 3.1687855605882485 3.1643519648616683 3.163288135074434;3.6100111120140927 3.6082253977283782 3.6022467201281012 3.6004610058423867 3.5863707939632428 3.5845850796775287 3.5739864425630912 3.5722007282773771 3.5647567765975325 3.562971062311818 3.5590036785369761 3.557217964251262 3.537292921800677 3.5355072075149625 3.5319954942779028 3.5302097799921888 3.5271051315824473 3.5253194172967333 3.5178773101842595 3.516091595898545;4.2282291341857423 4.227066343488068 4.2231732510971893 4.222010460399515 4.21283543871077 4.2116726480130957 4.2047712098920664 4.2036084191943921 4.1987611948447254 4.1975984041470511 4.1950149914564561 4.1938522007587817 4.1808777545118891 4.1797149638142148 4.1774282668226403 4.176265476124966 4.1742438446023433 4.173081053904669 4.1682350306686393 4.167072239970965;4.5354097053685525 4.5364301135318179 4.5411929502491502 4.5422133584124147 4.5439874432179819 4.5450078513812464 4.5470145446595662 4.5480349528228317 4.5594206913660233 4.5604410995292879 4.5627081759720545 4.5637285841353199 4.5679822708095177 4.5690026789727822 4.5750590430381752 4.5760794512014398 4.5841310008466651 4.5851514090099297 4.5885677962100884 4.5895882043733538;4.8838908604866189 4.8854533604866193 4.892746454210033 4.8943089542100333 4.8970255215685565 4.8985880215685569 4.9016607706509836 4.903223270650984 4.9206576827952464 4.9222201827952459 4.9256916435982321 4.9272541435982324 4.9337676013180962 4.9353301013180966 4.944603908793229 4.9461664087932293 4.9584953441874804 4.9600578441874799 4.9652891870877225 4.9668516870877228;5.6031524610197634 5.6042162908069981 5.6091818014271952 5.6102456312144291 5.6120952089904454 5.6131590387776802 5.6152511232593323 5.616314953046567 5.6281851911022347 5.6292490208894694 5.6316125686702261 5.6326763984574608 5.6371110930752399 5.6381749228624747 5.6444890045476708 5.6455528343349055 5.65394700311397 5.6550108329012039 5.6585725982800925 5.6596364280673273;6.0480000396556903 6.0497857539414044 6.0581207181967347 6.0599064324824488 6.0630110808921902 6.0647967951779034 6.0683085084149635 6.0700942227006776 6.0900192651512635 6.0918049794369766 6.095772363211819 6.0975580774975331 6.1050020291773768 6.1067877434630908 6.1173863805775284 6.1191720948632424 6.1332623067423855 6.1350480210280995 6.1410266986283775 6.1428124129140915;6.8192089820191466 6.8203717727168209 6.8257991913016873 6.8269619819993617 6.8289836135219844 6.8301464042196587 6.8324331012112323 6.8335958919089057 6.8465703381557992 6.8477331288534735 6.8503165415440685 6.851479332241742 6.8563265565914087 6.857489347289083 6.8643907854101114 6.8655535761077857 6.8747285977965307 6.875891388494205 6.8797844808850828 6.8809472715827571;
