m;8
n;16
P;19
P1;2 4 6 8 10 12 14 16 18
Q;20
M;100
h;1 1 1 1 1 1 1 1 1 1 1 1 1 1 1 1 1 1 1
Vmin;39 39 39 39 39 39 39 39 39 39 39 39 39 39 39 39 39 39 39;44 44 44 44 44 44 44 44 44 44 44 44 44 44 44 44 44 44 44;28 28 28 28 28 28 28 28 28 28 28 28 28 28 28 28 28 28 28;45 45 45 45 45 45 45 45 45 45 45 45 45 45 45 45 45 45 45;40 40 40 40 40 40 40 40 40 40 40 40 40 40 40 40 40 40 40;50 50 50 50 50 50 50 50 50 50 50 50 50 50 50 50 50 50 50;34 34 34 34 34 34 34 34 34 34 34 34 34 34 34 34 34 34 34;40 40 40 40 40 40 40 40 40 40 40 40 40 40 40 40 40 40 40;52 52 52 52 52 52 52 52 52 52 52 52 52 52 52 52 52 52 52;43 43 43 43 43 43 43 43 43 43 43 43 43 43 43 43 43 43 43;35 35 35 35 35 35 35 35 35 35 35 35 35 35 35 35 35 35 35;48 48 48 48 48 48 48 48 48 48 48 48 48 48 48 48 48 48 48;42 42 42 42 42 42 42 42 42 42 42 42 42 42 42 42 42 42 42;50 50 50 50 50 50 50 50 50 50 50 50 50 50 50 50 50 50 50;48 48 48 48 48 48 48 48 48 48 48 48 48 48 48 48 48 48 48;38 38 38 38 38 38 38 38 38 38 38 38 38 38 38 38 38 38 38;
Vmax;39 39 39 39 39 39 39 39 39 39 39 39 39 39 39 39 39 39 39;44 44 44 44 44 44 44 44 44 44 44 44 44 44 44 44 44 44 44;28 28 28 28 28 28 28 28 28 28 28 28 28 28 28 28 28 28 28;45 45 45 45 45 45 45 45 45 45 45 45 45 45 45 45 45 45 45;40 40 40 40 40 40 40 40 40 40 40 40 40 40 40 40 40 40 40;50 50 50 50 50 50 50 50 50 50 50 50 50 50 50 50 50 50 50;34 34 34 34 34 34 34 34 34 34 34 34 34 34 34 34 34 34 34;40 40 40 40 40 40 40 40 40 40 40 40 40 40 40 40 40 40 40;52 52 52 52 52 52 52 52 52 52 52 52 52 52 52 52 52 52 52;43 43 43 43 43 43 43 43 43 43 43 43 43 43 43 43 43 43 43;35 35 35 35 35 35 35 35 35 35 35 35 35 35 35 35 35 35 35;48 48 48 48 48 48 48 48 48 48 48 48 48 48 48 48 48 48 48;42 42 42 42 42 42 42 42 42 42 42 42 42 42 42 42 42 42 42;50 50 50 50 50 50 50 50 50 50 50 50 50 50 50 50 50 50 50;48 48 48 48 48 48 48 48 48 48 48 48 48 48 48 48 48 48 48;38 38 38 38 38 38 38 38 38 38 38 38 38 38 38 38 38 38 38;
d;3.000 9.533 3.000 32.217 3.000 8.012 3.000 4.013 3.000 8.108 3.000 3.839 3.000 8.094 3.000 11.839 3.000 7.068 3.000
S;0.93141102131172093 0.93012897002966954 0.92710856464052838 0.92582651335847699 0.9207669023883579 0.91948485110630651 0.91602587719718531 0.91474382591513392 0.91310328085155434 0.91182122956950296 0.9083563570658526 0.90707430578380133 0.90535914685319008 0.9040770955711388 0.90065317363622255 0.89937112235417127 0.88560335897826359 0.8843213076962122 0.88024729010499747 0.87896523882294619;2.8304325740021841 2.8292962103658206 2.8266190328618088 2.8254826692254453 2.8209980140473849 2.8198616504110214 2.8167957417188463 2.8156593780824823 2.8142052585943094 2.8130688949579459 2.809997757966074 2.8088613943297105 2.8073411398230323 2.8062047761866689 2.8031699362898115 2.802033572653448 2.7898303278429841 2.7886939642066206 2.7850829031598621 2.7839465395234986;4.6693151519038336 4.6675294376181196 4.6633224443975303 4.6615367301118162 4.6544894148320077 4.6527037005462937 4.647885844030017 4.646100129744303 4.6438150848343174 4.6420293705486033 4.6372032981328051 4.635417583847091 4.6330286124794542 4.631242898193741 4.6264738640701069 4.6246881497843928 4.6055116222250936 4.6037259079393795 4.5980513834373307 4.5962656691516166;5.7917517690539819 5.7906406579428706 5.7880229732722812 5.7869118621611708 5.7825268659870668 5.7814157548759555 5.7784179774880506 5.7773068663769402 5.7758850606551704 5.7747739495440591 5.7717710600408951 5.7706599489297847 5.7691734778565875 5.7680623667454771 5.7650949677352168 5.7639838566241055 5.7520517950316519 5.7509406839205415 5.7474098686748221 5.7462987575637108;6.9868451503029068 6.985595150302907 6.9826502550484939 6.9814002550484942 6.9764671343526281 6.9752171343526284 6.9718446347912355 6.9705946347912358 6.9689951033542457 6.9677451033542459 6.9643668526631872 6.9631168526631875 6.9614445727058412 6.9601945727058414 6.9568562488192978 6.955606248819298 6.9421826795277886 6.9409326795277888 6.9369605123763547 6.9357105123763549;7.0880444827872475 7.0870444827872472 7.0846885665837176 7.0836885665837173 7.0797420700270246 7.0787420700270243 7.0760440703779093 7.0750440703779098 7.0737644452283179 7.0727644452283176 7.0700618446754699 7.0690618446754705 7.0677240207095933 7.0667240207095938 7.0640533616003589 7.0630533616003586 7.0523145061671508 7.0513145061671505 7.0481367724460036 7.0471367724460041;7.982985856281231 7.9815152680459374 7.9780506853936863 7.9765800971583927 7.9707764257514917 7.969305837516198 7.965338190973382 7.9638676027380884 7.9619858010475122 7.9605152128122176 7.9565408002345022 7.9550702119992085 7.9531028238140955 7.9516322355788018 7.9477047957122808 7.9462342074769872 7.930441773016387 7.9289711847810933 7.9242980469558768 7.9228274587205822;8.813002632426107 8.8117526324261064 8.8088077371716942 8.8075577371716935 8.8026246164758284 8.8013746164758278 8.798002116914434 8.7967521169144334 8.7951525854774424 8.7939025854774417 8.7905243347863813 8.7892743347863806 8.7876020548290352 8.7863520548290346 8.7830137309424909 8.7817637309424903 8.7683401616509791 8.7670901616509784 8.7631179944995434 8.7618679944995428;8.9147625381482918 8.9160445894303439 8.920759632662584 8.9220416839446344 8.9358094473205423 8.9370914986025944 8.9405154205375101 8.9417974718195623 8.943512630750174 8.9447946820322262 8.9482595545358752 8.9495416058179273 8.9511821508815057 8.9524642021635579 8.9559231760726785 8.9572052273547307 8.9622648383248489 8.963546889606901 8.9665672949960431 8.9678493462780935;9.7688207563710439 9.7699571200074082 9.7741363628723494 9.7752727265087138 9.7874759713191768 9.7886123349555412 9.7916471748523985 9.7927835384887647 9.7943037929954411 9.7954401566318055 9.7985112936236778 9.7996476572600422 9.8011017767482151 9.8022381403845795 9.8053040490767547 9.8064404127131191 9.8109250678911799 9.8120614315275443 9.814738609031556 9.8158749726679204;10.798167598192629 10.799953312478344 10.806520694123249 10.808306408408964 10.827482935968264 10.829268650253978 10.834037684377613 10.835823398663328 10.838212370030964 10.839998084316679 10.844824156732479 10.846609871018194 10.848894915928181 10.850680630213896 10.855498486730172 10.857284201015887 10.864331516295696 10.866117230581411 10.870324223801999 10.872109938087714;11.295330514622652 11.296441625733763 11.300527996535038 11.30163910764615 11.313571169238603 11.314682280349716 11.317649679359977 11.318760790471089 11.320247261544285 11.321358372655396 11.324361262158559 11.325472373269671 11.32689417899144 11.328005290102551 11.331003067490457 11.332114178601568 11.336499174775671 11.337610285886784 11.340227970557374 11.341339081668485;11.809936789049688 11.811186789049689 11.815783956201123 11.817033956201124 11.830457525492635 11.831707525492636 11.835045849379179 11.83629584937918 11.837968129336526 11.839218129336526 11.842596380027585 11.843846380027587 11.845445911464576 11.846695911464577 11.850068411025971 11.851318411025971 11.856251531721837 11.857501531721839 11.86044642697625 11.86169642697625;12.645643349784466 12.646643349784464 12.650321083505611 12.651321083505611 12.662059938938818 12.663059938938817 12.66573059804805 12.66673059804805 12.668068422013926 12.669068422013925 12.671771022566771 12.672771022566771 12.674050647716363 12.675050647716363 12.677748647365478 12.678748647365476 12.682695143922169 12.683695143922169 12.686051060125699 12.687051060125698;14.739677750791648 14.741148339026942 14.746556770969807 14.748027359205102 14.763819793665702 14.765290381900996 14.769217821767517 14.770688410002812 14.772655798187925 14.774126386423221 14.778100799000937 14.779571387236233 14.781453188926809 14.782923777162104 14.786891423704921 14.788362011940215 14.794165683347115 14.795636271582412 14.799100854234661 14.800571442469955;15.918658435968982 15.919908435968983 15.924505603120418 15.925755603120418 15.939179172411929 15.94042917241193 15.943767496298474 15.945017496298474 15.94668977625582 15.94793977625582 15.951318026946881 15.952568026946881 15.954167558383871 15.955417558383873 15.958790057945265 15.960040057945266 15.964973178641133 15.966223178641133 15.969168073895544 15.970418073895546;
