m;4
n;8
P;19
P1;2 4 6 8 10 12 14 16 18
Q;20
M;100
h;1 1 1 1 1 1 1 1 1 1 1 1 1 1 1 1 1 1 1
Vmin;52 52 52 52 52 52 52 52 52 52 52 52 52 52 52 52 52 52 52;28 28 28 28 28 28 28 28 28 28 28 28 28 28 28 28 28 28 28;40 40 40 40 40 40 40 40 40 40 40 40 40 40 40 40 40 40 40;49 49 49 49 49 49 49 49 49 49 49 49 49 49 49 49 49 49 49;31 31 31 31 31 31 31 31 31 31 31 31 31 31 31 31 31 31 31;49 49 49 49 49 49 49 49 49 49 49 49 49 49 49 49 49 49 49;44 44 44 44 44 44 44 44 44 44 44 44 44 44 44 44 44 44 44;46 46 46 46 46 46 46 46 46 46 46 46 46 46 46 46 46 46 46;
Vmax;52 52 52 52 52 52 52 52 52 52 52 52 52 52 52 52 52 52 52;28 28 28 28 28 28 28 28 28 28 28 28 28 28 28 28 28 28 28;40 40 40 40 40 40 40 40 40 40 40 40 40 40 40 40 40 40 40;49 49 49 49 49 49 49 49 49 49 49 49 49 49 49 49 49 49 49;31 31 31 31 31 31 31 31 31 31 31 31 31 31 31 31 31 31 31;49 49 49 49 49 49 49 49 49 49 49 49 49 49 49 49 49 49 49;44 44 44 44 44 44 44 44 44 44 44 44 44 44 44 44 44 44 44;46 46 46 46 46 46 46 46 46 46 46 46 46 46 46 46 46 46 46;
d;3.000 8.806 3.000 13.924 3.000 12.869 3.000 5.642 3.000 20.918 3.000 31.254 3.000 3.665 3.000 11.531 3.000 6.066 3.000
S;1.7055584564995847 1.7045969180380462 1.7026526305325833 1.7016910920710449 1.6979953632206946 1.6970338247591561 1.6958592663101972 1.6948977278486588 1.6848805467210144 1.6839190082594759 1.6772143897538121 1.6762528512922736 1.6744445113138624 1.6734829728523239 1.66935829923866 1.6683967607771215 1.6639340640420799 1.6629725255805414 1.6601500626234691 1.6591885241619306;2.1267302221738751 2.124944507888161 2.1213336882351581 2.1195479739494436 2.1126844775130791 2.1108987632273646 2.1087174403935842 2.1069317261078697 2.0883283897279585 2.086542675442244 2.0740912410745826 2.0723055267888686 2.0689471811146762 2.0671614668289617 2.0595013586893001 2.0577156444035856 2.049427779038508 2.047642064752794 2.0424003478325168 2.0406146335468023;2.3070408495041628 2.305790849504163 2.303263275747061 2.3020132757470608 2.2972088282416059 2.2959588282416061 2.2944319022579598 2.29318190225796 2.280159566792022 2.2789095667920223 2.2701935627346597 2.2689435627346599 2.2665927207627252 2.2653427207627255 2.2599806450649624 2.2587306450649627 2.2529291393094084 2.2516791393094087 2.2480099374652145 2.2467599374652147;3.3251688391344643 3.3241484309711993 3.3220851054551974 3.3210646972919324 3.3171426993282953 3.3161222911650303 3.3148758209742986 3.3138554128110331 3.3032249348796556 3.3022045267163902 3.2950894213634414 3.2940690132001764 3.2921499585292091 3.2911295503659441 3.2867523457147088 3.2857319375514438 3.2809960144856851 3.2799756063224197 3.2769803395108332 3.2759599313475678;4.1723927900898463 4.173354328551385 4.1766575607392262 4.1776190992007649 4.1820817959358063 4.183043334397345 4.1871680080110094 4.1881295464725481 4.1899378864509593 4.190899424912498 4.1976040434181625 4.1985655818797012 4.2085827630073451 4.2095443014688838 4.2107188599178427 4.2116803983793814 4.2153761272297317 4.2163376656912703 4.2182819531967333 4.2192434916582719;4.5621729314236443 4.5639586457093584 4.5700932197724926 4.5718789340582067 4.5801667994232842 4.5819525137089983 4.5896126218486604 4.5913983361343744 4.5947566818085663 4.5965423960942804 4.6089938304619418 4.6107795447476558 4.629382881127567 4.6311685954132811 4.6333499182470614 4.6351356325327755 4.6419991289691405 4.6437848432548536 4.647395662907857 4.6491813771935711;5.5526757853773123 5.5539257853773121 5.5582199872215057 5.5594699872215054 5.5652714929770601 5.5665214929770599 5.5718835686748234 5.5731335686748231 5.5754844106467578 5.5767344106467585 5.5854504147041215 5.5867004147041213 5.5997227501700593 5.600972750170059 5.6024996761537063 5.603749676153706 5.608554123659161 5.6098041236591607 5.6123316974162627 5.6135816974162625;6.2041668177313829 6.2051872258946483 6.2086926967878675 6.2097131049511329 6.2144490280168911 6.2154694361801566 6.2198466408313919 6.2208670489946574 6.2227861036656238 6.2238065118288883 6.2309216171818376 6.231942025345103 6.2425725032764801 6.2435929114397455 6.2448393816304764 6.2458597897937418 6.2497817877573789 6.2508021959206435 6.2528655214366449 6.2538859295999094;
