m;6
n;12
P;19
P1;2 4 6 8 10 12 14 16 18
Q;20
M;100
h;1 1 1 1 1 1 1 1 1 1 1 1 1 1 1 1 1 1 1
Vmin;51 51 51 51 51 51 51 51 51 51 51 51 51 51 51 51 51 51 51;45 45 45 45 45 45 45 45 45 45 45 45 45 45 45 45 45 45 45;52 52 52 52 52 52 52 52 52 52 52 52 52 52 52 52 52 52 52;40 40 40 40 40 40 40 40 40 40 40 40 40 40 40 40 40 40 40;41 41 41 41 41 41 41 41 41 41 41 41 41 41 41 41 41 41 41;40 40 40 40 40 40 40 40 40 40 40 40 40 40 40 40 40 40 40;28 28 28 28 28 28 28 28 28 28 28 28 28 28 28 28 28 28 28;52 52 52 52 52 52 52 52 52 52 52 52 52 52 52 52 52 52 52;40 40 40 40 40 40 40 40 40 40 40 40 40 40 40 40 40 40 40;38 38 38 38 38 38 38 38 38 38 38 38 38 38 38 38 38 38 38;46 46 46 46 46 46 46 46 46 46 46 46 46 46 46 46 46 46 46;52 52 52 52 52 52 52 52 52 52 52 52 52 52 52 52 52 52 52;
Vmax;51 51 51 51 51 51 51 51 51 51 51 51 51 51 51 51 51 51 51;45 45 45 45 45 45 45 45 45 45 45 45 45 45 45 45 45 45 45;52 52 52 52 52 52 52 52 52 52 52 52 52 52 52 52 52 52 52;40 40 40 40 40 40 40 40 40 40 40 40 40 40 40 40 40 40 40;41 41 41 41 41 41 41 41 41 41 41 41 41 41 41 41 41 41 41;40 40 40 40 40 40 40 40 40 40 40 40 40 40 40 40 40 40 40;28 28 28 28 28 28 28 28 28 28 28 28 28 28 28 28 28 28 28;52 52 52 52 52 52 52 52 52 52 52 52 52 52 52 52 52 52 52;40 40 40 40 40 40 40 40 40 40 40 40 40 40 40 40 40 40 40;38 38 38 38 38 38 38 38 38 38 38 38 38 38 38 38 38 38 38;46 46 46 46 46 46 46 46 46 46 46 46 46 46 46 46 46 46 46;52 52 52 52 52 52 52 52 52 52 52 52 52 52 52 52 52 52 52;
d;3.000 34.469 3.000 19.559 3.000 3.551 3.000 21.892 3.000 8.398 3.000 9.644 3.000 4.540 3.000 31.407 3.000 5.712 3.000
S;2.2427185244323753 2.2417381322755126 2.2398715825059985 2.2388911903491358 2.228627368122313 2.2276469759654502 2.2261632859412255 2.2251828937843627 2.2220312677775049 2.2210508756206422 2.218306274111963 2.2173258819551003 2.2101715036644913 2.2091911115076286 2.208030794833387 2.2070504026765243 2.2006586012307179 2.1996782090738547 2.1884138695970843 2.1874334774402215;3.6753170845401328 3.674205973429022 3.6720905503569061 3.6709794392457953 3.6593471073887298 3.6582359962776185 3.6565544809168307 3.6554433698057194 3.6518715269979478 3.6507604158868365 3.6476498675103333 3.6465387563992224 3.6384304610031988 3.6373193498920879 3.6360043243279478 3.6348932132168366 3.6276491715782555 3.6265380604671447 3.6137718090601378 3.6126606979490266;3.7714151421462963 3.7704536036847576 3.7686229491031189 3.7676614106415802 3.7575949696114272 3.7566334311498886 3.7551782736261297 3.754216735164591 3.7511257173501731 3.7501641788886344 3.7474723581781992 3.7465108197166606 3.7394940256239479 3.7385324871624093 3.7373944842703652 3.7364329458088266 3.7301640636215927 3.729202525160054 3.7181548075962985 3.7171932691347598;5.1597787197567921 5.1585287197567924 5.1561488688006616 5.1548988688006618 5.1418124954614637 5.1405624954614639 5.1386707906805773 5.1374207906805776 5.1334024675218339 5.1321524675218342 5.1286531005982683 5.1274031005982685 5.1182812682777419 5.1170312682777421 5.1155518645180846 5.1143018645180849 5.1061523176746819 5.1049023176746822 5.0905402848417989 5.0892902848417991;5.491733361507686 5.4905138493125643 5.488192043501706 5.4869725313065834 5.4742053378049267 5.472985825609805 5.471140259969915 5.4699207477747933 5.4660004324979701 5.4647809203028483 5.4613669037920527 5.460147391596931 5.4512480429915389 5.4500285307964171 5.4485852100552874 5.4473656978601657 5.4394149204519673 5.4381954082568456 5.4241836689076921 5.4229641567125704;5.5830994936822043 5.5818494936822045 5.5794696427260737 5.578219642726074 5.5651332693868758 5.5638832693868761 5.5619915646059894 5.5607415646059897 5.5567232414472461 5.5554732414472463 5.5519738745236804 5.5507238745236807 5.541602042203154 5.5403520422031542 5.5388726384434968 5.537622638443497 5.529473091600094 5.5282230916000943 5.513861058767211 5.5126110587672112;5.6544790774836757 5.6554594696405385 5.6672140051957411 5.6681943973526039 5.6745861987984103 5.675566590955273 5.6767269076295142 5.6777072997863769 5.6848616780769854 5.6858420702338481 5.6885866717425273 5.68956706389939 5.692718689906247 5.6936990820631097 5.6951827720873345 5.6961631642441972 5.7064269864710191 5.7074073786278818 5.7092739283973959 5.7102543205542586;6.1320302180371398 6.1331413291482502 6.1464631361108122 6.1475742472219235 6.154818288860505 6.1559293999716154 6.1572444255357555 6.1583555366468667 6.1664638320428908 6.1675749431540021 6.1706854915305049 6.1717966026416162 6.1753684454493882 6.1764795565604986 6.1781610719212869 6.1792721830323982 6.1909045148894641 6.1920156260005745 6.1941310490726913 6.1952421601838017;6.2008273044885236 6.2017888429500623 6.2133173297445863 6.214278868206125 6.2205477503933588 6.2215092888548975 6.2226472917469415 6.2236088302084802 6.2306256243011937 6.2315871627627324 6.2342789834731667 6.2352405219347053 6.2383315397491241 6.2392930782106628 6.2407482357344213 6.24170977419596 6.2517762152261129 6.2527377536876516 6.2545684082692903 6.255529946730829;6.9645567025267479 6.9658067025267476 6.9807937353596294 6.9820437353596292 6.990193282203033 6.9914432822030328 6.9929226859626903 6.99417268596269 7.0032945182832158 7.0045445182832156 7.0080438852067823 7.0092938852067821 7.0133122083655248 7.0145622083655246 7.0164539131464112 7.017703913146411 7.03079028648561 7.0320402864856097 7.0344201374417406 7.0356701374417403;7.8633611180901362 7.8645806302852579 7.8792021257319727 7.8804216379270944 7.8883724153352928 7.8895919275304145 7.8910352482715442 7.892254760466666 7.9011541090720572 7.9023736212671789 7.9057876377779754 7.9070071499730972 7.9109274652499204 7.9121469774450421 7.9139925430849312 7.9152120552800529 7.9279792487817105 7.9291987609768322 7.9315205667876914 7.9327400789828131;8.5611282235252464 8.562378223525247 8.577365256358128 8.5786152563581286 8.5867648032015325 8.5880148032015331 8.5894942069611897 8.5907442069611921 8.5998660392817179 8.6011160392817185 8.6046154062052835 8.6058654062052842 8.6098837293640269 8.6111337293640293 8.6130254341449142 8.6142754341449166 8.6273618074841139 8.6286118074841145 8.6309916584402462 8.6322416584402468;
