m;2
n;4
P;19
P1;2 4 6 8 10 12 14 16 18
Q;20
M;100
h;1 1 1 1 1 1 1 1 1 1 1 1 1 1 1 1 1 1 1
Vmin;30 30 30 30 30 30 30 30 30 30 30 30 30 30 30 30 30 30 30;52 52 52 52 52 52 52 52 52 52 52 52 52 52 52 52 52 52 52;50 50 50 50 50 50 50 50 50 50 50 50 50 50 50 50 50 50 50;28 28 28 28 28 28 28 28 28 28 28 28 28 28 28 28 28 28 28;
Vmax;30 30 30 30 30 30 30 30 30 30 30 30 30 30 30 30 30 30 30;52 52 52 52 52 52 52 52 52 52 52 52 52 52 52 52 52 52 52;50 50 50 50 50 50 50 50 50 50 50 50 50 50 50 50 50 50 50;28 28 28 28 28 28 28 28 28 28 28 28 28 28 28 28 28 28 28;
d;3.000 43.116 3.000 15.326 3.000 4.837 3.000 27.441 3.000 5.660 3.000 3.750 3.000 4.380 3.000 5.038 3.000 14.937 3.000
S;1.6948568747627901 1.6931902080961234 1.6848916311632154 1.6832249644965489 1.6804260368409047 1.678759370174238 1.676326123548834 1.6746594568821676 1.6725759609240327 1.6709092942573662 1.6677646847112393 1.6660980180445726 1.6508531223934744 1.6491864557268079 1.6464992172918977 1.6448325506252313 1.6363179153592875 1.6346512486926208 1.6106978565252781 1.6090311898586116;2.1639292753919626 2.1629677369304239 2.1581800963922078 2.1572185579306691 2.1556037919754893 2.1546422535139507 2.1532384573839098 2.1522769189223712 2.1510749020234474 2.1501133635619087 2.1482991657468355 2.1473376272852969 2.1385424951788941 2.1375809567173554 2.1360306268510612 2.1350690883895225 2.1301567988130166 2.1291952603514779 2.1153759956395493 2.114414457178011;2.2909700703840641 2.2926367370507306 2.3174234625514072 2.3190901292180737 2.3276047644840174 2.3292714311506844 2.3319586695855943 2.3336253362522608 2.348870231903359 2.3505368985700255 2.3536815081161522 2.3553481747828187 2.3574316707409531 2.35909833740762 2.361531584033024 2.3631982506996905 2.3659971783553351 2.3676638450220016 2.3759624219549096 2.3776290886215761;5.5041887475446689 5.5051502860062076 5.5194503199489047 5.5204118584104434 5.5253241479869493 5.5262856864484879 5.5278360163147822 5.5287975547763208 5.5375926868827232 5.5385542253442619 5.5403684231593351 5.5413299616208738 5.542531978519798 5.5434935169813366 5.5448973131113775 5.5458588515729161 5.5474736175280954 5.5484351559896341 5.5532227965278498 5.5541843349893885;
