m;7
n;14
P;19
P1;2 4 6 8 10 12 14 16 18
Q;20
M;100
h;1 1 1 1 1 1 1 1 1 1 1 1 1 1 1 1 1 1 1
Vmin;42 42 42 42 42 42 42 42 42 42 42 42 42 42 42 42 42 42 42;48 48 48 48 48 48 48 48 48 48 48 48 48 48 48 48 48 48 48;52 52 52 52 52 52 52 52 52 52 52 52 52 52 52 52 52 52 52;50 50 50 50 50 50 50 50 50 50 50 50 50 50 50 50 50 50 50;40 40 40 40 40 40 40 40 40 40 40 40 40 40 40 40 40 40 40;40 40 40 40 40 40 40 40 40 40 40 40 40 40 40 40 40 40 40;52 52 52 52 52 52 52 52 52 52 52 52 52 52 52 52 52 52 52;44 44 44 44 44 44 44 44 44 44 44 44 44 44 44 44 44 44 44;39 39 39 39 39 39 39 39 39 39 39 39 39 39 39 39 39 39 39;28 28 28 28 28 28 28 28 28 28 28 28 28 28 28 28 28 28 28;40 40 40 40 40 40 40 40 40 40 40 40 40 40 40 40 40 40 40;43 43 43 43 43 43 43 43 43 43 43 43 43 43 43 43 43 43 43;41 41 41 41 41 41 41 41 41 41 41 41 41 41 41 41 41 41 41;50 50 50 50 50 50 50 50 50 50 50 50 50 50 50 50 50 50 50;
Vmax;42 42 42 42 42 42 42 42 42 42 42 42 42 42 42 42 42 42 42;48 48 48 48 48 48 48 48 48 48 48 48 48 48 48 48 48 48 48;52 52 52 52 52 52 52 52 52 52 52 52 52 52 52 52 52 52 52;50 50 50 50 50 50 50 50 50 50 50 50 50 50 50 50 50 50 50;40 40 40 40 40 40 40 40 40 40 40 40 40 40 40 40 40 40 40;40 40 40 40 40 40 40 40 40 40 40 40 40 40 40 40 40 40 40;52 52 52 52 52 52 52 52 52 52 52 52 52 52 52 52 52 52 52;44 44 44 44 44 44 44 44 44 44 44 44 44 44 44 44 44 44 44;39 39 39 39 39 39 39 39 39 39 39 39 39 39 39 39 39 39 39;28 28 28 28 28 28 28 28 28 28 28 28 28 28 28 28 28 28 28;40 40 40 40 40 40 40 40 40 40 40 40 40 40 40 40 40 40 40;43 43 43 43 43 43 43 43 43 43 43 43 43 43 43 43 43 43 43;41 41 41 41 41 41 41 41 41 41 41 41 41 41 41 41 41 41 41;50 50 50 50 50 50 50 50 50 50 50 50 50 50 50 50 50 50 50;
d;3.000 8.036 3.000 7.305 3.000 10.119 3.000 4.950 3.000 21.885 3.000 10.793 3.000 5.068 3.000 17.755 3.000 16.147 3.000
S;0.20363935970444338 0.2024488835139672 0.19604120895060181 0.19485073276012563 0.18780504411557011 0.18661456792509393 0.18460345030981765 0.18341297411934146 0.17912987276241432 0.17793939657193814 0.16925490521726963 0.16806442902679344 0.1661002082869934 0.16490973209651721 0.16089414280537104 0.15970366661489485 0.15680490723501517 0.15561443104453898 0.15242560093772431 0.15123512474724812;0.89482594247879266 0.89378427581212594 0.88817756056918129 0.88713589390251468 0.88097091633852853 0.87992924967186192 0.87816952175849516 0.87712785509182845 0.87338014140451725 0.87233847473785053 0.86473954480251569 0.86369787813584897 0.86197918498852388 0.86093751832185716 0.85742387769210437 0.85638221102543766 0.85384579656804294 0.85280412990137622 0.8500139035579134 0.84897223689124668;3.1735033767292626 3.172541838267724 3.1673664088126978 3.1664048703511591 3.1607141218305568 3.1597525833690181 3.1581282191412949 3.1571666806797563 3.1537072526606997 3.1527457141991611 3.1457313173357746 3.1447697788742359 3.1431832928920898 3.1422217544305511 3.138978393849241 3.1380168553877024 3.1356755497347222 3.1347140112731835 3.1321384177253719 3.1311768792638333;3.359422026279884 3.3584220262798836 3.3530395796466568 3.3520395796466569 3.3461212011852299 3.34512120118523 3.3434318623883983 3.342431862388398 3.3388340572485791 3.3378340572485792 3.3305390845106575 3.3295390845106576 3.3278891390892253 3.3268891390892255 3.3235160440846627 3.3225160440846628 3.3200810862055636 3.3190810862055637 3.3164024689158396 3.3154024689158397;4.080347949464139 4.0790979494641393 4.0723698911726052 4.0711198911726054 4.0637219180958226 4.0624719180958229 4.0603602445997824 4.0591102445997826 4.0546129881750099 4.0533629881750093 4.044244272252608 4.0429942722526082 4.0409318404758174 4.0396818404758177 4.0354654717201139 4.0342154717201142 4.0311717743712405 4.0299217743712408 4.0265735027590859 4.0253235027590852;4.378979884811387 4.3777298848113873 4.371001826519854 4.3697518265198543 4.3623538534430706 4.3611038534430708 4.3589921799470313 4.3577421799470306 4.353244923522257 4.3519949235222573 4.3428762075998559 4.3416262075998562 4.3395637758230663 4.3383137758230665 4.3340974070673628 4.332847407067363 4.3298037097184894 4.3285537097184896 4.3252054381063347 4.323955438106335;4.987261822159522 4.9863002836979833 4.9811248542429576 4.9801633157814189 4.9744725672608157 4.973511028799277 4.9718866645715538 4.9709251261100151 4.9674656980909591 4.9665041596294204 4.9594897627660348 4.9585282243044961 4.9569417383223504 4.9559801998608117 4.9527368392795008 4.9517753008179621 4.9494339951649824 4.9484724567034437 4.9458968631556326 4.9449353246940939;5.1192471805011053 5.120437656691581 5.1242217248936335 5.1254122010841092 5.1283109604639892 5.1295014366544649 5.1335170259456104 5.1347075021360862 5.1366717228758869 5.1378621990663627 5.1465466904210313 5.147737166611507 5.1520202679684344 5.1532107441589101 5.1552218617741863 5.1564123379646629 5.1634580266092183 5.164648502799694 5.1710561773630594 5.1722466535535352;5.7231417801197351 5.7241834467864017 5.7274945064631986 5.7285361731298652 5.7310725875872599 5.7321142542539265 5.7356278948836792 5.7366695615503458 5.7383882546976706 5.7394299213643372 5.7470288512996728 5.7480705179663394 5.7518182316536501 5.7528598983203176 5.7546196262336844 5.755661292900351 5.7618262704643373 5.7628679371310039 5.768474652373949 5.7695163190406156;6.6181488579838135 6.6191103964453522 6.6221667592239335 6.6231282976854722 6.6254696033384528 6.6264311417999915 6.6296745023813015 6.6306360408428402 6.6322225268249859 6.6331840652865246 6.6401984621499102 6.6411600006114488 6.6446194286305049 6.6455809670920436 6.6472053313197668 6.6481668697813054 6.6538576183019087 6.6548191567634474 6.6599945862184731 6.6609561246800117;6.8499302053336866 6.850930205333686 6.8541088226234113 6.8551088226234107 6.8575437805025103 6.8585437805025107 6.8619168755070739 6.8629168755070733 6.8645668209285056 6.8655668209285059 6.8728617936664271 6.8738617936664266 6.8774595988062455 6.8784595988062458 6.880148937603078 6.8811489376030774 6.8870673160645044 6.8880673160645047 6.8934497626977311 6.8944497626977315;7.6070970100900031 7.6083470100900028 7.612320281702158 7.6135702817021578 7.6166139790510323 7.6178639790510321 7.6220803478067349 7.6233303478067347 7.6253927795835246 7.6266427795835243 7.6357614955059265 7.6370114955059263 7.6415087519306999 7.6427587519306996 7.6448704254267401 7.6461204254267399 7.6535183985035227 7.6547683985035224 7.6614964567950556 7.6627464567950563;8.0746665473260659 8.0759165473260648 8.07988981893822 8.0811398189382206 8.0841835162870943 8.0854335162870932 8.0896498850427978 8.0908998850427967 8.0929623168195874 8.0942123168195863 8.1033310327419876 8.1045810327419883 8.1090782891667619 8.1103282891667625 8.1124399626628012 8.1136899626628018 8.1210879357395847 8.1223379357395853 8.1290659940311176 8.1303159940311183;8.7267332348750912 8.7276947733366281 8.7307511361152095 8.7317126745767482 8.7340539802297279 8.7350155186912648 8.7382588792725748 8.7392204177341135 8.7408069037162583 8.741768442177797 8.7487828390411835 8.7497443775027204 8.7532038055217765 8.7541653439833151 8.7557897082110383 8.7567512466725752 8.7624419951931785 8.7634035336547171 8.7685789631097428 8.7695405015712797;
