m;6
n;12
P;19
P1;2 4 6 8 10 12 14 16 18
Q;20
M;100
h;1 1 1 1 1 1 1 1 1 1 1 1 1 1 1 1 1 1 1
Vmin;47 47 47 47 47 47 47 47 47 47 47 47 47 47 47 47 47 47 47;49 49 49 49 49 49 49 49 49 49 49 49 49 49 49 49 49 49 49;43 43 43 43 43 43 43 43 43 43 43 43 43 43 43 43 43 43 43;46 46 46 46 46 46 46 46 46 46 46 46 46 46 46 46 46 46 46;42 42 42 42 42 42 42 42 42 42 42 42 42 42 42 42 42 42 42;40 40 40 40 40 40 40 40 40 40 40 40 40 40 40 40 40 40 40;51 51 51 51 51 51 51 51 51 51 51 51 51 51 51 51 51 51 51;46 46 46 46 46 46 46 46 46 46 46 46 46 46 46 46 46 46 46;52 52 52 52 52 52 52 52 52 52 52 52 52 52 52 52 52 52 52;50 50 50 50 50 50 50 50 50 50 50 50 50 50 50 50 50 50 50;44 44 44 44 44 44 44 44 44 44 44 44 44 44 44 44 44 44 44;28 28 28 28 28 28 28 28 28 28 28 28 28 28 28 28 28 28 28;
Vmax;47 47 47 47 47 47 47 47 47 47 47 47 47 47 47 47 47 47 47;49 49 49 49 49 49 49 49 49 49 49 49 49 49 49 49 49 49 49;43 43 43 43 43 43 43 43 43 43 43 43 43 43 43 43 43 43 43;46 46 46 46 46 46 46 46 46 46 46 46 46 46 46 46 46 46 46;42 42 42 42 42 42 42 42 42 42 42 42 42 42 42 42 42 42 42;40 40 40 40 40 40 40 40 40 40 40 40 40 40 40 40 40 40 40;51 51 51 51 51 51 51 51 51 51 51 51 51 51 51 51 51 51 51;46 46 46 46 46 46 46 46 46 46 46 46 46 46 46 46 46 46 46;52 52 52 52 52 52 52 52 52 52 52 52 52 52 52 52 52 52 52;50 50 50 50 50 50 50 50 50 50 50 50 50 50 50 50 50 50 50;44 44 44 44 44 44 44 44 44 44 44 44 44 44 44 44 44 44 44;28 28 28 28 28 28 28 28 28 28 28 28 28 28 28 28 28 28 28;
d;3.000 10.016 3.000 29.571 3.000 23.457 3.000 4.983 3.000 3.716 3.000 35.792 3.000 25.409 3.000 42.503 3.000 13.193 3.000
S;4.6518881219561896 4.5880583347221471 4.3073552355012792 4.2435254482672367 3.3392032944332772 3.2753735071992347 2.7347563874887415 2.670926600254699 1.9094036056390939 1.8455738184050514 1.766513509247333 1.7026837220132904 1.5966640097122617 1.5328342224782192 1.0337565703432525 0.96992678310920999 0.34076454449419485 0.27693475726015232 0.063829787234042548 0;5.4620151373865502 5.4007906475906315 5.1315448177257172 5.0703203279297986 4.2029092824155923 4.1416847926196736 3.6231336777953231 3.5619091879994049 2.8314687645926 2.7702442747966818 2.694410917033156 2.6331864272372378 2.5314940501321694 2.4702695603362512 1.9915624246149568 1.9303379348190384 1.3268557875760647 1.2656312977801463 1.0612244897959184 1;7.0846219007428139 7.0148544588823487 6.7080394434548882 6.638272001594423 5.6498268567061416 5.5800594148456764 4.9891523305109509 4.9193848886504856 4.0870225456985452 4.0172551038380799 3.9308403473168525 3.8610729054563873 3.7451908943366585 3.6754234524761933 3.1299199722356486 3.0601525303751833 2.3724635718890039 2.3026961300285387 2.0697674418604652 2;7.7530161246074094 7.6877987333030617 7.400993392794784 7.3357760014904363 6.4117946703992166 6.3465772790948689 5.7942076133037128 5.7289902219993651 4.9509123796747252 4.8856949883703775 4.8049159768396654 4.7396985855353178 4.6313740968799193 4.5661567055755716 4.0562295392637582 3.9910121479594101 3.3481724693745032 3.2829550780701555 3.0652173913043477 3;9.2056843269509727 9.1342557555224015 8.8201356206800021 8.7487070492514309 7.7367274961515236 7.6652989247229524 7.0603226240945434 6.9888940526659722 6.1367135586913664 6.0652849872627952 5.9768127365386814 5.9053841651101102 5.7867430584875308 5.7153144870589596 5.1568228287174493 5.0853942572888782 4.3813317521720752 4.309903180743504 4.0714285714285712 4;10.465968543298523 10.390968543298523 10.061142401714003 9.9861424017140035 8.9235638709591001 8.8485638709591008 8.2133387552992705 8.1383387552992712 7.2435492366259355 7.1685492366259354 7.0756533733656166 7.0006533733656164 6.8760802114119075 6.8010802114119073 6.2146639701533219 6.1396639701533218 5.4003983397806792 5.325398339780679 5.0750000000000002 5;0 0.063829787234042548 0.30884965087717359 0.37267943811121612 1.0018416767262313 1.0656714639602738 1.5647491160952405 1.628578903329283 1.7345986156303117 1.7984284028643542 1.8774887120220727 1.9413184992561152 2.7028414938717202 2.7666712811057628 3.307288400816256 3.3711181880502985 4.2754403418842584 4.3392701291183009 4.6199732283391688 4.6838030155732113;1 1.0612244897959184 1.2962435426781054 1.3574680324740238 1.9609501797169975 2.0221746695129159 2.5008818052342106 2.5621062950301288 2.6637986721351972 2.7250231619311154 2.8008565196946411 2.8620810094905593 3.5925214328973643 3.6537459226932825 4.1722970375176329 4.2335215273135516 5.1009325728277579 5.1621570626236766 5.4314028924885909 5.4926273822845095;2 2.0697674418604652 2.3375798509587713 2.4073472928192365 3.0950362513054159 3.1648036931658812 3.7103071734064259 3.7800746152668911 3.8959566263866199 3.9657240682470851 4.0521388247683126 4.1219062666287778 4.9542686095807182 5.0240360514411835 5.614943135775909 5.6847105776363742 6.6731557225246556 6.7429231643851208 7.0497381798125813 7.1195056216730466;3 3.0652173913043477 3.3155637737223294 3.380781165026677 4.0236208436115835 4.0888382349159311 4.5987654012277446 4.6639827925320922 4.7723072811874907 4.8375246724918384 4.9183036840225505 4.9835210753268981 5.7615989176515381 5.8268163089558858 6.3791859747470419 6.4444033660513895 7.3683846971426092 7.4336020884469569 7.7204074289552356 7.7856248202595832;4 4.0714285714285712 4.3456174664577896 4.4170460378863607 5.1211085430031638 5.1925371144317349 5.7510287727732452 5.8224573442018164 5.9410984508243958 6.012527022252967 6.1009992729770808 6.172427844405652 7.0246083383802578 7.096036909808829 7.701013210437238 7.7724417818658091 8.7844213349657174 8.8558499063942886 9.169970041236688 9.2413986126652592;5 5.0750000000000002 5.3628983397806795 5.4378983397806797 6.1771639701533223 6.2521639701533225 6.8385802114119079 6.913580211411908 7.038153373365617 7.1131533733656171 7.2060492366259359 7.2810492366259361 8.1758387552992726 8.2508387552992719 8.8860638709591022 8.9610638709591015 10.023642401714005 10.098642401714004 10.428468543298525 10.503468543298524;
