m;4
n;8
P;19
P1;2 4 6 8 10 12 14 16 18
Q;20
M;100
h;1 1 1 1 1 1 1 1 1 1 1 1 1 1 1 1 1 1 1
Vmin;49 49 49 49 49 49 49 49 49 49 49 49 49 49 49 49 49 49 49;52 52 52 52 52 52 52 52 52 52 52 52 52 52 52 52 52 52 52;42 42 42 42 42 42 42 42 42 42 42 42 42 42 42 42 42 42 42;49 49 49 49 49 49 49 49 49 49 49 49 49 49 49 49 49 49 49;49 49 49 49 49 49 49 49 49 49 49 49 49 49 49 49 49 49 49;28 28 28 28 28 28 28 28 28 28 28 28 28 28 28 28 28 28 28;40 40 40 40 40 40 40 40 40 40 40 40 40 40 40 40 40 40 40;52 52 52 52 52 52 52 52 52 52 52 52 52 52 52 52 52 52 52;
Vmax;49 49 49 49 49 49 49 49 49 49 49 49 49 49 49 49 49 49 49;52 52 52 52 52 52 52 52 52 52 52 52 52 52 52 52 52 52 52;42 42 42 42 42 42 42 42 42 42 42 42 42 42 42 42 42 42 42;49 49 49 49 49 49 49 49 49 49 49 49 49 49 49 49 49 49 49;49 49 49 49 49 49 49 49 49 49 49 49 49 49 49 49 49 49 49;28 28 28 28 28 28 28 28 28 28 28 28 28 28 28 28 28 28 28;40 40 40 40 40 40 40 40 40 40 40 40 40 40 40 40 40 40 40;52 52 52 52 52 52 52 52 52 52 52 52 52 52 52 52 52 52 52;
d;3.000 3.313 3.000 16.514 3.000 9.239 3.000 4.062 3.000 27.299 3.000 18.352 3.000 16.675 3.000 58.923 3.000 26.189 3.000
S;4.2972741138266208 4.2360496240307022 3.7015874362092664 3.6403629464133482 2.4378497533214603 2.376625263525542 2.0363214314438571 1.9750969416479389 1.6005755766790866 1.5393510868831681 0.98221899923341638 0.92099450943749805 0.83808733626630949 0.77686284647039117 0.58831350981800024 0.52708902002208191 0.19006812636198306 0.12884363656606468 0.061224489795918366 0;5.0493544534135459 4.9916621457212385 4.488034314889501 4.4303420071971935 3.2972045752452224 3.2395122675529149 2.9188413488605578 2.8611490411682503 2.5082346780245239 2.4505423703322164 1.9255525185084119 1.8678602108161042 1.7897361437894073 1.7320438360970996 1.5543723457900389 1.4966800380977312 1.1791026575334072 1.1214103498410994 1.0576923076923077 1;7.0134864661310576 6.9420578947024865 6.3185186755774785 6.2470901041489073 4.8441580455417048 4.7727294741131336 4.3757083366845011 4.3042797652559299 3.8673381727922687 3.795909601363697 3.14592216577232 3.0744935943437484 2.9777685589773619 2.9063399875487903 2.6863657614543341 2.6149371900257625 2.2217461474223139 2.1503175759937423 2.0714285714285716 2;7.2972741138266217 7.2360496240307031 6.7015874362092678 6.6403629464133491 5.4378497533214611 5.3766252635255425 5.0363214314438576 4.9750969416479389 4.6005755766790868 4.5393510868831681 3.982218999233416 3.9209945094374978 3.8380873362663093 3.7768628464703911 3.5883135098180001 3.5270890200220819 3.1900681263619828 3.1288436365660646 3.0612244897959182 3;0 0.061224489795918366 0.1594558814640239 0.22068037125994228 0.55770126492004124 0.61892575471595956 0.80747509136835049 0.86869958116426882 0.95160675433545738 1.0128312441313758 1.5699633317811275 1.6311878215770459 2.0057091865458982 2.0669336763418165 2.4072375084235014 2.4684619982194196 3.6709751913113076 3.7321996811072258 4.2666618689286615 4.3278863587245802;1 1.0576923076923077 1.1502565036872532 1.2079488113795609 1.5255261919438849 1.5832184996361927 1.7608899899432533 1.818582297635561 1.8967063646622579 1.9543986723545657 2.4793885241783702 2.5370808318706777 2.8899951950144041 2.9476875027067115 3.2683584213990686 3.3260507290913761 4.4591881610433468 4.5168804687356543 5.0205082995673918 5.0782006072596992;2 2.0714285714285716 2.1860318617080279 2.2574604331365995 2.6506514757400481 2.7220800471686197 2.9420542732630759 3.0134828446916475 3.1102078800580339 3.1816364514866056 3.8316238870779826 3.9030524585065542 4.3399940509702155 4.4114226223987867 4.8084437598274192 4.8798723312559904 6.2828043898631929 6.3542329612917641 6.9777721804167721 7.0492007518453432;3 3.0612244897959182 3.1594558814640239 3.2206803712599421 3.5577012649200412 3.6189257547159595 3.8074750913683504 3.8686995811642686 3.9516067543354572 4.0128312441313758 4.5699633317811275 4.6311878215770461 5.0057091865458982 5.0669336763418169 5.4072375084235018 5.4684619982194205 6.6709751913113084 6.7321996811072271 7.2666618689286624 7.3278863587245811;
