m;7
n;14
P;19
P1;2 4 6 8 10 12 14 16 18
Q;20
M;100
h;1 1 1 1 1 1 1 1 1 1 1 1 1 1 1 1 1 1 1
Vmin;38 38 38 38 38 38 38 38 38 38 38 38 38 38 38 38 38 38 38;49 49 49 49 49 49 49 49 49 49 49 49 49 49 49 49 49 49 49;38 38 38 38 38 38 38 38 38 38 38 38 38 38 38 38 38 38 38;35 35 35 35 35 35 35 35 35 35 35 35 35 35 35 35 35 35 35;34 34 34 34 34 34 34 34 34 34 34 34 34 34 34 34 34 34 34;50 50 50 50 50 50 50 50 50 50 50 50 50 50 50 50 50 50 50;49 49 49 49 49 49 49 49 49 49 49 49 49 49 49 49 49 49 49;52 52 52 52 52 52 52 52 52 52 52 52 52 52 52 52 52 52 52;32 32 32 32 32 32 32 32 32 32 32 32 32 32 32 32 32 32 32;28 28 28 28 28 28 28 28 28 28 28 28 28 28 28 28 28 28 28;48 48 48 48 48 48 48 48 48 48 48 48 48 48 48 48 48 48 48;38 38 38 38 38 38 38 38 38 38 38 38 38 38 38 38 38 38 38;35 35 35 35 35 35 35 35 35 35 35 35 35 35 35 35 35 35 35;44 44 44 44 44 44 44 44 44 44 44 44 44 44 44 44 44 44 44;
Vmax;38 38 38 38 38 38 38 38 38 38 38 38 38 38 38 38 38 38 38;49 49 49 49 49 49 49 49 49 49 49 49 49 49 49 49 49 49 49;38 38 38 38 38 38 38 38 38 38 38 38 38 38 38 38 38 38 38;35 35 35 35 35 35 35 35 35 35 35 35 35 35 35 35 35 35 35;34 34 34 34 34 34 34 34 34 34 34 34 34 34 34 34 34 34 34;50 50 50 50 50 50 50 50 50 50 50 50 50 50 50 50 50 50 50;49 49 49 49 49 49 49 49 49 49 49 49 49 49 49 49 49 49 49;52 52 52 52 52 52 52 52 52 52 52 52 52 52 52 52 52 52 52;32 32 32 32 32 32 32 32 32 32 32 32 32 32 32 32 32 32 32;28 28 28 28 28 28 28 28 28 28 28 28 28 28 28 28 28 28 28;48 48 48 48 48 48 48 48 48 48 48 48 48 48 48 48 48 48 48;38 38 38 38 38 38 38 38 38 38 38 38 38 38 38 38 38 38 38;35 35 35 35 35 35 35 35 35 35 35 35 35 35 35 35 35 35 35;44 44 44 44 44 44 44 44 44 44 44 44 44 44 44 44 44 44 44;
d;3.000 28.732 3.000 11.045 3.000 17.726 3.000 30.345 3.000 6.604 3.000 23.697 3.000 17.818 3.000 48.767 3.000 20.297 3.000
S;6.1850228276276074 6.1060754592065551 5.5719495173865159 5.4930021489654637 4.2096489577098408 4.1307015892887886 3.6618157466802379 3.5828683782591852 2.9592544814323367 2.8803071130112841 2.7065125655441924 2.6275651971231397 1.8290221414336865 1.7500747730126338 1.2836053426778324 1.2046579742567798 0.91399617621912277 0.83504880779807011 0.078947368421052627 0;5.7965483153030428 5.7353238255071242 5.3211037073609715 5.2598792175650528 4.2646257223055901 4.2034012325096715 3.8397754770173265 3.7785509872214083 3.2949320468250769 3.2337075570291587 3.0989281120546797 3.0377036222587614 2.418425334173063 2.3572008443771448 1.99544904126036 1.9342245514644416 1.708813361149524 1.6475888713536055 1.0612244897959184 1;8.1850228276276056 8.1060754592065525 7.5719495173865132 7.493002148965461 6.2096489577098382 6.1307015892887859 5.6618157466802357 5.5828683782591835 4.9592544814323354 4.8803071130112832 4.706512565544192 4.6275651971231397 3.8290221414336867 3.750074773012634 3.2836053426778324 3.2046579742567798 2.9139961762191229 2.8350488077980702 2.0789473684210527 2;9.7151676414242587 9.6294533557099733 9.0495451903053592 8.9638309045910738 7.570476011227826 7.4847617255135406 6.9756856678242567 6.8899713821099713 6.2129048655551076 6.1271905798408222 5.9384993568765516 5.8527850711622662 4.985795467842288 4.9000811821280026 4.3936286577645038 4.3079143720502184 3.9923387056093333 3.9066244198950475 3.0857142857142859 3;10.912672572054385 10.824437277936738 10.227472990020223 10.139237695902576 8.704901776263938 8.6166664821462913 8.0926175992308522 8.0043823051132055 7.3074020674831983 7.2191667733655516 7.0249258085493906 6.9366905144317439 6.0442012168964725 5.9559659227788257 5.4346177359340473 5.3463824418164005 5.0215251381272541 4.9332898440096074 4.0882352941176467 4;9.7006173489969818 9.6406173489969813 9.2346816332137518 9.1746816332137513 8.1993332078594783 8.1393332078594778 7.7829799674769786 7.722979967476979 7.2490334058885741 7.1890334058885745 7.0569495498135852 6.9969495498135856 6.3900568274896008 6.3300568274896012 5.9755400604351516 5.915540060435152 5.6946370939265325 5.6346370939265329 5.0599999999999996 5;10.796548315303044 10.735323825507125 10.321103707360972 10.259879217565054 9.2646257223055919 9.2034012325096732 8.8397754770173282 8.7785509872214096 8.2949320468250782 8.2337075570291596 8.098928112054681 8.0377036222587623 7.4184253341730644 7.3572008443771457 6.9954490412603612 6.9342245514644425 6.7088133611495246 6.647588871353606 6.0612244897959187 6;0 0.078947368421052627 0.87452249200859644 0.9534698604296491 1.2441316584673061 1.3230790268883588 1.7895484572231601 1.8684958256442128 2.6670388813336663 2.7459862497547189 2.9197807972218106 2.9987281656428633 3.6223420624697118 3.7012894308907645 4.1701752734993152 4.2491226419203674 5.5324758331759902 5.6114232015970424 6.1455491434170817 6.2244965118381339;1 1.0612244897959184 1.6782011162515647 1.7394256060474831 1.9648367963624007 2.0260612861583192 2.3878130892751042 2.4490375790710224 3.0683158671567208 3.129540356952639 3.264319801927118 3.3255442917230362 3.8091632321193676 3.8703877219152858 4.2340134774076308 4.2952379672035494 5.2904914624630122 5.3517159522589308 5.7659360704050835 5.8271605602010021;2 2.0789473684210527 2.8745224920085963 2.953469860429649 3.2441316584673059 3.3230790268883585 3.7895484572231601 3.8684958256442128 4.6670388813336663 4.7459862497547185 4.9197807972218097 4.9987281656428619 5.62234206246971 5.7012894308907622 6.1701752734993125 6.2491226419203647 7.5324758331759876 7.6114232015970398 8.1455491434170799 8.224496511838133;3 3.0857142857142859 3.9494815627521906 4.0351958484664765 4.3507715149073611 4.4364858006216465 4.9429383249851453 5.0286526106994307 5.8956422140194089 5.9813564997336943 6.1700477226979649 6.2557620084122503 6.932828524967114 7.0185428106813994 7.5276188683706833 7.6133331540849687 9.0066880474482165 9.0924023331625019 9.672310498567116 9.7580247842814014;4 4.0882352941176467 4.9774074910684307 5.0656427851860775 5.3905000888752239 5.4787353829928707 6.0000835698376491 6.0883188639552959 6.9808081614905673 7.069043455608214 7.2632844204243749 7.3515197145420217 8.048499952172028 8.1367352462896747 8.6607841292051138 8.7490194233227605 10.183355342961399 10.271590637079045 10.868554924995561 10.956790219113207;5 5.0599999999999996 5.6646370939265331 5.7246370939265327 5.9455400604351523 6.0055400604351519 6.3600568274896006 6.4200568274896002 7.026949549813585 7.0869495498135846 7.2190334058885739 7.2790334058885735 7.7529799674769784 7.812979967476978 8.1693332078594771 8.2293332078594776 9.2046816332137507 9.2646816332137512 9.6706173489969807 9.7306173489969812;6 6.0612244897959187 6.6782011162515644 6.7394256060474831 6.9648367963624009 7.0260612861583196 7.3878130892751042 7.4490375790710228 8.0683158671567217 8.1295403569526403 8.2643198019271189 8.3255442917230376 8.8091632321193689 8.8703877219152876 9.2340134774076326 9.2952379672035512 10.290491462463013 10.351715952258932 10.765936070405084 10.827160560201003;
