m;2
n;4
P;19
P1;2 4 6 8 10 12 14 16 18
Q;20
M;100
h;1 1 1 1 1 1 1 1 1 1 1 1 1 1 1 1 1 1 1
Vmin;40 40 40 40 40 40 40 40 40 40 40 40 40 40 40 40 40 40 40;52 52 52 52 52 52 52 52 52 52 52 52 52 52 52 52 52 52 52;28 28 28 28 28 28 28 28 28 28 28 28 28 28 28 28 28 28 28;33 33 33 33 33 33 33 33 33 33 33 33 33 33 33 33 33 33 33;
Vmax;40 40 40 40 40 40 40 40 40 40 40 40 40 40 40 40 40 40 40;52 52 52 52 52 52 52 52 52 52 52 52 52 52 52 52 52 52 52;28 28 28 28 28 28 28 28 28 28 28 28 28 28 28 28 28 28 28;33 33 33 33 33 33 33 33 33 33 33 33 33 33 33 33 33 33 33;
d;3.000 24.338 3.000 5.832 3.000 16.975 3.000 13.814 3.000 31.737 3.000 6.057 3.000 19.727 3.000 14.074 3.000 17.964 3.000
S;4.5129204443589677 4.4379204443589675 3.9888239761782995 3.9138239761782994 3.5619781432213249 3.4869781432213247 2.9938025404689812 2.918802540468981 2.7673754619487538 2.6923754619487537 1.8989451146894709 1.823945114689471 1.4786029961174967 1.4036029961174967 0.97923161449135565 0.9042316144913557 0.75843924303157384 0.68343924303157388 0.074999999999999997 0;4.4714772648915124 4.4137849571992049 4.0683261355217679 4.0106338278294604 3.7399831870933262 3.6822908794010187 3.3029250311299854 3.2452327234376779 3.1287503553451952 3.0710580476528877 2.4607270112995931 2.4030347036072857 2.1373869200903823 2.0796946123980748 1.7532550880702737 1.695562780377966 1.5834148023319801 1.5257224946396724 1.0576923076923077 1;0 0.074999999999999997 0.72093924303157386 0.79593924303157382 0.94173161449135567 1.0167316144913556 1.4411029961174968 1.5161029961174968 1.861445114689471 1.936445114689471 2.7298754619487537 2.8048754619487539 2.9563025404689811 3.0313025404689813 3.5244781432213248 3.599478143221325 3.9513239761782994 4.0263239761782996 4.475420444358968 4.5504204443589682;1 1.0576923076923077 1.5545686484858261 1.6122609561781338 1.7244089342241198 1.7821012419164275 2.1085407662442286 2.1662330739365361 2.4318808574534394 2.4895731651457469 3.099904201499041 3.1575965091913485 3.2740788772838312 3.3317711849761387 3.711137033247172 3.7688293409394795 4.0394799816756137 4.0971722893679212 4.4426311110453582 4.5003234187376657;
