m;8
n;16
P;19
P1;2 4 6 8 10 12 14 16 18
Q;20
M;100
h;1 1 1 1 1 1 1 1 1 1 1 1 1 1 1 1 1 1 1
Vmin;52 52 52 52 52 52 52 52 52 52 52 52 52 52 52 52 52 52 52;51 51 51 51 51 51 51 51 51 51 51 51 51 51 51 51 51 51 51;40 40 40 40 40 40 40 40 40 40 40 40 40 40 40 40 40 40 40;33 33 33 33 33 33 33 33 33 33 33 33 33 33 33 33 33 33 33;47 47 47 47 47 47 47 47 47 47 47 47 47 47 47 47 47 47 47;48 48 48 48 48 48 48 48 48 48 48 48 48 48 48 48 48 48 48;36 36 36 36 36 36 36 36 36 36 36 36 36 36 36 36 36 36 36;42 42 42 42 42 42 42 42 42 42 42 42 42 42 42 42 42 42 42;50 50 50 50 50 50 50 50 50 50 50 50 50 50 50 50 50 50 50;47 47 47 47 47 47 47 47 47 47 47 47 47 47 47 47 47 47 47;35 35 35 35 35 35 35 35 35 35 35 35 35 35 35 35 35 35 35;42 42 42 42 42 42 42 42 42 42 42 42 42 42 42 42 42 42 42;28 28 28 28 28 28 28 28 28 28 28 28 28 28 28 28 28 28 28;52 52 52 52 52 52 52 52 52 52 52 52 52 52 52 52 52 52 52;46 46 46 46 46 46 46 46 46 46 46 46 46 46 46 46 46 46 46;44 44 44 44 44 44 44 44 44 44 44 44 44 44 44 44 44 44 44;
Vmax;52 52 52 52 52 52 52 52 52 52 52 52 52 52 52 52 52 52 52;51 51 51 51 51 51 51 51 51 51 51 51 51 51 51 51 51 51 51;40 40 40 40 40 40 40 40 40 40 40 40 40 40 40 40 40 40 40;33 33 33 33 33 33 33 33 33 33 33 33 33 33 33 33 33 33 33;47 47 47 47 47 47 47 47 47 47 47 47 47 47 47 47 47 47 47;48 48 48 48 48 48 48 48 48 48 48 48 48 48 48 48 48 48 48;36 36 36 36 36 36 36 36 36 36 36 36 36 36 36 36 36 36 36;42 42 42 42 42 42 42 42 42 42 42 42 42 42 42 42 42 42 42;50 50 50 50 50 50 50 50 50 50 50 50 50 50 50 50 50 50 50;47 47 47 47 47 47 47 47 47 47 47 47 47 47 47 47 47 47 47;35 35 35 35 35 35 35 35 35 35 35 35 35 35 35 35 35 35 35;42 42 42 42 42 42 42 42 42 42 42 42 42 42 42 42 42 42 42;28 28 28 28 28 28 28 28 28 28 28 28 28 28 28 28 28 28 28;52 52 52 52 52 52 52 52 52 52 52 52 52 52 52 52 52 52 52;46 46 46 46 46 46 46 46 46 46 46 46 46 46 46 46 46 46 46;44 44 44 44 44 44 44 44 44 44 44 44 44 44 44 44 44 44 44;
d;3.000 21.388 3.000 12.600 3.000 5.586 3.000 8.069 3.000 8.669 3.000 28.243 3.000 5.411 3.000 6.157 3.000 28.059 3.000
S;2.9650584671340559 2.9073661594417484 2.3677604057908725 2.3100680980985651 2.1916621141909221 2.1339698064986146 2.0299097453148365 1.972217437622529 1.4290847298388414 1.3713924221465337 1.2046781134839795 1.1469858057916718 0.99182086008611381 0.9341285523938061 0.82670609423412977 0.76901378654182206 0.52670062074854596 0.4690083130562383 0.057692307692307696 0;4.0231968684504089 3.9643733390386444 3.4141870804142225 3.355363551002458 3.2346358811358416 3.1758123517240771 3.0697118971837543 3.0108883677719898 2.4571059990513673 2.3982824696396028 2.2282992529640575 2.169475723552293 2.0112683279309396 1.9524447985191749 1.8429160176504853 1.7840924882387206 1.5370280839004782 1.4782045544887135 1.0588235294117647 1;5.8545760072742752 5.779576007274275 5.0780885275281369 5.0030885275281367 4.8491607484482007 4.7741607484482005 4.6388826689092886 4.5638826689092884 3.8578101487904948 3.7828101487904946 3.5660815475291741 3.4910815475291739 3.2893671181119486 3.2143671181119484 3.074717922504369 2.9997179225043689 2.68471080697311 2.6097108069731099 2.0750000000000002 2;7.6722133421506342 7.5813042512415434 6.7310163970037999 6.6401073060947091 6.4535281799372104 6.3626190890281196 6.1986456592839847 6.1077365683748939 5.2518910894430224 5.1609819985339316 4.8982806636717253 4.8073715727626345 4.5628692340750883 4.4719601431659974 4.302688390914386 4.2117793000052952 3.8299524933007389 3.7390434023916481 3.0909090909090908 3;7.2804902189568281 7.2166604317227856 6.6196498106622421 6.5558200234281996 6.4248176582537857 6.3609878710197432 6.2458575905610951 6.1820278033270526 5.5811150202472284 5.5172852330131859 5.3328353595992963 5.2690055723652538 5.0973337175420834 5.0335039303080409 4.9146535510675475 4.850823763833505 4.5827326016792425 4.5189028144451999 4.0638297872340425 4;8.2121466727285597 8.1496466727285597 7.5650737729401119 7.5025737729401119 7.3743006237068318 7.3118006237068318 7.1990688907577391 7.1365688907577391 6.5481751239920776 6.4856751239920776 6.3050679562743106 6.2425679562743106 6.074472598426623 6.011972598426623 5.8955982687536403 5.8330982687536403 5.570592339144258 5.508092339144258 5.0625 5;10.282862230304747 10.199528896971414 9.4200983639201485 9.3367650305868146 9.1657341649424406 9.0824008316091067 8.9320918543436498 8.8487585210103159 8.0642334986561011 7.980900165322768 7.7400906083657457 7.6567572750324127 7.4326301312354959 7.3492967979021628 7.1941310250048529 7.1107976916715199 6.7607897855256764 6.6774564521923434 6.083333333333333 6;10.671024768832636 10.599596197404065 9.9315128833601243 9.8600843119315531 9.7134864270935193 9.6420578556649481 9.5132215894374141 9.441793018008843 8.7693429988480869 8.6979144274195157 8.491506235742067 8.4200776643134958 8.2279686839161386 8.1565401124875674 8.023540878575588 7.9521123071470168 7.6521055304505801 7.5806769590220089 7.0714285714285712 7;0 0.057692307692307696 0.49785446690239216 0.55554677459469981 0.79785994038797592 0.85555224808028363 0.96297470623995995 1.0206670139322676 1.1758319596378255 1.2335242673301332 1.4002385759926874 1.4579308836849951 2.0010635914686827 2.0587558991609902 2.1628159603447683 2.2205082680370758 2.3389142519447188 2.3966065596370263 2.9362123132879017 2.9939046209802092;1 1.0588235294117647 1.5076163191945959 1.5664398486063607 1.813504252944603 1.8723277823563678 1.9818565632250573 2.0406800926368218 2.1988874882581753 2.2577110176699398 2.427694234345485 2.4865177637572495 3.040300132477872 3.0991236618896365 3.2052241164299593 3.2640476458417238 3.3847753157083402 3.4435988451201047 3.9937851037445267 4.0526086331562912;2 2.0750000000000002 2.64721080697311 2.7222108069731101 3.0372179225043689 3.1122179225043691 3.2518671181119485 3.3268671181119487 3.528581547529174 3.6035815475291741 3.8203101487904947 3.8953101487904949 4.6013826689092889 4.6763826689092891 4.811660748448201 4.8866607484482012 5.0405885275281372 5.1155885275281374 5.8170760072742755 5.8920760072742757;3 3.0909090909090908 3.7844979478461935 3.8754070387552844 4.2572338454598411 4.3481429363689319 4.5174146886205433 4.6083237795296341 4.8528261182171804 4.9437352091262712 5.2064365439884774 5.2973456348975683 6.1531911138294397 6.2441002047385306 6.4080736344826654 6.4989827253917563 6.685561851549255 6.7764709424583458 7.6267587966960892 7.7176678876051801;4 4.0638297872340425 4.5508177080622207 4.6146474952962633 4.8827386574505258 4.9465684446845684 5.0654188239250617 5.1292486111591042 5.3009204659822746 5.3647502532163172 5.5492001266302067 5.6130299138642492 6.2139426969440734 6.277772484178116 6.392902764636764 6.4567325518708065 6.5877349170452204 6.6515647042792629 7.2485753253398064 7.312405112573849;5 5.0625 5.539342339144258 5.601842339144258 5.8643482687536403 5.9268482687536403 6.043222598426623 6.105722598426623 6.2738179562743106 6.3363179562743106 6.5169251239920776 6.5794251239920776 7.1678188907577391 7.2303188907577391 7.3430506237068318 7.4055506237068318 7.5338237729401119 7.5963237729401119 8.1808966727285597 8.2433966727285597;6 6.083333333333333 6.7191231188590104 6.8024564521923434 7.1524643583381868 7.2357976916715199 7.3909634645688298 7.4742967979021628 7.6984239416990796 7.7817572750324127 8.022566831989435 8.1059001653227689 8.8904251876769838 8.9737585210103177 9.1240674982757746 9.2074008316091085 9.3784316972534825 9.4617650305868164 10.241195563638081 10.324528896971415;7 7.0714285714285712 7.6163912447362945 7.6878198161648656 7.9878265928613024 8.0592551642898744 8.1922543982018539 8.263682969630425 8.4557919500277823 8.5272205214563535 8.7336287131338022 8.8050572845623734 9.4775073037231294 9.5489358751517006 9.6777721413792346 9.7492007128078058 9.8957985976458396 9.9672271690744108 10.635310483118353 10.706739054546924;
