m;1
n;2
P;19
P1;2 4 6 8 10 12 14 16 18
Q;20
M;100
h;1 1 1 1 1 1 1 1 1 1 1 1 1 1 1 1 1 1 1
Vmin;28 28 28 28 28 28 28 28 28 28 28 28 28 28 28 28 28 28 28;52 52 52 52 52 52 52 52 52 52 52 52 52 52 52 52 52 52 52;
Vmax;28 28 28 28 28 28 28 28 28 28 28 28 28 28 28 28 28 28 28;52 52 52 52 52 52 52 52 52 52 52 52 52 52 52 52 52 52 52;
d;3.000 16.872 3.000 7.951 3.000 19.428 3.000 12.024 3.000 26.490 3.000 15.240 3.000 8.050 3.000 13.142 3.000 3.303 3.000
S;5.4464332833159199 5.3392904261730632 5.2213172757348776 5.1141744185920208 4.6448145290142486 4.5376716718713919 4.2501619293479438 4.143019072205087 3.5987349714143662 3.491592114271509 2.5455167904507117 2.4383739333078545 2.0089547102723566 1.9018118531294994 1.2079572321647101 1.1008143750218529 0.81685151077874063 0.70970865363588354 0.10714285714285714 0;0 0.10714285714285714 0.76328008220731214 0.87042293935016923 1.1543858035932812 1.2615286607361385 1.9553832817009278 2.062526138843785 2.4919453618792828 2.59908821902214 3.5451635428429373 3.6523063999857945 4.196590500776515 4.3037333579193717 4.5912431004428198 4.6983859575856766 5.1677458471634488 5.2748887043063055 5.3928618547444911 5.5000047118873479;
