m;3
n;6
P;39
P1;2 4 6 8 10 12 14 16 18 20 22 24 26 28 30 32 34 36 38
Q;40
M;100
h;1 1 1 1 1 1 1 1 1 1 1 1 1 1 1 1 1 1 1 1 1 1 1 1 1 1 1 1 1 1 1 1 1 1 1 1 1 1 1
Vmin;40 40 40 40 40 40 40 40 40 40 40 40 40 40 40 40 40 40 40 40 40 40 40 40 40 40 40 40 40 40 40 40 40 40 40 40 40 40 40;40 40 40 40 40 40 40 40 40 40 40 40 40 40 40 40 40 40 40 40 40 40 40 40 40 40 40 40 40 40 40 40 40 40 40 40 40 40 40;40 40 40 40 40 40 40 40 40 40 40 40 40 40 40 40 40 40 40 40 40 40 40 40 40 40 40 40 40 40 40 40 40 40 40 40 40 40 40;40 40 40 40 40 40 40 40 40 40 40 40 40 40 40 40 40 40 40 40 40 40 40 40 40 40 40 40 40 40 40 40 40 40 40 40 40 40 40;40 40 40 40 40 40 40 40 40 40 40 40 40 40 40 40 40 40 40 40 40 40 40 40 40 40 40 40 40 40 40 40 40 40 40 40 40 40 40;40 40 40 40 40 40 40 40 40 40 40 40 40 40 40 40 40 40 40 40 40 40 40 40 40 40 40 40 40 40 40 40 40 40 40 40 40 40 40;
Vmax;40 40 40 40 40 40 40 40 40 40 40 40 40 40 40 40 40 40 40 40 40 40 40 40 40 40 40 40 40 40 40 40 40 40 40 40 40 40 40;40 40 40 40 40 40 40 40 40 40 40 40 40 40 40 40 40 40 40 40 40 40 40 40 40 40 40 40 40 40 40 40 40 40 40 40 40 40 40;40 40 40 40 40 40 40 40 40 40 40 40 40 40 40 40 40 40 40 40 40 40 40 40 40 40 40 40 40 40 40 40 40 40 40 40 40 40 40;40 40 40 40 40 40 40 40 40 40 40 40 40 40 40 40 40 40 40 40 40 40 40 40 40 40 40 40 40 40 40 40 40 40 40 40 40 40 40;40 40 40 40 40 40 40 40 40 40 40 40 40 40 40 40 40 40 40 40 40 40 40 40 40 40 40 40 40 40 40 40 40 40 40 40 40 40 40;40 40 40 40 40 40 40 40 40 40 40 40 40 40 40 40 40 40 40 40 40 40 40 40 40 40 40 40 40 40 40 40 40 40 40 40 40 40 40;
d;3 36.8421052631579 3 36.8421052631579 3 36.8421052631579 3 36.8421052631579 3 36.8421052631579 3 36.8421052631579 3 36.8421052631579 3 36.8421052631579 3 36.8421052631579 3 36.8421052631579 3 36.8421052631579 3 36.8421052631579 3 36.8421052631579 3 36.8421052631579 3 36.8421052631579 3 36.8421052631579 3 36.8421052631579 3 36.8421052631579 3 36.8421052631579 3
S;18.999999999999996 18.924999999999997 18.003947368421048 17.928947368421049 17.007894736842101 16.932894736842101 16.011842105263153 15.936842105263151 15.015789473684205 14.940789473684205 14.019736842105258 13.944736842105259 13.023684210526312 12.948684210526313 12.027631578947366 11.952631578947367 11.03157894736842 10.956578947368421 10.035526315789474 9.9605263157894743 9.0394736842105274 8.9644736842105281 8.0434210526315812 7.968421052631582 7.0473684210526342 6.972368421052634 6.0513157894736862 5.976315789473686 5.0552631578947382 4.9802631578947381 4.0592105263157903 3.9842105263157901 3.0631578947368427 2.9881578947368426 2.0671052631578952 1.992105263157895 1.0710526315789475 0.99605263157894741 0.074999999999999997 0;19.166666666666661 19.091666666666661 18.170614035087713 18.095614035087713 17.174561403508765 17.099561403508766 16.178508771929817 16.103508771929818 15.182456140350871 15.107456140350871 14.186403508771924 14.111403508771925 13.190350877192978 13.115350877192979 12.194298245614032 12.119298245614033 11.198245614035086 11.123245614035087 10.20219298245614 10.12719298245614 9.2061403508771935 9.1311403508771942 8.2100877192982473 8.135087719298248 7.2140350877193011 7.139035087719301 6.2179824561403532 6.142982456140353 5.2219298245614052 5.146929824561405 4.2258771929824572 4.1508771929824571 3.2298245614035093 3.1548245614035091 2.2337719298245617 2.1587719298245616 1.237719298245614 1.162719298245614 0.24166666666666664 0.16666666666666666;19.333333333333329 19.258333333333329 18.337280701754381 18.262280701754381 17.341228070175433 17.266228070175433 16.345175438596485 16.270175438596485 15.349122807017537 15.274122807017537 14.353070175438591 14.278070175438591 13.357017543859644 13.282017543859645 12.360964912280698 12.285964912280699 11.364912280701752 11.289912280701753 10.368859649122806 10.293859649122806 9.3728070175438596 9.2978070175438603 8.3767543859649134 8.3017543859649141 7.3807017543859672 7.305701754385967 6.3846491228070192 6.3096491228070191 5.3885964912280713 5.3135964912280711 4.3925438596491233 4.3175438596491231 3.3964912280701758 3.3214912280701756 2.4004385964912283 2.3254385964912281 1.4043859649122807 1.3293859649122808 0.40833333333333333 0.33333333333333331;0 0.074999999999999997 0.99605263157894741 1.0710526315789475 1.992105263157895 2.0671052631578952 2.9881578947368426 3.0631578947368427 3.9842105263157901 4.0592105263157903 4.9802631578947381 5.0552631578947382 5.976315789473686 6.0513157894736862 6.972368421052634 7.0473684210526342 7.968421052631582 8.0434210526315812 8.9644736842105281 9.0394736842105274 9.9605263157894743 10.035526315789474 10.956578947368421 11.03157894736842 11.952631578947367 12.027631578947366 12.948684210526313 13.023684210526312 13.944736842105259 14.019736842105258 14.940789473684205 15.015789473684205 15.936842105263151 16.011842105263153 16.932894736842101 17.007894736842101 17.928947368421049 18.003947368421048 18.924999999999997 18.999999999999996;0.16666666666666666 0.24166666666666664 1.162719298245614 1.237719298245614 2.1587719298245616 2.2337719298245617 3.1548245614035091 3.2298245614035093 4.1508771929824571 4.2258771929824572 5.146929824561405 5.2219298245614052 6.142982456140353 6.2179824561403532 7.139035087719301 7.2140350877193011 8.135087719298248 8.2100877192982473 9.1311403508771942 9.2061403508771935 10.12719298245614 10.20219298245614 11.123245614035087 11.198245614035086 12.119298245614033 12.194298245614032 13.115350877192979 13.190350877192978 14.111403508771925 14.186403508771924 15.107456140350871 15.182456140350871 16.103508771929818 16.178508771929817 17.099561403508766 17.174561403508765 18.095614035087713 18.170614035087713 19.091666666666661 19.166666666666661;0.33333333333333331 0.40833333333333333 1.3293859649122808 1.4043859649122807 2.3254385964912281 2.4004385964912283 3.3214912280701756 3.3964912280701758 4.3175438596491231 4.3925438596491233 5.3135964912280711 5.3885964912280713 6.3096491228070191 6.3846491228070192 7.305701754385967 7.3807017543859672 8.3017543859649141 8.3767543859649134 9.2978070175438603 9.3728070175438596 10.293859649122806 10.368859649122806 11.289912280701753 11.364912280701752 12.285964912280699 12.360964912280698 13.282017543859645 13.357017543859644 14.278070175438591 14.353070175438591 15.274122807017537 15.349122807017537 16.270175438596485 16.345175438596485 17.266228070175433 17.341228070175433 18.262280701754381 18.337280701754381 19.258333333333329 19.333333333333329;
