m;5
n;10
P;39
P1;2 4 6 8 10 12 14 16 18 20 22 24 26 28 30 32 34 36 38
Q;40
M;100
h;1 1 1 1 1 1 1 1 1 1 1 1 1 1 1 1 1 1 1 1 1 1 1 1 1 1 1 1 1 1 1 1 1 1 1 1 1 1 1
Vmin;52 52 52 52 52 52 52 52 52 52 52 52 52 52 52 52 52 52 52 52 52 52 52 52 52 52 52 52 52 52 52 52 52 52 52 52 52 52 52;38 38 38 38 38 38 38 38 38 38 38 38 38 38 38 38 38 38 38 38 38 38 38 38 38 38 38 38 38 38 38 38 38 38 38 38 38 38 38;44 44 44 44 44 44 44 44 44 44 44 44 44 44 44 44 44 44 44 44 44 44 44 44 44 44 44 44 44 44 44 44 44 44 44 44 44 44 44;45 45 45 45 45 45 45 45 45 45 45 45 45 45 45 45 45 45 45 45 45 45 45 45 45 45 45 45 45 45 45 45 45 45 45 45 45 45 45;38 38 38 38 38 38 38 38 38 38 38 38 38 38 38 38 38 38 38 38 38 38 38 38 38 38 38 38 38 38 38 38 38 38 38 38 38 38 38;28 28 28 28 28 28 28 28 28 28 28 28 28 28 28 28 28 28 28 28 28 28 28 28 28 28 28 28 28 28 28 28 28 28 28 28 28 28 28;38 38 38 38 38 38 38 38 38 38 38 38 38 38 38 38 38 38 38 38 38 38 38 38 38 38 38 38 38 38 38 38 38 38 38 38 38 38 38;42 42 42 42 42 42 42 42 42 42 42 42 42 42 42 42 42 42 42 42 42 42 42 42 42 42 42 42 42 42 42 42 42 42 42 42 42 42 42;52 52 52 52 52 52 52 52 52 52 52 52 52 52 52 52 52 52 52 52 52 52 52 52 52 52 52 52 52 52 52 52 52 52 52 52 52 52 52;44 44 44 44 44 44 44 44 44 44 44 44 44 44 44 44 44 44 44 44 44 44 44 44 44 44 44 44 44 44 44 44 44 44 44 44 44 44 44;
Vmax;52 52 52 52 52 52 52 52 52 52 52 52 52 52 52 52 52 52 52 52 52 52 52 52 52 52 52 52 52 52 52 52 52 52 52 52 52 52 52;38 38 38 38 38 38 38 38 38 38 38 38 38 38 38 38 38 38 38 38 38 38 38 38 38 38 38 38 38 38 38 38 38 38 38 38 38 38 38;44 44 44 44 44 44 44 44 44 44 44 44 44 44 44 44 44 44 44 44 44 44 44 44 44 44 44 44 44 44 44 44 44 44 44 44 44 44 44;45 45 45 45 45 45 45 45 45 45 45 45 45 45 45 45 45 45 45 45 45 45 45 45 45 45 45 45 45 45 45 45 45 45 45 45 45 45 45;38 38 38 38 38 38 38 38 38 38 38 38 38 38 38 38 38 38 38 38 38 38 38 38 38 38 38 38 38 38 38 38 38 38 38 38 38 38 38;28 28 28 28 28 28 28 28 28 28 28 28 28 28 28 28 28 28 28 28 28 28 28 28 28 28 28 28 28 28 28 28 28 28 28 28 28 28 28;38 38 38 38 38 38 38 38 38 38 38 38 38 38 38 38 38 38 38 38 38 38 38 38 38 38 38 38 38 38 38 38 38 38 38 38 38 38 38;42 42 42 42 42 42 42 42 42 42 42 42 42 42 42 42 42 42 42 42 42 42 42 42 42 42 42 42 42 42 42 42 42 42 42 42 42 42 42;52 52 52 52 52 52 52 52 52 52 52 52 52 52 52 52 52 52 52 52 52 52 52 52 52 52 52 52 52 52 52 52 52 52 52 52 52 52 52;44 44 44 44 44 44 44 44 44 44 44 44 44 44 44 44 44 44 44 44 44 44 44 44 44 44 44 44 44 44 44 44 44 44 44 44 44 44 44;
d;3.000 12.611 3.000 27.265 3.000 19.799 3.000 46.074 3.000 12.998 3.000 87.008 3.000 10.115 3.000 22.975 3.000 45.958 3.000 38.373 3.000 39.311 3.000 7.987 3.000 3.059 3.000 12.701 3.000 12.815 3.000 25.078 3.000 23.506 3.000 21.531 3.000 19.795 3.000
S;0.29284915958239777 0.29188762112085936 0.2855429851330632 0.28458144667152474 0.27768050485303558 0.27671896639149712 0.26918503219365419 0.26822349373211574 0.26018581371602895 0.25922427525449049 0.2551169784653069 0.25415544000376838 0.25008460090546963 0.24912306244393115 0.24814258420327284 0.24718104574173436 0.24462120299458992 0.24365966453305143 0.23105991779200699 0.23009837933046853 0.21779929903611073 0.21683776057457224 0.20210764780554039 0.2011461093440019 0.19378220673077365 0.19282066826923519 0.18957865656538775 0.18861711810384926 0.16072981077490725 0.15976827231336879 0.15560216442545277 0.15464062596391429 0.13987343711288808 0.13891189865134959 0.13256613995900426 0.13160460149746581 0.12286570070636385 0.12190416224482539 0.11786211223592559 0.11690057377438713;0.45112190508407107 0.44980611561038686 0.44112398215340265 0.43980819267971849 0.43036479861231225 0.42904900913862803 0.41873941497315881 0.41742362549947465 0.4064246949511453 0.40510890547746115 0.3994883940817362 0.39817260460805204 0.39260198268406415 0.39128619321038 0.38994448614421601 0.38862869667053179 0.38512575396391308 0.38380996449022892 0.36656820579195754 0.36525241631827332 0.34842209591546791 0.34710630644178375 0.3269493100210033 0.32563352054731909 0.31555660118184892 0.3142408117081647 0.30980437463974192 0.3084885851660577 0.27032700671592658 0.26901121724224242 0.26331022750088368 0.26199443802719941 0.2417867059152688 0.24047091644158458 0.23178724665205941 0.23047145717837519 0.2185129613589725 0.21719717188528828 0.21166594555732013 0.21035015608363591;0.6320682151677588 0.63093185153139508 0.62343364536399959 0.62229728172763599 0.61414162321487598 0.61300525957851237 0.6041015191628798 0.60296515552651608 0.59346607914386806 0.59232971550750446 0.58747563748392373 0.58633927384756013 0.58152828218593422 0.58039191854957062 0.57923317153788345 0.57809680790151985 0.57507153920034915 0.57393517556398543 0.55904456577911465 0.55790820214275105 0.54337292543123727 0.54223656179487356 0.5248282467041997 0.52369188306783598 0.51498908907038443 0.51385272543402083 0.51002125705674661 0.50888489342038301 0.47592716657708789 0.47479080294072429 0.46986722089136901 0.46873085725500541 0.45127872497651988 0.45014236134015628 0.44264282834011176 0.44150646470374816 0.43117867285971856 0.43004230922335496 0.42526534103101887 0.42412897739465527;0.71602171166131034 0.71491060055019917 0.7075790211865236 0.70646791007541243 0.69849348841849168 0.69738237730738051 0.68867649778987305 0.68756538667876188 0.67827740088239497 0.67716628977128379 0.67242008014822707 0.6713089690371159 0.66660488830130393 0.66549377719019276 0.66436078011209865 0.66324966900098759 0.66029162849317624 0.65918051738206507 0.64462081003685812 0.64350969892574694 0.62929742836337788 0.6281863172522667 0.61116485360805206 0.61005374249694089 0.6015443439216549 0.60043323281054373 0.59668690817498671 0.59557579706387564 0.56335046415043155 0.56223935303932038 0.55742518392439522 0.55631407281328404 0.53924976569654259 0.53813865458543142 0.53080577787427674 0.52969466676316568 0.51959638140455899 0.51848527029344782 0.5138144569498303 0.51270334583871924;1.0148764478666701 1.0135606583929859 1.0048785249360017 1.0035627354623176 0.9941193413949112 0.99280355192122693 0.98249395775575765 0.98117816828207338 0.97017923773374404 0.96886344826005977 0.96324293686433482 0.96192714739065055 0.95635652546666283 0.95504073599297856 0.95369902892681457 0.9523832394531303 0.94888029674651153 0.94756450727282737 0.93032274857455599 0.92900695910087172 0.91217663869806631 0.91086084922438215 0.89070385280360165 0.88938806332991738 0.8793111439644471 0.87799535449076282 0.87355891742234004 0.87224312794865577 0.83408154949852464 0.83276576002484037 0.82706477028348169 0.82574898080979742 0.80554124869786692 0.80422545922418265 0.79554178943465748 0.79422599996097321 0.78226750414157054 0.78095171466788627 0.77542048833991817 0.7741046988662339;0.88589765929874276 0.8868591977602811 0.89138201699995012 0.89234355546148858 0.90108245625259054 0.90204399471412899 0.90838975340647432 0.90935129186801278 0.92411848071903901 0.92508001918057736 0.92924612706849341 0.93020766553003187 0.95809497285897394 0.95905651132051228 0.96229852302435981 0.96326006148589827 0.97062396409912644 0.97158550256066489 0.98631561532969669 0.98727715379123515 0.99957623408559304 1.0005377725471314 1.013137519288176 1.0140990577497144 1.0166589004968589 1.0176204389583974 1.0186009171990558 1.019562455660594 1.0236332947588929 1.0245948332204313 1.0287021300096151 1.0296636684711535 1.0377013484872402 1.0386628869487786 1.0461968211466215 1.0471583596081599 1.0540593014266491 1.0550208398881875 1.0613654758759836 1.0623270143375221;1.0544165813675557 1.0557323708412401 1.0619214919060502 1.0632372813797344 1.0751957771991372 1.0765115666728213 1.0851952364623465 1.0865110259360307 1.1067187580479614 1.1080345475216455 1.1137355372630044 1.1150513267366888 1.1532129051868198 1.154528694660504 1.1589651317289269 1.1602809212026111 1.1703578405680812 1.1716736300417656 1.191830626462546 1.1931464159362302 1.2099767363390357 1.2112925258127198 1.2285342845109912 1.2298500739846754 1.233353016691294 1.2346688061649784 1.2360105132311423 1.2373263027048265 1.2428969246288142 1.2442127141024986 1.2498332254982236 1.2511490149719078 1.2621479455202371 1.2634637349939213 1.2737733291593905 1.2750891186330748 1.284532512700481 1.2858483021741653 1.2945304356311496 1.2958462251048339;1.1229719738878219 1.1241083375241854 1.1294534875347035 1.130589851171067 1.1409176430150967 1.1420540066514602 1.1495535396515046 1.1506899032878684 1.1681420355663539 1.1692783992027174 1.1742019812520725 1.1753383448884362 1.2082960717317313 1.2094324353680947 1.213263903745369 1.2144002673817327 1.2231030613791842 1.2242394250155477 1.2416477401062216 1.2427841037425853 1.257319380454099 1.2584557440904625 1.2733463538753331 1.2744827175116966 1.2775079862128673 1.2786443498492308 1.2798030968609178 1.2809394604972815 1.2857504521589074 1.2868868157952709 1.2917408938188515 1.292877257455215 1.3023763338378631 1.3035126974742266 1.3124164378898591 1.3135528015262226 1.3217084600389828 1.3228448236753463 1.3303430298427417 1.3314793934791054;1.2263196610693607 1.2274307721804718 1.232657141079645 1.233768252190756 1.2438665375493627 1.2449776486604738 1.2523105253716282 1.2534216364827393 1.2704859435994809 1.2715970547105919 1.276411223825517 1.277522334936628 1.3097476678500721 1.3108587789611832 1.3146051035967403 1.3157162147078514 1.3242256132831374 1.3253367243942484 1.3423581880384632 1.3434692991495742 1.3576815697119431 1.3587926808230542 1.373352388168261 1.3744634992793721 1.3774215397871834 1.3785326508982945 1.3796656479763885 1.3807767590874995 1.3854808398233116 1.3865919509344227 1.3913381605574791 1.3924492716685901 1.4017372574649574 1.4028483685760684 1.4115542480935757 1.4126653592046867 1.4206397808616074 1.4217508919727184 1.4290824713363939 1.4301935824475049;1.4280266512541715 1.4293424407278557 1.4355315617926658 1.4368473512663502 1.448805847085753 1.4501216365594372 1.4588053063489623 1.4601210958226465 1.4803288279345772 1.4816446174082614 1.4873456071496203 1.4886613966233044 1.5268229750734357 1.5281387645471198 1.5325752016155427 1.5338909910892269 1.5439679104546971 1.5452836999283812 1.5654406963491616 1.566756485822846 1.5835868062256513 1.5849025956993357 1.6021443543976068 1.6034601438712912 1.6069630865779099 1.608278876051594 1.6096205831177579 1.6109363725914423 1.61650699451543 1.6178227839891144 1.6234432953848392 1.6247590848585236 1.6357580154068529 1.6370738048805371 1.6473833990460063 1.6486991885196904 1.6581425825870968 1.659458372060781 1.6681405055177654 1.6694562949914495;
