m;4
n;8
P;39
P1;2 4 6 8 10 12 14 16 18 20 22 24 26 28 30 32 34 36 38
Q;40
M;100
h;1 1 1 1 1 1 1 1 1 1 1 1 1 1 1 1 1 1 1 1 1 1 1 1 1 1 1 1 1 1 1 1 1 1 1 1 1 1 1
Vmin;52 52 52 52 52 52 52 52 52 52 52 52 52 52 52 52 52 52 52 52 52 52 52 52 52 52 52 52 52 52 52 52 52 52 52 52 52 52 52;40 40 40 40 40 40 40 40 40 40 40 40 40 40 40 40 40 40 40 40 40 40 40 40 40 40 40 40 40 40 40 40 40 40 40 40 40 40 40;28 28 28 28 28 28 28 28 28 28 28 28 28 28 28 28 28 28 28 28 28 28 28 28 28 28 28 28 28 28 28 28 28 28 28 28 28 28 28;45 45 45 45 45 45 45 45 45 45 45 45 45 45 45 45 45 45 45 45 45 45 45 45 45 45 45 45 45 45 45 45 45 45 45 45 45 45 45;33 33 33 33 33 33 33 33 33 33 33 33 33 33 33 33 33 33 33 33 33 33 33 33 33 33 33 33 33 33 33 33 33 33 33 33 33 33 33;30 30 30 30 30 30 30 30 30 30 30 30 30 30 30 30 30 30 30 30 30 30 30 30 30 30 30 30 30 30 30 30 30 30 30 30 30 30 30;42 42 42 42 42 42 42 42 42 42 42 42 42 42 42 42 42 42 42 42 42 42 42 42 42 42 42 42 42 42 42 42 42 42 42 42 42 42 42;50 50 50 50 50 50 50 50 50 50 50 50 50 50 50 50 50 50 50 50 50 50 50 50 50 50 50 50 50 50 50 50 50 50 50 50 50 50 50;
Vmax;52 52 52 52 52 52 52 52 52 52 52 52 52 52 52 52 52 52 52 52 52 52 52 52 52 52 52 52 52 52 52 52 52 52 52 52 52 52 52;40 40 40 40 40 40 40 40 40 40 40 40 40 40 40 40 40 40 40 40 40 40 40 40 40 40 40 40 40 40 40 40 40 40 40 40 40 40 40;28 28 28 28 28 28 28 28 28 28 28 28 28 28 28 28 28 28 28 28 28 28 28 28 28 28 28 28 28 28 28 28 28 28 28 28 28 28 28;45 45 45 45 45 45 45 45 45 45 45 45 45 45 45 45 45 45 45 45 45 45 45 45 45 45 45 45 45 45 45 45 45 45 45 45 45 45 45;33 33 33 33 33 33 33 33 33 33 33 33 33 33 33 33 33 33 33 33 33 33 33 33 33 33 33 33 33 33 33 33 33 33 33 33 33 33 33;30 30 30 30 30 30 30 30 30 30 30 30 30 30 30 30 30 30 30 30 30 30 30 30 30 30 30 30 30 30 30 30 30 30 30 30 30 30 30;42 42 42 42 42 42 42 42 42 42 42 42 42 42 42 42 42 42 42 42 42 42 42 42 42 42 42 42 42 42 42 42 42 42 42 42 42 42 42;50 50 50 50 50 50 50 50 50 50 50 50 50 50 50 50 50 50 50 50 50 50 50 50 50 50 50 50 50 50 50 50 50 50 50 50 50 50 50;
d;3.000 63.487 3.000 31.751 3.000 49.422 3.000 5.591 3.000 47.457 3.000 26.602 3.000 44.446 3.000 30.943 3.000 7.905 3.000 38.527 3.000 39.827 3.000 27.124 3.000 20.751 3.000 52.120 3.000 44.002 3.000 20.636 3.000 47.789 3.000 32.356 3.000 13.622 3.000
S;0.6538261881736942 0.65286464971215574 0.64849868450660331 0.64753714604506496 0.63716679154203726 0.6362052530804988 0.62088824108357266 0.6199267026220342 0.61331270252713399 0.61235116406559553 0.59824785459804941 0.59728631613651095 0.58058115295497825 0.57961961449343979 0.57296852213738758 0.57200698367584912 0.56331349146492804 0.56235195300338958 0.54958699696693936 0.5486254585054009 0.53627717920607665 0.5353156407445383 0.53278193254900719 0.53182039408746873 0.52190286728586044 0.52094132882432198 0.50669573523490352 0.50573419677336517 0.49720784254778744 0.49624630408624898 0.48103570977654297 0.48007417131500457 0.47828216801893314 0.47732062955739468 0.46148023054971782 0.46051869208817936 0.45034205654756376 0.4493805180860253 0.42903199659960034 0.42807045813806188;0.98892767000070514 0.98767767000070505 0.9820019152334869 0.98075191523348682 0.96727045437955084 0.96602045437955086 0.94610833878354683 0.94485833878354675 0.93626013866017643 0.93501013866017646 0.91667583635236638 0.9154258363523663 0.89370912421637383 0.89245912421637386 0.88381270415350599 0.88256270415350591 0.87126116427930844 0.87001116427930836 0.85341672143192315 0.85216672143192307 0.83611395834280156 0.83486395834280147 0.83157013768861121 0.83032013768861113 0.81742735284652035 0.81617735284652027 0.79765808118027637 0.79640808118027628 0.78532382068702533 0.78407382068702525 0.76430004808440744 0.76305004808440735 0.76072044379951442 0.75947044379951445 0.73887792508953443 0.73762792508953434 0.72439829888673413 0.72314829888673404 0.69669522095438163 0.69544522095438155;1.4101356360219686 1.4083499217362541 1.4002417006402283 1.3984559863545138 1.3791967565631766 1.3774110422774624 1.3489651628545996 1.3471794485688851 1.334896305535499 1.3331105912497847 1.3069187308100561 1.3051330165243415 1.2741091420443524 1.2723234277586382 1.2599713990973984 1.2581856848116841 1.2420406278485447 1.2402549135628302 1.2165485666379943 1.21476285235228 1.191830333653535 1.1900446193678207 1.1853391612904061 1.1835534470046916 1.1651351829445618 1.1633494686588475 1.136893366278499 1.1351076519927845 1.1192729941452833 1.1174872798595687 1.0892390332844004 1.0874533189986861 1.0841253128774107 1.0823395985916962 1.0529217147202963 1.051136000434582 1.0322365344305815 1.0304508201448672 0.99266070881293522 0.99087499452722105;1.4512395601243855 1.4501284490132744 1.4450833336646363 1.4439722225535252 1.4319887017944708 1.4308775906833597 1.4131779323758005 1.4120668212646896 1.4044239767105826 1.4033128655994715 1.3870157079925292 1.3859045968814181 1.3666008527605358 1.3654897416494249 1.3578040349268756 1.3566929238157646 1.3466471105942557 1.3455359994831446 1.3307853836188024 1.3296742725076913 1.3154051497618053 1.3142940386506943 1.3113661980691917 1.3102550869580807 1.2987948337651112 1.2976837226540001 1.2812221478395609 1.2801110367284498 1.2702583607344489 1.2691472496233378 1.2515705628654554 1.2504594517543444 1.2483886923899952 1.2472775812788841 1.2289731202033465 1.2278620090922354 1.2161023413564132 1.2149912302453021 1.1914773831943219 1.1903662720832109;1.3044174322732494 1.3053789707347876 1.3262082614519819 1.3271697999135204 1.337346435454136 1.3383079739156745 1.3541483729233512 1.3551099113848897 1.3569019146809611 1.3578634531424996 1.3730740474522056 1.3740355859137441 1.3825619401393217 1.3835234786008601 1.3977690721902785 1.3987306106518169 1.4086481374534252 1.4096096759149637 1.4121433841104944 1.4131049225720329 1.4254532018713573 1.4264147403328957 1.439179696369346 1.4401412348308844 1.4488347270418054 1.4497962655033438 1.4564473578593959 1.4574088963209344 1.4741140595024669 1.4750755979640053 1.4891789074315516 1.49014044589309 1.4967544459879902 1.4977159844495287 1.5130329964464548 1.5139945349079933 1.5243648894110209 1.5253264278725593 1.5296923930781117 1.5306539315396501;1.359195222030541 1.3604452220305412 1.3875232999628937 1.3887732999628937 1.4020029261656941 1.4032529261656943 1.4238454448756741 1.4250954448756741 1.4274250491605671 1.4286750491605671 1.448448821763185 1.449698821763185 1.460783082256436 1.462033082256436 1.4805523539226799 1.4818023539226801 1.4946951387647709 1.4959451387647709 1.4992389594189612 1.5004889594189614 1.5165417225080831 1.517791722508083 1.5343861653554682 1.5356361653554684 1.5469377052296658 1.5481877052296658 1.5568341252925335 1.5580841252925337 1.5798008374285262 1.5810508374285264 1.5993851397363366 1.6006351397363365 1.6092333398597067 1.6104833398597067 1.630395455455711 1.6316454554557109 1.6451269163096469 1.6463769163096471 1.6520526710768653 1.6533026710768652;1.5929780887181326 1.5947638030038469 1.633446771478636 1.6352324857643505 1.654131951768351 1.6559176660540653 1.6853355499254652 1.6871212642111795 1.690449270332455 1.6922349846181695 1.7204832311933378 1.7222689454790521 1.7381036033265536 1.7398893176122678 1.7663454199926165 1.7681311342783308 1.7865493983384606 1.7883351126241749 1.7930405707015895 1.794826284987304 1.817758803686049 1.8195445179717633 1.8432508648965993 1.8450365791823136 1.861181636145453 1.8629673504311672 1.875319379092407 1.8771050933781213 1.9081289678581106 1.9099146821438249 1.9361065425835535 1.937892256869268 1.9501753999026541 1.9519611141883684 1.9804069936112314 1.9821927078969457 2.0014519376882829 2.0032376519739974 2.0113458730700229 2.0131315873557374;1.7801540705106882 1.7812651816217993 1.8053345842283348 1.8064456953394459 1.8182053630752684 1.8193164741863794 1.8376209352619171 1.8387320463730281 1.8408028057373771 1.8419139168484882 1.8594906036063708 1.8606017147174818 1.8704543907114828 1.8715655018225938 1.8880270766370331 1.8891381877481441 1.9005984409411136 1.9017095520522247 1.9046373926337272 1.9057485037448383 1.9200176264907243 1.9211287376018353 1.9358793534661776 1.9369904645772886 1.9470362777987975 1.9481473889099086 1.9558330956324577 1.9569442067435687 1.976247950864451 1.9773590619755621 1.9936562195825045 1.9947673306936156 2.0024101752477224 2.0035212863588336 2.0212209446663927 2.0223320557775035 2.0343155765365579 2.0354266876476692 2.0404718029963074 2.0415829141074182;
