m;6
n;12
P;39
P1;2 4 6 8 10 12 14 16 18 20 22 24 26 28 30 32 34 36 38
Q;40
M;100
h;1 1 1 1 1 1 1 1 1 1 1 1 1 1 1 1 1 1 1 1 1 1 1 1 1 1 1 1 1 1 1 1 1 1 1 1 1 1 1
Vmin;40 40 40 40 40 40 40 40 40 40 40 40 40 40 40 40 40 40 40 40 40 40 40 40 40 40 40 40 40 40 40 40 40 40 40 40 40 40 40;50 50 50 50 50 50 50 50 50 50 50 50 50 50 50 50 50 50 50 50 50 50 50 50 50 50 50 50 50 50 50 50 50 50 50 50 50 50 50;52 52 52 52 52 52 52 52 52 52 52 52 52 52 52 52 52 52 52 52 52 52 52 52 52 52 52 52 52 52 52 52 52 52 52 52 52 52 52;28 28 28 28 28 28 28 28 28 28 28 28 28 28 28 28 28 28 28 28 28 28 28 28 28 28 28 28 28 28 28 28 28 28 28 28 28 28 28;39 39 39 39 39 39 39 39 39 39 39 39 39 39 39 39 39 39 39 39 39 39 39 39 39 39 39 39 39 39 39 39 39 39 39 39 39 39 39;49 49 49 49 49 49 49 49 49 49 49 49 49 49 49 49 49 49 49 49 49 49 49 49 49 49 49 49 49 49 49 49 49 49 49 49 49 49 49;29 29 29 29 29 29 29 29 29 29 29 29 29 29 29 29 29 29 29 29 29 29 29 29 29 29 29 29 29 29 29 29 29 29 29 29 29 29 29;51 51 51 51 51 51 51 51 51 51 51 51 51 51 51 51 51 51 51 51 51 51 51 51 51 51 51 51 51 51 51 51 51 51 51 51 51 51 51;41 41 41 41 41 41 41 41 41 41 41 41 41 41 41 41 41 41 41 41 41 41 41 41 41 41 41 41 41 41 41 41 41 41 41 41 41 41 41;41 41 41 41 41 41 41 41 41 41 41 41 41 41 41 41 41 41 41 41 41 41 41 41 41 41 41 41 41 41 41 41 41 41 41 41 41 41 41;43 43 43 43 43 43 43 43 43 43 43 43 43 43 43 43 43 43 43 43 43 43 43 43 43 43 43 43 43 43 43 43 43 43 43 43 43 43 43;51 51 51 51 51 51 51 51 51 51 51 51 51 51 51 51 51 51 51 51 51 51 51 51 51 51 51 51 51 51 51 51 51 51 51 51 51 51 51;
Vmax;40 40 40 40 40 40 40 40 40 40 40 40 40 40 40 40 40 40 40 40 40 40 40 40 40 40 40 40 40 40 40 40 40 40 40 40 40 40 40;50 50 50 50 50 50 50 50 50 50 50 50 50 50 50 50 50 50 50 50 50 50 50 50 50 50 50 50 50 50 50 50 50 50 50 50 50 50 50;52 52 52 52 52 52 52 52 52 52 52 52 52 52 52 52 52 52 52 52 52 52 52 52 52 52 52 52 52 52 52 52 52 52 52 52 52 52 52;28 28 28 28 28 28 28 28 28 28 28 28 28 28 28 28 28 28 28 28 28 28 28 28 28 28 28 28 28 28 28 28 28 28 28 28 28 28 28;39 39 39 39 39 39 39 39 39 39 39 39 39 39 39 39 39 39 39 39 39 39 39 39 39 39 39 39 39 39 39 39 39 39 39 39 39 39 39;49 49 49 49 49 49 49 49 49 49 49 49 49 49 49 49 49 49 49 49 49 49 49 49 49 49 49 49 49 49 49 49 49 49 49 49 49 49 49;29 29 29 29 29 29 29 29 29 29 29 29 29 29 29 29 29 29 29 29 29 29 29 29 29 29 29 29 29 29 29 29 29 29 29 29 29 29 29;51 51 51 51 51 51 51 51 51 51 51 51 51 51 51 51 51 51 51 51 51 51 51 51 51 51 51 51 51 51 51 51 51 51 51 51 51 51 51;41 41 41 41 41 41 41 41 41 41 41 41 41 41 41 41 41 41 41 41 41 41 41 41 41 41 41 41 41 41 41 41 41 41 41 41 41 41 41;41 41 41 41 41 41 41 41 41 41 41 41 41 41 41 41 41 41 41 41 41 41 41 41 41 41 41 41 41 41 41 41 41 41 41 41 41 41 41;43 43 43 43 43 43 43 43 43 43 43 43 43 43 43 43 43 43 43 43 43 43 43 43 43 43 43 43 43 43 43 43 43 43 43 43 43 43 43;51 51 51 51 51 51 51 51 51 51 51 51 51 51 51 51 51 51 51 51 51 51 51 51 51 51 51 51 51 51 51 51 51 51 51 51 51 51 51;
d;3.000 11.486 3.000 21.539 3.000 35.286 3.000 3.603 3.000 56.789 3.000 52.364 3.000 63.389 3.000 31.936 3.000 26.132 3.000 40.393 3.000 44.357 3.000 19.985 3.000 13.794 3.000 5.412 3.000 11.130 3.000 37.986 3.000 4.332 3.000 51.664 3.000 28.759 3.000
S;0.48922843246888859 0.48797843246888856 0.47599569448608148 0.4747456944860815 0.45321917502650411 0.45196917502650413 0.45016398832331905 0.44891398832331908 0.4330864820096571 0.43183648200965707 0.42719902121380149 0.42594902121380152 0.42369410517826644 0.42244410517826647 0.41669670676050452 0.41544670676050455 0.4071195403844094 0.40586954038440942 0.3873874334003779 0.38613743340037787 0.36930693780745255 0.36805693780745252 0.35716868297767657 0.35591868297767654 0.34261185139646627 0.3413618513964663 0.31494970072271439 0.31369970072271441 0.29188144832254725 0.29063144832254728 0.26696937224081202 0.26571937224081199 0.26421815051799336 0.26296815051799333 0.24826549453315411 0.24701549453315413 0.23804070798896421 0.23679070798896423 0.2320048739068922 0.23075487390689223;0.74173843446793086 0.74073843446793075 0.731152244081685 0.730152244081685 0.71293102851402301 0.71193102851402301 0.7104868791514749 0.7094868791514749 0.69682487410054539 0.69582487410054528 0.69211490546386079 0.69111490546386078 0.68931097263543273 0.68831097263543273 0.68371305390122317 0.68271305390122305 0.67605132080034702 0.67505132080034691 0.66026563521312176 0.65926563521312176 0.64580123873878148 0.64480123873878137 0.63609063487496065 0.63509063487496065 0.6244451696099923 0.6234451696099923 0.60231544907099077 0.60131544907099077 0.58386084715085707 0.58286084715085695 0.56393118628546879 0.56293118628546879 0.56173020890721381 0.56073020890721381 0.54896808411934239 0.54796808411934228 0.5407882548839904 0.5397882548839904 0.53595958761833273 0.53495958761833273;0.83270644946573791 0.83174491100419945 0.82252742024819403 0.82156588178665557 0.80500702066390373 0.80404548220236527 0.80265687704606903 0.80169533858453057 0.78952033372786756 0.7885587952663291 0.78499151773105558 0.78402997926951712 0.78229542847295164 0.78133389001141329 0.77691281430544246 0.775951275843904 0.76954576324690782 0.76858422478536936 0.75436721941303742 0.75340568095149896 0.74045914588001793 0.73949760741847947 0.73112202678019023 0.73016048831865177 0.7199244640254131 0.71896292556387464 0.69864588658406557 0.69768434812252711 0.68090107704547553 0.67993953858393708 0.66173794159798693 0.66077640313644848 0.6596216171958188 0.65866007873428034 0.64735034336132702 0.64638880489978867 0.63948512294271942 0.63852358448118096 0.63484217364881779 0.63388063518727944;1.175556088925215 1.1737703746395005 1.1566521775212049 1.1548664632354904 1.1241142925789513 1.1223285782932371 1.1197497401458298 1.1179640258601153 1.0953533025548841 1.0935675882691698 1.0869426442750902 1.085156929989376 1.0819356213671829 1.0801499070814686 1.0719393379132371 1.0701536236275229 1.0582576716616727 1.0564719573759587 1.0300689473987708 1.0282832331130565 1.0042396679803061 1.0024539536945918 0.98689930393776892 0.98511358965205476 0.96610383025032576 0.96431811596461148 0.92658647214496592 0.92480075785925175 0.89363182585901291 0.89184611157329874 0.85804314574224838 0.8562574314565341 0.85411282899536467 0.85232711470965039 0.83132332044559443 0.82953760615988015 0.81671648252532314 0.81493076823960897 0.80809386240807746 0.80630814812236329;1.2510114299464621 1.2497293786644108 1.2374393909897365 1.2361573397076853 1.214078858210683 1.2127968069286317 1.2109453333869034 1.2096632821048521 1.193429942295968 1.1921478910139167 1.1873915209668853 1.186109469684834 1.1837967352894134 1.1825146840073621 1.1766199163994011 1.1753378651173498 1.166797181654688 1.1655151303726368 1.1465591232095276 1.1452770719274763 1.1280150251655017 1.1267329738834502 1.1155655330323979 1.1142834817503464 1.1006354493593618 1.0993533980773103 1.0722640127708982 1.0709819614888469 1.0486042667194446 1.0473222154373933 1.0230534194561265 1.021771368174075 1.0202316535865688 1.0189496023045175 1.0038699551405796 1.0025879038585284 0.99338299458243617 0.99210094330038479 0.9871923955239007 0.98591034424184942;1.3877539999946931 1.3867335918314276 1.3769517649066871 1.3759313567434219 1.3583586877968281 1.3573382796335629 1.3558646578350446 1.3548442496717792 1.3419238363545041 1.3409034281912389 1.3371177459089079 1.3360973377456424 1.3342565899615324 1.333236181798267 1.3285444279878491 1.3275240198245837 1.320726332986955 1.3197059248236898 1.304618490551011 1.3035980823877458 1.2898589023118883 1.2888384941486231 1.27995012285901 1.2789297146957448 1.268066995037614 1.2670465868743486 1.2454856475488369 1.2444652393855717 1.226654421099721 1.2256340129364558 1.2063180324615699 1.2052976242983044 1.2040721371776362 1.2030517290143707 1.1910495608634817 1.1900291527002163 1.1827027963376122 1.181682388174347 1.1777755848420433 1.176755176678778;1.3642934445095487 1.3655434445095487 1.3709542785916209 1.3722042785916209 1.3811790651358107 1.3824290651358107 1.39713172112065 1.39838172112065 1.3998829428434687 1.4011329428434687 1.4247950189252039 1.4260450189252041 1.4478632713253712 1.4491132713253712 1.4755254219991232 1.4767754219991232 1.4900822535803335 1.4913322535803337 1.5022205084101095 1.5034705084101097 1.5203010040030349 1.5215510040030351 1.5400331109870666 1.5412831109870666 1.5496102773631617 1.5508602773631617 1.5566076757809237 1.5578576757809237 1.5601125918164589 1.5613625918164589 1.5660000526123143 1.5672500526123145 1.5830775589259762 1.5843275589259764 1.5861327456291614 1.5873827456291614 1.6089092650887389 1.6101592650887391 1.6221420030715461 1.6233920030715463;1.778937182802534 1.7799371828025341 1.7842658500681916 1.7852658500681917 1.7924456793035437 1.7934456793035438 1.8052078040914152 1.8062078040914151 1.8074087814696702 1.8084087814696701 1.8273384423350583 1.8283384423350584 1.845793044255192 1.8467930442551921 1.8679227647941936 1.8689227647941935 1.8795682300591616 1.8805682300591617 1.8892788339229827 1.8902788339229828 1.9037432303973232 1.9047432303973231 1.9195289159845481 1.9205289159845482 1.9271906490854245 1.9281906490854246 1.9327885678196342 1.933788567819634 1.9355925006480623 1.9365925006480622 1.9403024692847466 1.9413024692847467 1.9539644743356763 1.9549644743356762 1.9564086236982243 1.9574086236982244 1.9746298392658863 1.9756298392658862 1.985216029652132 1.9862160296521318;1.8915874233856187 1.8925489618471572 1.8967111419102893 1.8976726803718278 1.9045763623288969 1.9055379007904354 1.9168476361633886 1.9178091746249271 1.9189639605655566 1.9199254990270951 1.9381270960130452 1.9390886344745837 1.9558719055516354 1.9568334440131738 1.9771504829929829 1.9781120214545214 1.98834804574776 1.9893095842092985 1.9976851648475877 1.9986467033091262 2.0115932383806072 2.0125547768421455 2.0267717822144773 2.027733320676016 2.0341388332730124 2.0351003717345506 2.0395214474405212 2.0404829859020599 2.042217536698625 2.0431790751601633 2.046746352695437 2.0477078911569753 2.0598828960136384 2.0608444344751766 2.0622330396314732 2.0631945780930114 2.0797534392157635 2.0807149776773017 2.0899324684333074 2.0908940068948456;2.1415004909249657 2.1432862052106798 2.1510159681850687 2.1528016824707827 2.1656228061053397 2.1674085203910542 2.18841231465511 2.1901980289408245 2.1923426314019938 2.1941283456877083 2.2279313115187587 2.2297170258044732 2.2608859578047116 2.2626716720904261 2.3004033159100716 2.3021890301957857 2.3211987895975148 2.3229845038832289 2.3385391536400517 2.3403248679257662 2.3643684330585168 2.3661541473442314 2.392557157321419 2.3943428716071335 2.4062388235729837 2.4080245378586982 2.4162351070269295 2.418020821312644 2.421242129934837 2.4230278442205511 2.4296527882146308 2.4314385025003449 2.4540492258055764 2.4558349400912909 2.4584137782386981 2.4601994925244122 2.4909516631809514 2.4927373774666659 2.5098555745849618 2.5116412888706763;2.4509284855026658 2.4522105367847171 2.4577601102022268 2.4590421614842777 2.4682470707603699 2.4695291220424211 2.4846087692063588 2.4858908204884096 2.4874305350759158 2.4887125863579671 2.512981382339234 2.5142634336212852 2.5366411283906869 2.5379231796727382 2.5650125649791504 2.5662946162612017 2.5799426486521866 2.5812246999342379 2.5923921407852903 2.5936741920673412 2.610936238829316 2.6122182901113669 2.6311742972744763 2.6324563485565275 2.6409970320191887 2.64227908330124 2.6481738509092012 2.649455902191252 2.6517686365866728 2.6530506878687237 2.6578070579157553 2.6590891091978066 2.6753224490066909 2.6766045002887418 2.6784559738304705 2.6797380251125213 2.7018165066095241 2.7030985578915749 2.715388545566249 2.7166705968483003;2.5645145711240458 2.5655349792873112 2.5699519867012475 2.5709723948645125 2.5782987512271163 2.5793191593903813 2.5913213275412708 2.5923417357045357 2.5935672228252042 2.5945876309884692 2.6139036114633551 2.6149240196266201 2.6327348379124711 2.6337552460757361 2.6553161854012477 2.6563365935645127 2.6671993132226439 2.6682197213859089 2.677108092675522 2.678128500838787 2.6918676809146445 2.6928880890779094 2.7079755233505884 2.7089959315138534 2.7157936183514821 2.7168140265147471 2.721505780325165 2.72252618848843 2.7243669362725402 2.7253873444358052 2.7291730267181364 2.7301934348814014 2.7431138481986763 2.7441342563619413 2.74560787816046 2.746628286323725 2.7642009552703186 2.7652213634335836 2.7750031903583241 2.7760235985215891;
