m;3
n;6
P;39
P1;2 4 6 8 10 12 14 16 18 20 22 24 26 28 30 32 34 36 38
Q;40
M;100
h;1 1 1 1 1 1 1 1 1 1 1 1 1 1 1 1 1 1 1 1 1 1 1 1 1 1 1 1 1 1 1 1 1 1 1 1 1 1 1
Vmin;52 52 52 52 52 52 52 52 52 52 52 52 52 52 52 52 52 52 52 52 52 52 52 52 52 52 52 52 52 52 52 52 52 52 52 52 52 52 52;40 40 40 40 40 40 40 40 40 40 40 40 40 40 40 40 40 40 40 40 40 40 40 40 40 40 40 40 40 40 40 40 40 40 40 40 40 40 40;37 37 37 37 37 37 37 37 37 37 37 37 37 37 37 37 37 37 37 37 37 37 37 37 37 37 37 37 37 37 37 37 37 37 37 37 37 37 37;50 50 50 50 50 50 50 50 50 50 50 50 50 50 50 50 50 50 50 50 50 50 50 50 50 50 50 50 50 50 50 50 50 50 50 50 50 50 50;28 28 28 28 28 28 28 28 28 28 28 28 28 28 28 28 28 28 28 28 28 28 28 28 28 28 28 28 28 28 28 28 28 28 28 28 28 28 28;42 42 42 42 42 42 42 42 42 42 42 42 42 42 42 42 42 42 42 42 42 42 42 42 42 42 42 42 42 42 42 42 42 42 42 42 42 42 42;
Vmax;52 52 52 52 52 52 52 52 52 52 52 52 52 52 52 52 52 52 52 52 52 52 52 52 52 52 52 52 52 52 52 52 52 52 52 52 52 52 52;40 40 40 40 40 40 40 40 40 40 40 40 40 40 40 40 40 40 40 40 40 40 40 40 40 40 40 40 40 40 40 40 40 40 40 40 40 40 40;37 37 37 37 37 37 37 37 37 37 37 37 37 37 37 37 37 37 37 37 37 37 37 37 37 37 37 37 37 37 37 37 37 37 37 37 37 37 37;50 50 50 50 50 50 50 50 50 50 50 50 50 50 50 50 50 50 50 50 50 50 50 50 50 50 50 50 50 50 50 50 50 50 50 50 50 50 50;28 28 28 28 28 28 28 28 28 28 28 28 28 28 28 28 28 28 28 28 28 28 28 28 28 28 28 28 28 28 28 28 28 28 28 28 28 28 28;42 42 42 42 42 42 42 42 42 42 42 42 42 42 42 42 42 42 42 42 42 42 42 42 42 42 42 42 42 42 42 42 42 42 42 42 42 42 42;
d;3.000 3.768 3.000 42.411 3.000 41.605 3.000 63.855 3.000 55.148 3.000 76.883 3.000 25.898 3.000 36.860 3.000 27.365 3.000 73.502 3.000 9.084 3.000 8.844 3.000 61.439 3.000 34.740 3.000 47.787 3.000 18.818 3.000 55.603 3.000 17.388 3.000 21.771 3.000
S;0.31394060076889169 0.31297906230735323 0.30600131280123777 0.30503977433969937 0.29946685424943081 0.29850531578789236 0.28068368296471563 0.27972214450317717 0.27369061277696094 0.27272907431542248 0.25741287091337089 0.25645133245183238 0.24531667979231875 0.24435514133078026 0.22466324195442069 0.22370170349288224 0.22086697852605522 0.21990544006451673 0.2169938362403179 0.21603229777877944 0.19247402086757415 0.19151248240603566 0.18274161920137325 0.18178008073983476 0.16996600957402677 0.16900447111248829 0.16070381195532529 0.15974227349378681 0.13510031649898316 0.1341387780374447 0.1164629778005201 0.11550143933898165 0.095035242836042172 0.094073704374503714 0.080738709968433284 0.079777171506894826 0.06618383370283494 0.065222295241296482 0.064014666879444695 0.063053128417906237;0.51001001933046497 0.508760019330465 0.49968894497251493 0.4984389449725149 0.49119414885516582 0.48994414885516585 0.46677602618503605 0.46552602618503608 0.45768503494095492 0.45643503494095494 0.43652397051828784 0.43527397051828781 0.42079892206092012 0.41954892206092009 0.39394945287165262 0.39269945287165264 0.38901431041477752 0.38776431041477749 0.38397922544331903 0.38272922544331905 0.35210346545875215 0.35085346545875218 0.33945134329269094 0.33820134329269097 0.32284305077714054 0.32159305077714057 0.31080219387282865 0.30955219387282867 0.27751764977958387 0.2762676497795839 0.2532891094715819 0.25203910947158192 0.22543305401776062 0.22418305401776062 0.20684756128986906 0.20559756128986909 0.1879262221445912 0.1866762221445912 0.1851063052741839 0.1838563052741839;0.59843763533193761 0.59708628398058627 0.58727971710712668 0.58592836575577534 0.57809615373701961 0.57674480238566828 0.55169818328282527 0.55034683193147393 0.5418700846405754 0.54051873328922406 0.51899325823769205 0.51764190688634071 0.50199320585134855 0.50064185449999721 0.47296675267376209 0.47161540132241075 0.46763146353119439 0.46628011217984305 0.46218812842691492 0.46083677707556359 0.4277278473625184 0.42637649601116701 0.41404987745326305 0.41269852610191171 0.39609496662564098 0.39474361527428964 0.38307782402638491 0.38172647267503357 0.3470945331147689 0.34574318176341756 0.32090151656557758 0.31955016521422619 0.29078686202090587 0.28943551066955453 0.27069443745021232 0.26934308609886093 0.25023893567153355 0.24888758432018221 0.24719037689271481 0.24583902554136347;0.47190531534038177 0.47286685380192023 0.47455525139454124 0.4755167898560797 0.48911012766013956 0.49007166612167802 0.50340666052774841 0.50436819898928686 0.52483439549222632 0.52579593395376478 0.54347173419068939 0.54443327265222785 0.5690752296470315 0.57003676810856996 0.57833742726573301 0.57929896572727146 0.59111303689307937 0.59207457535461783 0.6008454385592803 0.60180697702081865 0.62536525393202402 0.62632679239356248 0.62923839621776134 0.6301999346792998 0.63303465964612682 0.63399619810766528 0.6536880974840249 0.65464963594556336 0.66578428860507699 0.66674582706661545 0.6820620304686672 0.68302356893020566 0.68905510065642184 0.6900166391179603 0.70783827194113702 0.70879981040267548 0.71437273049294392 0.71533426895448238 0.72231201846059778 0.72327355692213624;0.571176166269732 0.57242616626973208 0.57462108314013938 0.57587108314013946 0.59354242228541731 0.5947924222854174 0.61212791501330899 0.61337791501330907 0.63998397046713029 0.64123397046713038 0.66421251077513233 0.66546251077513241 0.6974970548683771 0.69874705486837718 0.7095379117726891 0.71078791177268918 0.72614620428823962 0.7273962042882397 0.73879832645430088 0.74004832645430096 0.77067408643886781 0.77192408643886778 0.77570917141032636 0.77695917141032633 0.78064431386720146 0.78189431386720154 0.80749378305646891 0.80874378305646899 0.82321883151383668 0.82446883151383676 0.84437989593650387 0.84562989593650395 0.85347088718058506 0.85472088718058514 0.87788900985071494 0.87913900985071491 0.88638380596806399 0.88763380596806407 0.89670488032601414 0.89795488032601412;0.7556605725086496 0.75701192386000093 0.75938480696314403 0.76073615831449537 0.77984030874182286 0.7811916600931742 0.79993273331251646 0.8012840846638678 0.83004738785718812 0.83139873920853946 0.8562404044063795 0.85759175575773083 0.89222369531799539 0.89357504666934673 0.90524083791725152 0.90659218926860285 0.92319574874487365 0.92454710009622498 0.93687371865412894 0.93822507000548028 0.97133399971852563 0.97268535106987697 0.97677733482280493 0.97812868617415627 0.98211262396537269 0.98346397531672403 1.0111390771429591 1.0124904284943106 1.0281391295293028 1.029490480880654 1.0510159559321861 1.0523673072835373 1.060844054574436 1.0621954059257872 1.0872420250286303 1.0885933763799818 1.0964255883987375 1.0977769397500887 1.1075835066235484 1.1089348579748999;
