m;7
n;14
P;39
P1;2 4 6 8 10 12 14 16 18 20 22 24 26 28 30 32 34 36 38
Q;40
M;100
h;1 1 1 1 1 1 1 1 1 1 1 1 1 1 1 1 1 1 1 1 1 1 1 1 1 1 1 1 1 1 1 1 1 1 1 1 1 1 1
Vmin;28 28 28 28 28 28 28 28 28 28 28 28 28 28 28 28 28 28 28 28 28 28 28 28 28 28 28 28 28 28 28 28 28 28 28 28 28 28 28;43 43 43 43 43 43 43 43 43 43 43 43 43 43 43 43 43 43 43 43 43 43 43 43 43 43 43 43 43 43 43 43 43 43 43 43 43 43 43;28 28 28 28 28 28 28 28 28 28 28 28 28 28 28 28 28 28 28 28 28 28 28 28 28 28 28 28 28 28 28 28 28 28 28 28 28 28 28;31 31 31 31 31 31 31 31 31 31 31 31 31 31 31 31 31 31 31 31 31 31 31 31 31 31 31 31 31 31 31 31 31 31 31 31 31 31 31;52 52 52 52 52 52 52 52 52 52 52 52 52 52 52 52 52 52 52 52 52 52 52 52 52 52 52 52 52 52 52 52 52 52 52 52 52 52 52;52 52 52 52 52 52 52 52 52 52 52 52 52 52 52 52 52 52 52 52 52 52 52 52 52 52 52 52 52 52 52 52 52 52 52 52 52 52 52;45 45 45 45 45 45 45 45 45 45 45 45 45 45 45 45 45 45 45 45 45 45 45 45 45 45 45 45 45 45 45 45 45 45 45 45 45 45 45;36 36 36 36 36 36 36 36 36 36 36 36 36 36 36 36 36 36 36 36 36 36 36 36 36 36 36 36 36 36 36 36 36 36 36 36 36 36 36;42 42 42 42 42 42 42 42 42 42 42 42 42 42 42 42 42 42 42 42 42 42 42 42 42 42 42 42 42 42 42 42 42 42 42 42 42 42 42;38 38 38 38 38 38 38 38 38 38 38 38 38 38 38 38 38 38 38 38 38 38 38 38 38 38 38 38 38 38 38 38 38 38 38 38 38 38 38;41 41 41 41 41 41 41 41 41 41 41 41 41 41 41 41 41 41 41 41 41 41 41 41 41 41 41 41 41 41 41 41 41 41 41 41 41 41 41;41 41 41 41 41 41 41 41 41 41 41 41 41 41 41 41 41 41 41 41 41 41 41 41 41 41 41 41 41 41 41 41 41 41 41 41 41 41 41;41 41 41 41 41 41 41 41 41 41 41 41 41 41 41 41 41 41 41 41 41 41 41 41 41 41 41 41 41 41 41 41 41 41 41 41 41 41 41;52 52 52 52 52 52 52 52 52 52 52 52 52 52 52 52 52 52 52 52 52 52 52 52 52 52 52 52 52 52 52 52 52 52 52 52 52 52 52;
Vmax;28 28 28 28 28 28 28 28 28 28 28 28 28 28 28 28 28 28 28 28 28 28 28 28 28 28 28 28 28 28 28 28 28 28 28 28 28 28 28;43 43 43 43 43 43 43 43 43 43 43 43 43 43 43 43 43 43 43 43 43 43 43 43 43 43 43 43 43 43 43 43 43 43 43 43 43 43 43;28 28 28 28 28 28 28 28 28 28 28 28 28 28 28 28 28 28 28 28 28 28 28 28 28 28 28 28 28 28 28 28 28 28 28 28 28 28 28;31 31 31 31 31 31 31 31 31 31 31 31 31 31 31 31 31 31 31 31 31 31 31 31 31 31 31 31 31 31 31 31 31 31 31 31 31 31 31;52 52 52 52 52 52 52 52 52 52 52 52 52 52 52 52 52 52 52 52 52 52 52 52 52 52 52 52 52 52 52 52 52 52 52 52 52 52 52;52 52 52 52 52 52 52 52 52 52 52 52 52 52 52 52 52 52 52 52 52 52 52 52 52 52 52 52 52 52 52 52 52 52 52 52 52 52 52;45 45 45 45 45 45 45 45 45 45 45 45 45 45 45 45 45 45 45 45 45 45 45 45 45 45 45 45 45 45 45 45 45 45 45 45 45 45 45;36 36 36 36 36 36 36 36 36 36 36 36 36 36 36 36 36 36 36 36 36 36 36 36 36 36 36 36 36 36 36 36 36 36 36 36 36 36 36;42 42 42 42 42 42 42 42 42 42 42 42 42 42 42 42 42 42 42 42 42 42 42 42 42 42 42 42 42 42 42 42 42 42 42 42 42 42 42;38 38 38 38 38 38 38 38 38 38 38 38 38 38 38 38 38 38 38 38 38 38 38 38 38 38 38 38 38 38 38 38 38 38 38 38 38 38 38;41 41 41 41 41 41 41 41 41 41 41 41 41 41 41 41 41 41 41 41 41 41 41 41 41 41 41 41 41 41 41 41 41 41 41 41 41 41 41;41 41 41 41 41 41 41 41 41 41 41 41 41 41 41 41 41 41 41 41 41 41 41 41 41 41 41 41 41 41 41 41 41 41 41 41 41 41 41;41 41 41 41 41 41 41 41 41 41 41 41 41 41 41 41 41 41 41 41 41 41 41 41 41 41 41 41 41 41 41 41 41 41 41 41 41 41 41;52 52 52 52 52 52 52 52 52 52 52 52 52 52 52 52 52 52 52 52 52 52 52 52 52 52 52 52 52 52 52 52 52 52 52 52 52 52 52;
d;3.000 60.172 3.000 27.847 3.000 19.602 3.000 95.173 3.000 49.065 3.000 27.187 3.000 44.428 3.000 36.176 3.000 84.509 3.000 24.462 3.000 7.440 3.000 10.487 3.000 6.626 3.000 56.055 3.000 43.521 3.000 51.294 3.000 4.589 3.000 60.756 3.000 32.437 3.000
S;0.65869221265972011 0.65690649837400594 0.63759859411979058 0.63581287983407642 0.59964886807297269 0.59786315378725852 0.59513156383291543 0.59334584954720127 0.56281394390434203 0.56102822961862786 0.53512262492870499 0.53333691064299071 0.49997063831138439 0.49818492402567011 0.49424108449754811 0.49245537021183383 0.4862131763489127 0.48442746206319842 0.47999874481343546 0.47821303052772118 0.46365260479657688 0.4618668905108626 0.41156414410768494 0.4097784298219706 0.3882452635798076 0.38645954929409332 0.36001412756218815 0.35822841327647387 0.34204561484104601 0.34025990055533167 0.31105479522008872 0.30926908093437444 0.25261874553869673 0.25083303125298245 0.23916527435146701 0.2373795600657527 0.22080416852402884 0.21901845423831456 0.18320156441212124 0.18141585012640693;0.74798600823876749 0.74682321754109315 0.73425062872439473 0.7330878380267204 0.70953917920553666 0.70837638850786222 0.70659767877015045 0.70543488807247612 0.68555364718875389 0.68439085649107945 0.66752209064647849 0.66635929994880405 0.64463242494217676 0.64346963424450232 0.64090155269130666 0.63973876199363222 0.63567407761777661 0.63451128692010217 0.63162747103653571 0.63046468033886127 0.62098347288602307 0.61982068218834874 0.58706540546069819 0.58590261476302374 0.57188101814021985 0.57071822744254552 0.55349795282642111 0.55233516212874678 0.5417975259382356 0.54063473524056116 0.52161745734784482 0.52045466665017037 0.48356607615996167 0.48240328546228728 0.4748056763171144 0.47364288561944001 0.46284960740622449 0.46168681670855011 0.43836419077521493 0.43720140007754055;1.2906262558096124 1.2888405415238979 1.2695326372696827 1.2677469229839682 1.2315829112228647 1.2297971969371502 1.2270656069828072 1.2252798926970927 1.1947479870542337 1.1929622727685192 1.1670566680785965 1.165270953792882 1.1319046814612759 1.1301189671755616 1.1261751276474397 1.1243894133617254 1.1181472194988042 1.1163615052130897 1.111932787963327 1.1101470736776127 1.0955866479464684 1.0938009336607541 1.0434981872575764 1.0417124729718621 1.0201793067296991 1.0183935924439849 0.99194817071207964 0.99016245642636536 0.97397965799093755 0.97219394370522327 0.94298883836998038 0.9412031240842661 0.88455278868858833 0.88276707440287416 0.87109931750135872 0.86931360321564444 0.8527382116739205 0.85095249738820633 0.81513560756201298 0.8133498932762987;1.4580887383429224 1.4564758351171159 1.4390364377262119 1.4374235345004054 1.4047592658129571 1.4031463625871508 1.4006791200477442 1.3990662168219379 1.3714890117251619 1.3698761084993554 1.3464774978116831 1.3448645945858766 1.3147273163508773 1.3131144131250709 1.3095522354867672 1.3079393322609609 1.3023012216750969 1.3006883184492903 1.2966881867398272 1.2950752835140207 1.2819239312407291 1.2803110280149226 1.2348762893281815 1.2332633861023752 1.2138140746578407 1.2122011714320344 1.1883149840612814 1.1867020808354749 1.1720853596679919 1.1704724564421853 1.1440936516232563 1.14248074839745 1.0913127035239347 1.0896998002981282 1.0791611811612756 1.0775482779354693 1.0625769565429444 1.0609640533171381 1.0286133141192859 1.0270004108934796;1.6442158189611504 1.643254280499612 1.632857716670419 1.6318961782088806 1.6124232487990555 1.6114617103375173 1.6099908542082555 1.609029315746717 1.5925890588621006 1.5916275204005621 1.5776783486444499 1.5767168101829114 1.5587503558505078 1.5577888173889696 1.5556652114892116 1.5547036730276731 1.5513424917168694 1.550380953255331 1.5479962593516126 1.5470347208900741 1.5391944916502271 1.5382329531886887 1.5111468589715928 1.5101853205100544 1.4985905386873513 1.4976290002258128 1.4833891577547869 1.4824276192932484 1.4737138047510951 1.4727522662895567 1.4570264403398103 1.4560649018782719 1.425560875126753 1.4245993366652145 1.4183166983336293 1.4173551598720908 1.4084299490419319 1.4074684105803934 1.3881823929816739 1.3872208545201354;1.9114032046339164 1.910441666172378 1.900045102343185 1.8990835638816466 1.8796106344718215 1.8786490960102831 1.8771782398810215 1.876216701419483 1.8597764445348666 1.8588149060733281 1.8448657343172159 1.8439041958556774 1.8259377415232738 1.8249762030617354 1.8228525971619773 1.8218910587004389 1.8185298773896355 1.817568338928097 1.8151836450243786 1.8142221065628401 1.8063818773229932 1.8054203388614547 1.7783342446443589 1.7773727061828204 1.765777924360117 1.7648163858985788 1.7505765434275529 1.7496150049660144 1.7409011904238612 1.7399396519623227 1.7242138260125763 1.7232522875510379 1.692748260799519 1.6917867223379806 1.6855040840063953 1.6845425455448568 1.6756173347146979 1.6746557962531594 1.6553697786544399 1.6544082401929014;2.1151821408071663 2.1140710296960554 2.1020572226045435 2.1009461114934327 2.0784440597309679 2.0773329486198571 2.0756332926482655 2.0745221815371546 2.0555245513593756 2.0544134402482643 2.0382943973300902 2.0371832862189794 2.0164220501015353 2.0153109389904245 2.0128569943951486 2.0117458832840374 2.0078618515471089 2.0067507404359977 2.0039950941472564 2.0028839830361451 1.9938241625812112 1.9927130514701001 1.9614135648192341 1.9603024537081231 1.9469040391574439 1.9457929280463329 1.9293379989687027 1.9282268878575917 1.9181575910533255 1.9170464799422144 1.8988744144002856 1.8977633032891745 1.8625142057096415 1.8614030945985305 1.8541431569709208 1.8530320458598097 1.8427184689005149 1.8416073577894039 1.8193212930086615 1.8182101818975505;1.9331082576148855 1.9348939719005998 1.9716037188696502 1.9733894331553645 1.9899648246970885 1.9917505389828027 2.0034182958843183 2.0052040101700324 2.0618543455657106 2.0636400598514246 2.0928451651866675 2.094630879472382 2.1108136779078097 2.1125993921935242 2.1390448139254294 2.1408305282111439 2.1623636944533065 2.164149408739021 2.2144521551421987 2.2162378694279132 2.2307982951590573 2.2325840094447718 2.2370127266945348 2.2387984409802488 2.24504063484317 2.246826349128884 2.2507701886570062 2.2525559029427202 2.2859221752743268 2.2877078895600409 2.3136134942499638 2.3153992085356783 2.3459311141785375 2.3477168284642516 2.3504484184185945 2.352234132704309 2.3883981444654125 2.390183858751127 2.4094917630053421 2.4112774772910566;2.0263223405347164 2.0274851312323907 2.0513891525145631 2.0525519432122374 2.0633452214254531 2.0645080121231274 2.0721056212683004 2.0732684119659748 2.1101570024561833 2.1113197931538576 2.1303370710465739 2.1314998617442482 2.1420374979347594 2.1432002886324342 2.1604205632485582 2.161583353946233 2.1756049505690367 2.176767741266711 2.2095230179943619 2.2106858086920362 2.2201670161448748 2.2213298068425491 2.2242136227261158 2.2253764134237901 2.2294410977996457 2.2306038884973205 2.2331719700505159 2.2343347607481907 2.256061635754818 2.2572244264524928 2.2740931922970935 2.2752559829947683 2.2951372238784904 2.2963000145761652 2.2980787243138767 2.2992415150115515 2.3227901738327352 2.32395296453041 2.3365255533471081 2.3376883440447829;2.3228735840944612 2.3246592983801757 2.3613690453492264 2.3631547596349405 2.3797301511766644 2.3815158654623785 2.3931836223638938 2.3949693366496083 2.4516196720452856 2.4534053863310001 2.482610491666243 2.4843962059519575 2.5005790043873852 2.5023647186730997 2.528810140405005 2.530595854690719 2.552129020932882 2.5539147352185965 2.6042174816217742 2.6060031959074887 2.6205636216386328 2.6223493359243473 2.6267780531741098 2.6285637674598243 2.6348059613227455 2.6365916756084595 2.6405355151365817 2.6423212294222957 2.6756875017539019 2.6774732160396164 2.7033788207295393 2.7051645350152538 2.7356964406581126 2.7374821549438271 2.74021374489817 2.7419994591838845 2.7781634709449881 2.7799491852307026 2.7992570894849176 2.8010428037706321;2.3823525905374487 2.3839654937632551 2.4171226845740104 2.4187355877998167 2.4337069091923413 2.4353198124181481 2.4458584315550009 2.4474713347808073 2.4986393796543225 2.5002522828801288 2.5266310876990583 2.5282439909248646 2.5428607120923479 2.5444736153181542 2.5683598026889074 2.5699727059147137 2.5894220173592477 2.591034920585054 2.6364696592717953 2.6380825624976016 2.6512339147708932 2.6528468179966995 2.6568469497061629 2.6584598529319692 2.6640979635178335 2.6657108667436398 2.6692730443819439 2.6708859476077502 2.7010232258427491 2.7026361290685559 2.7260347397562281 2.7276476429820344 2.7552248480788104 2.7568377513046167 2.7593049938440237 2.76091789706983 2.7935821657572784 2.7951950689830847 2.8126344663739888 2.8142473695997956;2.557222802812634 2.5581843412741727 2.5779511281036616 2.5789126665652002 2.587837877395359 2.5887994158568977 2.5950820541884827 2.5960435926500214 2.6265476194015402 2.6275091578630789 2.6432349838128251 2.6441965222743637 2.6529103368165172 2.6538718752780559 2.6681117177490821 2.6690732562106207 2.6806680380333239 2.6816295764948626 2.7087156707119582 2.7096772091734969 2.7175174384133438 2.7184789768748825 2.7208636707786007 2.7218252092401394 2.7251863905509435 2.7261479290124822 2.7282715349122397 2.7292330733737784 2.7471995277061816 2.7481610661677203 2.7621102379238329 2.7630717763853716 2.7795120332699881 2.7804735717315268 2.7819444278607883 2.782905966322327 2.8023788957321525 2.8033404341936912 2.8137369980228839 2.8146985364844226;2.8354573572935573 2.836418895755096 2.8561856825845848 2.8571472210461235 2.8660724318762822 2.8670339703378209 2.873316608669406 2.8742781471309446 2.9047821738824635 2.9057437123440022 2.9214695382937483 2.922431076755287 2.9311448912974405 2.9321064297589792 2.9463462722300049 2.9473078106915436 2.9589025925142471 2.9598641309757858 2.986950225192881 2.9879117636544197 2.9957519928942671 2.9967135313558058 2.999098225259524 3.0000597637210626 3.0034209450318667 3.0043824834934054 3.006506089393163 3.0074676278547017 3.0254340821871049 3.0263956206486435 3.0403447924047557 3.0413063308662944 3.0577465877509113 3.05870812621245 3.0601789823417116 3.0611405208032503 3.0806134502130758 3.0815749886746144 3.0919715525038072 3.0929330909653459;2.8911626685888367 2.892273779699948 2.9151154000362465 2.9162265111473573 2.9265400881066523 2.9276511992177632 2.9349111368453729 2.9360222479564841 2.9712713455360169 2.9723824566471277 2.9905545221890568 2.9916656333001677 3.0017349301044338 3.0028460412155451 3.0193009702931746 3.0204120814042859 3.033810495954965 3.0349216070660758 3.0662210937169418 3.0673322048280531 3.0763920252829871 3.0775031363940983 3.0802587826828396 3.0813698937939504 3.0852539255308793 3.0863650366419906 3.0888189812372664 3.0899300923483772 3.1106913284658213 3.1118024395769326 3.1279214824951067 3.129032593606218 3.148030223783997 3.1491413348951078 3.150840990866699 3.1519521019778103 3.1744541537402742 3.1755652648513855 3.1875790719428974 3.1886901830540082;
