m;2
n;4
P;39
P1;2 4 6 8 10 12 14 16 18 20 22 24 26 28 30 32 34 36 38
Q;40
M;100
h;1 1 1 1 1 1 1 1 1 1 1 1 1 1 1 1 1 1 1 1 1 1 1 1 1 1 1 1 1 1 1 1 1 1 1 1 1 1 1
Vmin;47 47 47 47 47 47 47 47 47 47 47 47 47 47 47 47 47 47 47 47 47 47 47 47 47 47 47 47 47 47 47 47 47 47 47 47 47 47 47;28 28 28 28 28 28 28 28 28 28 28 28 28 28 28 28 28 28 28 28 28 28 28 28 28 28 28 28 28 28 28 28 28 28 28 28 28 28 28;52 52 52 52 52 52 52 52 52 52 52 52 52 52 52 52 52 52 52 52 52 52 52 52 52 52 52 52 52 52 52 52 52 52 52 52 52 52 52;38 38 38 38 38 38 38 38 38 38 38 38 38 38 38 38 38 38 38 38 38 38 38 38 38 38 38 38 38 38 38 38 38 38 38 38 38 38 38;
Vmax;47 47 47 47 47 47 47 47 47 47 47 47 47 47 47 47 47 47 47 47 47 47 47 47 47 47 47 47 47 47 47 47 47 47 47 47 47 47 47;28 28 28 28 28 28 28 28 28 28 28 28 28 28 28 28 28 28 28 28 28 28 28 28 28 28 28 28 28 28 28 28 28 28 28 28 28 28 28;52 52 52 52 52 52 52 52 52 52 52 52 52 52 52 52 52 52 52 52 52 52 52 52 52 52 52 52 52 52 52 52 52 52 52 52 52 52 52;38 38 38 38 38 38 38 38 38 38 38 38 38 38 38 38 38 38 38 38 38 38 38 38 38 38 38 38 38 38 38 38 38 38 38 38 38 38 38;
d;3.000 11.715 3.000 49.190 3.000 78.553 3.000 25.483 3.000 65.977 3.000 37.942 3.000 15.047 3.000 20.289 3.000 17.757 3.000 62.702 3.000 15.427 3.000 9.602 3.000 38.649 3.000 8.979 3.000 58.998 3.000 13.670 3.000 8.091 3.000 61.853 3.000 58.462 3.000
S;0.52105761283043062 0.51999378304319666 0.49926256699240373 0.49819873720516966 0.47626515815294623 0.47520132836571222 0.47233224827726622 0.4712684184900322 0.46642105511358184 0.46535722532634782 0.44443584967654753 0.44337201988931352 0.44018795403918493 0.43912412425195085 0.42541877464272687 0.42435494485549285 0.42095009561003338 0.41988626582279936 0.41441560580380898 0.41335177601657497 0.39111709840313585 0.39005326861590184 0.38375659107895449 0.38269276129172047 0.37549800512458897 0.37443417533735496 0.36909833278841775 0.36803450300118373 0.35457995664959502 0.35351612686236095 0.33012002157469938 0.32905619178746537 0.3200196156745056 0.31895578588727158 0.29110023675319591 0.29003640696596189 0.27259325436383958 0.2715294245766055 0.26737517275436595 0.26631134296713194;0.9946771439016775 0.99289142961596322 0.95809260267356089 0.95630688838784661 0.91948980926447144 0.91770409497875727 0.91288813911600863 0.91110242483029447 0.90296577916268139 0.90118006487696722 0.86606204146480248 0.8642763271790882 0.85893164521637244 0.85714593093065816 0.83414052265803218 0.8323548083723179 0.82663952571029675 0.82485381142458247 0.81567091782127721 0.81388520353556293 0.77656270897014723 0.77477699468443306 0.76420757167598563 0.76242185739027135 0.75034494525258644 0.74855923096687227 0.73960263811687066 0.73781692383115638 0.71523250674098959 0.71344679245527542 0.67417475857955778 0.67238904429384361 0.65722050581851832 0.65543479153280404 0.6086772626291771 0.60689154834346282 0.57761197076132886 0.5758262564756147 0.5688530480597126 0.56706733377399832;0.64532963504675822 0.64639346483399218 0.65107963154984871 0.65214346133708279 0.66958661393920516 0.67065044372643912 0.69850599286051474 0.69956982264774881 0.70860639876070841 0.70967022854794248 0.73306633383560404 0.73413016362283812 0.74758470997442683 0.74864853976166079 0.75398438231059794 0.75504821209783191 0.76224296826496341 0.76330679805219737 0.76960347558914477 0.77066730537637873 0.79290198298981795 0.79396581277705203 0.79943647279604235 0.80050030258327642 0.8039051518287359 0.80496898161596986 0.81867433122519395 0.81973816101242791 0.82292222686255656 0.82398605664979052 0.84490743229959075 0.84597126208682483 0.85081862546327502 0.8518824552505091 0.85475153533895509 0.85581536512618905 0.87774894417841254 0.87881277396564661 0.89954399001643959 0.90060781980367355;0.87281288483320496 0.87459859911891913 0.88246466467767848 0.88425037896339265 0.9135299565455266 0.91531567083124088 0.96207319973486782 0.9638589140205821 0.97902745249590739 0.98081316678162156 1.0200852006573391 1.0218709149430534 1.0444553320332202 1.0462410463189344 1.0551976391689359 1.0569833534546502 1.0690602655923351 1.0708459798780496 1.0814154028864968 1.0832011171722113 1.1205236117376269 1.1223093260233412 1.1314922196266466 1.1332779339123609 1.1389932165743821 1.1407789308600966 1.1637843391327225 1.165570053418437 1.1709147353811529 1.1727004496668672 1.207818473079032 1.2096041873647463 1.2177408330323594 1.2195265473180739 1.2243425031808224 1.2261282174665369 1.2629452965899119 1.2647310108756262 1.2995298378180287 1.3013155521037432;
