m;8
n;16
P;39
P1;2 4 6 8 10 12 14 16 18 20 22 24 26 28 30 32 34 36 38
Q;40
M;100
h;1 1 1 1 1 1 1 1 1 1 1 1 1 1 1 1 1 1 1 1 1 1 1 1 1 1 1 1 1 1 1 1 1 1 1 1 1 1 1
Vmin;43 43 43 43 43 43 43 43 43 43 43 43 43 43 43 43 43 43 43 43 43 43 43 43 43 43 43 43 43 43 43 43 43 43 43 43 43 43 43;28 28 28 28 28 28 28 28 28 28 28 28 28 28 28 28 28 28 28 28 28 28 28 28 28 28 28 28 28 28 28 28 28 28 28 28 28 28 28;52 52 52 52 52 52 52 52 52 52 52 52 52 52 52 52 52 52 52 52 52 52 52 52 52 52 52 52 52 52 52 52 52 52 52 52 52 52 52;47 47 47 47 47 47 47 47 47 47 47 47 47 47 47 47 47 47 47 47 47 47 47 47 47 47 47 47 47 47 47 47 47 47 47 47 47 47 47;39 39 39 39 39 39 39 39 39 39 39 39 39 39 39 39 39 39 39 39 39 39 39 39 39 39 39 39 39 39 39 39 39 39 39 39 39 39 39;49 49 49 49 49 49 49 49 49 49 49 49 49 49 49 49 49 49 49 49 49 49 49 49 49 49 49 49 49 49 49 49 49 49 49 49 49 49 49;40 40 40 40 40 40 40 40 40 40 40 40 40 40 40 40 40 40 40 40 40 40 40 40 40 40 40 40 40 40 40 40 40 40 40 40 40 40 40;51 51 51 51 51 51 51 51 51 51 51 51 51 51 51 51 51 51 51 51 51 51 51 51 51 51 51 51 51 51 51 51 51 51 51 51 51 51 51;34 34 34 34 34 34 34 34 34 34 34 34 34 34 34 34 34 34 34 34 34 34 34 34 34 34 34 34 34 34 34 34 34 34 34 34 34 34 34;45 45 45 45 45 45 45 45 45 45 45 45 45 45 45 45 45 45 45 45 45 45 45 45 45 45 45 45 45 45 45 45 45 45 45 45 45 45 45;45 45 45 45 45 45 45 45 45 45 45 45 45 45 45 45 45 45 45 45 45 45 45 45 45 45 45 45 45 45 45 45 45 45 45 45 45 45 45;36 36 36 36 36 36 36 36 36 36 36 36 36 36 36 36 36 36 36 36 36 36 36 36 36 36 36 36 36 36 36 36 36 36 36 36 36 36 36;35 35 35 35 35 35 35 35 35 35 35 35 35 35 35 35 35 35 35 35 35 35 35 35 35 35 35 35 35 35 35 35 35 35 35 35 35 35 35;32 32 32 32 32 32 32 32 32 32 32 32 32 32 32 32 32 32 32 32 32 32 32 32 32 32 32 32 32 32 32 32 32 32 32 32 32 32 32;43 43 43 43 43 43 43 43 43 43 43 43 43 43 43 43 43 43 43 43 43 43 43 43 43 43 43 43 43 43 43 43 43 43 43 43 43 43 43;32 32 32 32 32 32 32 32 32 32 32 32 32 32 32 32 32 32 32 32 32 32 32 32 32 32 32 32 32 32 32 32 32 32 32 32 32 32 32;
Vmax;43 43 43 43 43 43 43 43 43 43 43 43 43 43 43 43 43 43 43 43 43 43 43 43 43 43 43 43 43 43 43 43 43 43 43 43 43 43 43;28 28 28 28 28 28 28 28 28 28 28 28 28 28 28 28 28 28 28 28 28 28 28 28 28 28 28 28 28 28 28 28 28 28 28 28 28 28 28;52 52 52 52 52 52 52 52 52 52 52 52 52 52 52 52 52 52 52 52 52 52 52 52 52 52 52 52 52 52 52 52 52 52 52 52 52 52 52;47 47 47 47 47 47 47 47 47 47 47 47 47 47 47 47 47 47 47 47 47 47 47 47 47 47 47 47 47 47 47 47 47 47 47 47 47 47 47;39 39 39 39 39 39 39 39 39 39 39 39 39 39 39 39 39 39 39 39 39 39 39 39 39 39 39 39 39 39 39 39 39 39 39 39 39 39 39;49 49 49 49 49 49 49 49 49 49 49 49 49 49 49 49 49 49 49 49 49 49 49 49 49 49 49 49 49 49 49 49 49 49 49 49 49 49 49;40 40 40 40 40 40 40 40 40 40 40 40 40 40 40 40 40 40 40 40 40 40 40 40 40 40 40 40 40 40 40 40 40 40 40 40 40 40 40;51 51 51 51 51 51 51 51 51 51 51 51 51 51 51 51 51 51 51 51 51 51 51 51 51 51 51 51 51 51 51 51 51 51 51 51 51 51 51;34 34 34 34 34 34 34 34 34 34 34 34 34 34 34 34 34 34 34 34 34 34 34 34 34 34 34 34 34 34 34 34 34 34 34 34 34 34 34;45 45 45 45 45 45 45 45 45 45 45 45 45 45 45 45 45 45 45 45 45 45 45 45 45 45 45 45 45 45 45 45 45 45 45 45 45 45 45;45 45 45 45 45 45 45 45 45 45 45 45 45 45 45 45 45 45 45 45 45 45 45 45 45 45 45 45 45 45 45 45 45 45 45 45 45 45 45;36 36 36 36 36 36 36 36 36 36 36 36 36 36 36 36 36 36 36 36 36 36 36 36 36 36 36 36 36 36 36 36 36 36 36 36 36 36 36;35 35 35 35 35 35 35 35 35 35 35 35 35 35 35 35 35 35 35 35 35 35 35 35 35 35 35 35 35 35 35 35 35 35 35 35 35 35 35;32 32 32 32 32 32 32 32 32 32 32 32 32 32 32 32 32 32 32 32 32 32 32 32 32 32 32 32 32 32 32 32 32 32 32 32 32 32 32;43 43 43 43 43 43 43 43 43 43 43 43 43 43 43 43 43 43 43 43 43 43 43 43 43 43 43 43 43 43 43 43 43 43 43 43 43 43 43;32 32 32 32 32 32 32 32 32 32 32 32 32 32 32 32 32 32 32 32 32 32 32 32 32 32 32 32 32 32 32 32 32 32 32 32 32 32 32;
d;3.000 6.900 3.000 6.802 3.000 16.755 3.000 24.691 3.000 4.958 3.000 22.284 3.000 5.674 3.000 25.266 3.000 39.204 3.000 67.278 3.000 51.361 3.000 18.957 3.000 95.264 3.000 8.530 3.000 18.577 3.000 3.856 3.000 11.908 3.000 13.506 3.000 5.751 3.000
S;0.37199391606238319 0.3708311253647088 0.3686022049947229 0.36743941429704852 0.36220463205911674 0.36104184136144235 0.35642623083795538 0.35526344014028094 0.35376881409138722 0.35260602339371283 0.3454054825113127 0.34424269181363826 0.34093645722544619 0.3397736665277718 0.30284973677653465 0.30168694607886021 0.29433943703039961 0.29317664633272522 0.27326935028021188 0.27210655958253749 0.24602962172905823 0.24486683103138382 0.22967134466327518 0.22850855396560077 0.21871555077007895 0.21755276007240454 0.21535357141487546 0.21419078071720105 0.20555349922308128 0.20439070852540686 0.20246894815368116 0.20130615745600675 0.1917358489553245 0.19057305825765006 0.18407905737108501 0.1829162666734106 0.18027970554974768 0.17911691485207326 0.17644244190452038 0.17527965120684597;0.5631562890074332 0.56137057472171903 0.55794758986781212 0.55616187558209795 0.54812274571670261 0.54633703143098844 0.53924877241277624 0.53746305812706197 0.53516773955197516 0.533382025266261 0.52232405176828922 0.52053833748257494 0.51546090579356563 0.51367519150785135 0.45697058510416561 0.45518487081845133 0.44390119620831542 0.44211548192260108 0.41154356298481276 0.40975784869909848 0.36971112270982681 0.36792540842411253 0.34458948293023145 0.34280376864451712 0.32776451373710869 0.32597879945139435 0.32260147401304617 0.3208157597273319 0.30755136314707648 0.3057656488613622 0.30281437400478345 0.30102865971906917 0.28633140023587855 0.28454568595016422 0.27457275601722503 0.27278704173151075 0.26873803714874267 0.26695232286302839 0.26284509655071508 0.26105938226500075;0.64902586027549847 0.64806432181396001 0.6462211761233948 0.64525963766185634 0.64093087542664351 0.63996933696510505 0.6361525821091446 0.63519104364760615 0.63395510287640566 0.6329935644148672 0.62703927099288248 0.62607773253134402 0.62334373085264672 0.62238219239110826 0.5918489427891237 0.59088740432758524 0.58481157953751206 0.5838500410759736 0.56738823857101073 0.56642670010947227 0.54486307842294124 0.54390153996140289 0.53133604161854375 0.53037450315700529 0.52227644282224683 0.52131490436070849 0.51949634450929016 0.51853480604775171 0.51139243865838346 0.51043090019684501 0.50884175219714878 0.50788021373561032 0.49996630478312304 0.49900476632158458 0.49363472712692502 0.49267318866538656 0.49049295542851146 0.48953141696697305 0.4873198335680351 0.48635829510649664;0.83863834027019368 0.83757451048295961 0.83553528546361089 0.83447145567637693 0.82968218682039685 0.82861835703316278 0.82439556442656836 0.82333173463933429 0.82196431080736765 0.82090048102013369 0.81431275212772491 0.81324892234049095 0.81022406941937897 0.80916023963214501 0.77537877198739613 0.77431494220016206 0.76759275307071939 0.76652892328348543 0.74831586519288806 0.7472520354056541 0.7233944114120453 0.72233058162481134 0.70842832813909484 0.70736449835186088 0.69840494223680905 0.69734111244957497 0.69532908878417599 0.69426525899694203 0.68636306528955582 0.68529923550232186 0.68354102920478554 0.68247719941755147 0.67372138525735281 0.67265755547011874 0.66671623551006987 0.6656524057228359 0.66324023277991029 0.66217640299267622 0.65972954476406398 0.65866571497683002;0.98473982690584794 0.98345777562379655 0.98100024803637631 0.97971819675432492 0.97394651377404118 0.97266446249198979 0.96757545601737605 0.96629340473532466 0.96464548370705716 0.96336343242500577 0.95542437452902607 0.95414232324697479 0.95049698767537838 0.94921493639332699 0.90850393692401421 0.90722188564196293 0.8991207859218654 0.89783873463981401 0.87588966463319673 0.87460761335114534 0.84585611776910419 0.8445740664870528 0.8278200686965741 0.82653801741452271 0.8157406036348448 0.81445855235279341 0.81203380588423568 0.8107517546021844 0.80122859808302671 0.79994654680097532 0.79782768280138028 0.796545631519329 0.7859937529160127 0.78471170163396131 0.77755164937441523 0.77626959809236395 0.77336262044319715 0.77208056916114576 0.76913179129589515 0.76784974001384387;1.0424635031541971 1.0414430949909319 1.0394871036458422 1.038466695482577 1.0338729069880654 1.0328524988248 1.0288020651001075 1.0277816569368421 1.0264700463225067 1.0254496381592415 1.0191307961604006 1.0181103879971352 1.0152089984605586 1.0141885902972931 0.98178595806661562 0.98076554990335041 0.97431773584041548 0.97329732767715016 0.95582765971269967 0.95480725154943435 0.93192340812699337 0.93090299996372805 0.91756818539579599 0.91654777723253067 0.90795391728544006 0.90693350912217474 0.90500360887169007 0.90398320070842475 0.89640354551970747 0.89538313735644215 0.89369669458125434 0.89267628641798902 0.88427785242759438 0.88325744426432906 0.87755862715979249 0.87653821899652717 0.87422450209208824 0.87320409392882292 0.87085710746464384 0.86983669930137852;1.3665519988414627 1.3653019988414627 1.3629059094437279 1.3616559094437277 1.356028518537951 1.3547785185379511 1.3498167372252026 1.3485667372252024 1.3469600142226417 1.3457100142226417 1.3379694327740614 1.3367194327740612 1.333165230591755 1.3319152305917548 1.2922220061091747 1.2909720061091747 1.2830734338820795 1.2818234338820793 1.2604230906256277 1.2591730906256275 1.2311403824331373 1.2298903824331373 1.2135552345874205 1.2123052345874206 1.2017777561522347 1.2005277561522345 1.1981636283453909 1.1969136283453909 1.1876285507392121 1.1863785507392122 1.1843126583396069 1.1830626583396069 1.1727745767013735 1.1715245767013733 1.1645435257483159 1.1632935257483159 1.1604592225403783 1.1592092225403783 1.1563341641217588 1.1550841641217588;1.3792318401860018 1.378251448029139 1.376372162226994 1.3753917700701312 1.370978130144032 1.3699977379871693 1.3661061448006999 1.3651257526438372 1.3638655777398681 1.3628851855830051 1.3568141413096089 1.3558337491527461 1.3530461395979958 1.3520657474411331 1.3209338066704819 1.3199534145136191 1.3137584559041326 1.3127780637472699 1.2959934808010332 1.2950130886441704 1.2730266508461388 1.272046258689276 1.2592343780259687 1.258253985869106 1.2499971400375876 1.2490167478807246 1.247162529993004 1.2461821378361411 1.2388997240273736 1.2379193318705108 1.2362990241061145 1.2353186319492517 1.2272495483114214 1.2262691561545587 1.2207938220737293 1.2198134299168664 1.21759044700868 1.2166100548518173 1.214355107072508 1.2133747149156453;1.4388693329053137 1.4400321236029883 1.4432879918993782 1.4444507825970525 1.4470873437207155 1.44825013441839 1.4547441353049551 1.4559069260026294 1.4654772345033116 1.4666400252009859 1.4685617855727116 1.4697245762703861 1.4783618577645057 1.4795246484621802 1.4817238371197092 1.4828866278173836 1.4926796310129054 1.4938424217105797 1.5090379080786884 1.5102006987763628 1.5362776366298418 1.5374404273275164 1.5573477233800297 1.558510514077704 1.5658580231261647 1.5670208138238391 1.6039447435750764 1.6051075342727508 1.6084137688609428 1.6095765595586173 1.6167771004410174 1.617939891138692 1.6194345171875857 1.62059730788526 1.6252129184087469 1.6263757091064215 1.6316104913443532 1.6327732820420275 1.6350022024120134 1.6361649931096878;1.5653029516265662 1.5670886659122805 1.5720887493674511 1.5738744636531654 1.5779234682359335 1.5797091825216478 1.589682112454587 1.5914678267403015 1.606165086223492 1.6079508005092065 1.6109020753657852 1.6126877896514995 1.6259521862317547 1.6277379005174692 1.6311152259558175 1.6329009402415318 1.6479401951489403 1.6497259094346546 1.6730618349285358 1.6748475492142501 1.7148942752035219 1.7166799894892362 1.7472519084270246 1.7490376227127389 1.7603212973228748 1.7621070116085891 1.8188116180122749 1.8205973322979891 1.8256747639869984 1.8274604782727126 1.8385184517706845 1.8403041660563988 1.8425994846314855 1.8443851989171998 1.8514734579354122 1.8532591722211265 1.8612983020865217 1.8630840163722362 1.8665070012261429 1.8682927155118572;1.6927995913198053 1.6937611297813437 1.6964534824110511 1.6974150208725896 1.6995952541094645 1.700556792571003 1.7059268317656626 1.7068883702272011 1.7148022791796884 1.7157638176412269 1.717352965640923 1.7183145041024614 1.7254568714918297 1.7264184099533681 1.7282369698047864 1.7291985082663248 1.7372965686010831 1.7382581070626215 1.7508236054054807 1.7517851438670191 1.77334876555355 1.7743103040150885 1.7907721065200515 1.7917336449815899 1.7978094697716631 1.7987710082332016 1.8293042578351861 1.8302657962967246 1.8329997979754218 1.8339613364369602 1.8399156298589452 1.8408771683204834 1.8421131090916842 1.8430746475532227 1.8468914024091831 1.8478529408707216 1.8521817031059342 1.8531432415674727 1.8549863872580379 1.8559479257195763;1.7876169460790936 1.7886807758663277 1.7916595489885567 1.7927233787757908 1.7951355517187164 1.7961993815059505 1.8021407014659994 1.8032045312532334 1.8119603454134321 1.8130241752006662 1.8147823814982023 1.8158462112854363 1.8237484049928225 1.8248122347800566 1.8268242584454555 1.8278880882326896 1.8368476443477415 1.8379114741349756 1.8518137276206919 1.8528775574079259 1.8767351814015347 1.8777990111887688 1.8960120692793661 1.8970758990666001 1.903798088196043 1.9048619179832769 1.9386433856280259 1.9397072154152599 1.9427320683363718 1.9437958981236059 1.9503836270160144 1.9514474568032485 1.9528148806352152 1.9538787104224491 1.9581015030290438 1.9591653328162777 1.9639546016722578 1.9650184314594918 1.9670576564788407 1.9681214862660747;2.1218732147031387 2.1231552659851904 2.1267450694914665 2.1280271207735177 2.1309340984226846 2.1322161497047358 2.1393762019642821 2.1406582532463334 2.1512101318496497 2.1524921831317005 2.1546110471312958 2.1558930984133466 2.1654162549325044 2.1666983062145557 2.1691230526831133 2.1704051039651646 2.1812025177448424 2.1824845690268933 2.199238566817372 2.2005206180994232 2.2292721136814646 2.2305541649635154 2.2525032349701331 2.2537852862521839 2.2618863859722818 2.263168437254333 2.3038794367236459 2.3051614880056968 2.3088068235772932 2.3100888748593444 2.3180279327553239 2.3193099840373752 2.3209579050656424 2.3222399563476936 2.3273289628223073 2.3286110141043586 2.3343826970846422 2.3356647483666935 2.3381222759541136 2.3394043272361649;2.1936037425169728 2.1946241506802382 2.1974813412260499 2.1985017493893149 2.2008154662937538 2.2018358744570188 2.2075346915615555 2.2085550997248204 2.2169535337152149 2.2179739418784803 2.2196603846536678 2.2206807928169332 2.2282604480056505 2.2292808561689155 2.2312107564194004 2.2322311645826654 2.2408250245297561 2.2418454326930211 2.2551802472609532 2.2562006554242182 2.2790844988466592 2.2801049070099242 2.2975745749743748 2.2985949831376398 2.3050427972005747 2.3060632053638397 2.3384658375945171 2.3394862457577821 2.3423876352943589 2.3434080434576239 2.349726885456465 2.3507472936197304 2.3520589042340654 2.3530793123973308 2.3571297461220229 2.3581501542852883 2.3627439427797996 2.3637643509430646 2.3657203422881543 2.3667407504514193;2.3340198810643931 2.3352698810643928 2.3387699394830124 2.3400199394830121 2.3428542426909496 2.3441042426909493 2.3510852936440068 2.3523352936440065 2.3626233752822401 2.3638733752822398 2.3659392676818451 2.3671892676818449 2.3764743452880235 2.3777243452880232 2.380088473094867 2.3813384730948668 2.3918659515300527 2.3931159515300524 2.4094510993757696 2.4107010993757694 2.4387338075682594 2.4399838075682592 2.4613841508247112 2.4626341508247109 2.4705327230518059 2.4717827230518057 2.511475947534386 2.5127259475343857 2.5162801497166924 2.5175301497166922 2.5252707311652722 2.526520731165272 2.5281274541678327 2.5293774541678329 2.5343392354805809 2.5355892354805807 2.5412166263863574 2.5424666263863571 2.5448627157840917 2.5461127157840915;2.4537636474997737 2.4547440396566365 2.4574891835143768 2.4584695756712396 2.4606925585794261 2.4616729507362889 2.4671482848171187 2.4681286769739814 2.4761977606118113 2.477178152768674 2.4787984605330702 2.4797788526899329 2.4870612664987006 2.4880416586555634 2.4898958765432844 2.4908762687001471 2.4991331145316655 2.5001135066885283 2.5129253873518356 2.5139057795086983 2.53589221730673 2.5368726094635927 2.5536571924098292 2.554637584566692 2.5608325431761783 2.5618129353330414 2.5929448761036924 2.5939252682605551 2.5967128778153055 2.5976932699721682 2.6037643142455646 2.6047447064024274 2.6060048813063967 2.6069852734632595 2.6108768666497286 2.6118572588065918 2.616270898732691 2.6172512908895538 2.6191305766916986 2.6201109688485618;
