m;1
n;2
P;39
P1;2 4 6 8 10 12 14 16 18 20 22 24 26 28 30 32 34 36 38
Q;40
M;100
h;1 1 1 1 1 1 1 1 1 1 1 1 1 1 1 1 1 1 1 1 1 1 1 1 1 1 1 1 1 1 1 1 1 1 1 1 1 1 1
Vmin;28 28 28 28 28 28 28 28 28 28 28 28 28 28 28 28 28 28 28 28 28 28 28 28 28 28 28 28 28 28 28 28 28 28 28 28 28 28 28;52 52 52 52 52 52 52 52 52 52 52 52 52 52 52 52 52 52 52 52 52 52 52 52 52 52 52 52 52 52 52 52 52 52 52 52 52 52 52;
Vmax;28 28 28 28 28 28 28 28 28 28 28 28 28 28 28 28 28 28 28 28 28 28 28 28 28 28 28 28 28 28 28 28 28 28 28 28 28 28 28;52 52 52 52 52 52 52 52 52 52 52 52 52 52 52 52 52 52 52 52 52 52 52 52 52 52 52 52 52 52 52 52 52 52 52 52 52 52 52;
d;3.000 37.059 3.000 24.844 3.000 3.889 3.000 37.676 3.000 30.205 3.000 36.414 3.000 60.728 3.000 12.405 3.000 60.424 3.000 34.177 3.000 11.544 3.000 55.164 3.000 15.402 3.000 11.729 3.000 39.752 3.000 4.001 3.000 51.556 3.000 17.135 3.000 11.931 3.000
S;0.51578376619096755 0.51399805190525327 0.50689633389006195 0.50511061960434767 0.49491136599371099 0.49312565170799671 0.46243773778808056 0.46065202350236623 0.45827021685204755 0.45648450256633327 0.43282283994093879 0.43103712565522451 0.42405552921700829 0.42226981493129401 0.41310220849950702 0.41131649421379274 0.37848070487883262 0.37669499059311834 0.3698233761156588 0.36803766182994452 0.34769403900570678 0.3459083247199925 0.30994144533832524 0.3081557310526109 0.30077192635574312 0.29898621207002879 0.26283863744184482 0.26105292315613055 0.23937807838714667 0.23759236410143236 0.21961301759707211 0.21782730331135783 0.19540106305009816 0.19361534876438388 0.1913006685310972 0.18951495424538292 0.17472686709732171 0.17294115281160743 0.15088230386113338 0.1490965895754191;0.23387052085401355 0.23565623513972783 0.25860794123305902 0.2603936555187733 0.27518174266683448 0.27696745695254876 0.27928213718583544 0.28106785147154972 0.30349409173280939 0.30527980601852367 0.32325915252288395 0.32504486680859823 0.34671971157758208 0.34850542586329636 0.38465300049148038 0.38643871477719466 0.39382251947406244 0.39560823375977677 0.43157511314144403 0.43336082742715831 0.45370445025139605 0.45549016453711033 0.46236177901456987 0.46414749330028415 0.49698328263524427 0.49876899692095855 0.5079366033527456 0.50972231763845988 0.51670391407667604 0.51848962836239032 0.54215129098778481 0.54393700527349897 0.5463188119238177 0.54810452620953187 0.57879244012944797 0.58057815441516225 0.59077740802579881 0.59256312231151298 0.59966484032670442 0.60145055461241859;
