m;3
n;6
P;39
P1;2 4 6 8 10 12 14 16 18 20 22 24 26 28 30 32 34 36 38
Q;40
M;100
h;1 1 1 1 1 1 1 1 1 1 1 1 1 1 1 1 1 1 1 1 1 1 1 1 1 1 1 1 1 1 1 1 1 1 1 1 1 1 1
Vmin;52 52 52 52 52 52 52 52 52 52 52 52 52 52 52 52 52 52 52 52 52 52 52 52 52 52 52 52 52 52 52 52 52 52 52 52 52 52 52;39 39 39 39 39 39 39 39 39 39 39 39 39 39 39 39 39 39 39 39 39 39 39 39 39 39 39 39 39 39 39 39 39 39 39 39 39 39 39;38 38 38 38 38 38 38 38 38 38 38 38 38 38 38 38 38 38 38 38 38 38 38 38 38 38 38 38 38 38 38 38 38 38 38 38 38 38 38;28 28 28 28 28 28 28 28 28 28 28 28 28 28 28 28 28 28 28 28 28 28 28 28 28 28 28 28 28 28 28 28 28 28 28 28 28 28 28;51 51 51 51 51 51 51 51 51 51 51 51 51 51 51 51 51 51 51 51 51 51 51 51 51 51 51 51 51 51 51 51 51 51 51 51 51 51 51;46 46 46 46 46 46 46 46 46 46 46 46 46 46 46 46 46 46 46 46 46 46 46 46 46 46 46 46 46 46 46 46 46 46 46 46 46 46 46;
Vmax;52 52 52 52 52 52 52 52 52 52 52 52 52 52 52 52 52 52 52 52 52 52 52 52 52 52 52 52 52 52 52 52 52 52 52 52 52 52 52;39 39 39 39 39 39 39 39 39 39 39 39 39 39 39 39 39 39 39 39 39 39 39 39 39 39 39 39 39 39 39 39 39 39 39 39 39 39 39;38 38 38 38 38 38 38 38 38 38 38 38 38 38 38 38 38 38 38 38 38 38 38 38 38 38 38 38 38 38 38 38 38 38 38 38 38 38 38;28 28 28 28 28 28 28 28 28 28 28 28 28 28 28 28 28 28 28 28 28 28 28 28 28 28 28 28 28 28 28 28 28 28 28 28 28 28 28;51 51 51 51 51 51 51 51 51 51 51 51 51 51 51 51 51 51 51 51 51 51 51 51 51 51 51 51 51 51 51 51 51 51 51 51 51 51 51;46 46 46 46 46 46 46 46 46 46 46 46 46 46 46 46 46 46 46 46 46 46 46 46 46 46 46 46 46 46 46 46 46 46 46 46 46 46 46;
d;3.000 88.625 3.000 6.371 3.000 5.084 3.000 5.046 3.000 23.133 3.000 8.908 3.000 36.517 3.000 45.186 3.000 5.751 3.000 57.603 3.000 30.073 3.000 58.590 3.000 46.654 3.000 45.692 3.000 17.100 3.000 50.216 3.000 4.161 3.000 36.612 3.000 12.129 3.000
S;12.374048129761155 12.316355822068846 12.083104248689461 12.025411940997152 11.321341170986029 11.263648863293721 11.183635209906278 11.12594290221397 10.16025375417809 10.102561446485781 9.7737137972575656 9.7160214895652572 8.8373295511194883 8.7796372434271799 7.8824465763852221 7.8247542686929146 6.69801578654483 6.6403234788525225 6.062005784891185 6.0043134771988775 4.8965547193651231 4.8388624116728156 4.7282591725333329 4.6705668648410255 3.8016023223096198 3.7439100146173123 3.0416689807027883 2.9839766730104809 2.8126738276688399 2.7549815199765324 2.3101219183622894 2.2524296106699819 2.1553835801285186 2.0976912724362111 1.9999209333386956 1.9422286256463879 1.8197110525312987 1.762018744838991 0.057692307692307696 0;16.665397506348196 16.588474429425119 16.277472331585937 16.20054925466286 15.261788227981365 15.184865151058288 15.078180279875031 15.001257202951955 13.713671672237449 13.636748595314373 13.198285063010086 13.12136198608701 11.949772734825984 11.872849657902908 10.676595435180296 10.599672358257219 9.0973543820597733 9.0204313051366967 8.2493410465215806 8.172417969598504 6.6954062924868323 6.6184832155637556 6.4710122300444457 6.3940891531213691 5.2354697630794949 5.1585466861564182 4.2222253076037193 4.1453022306806426 3.9168984368917874 3.8399753599687103 3.246829224483053 3.1699061475599759 3.0405114401713584 2.9635883632482813 2.8332279111182608 2.7563048341951837 2.5929480700417318 2.5160249931186547 0.24358974358974358 0.16666666666666666;17.266241300374908 17.187293931953857 16.868107568382065 16.789160199961014 15.825694935735267 15.746747567314214 15.637255199520872 15.558307831099819 14.236838470629669 14.157891102208616 13.707889055896322 13.628941687475269 12.426521140128425 12.347573771707372 11.119839174702587 11.040891806281534 9.4990391464999444 9.4200917780788913 8.6287096705528512 8.5497623021317981 7.0338818966750818 6.9549345282540296 6.8035827273263161 6.7246353589052639 5.5355259849149183 5.4565786164938661 4.4956172016634648 4.4166698332424126 4.1822554133012195 4.1033080448801673 3.4945528005659399 3.4156054321448872 3.2828056008776216 3.203858232456569 3.0700672421126005 2.9911198736915479 2.8234642473235314 2.7445168789024788 0.41228070175438591 0.33333333333333331;0 0.057692307692307696 1.7908648986851448 1.8485572063774525 1.9710747794925416 2.0287670871848493 2.1265374262823649 2.1842297339746723 2.2812757645161357 2.3389680722084432 2.7838276738226861 2.8415199815149936 3.0128228268566346 3.0705151345489421 3.7727561684634665 3.830448476155774 4.6994130186871796 4.7571053263794871 4.8677085655189698 4.9254008732112773 6.0331596310450317 6.0908519387373392 6.6691696326986767 6.7268619403909842 7.8536004225390688 7.9112927302313762 8.808483397273335 8.8661757049656433 9.7448676434114123 9.8025599511037207 10.131407600331936 10.189099908024245 11.154789056060125 11.212481363752433 11.292495017139876 11.350187324832184 12.054258094843307 12.111950402535616 12.345201975915002 12.40289428360731;0.16666666666666666 0.24358974358974358 2.554486531580193 2.6314096085032701 2.794766372656722 2.8716894495797991 3.0020499017098197 3.0789729786328968 3.2083676860215142 3.2852907629445913 3.8784368984302486 3.9553599753533257 4.183763769142181 4.2606868460652576 5.1970082246179565 5.2739313015410332 6.4325506915829074 6.509473768505984 6.656944754025294 6.7338678309483706 8.2108795080600423 8.2878025849831189 9.058892843598235 9.1358159205213116 10.638133896718758 10.715056973641834 11.911311196364446 11.988234273287523 13.159823524548548 13.236746601471625 13.675210133775911 13.752133210698988 15.039718741413493 15.11664181833657 15.223326689519826 15.300249766442903 16.2390107931244 16.315933870047477 16.626935967886659 16.703859044809736;0.33333333333333331 0.41228070175438591 2.7839905631130053 2.862937931534058 3.0305935579020744 3.1095409263231271 3.2433319166670955 3.3222792850881482 3.4550791163554138 3.5340264847764664 4.1427817290906939 4.2217290975117461 4.4561435174529391 4.5350908858739913 5.4960523007043927 5.5749996691254449 6.7641090431157895 6.8430564115368417 6.9944082124645552 7.0733555808856075 8.5892359863423238 8.6681833547633769 9.459565462289417 9.5385128307104701 11.08036549049206 11.159312858913113 12.387047455917898 12.465994824338951 13.668415371685793 13.747362740106846 14.19736478641914 14.276312154840193 15.597781515310343 15.676728883731396 15.786221251524738 15.865168619945791 16.828633884171538 16.907581252592589 17.226767616164381 17.305714984585432;
