m;6
n;12
P;39
P1;2 4 6 8 10 12 14 16 18 20 22 24 26 28 30 32 34 36 38
Q;40
M;100
h;1 1 1 1 1 1 1 1 1 1 1 1 1 1 1 1 1 1 1 1 1 1 1 1 1 1 1 1 1 1 1 1 1 1 1 1 1 1 1
Vmin;39 39 39 39 39 39 39 39 39 39 39 39 39 39 39 39 39 39 39 39 39 39 39 39 39 39 39 39 39 39 39 39 39 39 39 39 39 39 39;40 40 40 40 40 40 40 40 40 40 40 40 40 40 40 40 40 40 40 40 40 40 40 40 40 40 40 40 40 40 40 40 40 40 40 40 40 40 40;37 37 37 37 37 37 37 37 37 37 37 37 37 37 37 37 37 37 37 37 37 37 37 37 37 37 37 37 37 37 37 37 37 37 37 37 37 37 37;33 33 33 33 33 33 33 33 33 33 33 33 33 33 33 33 33 33 33 33 33 33 33 33 33 33 33 33 33 33 33 33 33 33 33 33 33 33 33;28 28 28 28 28 28 28 28 28 28 28 28 28 28 28 28 28 28 28 28 28 28 28 28 28 28 28 28 28 28 28 28 28 28 28 28 28 28 28;48 48 48 48 48 48 48 48 48 48 48 48 48 48 48 48 48 48 48 48 48 48 48 48 48 48 48 48 48 48 48 48 48 48 48 48 48 48 48;52 52 52 52 52 52 52 52 52 52 52 52 52 52 52 52 52 52 52 52 52 52 52 52 52 52 52 52 52 52 52 52 52 52 52 52 52 52 52;40 40 40 40 40 40 40 40 40 40 40 40 40 40 40 40 40 40 40 40 40 40 40 40 40 40 40 40 40 40 40 40 40 40 40 40 40 40 40;36 36 36 36 36 36 36 36 36 36 36 36 36 36 36 36 36 36 36 36 36 36 36 36 36 36 36 36 36 36 36 36 36 36 36 36 36 36 36;49 49 49 49 49 49 49 49 49 49 49 49 49 49 49 49 49 49 49 49 49 49 49 49 49 49 49 49 49 49 49 49 49 49 49 49 49 49 49;50 50 50 50 50 50 50 50 50 50 50 50 50 50 50 50 50 50 50 50 50 50 50 50 50 50 50 50 50 50 50 50 50 50 50 50 50 50 50;40 40 40 40 40 40 40 40 40 40 40 40 40 40 40 40 40 40 40 40 40 40 40 40 40 40 40 40 40 40 40 40 40 40 40 40 40 40 40;
Vmax;39 39 39 39 39 39 39 39 39 39 39 39 39 39 39 39 39 39 39 39 39 39 39 39 39 39 39 39 39 39 39 39 39 39 39 39 39 39 39;40 40 40 40 40 40 40 40 40 40 40 40 40 40 40 40 40 40 40 40 40 40 40 40 40 40 40 40 40 40 40 40 40 40 40 40 40 40 40;37 37 37 37 37 37 37 37 37 37 37 37 37 37 37 37 37 37 37 37 37 37 37 37 37 37 37 37 37 37 37 37 37 37 37 37 37 37 37;33 33 33 33 33 33 33 33 33 33 33 33 33 33 33 33 33 33 33 33 33 33 33 33 33 33 33 33 33 33 33 33 33 33 33 33 33 33 33;28 28 28 28 28 28 28 28 28 28 28 28 28 28 28 28 28 28 28 28 28 28 28 28 28 28 28 28 28 28 28 28 28 28 28 28 28 28 28;48 48 48 48 48 48 48 48 48 48 48 48 48 48 48 48 48 48 48 48 48 48 48 48 48 48 48 48 48 48 48 48 48 48 48 48 48 48 48;52 52 52 52 52 52 52 52 52 52 52 52 52 52 52 52 52 52 52 52 52 52 52 52 52 52 52 52 52 52 52 52 52 52 52 52 52 52 52;40 40 40 40 40 40 40 40 40 40 40 40 40 40 40 40 40 40 40 40 40 40 40 40 40 40 40 40 40 40 40 40 40 40 40 40 40 40 40;36 36 36 36 36 36 36 36 36 36 36 36 36 36 36 36 36 36 36 36 36 36 36 36 36 36 36 36 36 36 36 36 36 36 36 36 36 36 36;49 49 49 49 49 49 49 49 49 49 49 49 49 49 49 49 49 49 49 49 49 49 49 49 49 49 49 49 49 49 49 49 49 49 49 49 49 49 49;50 50 50 50 50 50 50 50 50 50 50 50 50 50 50 50 50 50 50 50 50 50 50 50 50 50 50 50 50 50 50 50 50 50 50 50 50 50 50;40 40 40 40 40 40 40 40 40 40 40 40 40 40 40 40 40 40 40 40 40 40 40 40 40 40 40 40 40 40 40 40 40 40 40 40 40 40 40;
d;3.000 68.081 3.000 25.384 3.000 4.247 3.000 7.507 3.000 10.559 3.000 28.074 3.000 101.646 3.000 5.144 3.000 31.609 3.000 6.792 3.000 23.761 3.000 54.815 3.000 69.098 3.000 43.584 3.000 42.685 3.000 20.167 3.000 11.082 3.000 18.379 3.000 6.879 3.000
S;16.397232508206407 16.320309431283331 16.143925687415308 16.067002610492231 15.59575839147821 15.518835314555133 15.234683937319003 15.157760860395927 14.640657665181076 14.563734588257999 13.469240738502808 13.392317661579732 12.274791790999238 12.197868714076161 10.426129971935765 10.349206895012689 8.9436994894112303 8.8667764124881536 8.2575293543784625 8.1806062774553858 8.0064411621395628 7.9295180852164862 7.1190279729409278 7.0421048960178512 6.9101989694141484 6.8332758924910717 4.2269617097110066 4.1500386327879299 3.4301942518727908 3.3532711749497137 3.0825346952628245 3.0056116183397474 2.8131272514389227 2.7362041745158456 2.6273190192853475 2.5503959423622704 1.8995129909011377 1.8225899139780608 0.076923076923076927 0;16.153968362167905 16.078968362167906 15.906994211896587 15.831994211896587 15.372531098357918 15.297531098357918 15.020483505552692 14.945483505552692 14.441307890218212 14.366307890218213 13.299176386706902 13.224176386706903 12.134588662890922 12.059588662890922 10.332143389304036 10.257143389304037 8.8867736688426167 8.8117736688426174 8.2177577871856684 8.1427577871856691 7.9729467997527408 7.8979467997527406 7.1077189402840713 7.0327189402840711 6.9041106618454613 6.8291106618454611 4.2879543336348984 4.2129543336348982 3.5111060622426375 3.4361060622426374 3.1721379945479207 3.0971379945479205 2.9094657368196164 2.8344657368196162 2.7283027104698805 2.6533027104698803 2.0186918327952759 1.9436918327952759 0.24166666666666664 0.16666666666666666;17.616902733875214 17.535821652794134 17.349903652500814 17.268822571419733 16.772105691918469 16.691024610837388 16.391513699696603 16.310432618615522 15.765377899335004 15.684296818253923 14.530641138782237 14.449560057701156 13.2716273833055 13.190546302224419 11.323037898346705 11.241956817265624 9.7604760383884113 9.6793949573073306 9.0372156257863043 8.9561345447052236 8.7725550988317877 8.691474017750707 7.8371736291359291 7.7560925480548484 7.6170565713644596 7.5359754902833789 4.7887794597854736 4.7076983787043929 3.9489434907127601 3.8678624096316789 3.5824915256373906 3.5014104445563095 3.2985215172824676 3.2174404362013864 3.1026695969043749 3.0215885158232938 2.3355227021210188 2.2544416210399376 0.4144144144144144 0.33333333333333331;19.878547509698478 19.787638418789388 19.579184903308999 19.488275812399909 18.93135082629243 18.84044173538334 18.504626471377005 18.413717380467915 17.802595422486728 17.711686331577638 16.418193600048777 16.327284509139687 15.006572116635468 14.915663025726376 12.821789966833181 12.73088087592409 11.069826669304184 10.978917578395093 10.258898327901822 10.16798923699273 9.9621577370740297 9.871248646164938 8.9133966952938231 8.8224876043847313 8.6665987820349013 8.5756896911258096 5.4955002023857329 5.4045911114766421 4.553865934031478 4.4629568431223872 4.1429955489469732 4.0520864580378824 3.8246049335187262 3.7336958426096354 3.6050133864281375 3.5141042955190467 2.7448789892467991 2.6539698983377082 0.59090909090909094 0.5;23.505669088811302 23.398526231668445 23.152848874137987 23.04570601699513 22.389330140511316 22.282187283368458 21.886405007932421 21.779262150789563 21.059011271740307 20.951868414597449 19.427394838152718 19.320251981009861 17.763698089844173 17.656555232701315 15.188776270434337 15.081633413291479 13.123962384060878 13.01681952691802 12.168225410265237 12.061082553122379 11.818495428218197 11.71135257107534 10.582455628977241 10.475312771834384 10.291586659779227 10.18444380263637 6.5542204766212793 6.4470776194784225 5.4444372317751935 5.3372943746323367 4.9601971350684559 4.8530542779255992 4.5849510525994503 4.4778081954565936 4.3261467292426854 4.2190038720998286 3.3124169039932512 3.205274046850394 0.77380952380952372 0.66666666666666663;14.156084746251038 14.093584746251038 13.950272954358271 13.887772954358271 13.50488702640938 13.44238702640938 13.211514032405024 13.149014032405024 12.728867686292958 12.666367686292958 11.777091433366865 11.714591433366865 10.806601663520214 10.744101663520214 9.3045639355311422 9.2420639355311422 8.1000891684799576 8.0375891684799576 7.5425759337658338 7.4800759337658338 7.3385667775717272 7.2760667775717272 6.6175435613478362 6.5550435613478362 6.4478699959823276 6.3853699959823276 4.2677397224735252 4.2052397224735252 3.620366162979975 3.557866162979975 3.3378927732343775 3.2753927732343775 3.1189992251274576 3.0564992251274576 2.9680300365026779 2.9055300365026779 2.3766876384405076 2.3141876384405076 0.89583333333333337 0.83333333333333337;0 0.076923076923076927 1.8610514524395991 1.937974529362676 2.5888574808238087 2.6657805577468858 2.774665712977384 2.8515887899004611 3.0440731568012858 3.1209962337243629 3.391732713411252 3.4686557903343291 4.1885001712494683 4.2654232481725449 6.87173743095261 6.9486605078756867 7.0805664344793895 7.1574895114024661 7.9679796236780245 8.0449027006011011 8.2190678159169241 8.2959908928400008 8.9052379509496919 8.9821610278727686 10.387668433474227 10.464591510397304 12.2363302525377 12.313253329460776 13.43077920004127 13.507702276964347 14.602196126719537 14.679119203642614 15.196222398857465 15.273145475780542 15.557296853016672 15.634219929939748 16.105464148953768 16.182387225876845 16.358770969744867 16.435694046667944;0.16666666666666666 0.24166666666666664 1.981191832795276 2.056191832795276 2.69080271046988 2.7658027104698801 2.8719657368196159 2.946965736819616 3.1346379945479201 3.2096379945479203 3.473606062242637 3.5486060622426372 4.2504543336348979 4.3254543336348981 6.8666106618454608 6.9416106618454609 7.0702189402840707 7.1452189402840709 7.9354467997527403 8.0104467997527404 8.1802577871856688 8.2552577871856681 8.849273668842617 8.9242736688426163 10.294643389304039 10.369643389304038 12.097088662890924 12.172088662890923 13.261676386706904 13.336676386706904 14.403807890218214 14.478807890218214 14.982983505552694 15.057983505552693 15.33503109835792 15.410031098357919 15.869494211896589 15.944494211896588 16.116468362167907 16.191468362167907;0.33333333333333331 0.4144144144144144 2.2949821615804784 2.3760632426615595 3.0621290563638346 3.1432101374449157 3.2579809767419272 3.3390620578230084 3.5419509850968502 3.6230320661779314 3.9084029501722197 3.9894840312533009 4.7482389192449332 4.8293200003260139 7.5765160308239192 7.6575971119049999 7.7966330885953887 7.8777141696764694 8.7320145582912474 8.8130956393723281 8.996675085245764 9.0777561663268447 9.7199354978478709 9.8010165789289516 11.282497357806164 11.363578438887245 13.231086842764959 13.31216792384604 14.490100598241696 14.571181679322777 15.724837358794463 15.805918439875544 16.350973159156062 16.432054240237143 16.731565151377929 16.812646232459009 17.309363111960273 17.390444193041354 17.576362193334674 17.657443274415755;0.5 0.59090909090909094 2.6994244437922537 2.7903335347013445 3.5595588409735921 3.6504679318826829 3.7791503880641808 3.8700594789732716 4.0975410034924282 4.1884500944015191 4.508411388576933 4.5993204794860238 5.4500456569311879 5.5409547478402787 8.6211442365803546 8.7120533274894463 8.8679421498392763 8.958851240748368 9.916703191619483 10.007612282528575 10.213443782447275 10.304352873356367 11.024372123849638 11.115281214758729 12.776335421378635 12.867244512287726 14.961117571180921 15.052026662090013 16.372739054594231 16.463648145503321 17.757140877032182 17.848049967941272 18.459171925922458 18.550081016831548 18.885896280837883 18.976805371746973 19.533730357854452 19.624639448763542 19.833092964243932 19.924002055153021;0.66666666666666663 0.77380952380952372 3.2588454754218228 3.36598833256468 4.2725753006712575 4.3797181578141142 4.5313796240280224 4.6385224811708792 4.906625706497028 5.0137685636398848 5.3908658032037655 5.4980086603466223 6.5006490480498513 6.6077919051927081 10.238015231207799 10.345158088350656 10.528884200405813 10.63602705754867 11.764923999646768 11.872066856789626 12.114653981693808 12.221796838836665 13.070390955489449 13.177533812632307 15.135204841862908 15.242347699005766 17.710126661272746 17.817269518415603 19.373823409581291 19.480966266724149 21.00543984316888 21.112582700311737 21.832833579360994 21.939976436503851 22.335758711939889 22.442901569082746 23.09927744556656 23.206420302709418 23.452097660239875 23.559240517382733;0.83333333333333337 0.89583333333333337 2.3454376384405076 2.4079376384405076 2.9367800365026779 2.9992800365026779 3.0877492251274576 3.1502492251274576 3.3066427732343775 3.3691427732343775 3.589116162979975 3.651616162979975 4.2364897224735252 4.2989897224735252 6.4166199959823276 6.4791199959823276 6.5862935613478362 6.6487935613478362 7.3073167775717272 7.3698167775717272 7.5113259337658338 7.5738259337658338 8.0688391684799576 8.1313391684799576 9.2733139355311422 9.3358139355311422 10.775351663520214 10.837851663520214 11.745841433366865 11.808341433366865 12.697617686292958 12.760117686292958 13.180264032405024 13.242764032405024 13.47363702640938 13.53613702640938 13.919022954358271 13.981522954358271 14.124834746251038 14.187334746251038;
