m;5
n;10
P;39
P1;2 4 6 8 10 12 14 16 18 20 22 24 26 28 30 32 34 36 38
Q;40
M;100
h;1 1 1 1 1 1 1 1 1 1 1 1 1 1 1 1 1 1 1 1 1 1 1 1 1 1 1 1 1 1 1 1 1 1 1 1 1 1 1
Vmin;28 28 28 28 28 28 28 28 28 28 28 28 28 28 28 28 28 28 28 28 28 28 28 28 28 28 28 28 28 28 28 28 28 28 28 28 28 28 28;36 36 36 36 36 36 36 36 36 36 36 36 36 36 36 36 36 36 36 36 36 36 36 36 36 36 36 36 36 36 36 36 36 36 36 36 36 36 36;46 46 46 46 46 46 46 46 46 46 46 46 46 46 46 46 46 46 46 46 46 46 46 46 46 46 46 46 46 46 46 46 46 46 46 46 46 46 46;52 52 52 52 52 52 52 52 52 52 52 52 52 52 52 52 52 52 52 52 52 52 52 52 52 52 52 52 52 52 52 52 52 52 52 52 52 52 52;50 50 50 50 50 50 50 50 50 50 50 50 50 50 50 50 50 50 50 50 50 50 50 50 50 50 50 50 50 50 50 50 50 50 50 50 50 50 50;48 48 48 48 48 48 48 48 48 48 48 48 48 48 48 48 48 48 48 48 48 48 48 48 48 48 48 48 48 48 48 48 48 48 48 48 48 48 48;47 47 47 47 47 47 47 47 47 47 47 47 47 47 47 47 47 47 47 47 47 47 47 47 47 47 47 47 47 47 47 47 47 47 47 47 47 47 47;48 48 48 48 48 48 48 48 48 48 48 48 48 48 48 48 48 48 48 48 48 48 48 48 48 48 48 48 48 48 48 48 48 48 48 48 48 48 48;42 42 42 42 42 42 42 42 42 42 42 42 42 42 42 42 42 42 42 42 42 42 42 42 42 42 42 42 42 42 42 42 42 42 42 42 42 42 42;42 42 42 42 42 42 42 42 42 42 42 42 42 42 42 42 42 42 42 42 42 42 42 42 42 42 42 42 42 42 42 42 42 42 42 42 42 42 42;
Vmax;28 28 28 28 28 28 28 28 28 28 28 28 28 28 28 28 28 28 28 28 28 28 28 28 28 28 28 28 28 28 28 28 28 28 28 28 28 28 28;36 36 36 36 36 36 36 36 36 36 36 36 36 36 36 36 36 36 36 36 36 36 36 36 36 36 36 36 36 36 36 36 36 36 36 36 36 36 36;46 46 46 46 46 46 46 46 46 46 46 46 46 46 46 46 46 46 46 46 46 46 46 46 46 46 46 46 46 46 46 46 46 46 46 46 46 46 46;52 52 52 52 52 52 52 52 52 52 52 52 52 52 52 52 52 52 52 52 52 52 52 52 52 52 52 52 52 52 52 52 52 52 52 52 52 52 52;50 50 50 50 50 50 50 50 50 50 50 50 50 50 50 50 50 50 50 50 50 50 50 50 50 50 50 50 50 50 50 50 50 50 50 50 50 50 50;48 48 48 48 48 48 48 48 48 48 48 48 48 48 48 48 48 48 48 48 48 48 48 48 48 48 48 48 48 48 48 48 48 48 48 48 48 48 48;47 47 47 47 47 47 47 47 47 47 47 47 47 47 47 47 47 47 47 47 47 47 47 47 47 47 47 47 47 47 47 47 47 47 47 47 47 47 47;48 48 48 48 48 48 48 48 48 48 48 48 48 48 48 48 48 48 48 48 48 48 48 48 48 48 48 48 48 48 48 48 48 48 48 48 48 48 48;42 42 42 42 42 42 42 42 42 42 42 42 42 42 42 42 42 42 42 42 42 42 42 42 42 42 42 42 42 42 42 42 42 42 42 42 42 42 42;42 42 42 42 42 42 42 42 42 42 42 42 42 42 42 42 42 42 42 42 42 42 42 42 42 42 42 42 42 42 42 42 42 42 42 42 42 42 42;
d;3.000 47.400 3.000 63.862 3.000 40.076 3.000 83.945 3.000 42.145 3.000 34.937 3.000 12.888 3.000 92.162 3.000 16.036 3.000 5.547 3.000 6.098 3.000 30.236 3.000 22.064 3.000 87.050 3.000 54.113 3.000 22.344 3.000 58.672 3.000 18.183 3.000 34.091 3.000
S;29.708953220678495 29.601810363535638 28.3842623148917 28.277119457748842 27.627725901152527 27.520583044009669 25.42516123089279 25.318018373749933 24.520027264202355 24.412884407059497 22.480270008158605 22.373127151015748 19.264198143366492 19.157055286223635 18.369057315955757 18.2619144588129 17.182039666874669 17.074896809731811 16.857117363819416 16.749974506676558 16.551881753527752 16.444738896384894 15.872016004015176 15.764873146872318 12.473355535914859 12.366212678772001 11.905924559930503 11.798781702787645 10.551028130814823 10.443885273671965 8.9386906146902572 8.8315477575473995 5.8334961315102367 5.72635327436738 4.2950705553617432 4.1879276982188864 1.9071295719207069 1.7999867147778497 0.10714285714285714 0;23.273630282749931 23.190296949416599 22.24331513380465 22.159981800471318 21.654897923118629 21.571564589785297 19.941792068472168 19.858458735138836 19.237798983268497 19.154465649935165 17.651321117456693 17.56798778412336 15.149931889285053 15.066598555951719 14.453711245743371 14.370377912410037 13.53047529645808 13.447141963124746 13.277757949637328 13.194424616303994 13.040352474966033 12.957019141632699 12.511568003122918 12.428234669789584 9.86816541682267 9.7848320834893361 9.4268302132792812 9.3434968799459472 8.373021879522641 8.2896885461893071 7.1189815892035337 7.0356482558702007 4.7038303245079627 4.6204969911746296 3.5072770986146895 3.423943765281356 1.6499896670494385 1.5666563337161052 0.25 0.16666666666666666;18.417043989398497 18.351826598094149 17.610710394571754 17.545493003267406 17.150209968817475 17.084992577513127 15.809518430398505 15.744301039094157 15.258567320239109 15.193349928934762 14.016975946995089 13.951758555690741 12.059366985817283 11.994149594512935 11.51449865608901 11.449281264784663 10.791966174039652 10.726748782735305 10.594187380875585 10.528969989571237 10.408391792002398 10.34317440069805 9.9945604662121337 9.929343074907786 7.9258106160641146 7.860593224759767 7.5804178480736377 7.51520045676929 6.7556982825249632 6.6904808912206155 5.7742754466230544 5.7090580553187067 3.8841570655569555 3.8189396742526078 2.9477241061622204 2.8825067148578727 1.4941948118937636 1.4289774205894157 0.39855072463768115 0.33333333333333331;16.497128657288421 16.439436349596114 15.783833554172455 15.726141246480147 15.376467792928285 15.318775485235976 14.190471432019196 14.132779124326888 13.703091603801267 13.645399296108959 12.604760773623864 12.547068465931556 10.873029769505035 10.815337461812726 10.391030862437717 10.333338554745408 9.751867512932515 9.6941752052402066 9.5769093497489166 9.5192170420566082 9.4125517134380203 9.354859405745712 9.0464701560081711 8.9887778483158627 7.2164222116464609 7.1587299039541534 6.9108824553471928 6.8531901476548853 6.1813228396695195 6.123630531977212 5.3131411002178304 5.2554487925255229 3.6411133015824353 3.5834209938901278 2.8127302990409384 2.7550379913486309 1.5269159233419189 1.4692236156496112 0.55769230769230771 0.5;17.303680470246618 17.24368047024662 16.561853563006014 16.501853563006016 16.138193171312079 16.07819317131208 14.904756955966629 14.844756955966629 14.397881934619985 14.337881934619984 13.255617871235485 13.195617871235484 11.454617626951901 11.3946176269519 10.95333876360189 10.893338763601889 10.288608880116479 10.228608880116479 10.106652390405538 10.046652390405537 9.9357204486422059 9.8757204486422054 9.5549956289151634 9.4949956289151629 7.6517457667789861 7.5917457667789865 7.3339844202277469 7.2739844202277473 6.575242419922966 6.5152424199229664 5.6723334108932102 5.6123334108932106 3.9334245003123995 3.8734245003123995 3.0719061776692427 3.0119061776692426 1.7346592269422625 1.6746592269422624 0.72666666666666657 0.66666666666666663;0 0.10714285714285714 1.8535581433492783 1.9607010004921355 4.2414991267903144 4.3486419839331711 5.7799247029388079 5.8870675600816647 8.8851191861188283 8.992262043261686 10.497456702243394 10.604599559386251 11.852353131359074 11.959495988501931 12.41978410734343 12.526926964486288 15.818444575443747 15.925587432586605 16.498310324956325 16.605453182099183 16.803545935247989 16.910688792390847 17.128468238303242 17.235611095446099 18.31548588738433 18.422628744527188 19.210626714795065 19.317769571937923 22.426698579587178 22.533841436730036 24.466455835630928 24.573598692773786 25.371589802321363 25.478732659464221 27.5741544725811 27.681297329723957 28.330690886320273 28.437833743463131 29.655381792107068 29.762524649249926;0.16666666666666666 0.25 1.608323000382772 1.6916563337161052 3.4656104319480225 3.548943765281356 4.6621636578412957 4.7454969911746288 7.0773149225368668 7.1606482558701998 8.3313552128559731 8.4146885461893071 9.3851635466126133 9.4684968799459472 9.8264987501560022 9.9098320834893361 12.46990133645625 12.553234669789584 12.998685808299365 13.082019141632699 13.23609128297066 13.319424616303994 13.488808629791412 13.572141963124746 14.412044579076703 14.495377912410037 15.108265222618385 15.191598555951719 17.609654450790028 17.69298778412336 19.196132316601833 19.279465649935165 19.900125401805504 19.983458735138836 21.613231256451964 21.696564589785297 22.201648467137986 22.284981800471318 23.231963616083267 23.315296949416599;0.33333333333333331 0.39855072463768115 1.4615861162415895 1.5268035075459374 2.9151154105100465 2.9803328018143942 3.8515483699047817 3.9167657612091293 5.7416667509708805 5.8068841422752282 6.7230895868727893 6.788306978177137 7.5478091524214639 7.6130265437258116 7.8932019204119408 7.9584193117162885 9.9619517705599598 10.027169161864308 10.375783096350224 10.441000487654572 10.561578685223411 10.626796076527759 10.759357478387479 10.824574869691826 11.481889960436837 11.547107351741184 12.026758290165109 12.091975681469457 13.984367251342917 14.049584642647265 15.225958624586937 15.291176015891285 15.776909734746333 15.842127126050681 17.117601273165302 17.18281866446965 17.578101698919582 17.64331909022393 18.384435293746325 18.449652685050673;0.5 0.55769230769230771 1.4980697694957652 1.5557620771880729 2.7838841451947847 2.8415764528870922 3.6122671477362811 3.6699594554285886 5.2842949463716762 5.3419872540639837 6.1524766858233653 6.2101689935156728 6.8820363015010386 6.9397286091933461 7.1875760578003067 7.2452683654926142 9.017624002162016 9.0753163098543244 9.3837055595918653 9.4413978672841736 9.5480631959027615 9.6057555035950699 9.7230213590863599 9.7807136667786683 10.362184708591561 10.41987701628387 10.84418361565888 10.901875923351188 12.575914619777709 12.633606927470018 13.674245449955112 13.731937757647421 14.161625278173041 14.219317585865349 15.34762163908213 15.405313946774438 15.7549874003263 15.812679708018608 16.468282503442268 16.525974811134574;0.66666666666666663 0.72666666666666657 1.7046592269422622 1.7646592269422623 3.0419061776692429 3.1019061776692429 3.9034245003123997 3.9634245003123998 5.6423334108932117 5.7023334108932113 6.5452424199229675 6.6052424199229671 7.3039844202277484 7.363984420227748 7.6217457667789876 7.6817457667789872 9.524995628915164 9.5849956289151645 9.9057204486422066 9.9657204486422071 10.076652390405538 10.136652390405539 10.25860888011648 10.31860888011648 10.92333876360189 10.983338763601891 11.424617626951902 11.484617626951902 13.225617871235485 13.285617871235486 14.367881934619986 14.427881934619986 14.87475695596663 14.93475695596663 16.108193171312081 16.16819317131208 16.531853563006017 16.591853563006016 17.273680470246621 17.33368047024662;
