m;8
n;16
P;39
P1;2 4 6 8 10 12 14 16 18 20 22 24 26 28 30 32 34 36 38
Q;40
M;100
h;1 1 1 1 1 1 1 1 1 1 1 1 1 1 1 1 1 1 1 1 1 1 1 1 1 1 1 1 1 1 1 1 1 1 1 1 1 1 1
Vmin;42 42 42 42 42 42 42 42 42 42 42 42 42 42 42 42 42 42 42 42 42 42 42 42 42 42 42 42 42 42 42 42 42 42 42 42 42 42 42;31 31 31 31 31 31 31 31 31 31 31 31 31 31 31 31 31 31 31 31 31 31 31 31 31 31 31 31 31 31 31 31 31 31 31 31 31 31 31;28 28 28 28 28 28 28 28 28 28 28 28 28 28 28 28 28 28 28 28 28 28 28 28 28 28 28 28 28 28 28 28 28 28 28 28 28 28 28;49 49 49 49 49 49 49 49 49 49 49 49 49 49 49 49 49 49 49 49 49 49 49 49 49 49 49 49 49 49 49 49 49 49 49 49 49 49 49;37 37 37 37 37 37 37 37 37 37 37 37 37 37 37 37 37 37 37 37 37 37 37 37 37 37 37 37 37 37 37 37 37 37 37 37 37 37 37;48 48 48 48 48 48 48 48 48 48 48 48 48 48 48 48 48 48 48 48 48 48 48 48 48 48 48 48 48 48 48 48 48 48 48 48 48 48 48;48 48 48 48 48 48 48 48 48 48 48 48 48 48 48 48 48 48 48 48 48 48 48 48 48 48 48 48 48 48 48 48 48 48 48 48 48 48 48;32 32 32 32 32 32 32 32 32 32 32 32 32 32 32 32 32 32 32 32 32 32 32 32 32 32 32 32 32 32 32 32 32 32 32 32 32 32 32;50 50 50 50 50 50 50 50 50 50 50 50 50 50 50 50 50 50 50 50 50 50 50 50 50 50 50 50 50 50 50 50 50 50 50 50 50 50 50;50 50 50 50 50 50 50 50 50 50 50 50 50 50 50 50 50 50 50 50 50 50 50 50 50 50 50 50 50 50 50 50 50 50 50 50 50 50 50;48 48 48 48 48 48 48 48 48 48 48 48 48 48 48 48 48 48 48 48 48 48 48 48 48 48 48 48 48 48 48 48 48 48 48 48 48 48 48;51 51 51 51 51 51 51 51 51 51 51 51 51 51 51 51 51 51 51 51 51 51 51 51 51 51 51 51 51 51 51 51 51 51 51 51 51 51 51;52 52 52 52 52 52 52 52 52 52 52 52 52 52 52 52 52 52 52 52 52 52 52 52 52 52 52 52 52 52 52 52 52 52 52 52 52 52 52;49 49 49 49 49 49 49 49 49 49 49 49 49 49 49 49 49 49 49 49 49 49 49 49 49 49 49 49 49 49 49 49 49 49 49 49 49 49 49;38 38 38 38 38 38 38 38 38 38 38 38 38 38 38 38 38 38 38 38 38 38 38 38 38 38 38 38 38 38 38 38 38 38 38 38 38 38 38;40 40 40 40 40 40 40 40 40 40 40 40 40 40 40 40 40 40 40 40 40 40 40 40 40 40 40 40 40 40 40 40 40 40 40 40 40 40 40;
Vmax;42 42 42 42 42 42 42 42 42 42 42 42 42 42 42 42 42 42 42 42 42 42 42 42 42 42 42 42 42 42 42 42 42 42 42 42 42 42 42;31 31 31 31 31 31 31 31 31 31 31 31 31 31 31 31 31 31 31 31 31 31 31 31 31 31 31 31 31 31 31 31 31 31 31 31 31 31 31;28 28 28 28 28 28 28 28 28 28 28 28 28 28 28 28 28 28 28 28 28 28 28 28 28 28 28 28 28 28 28 28 28 28 28 28 28 28 28;49 49 49 49 49 49 49 49 49 49 49 49 49 49 49 49 49 49 49 49 49 49 49 49 49 49 49 49 49 49 49 49 49 49 49 49 49 49 49;37 37 37 37 37 37 37 37 37 37 37 37 37 37 37 37 37 37 37 37 37 37 37 37 37 37 37 37 37 37 37 37 37 37 37 37 37 37 37;48 48 48 48 48 48 48 48 48 48 48 48 48 48 48 48 48 48 48 48 48 48 48 48 48 48 48 48 48 48 48 48 48 48 48 48 48 48 48;48 48 48 48 48 48 48 48 48 48 48 48 48 48 48 48 48 48 48 48 48 48 48 48 48 48 48 48 48 48 48 48 48 48 48 48 48 48 48;32 32 32 32 32 32 32 32 32 32 32 32 32 32 32 32 32 32 32 32 32 32 32 32 32 32 32 32 32 32 32 32 32 32 32 32 32 32 32;50 50 50 50 50 50 50 50 50 50 50 50 50 50 50 50 50 50 50 50 50 50 50 50 50 50 50 50 50 50 50 50 50 50 50 50 50 50 50;50 50 50 50 50 50 50 50 50 50 50 50 50 50 50 50 50 50 50 50 50 50 50 50 50 50 50 50 50 50 50 50 50 50 50 50 50 50 50;48 48 48 48 48 48 48 48 48 48 48 48 48 48 48 48 48 48 48 48 48 48 48 48 48 48 48 48 48 48 48 48 48 48 48 48 48 48 48;51 51 51 51 51 51 51 51 51 51 51 51 51 51 51 51 51 51 51 51 51 51 51 51 51 51 51 51 51 51 51 51 51 51 51 51 51 51 51;52 52 52 52 52 52 52 52 52 52 52 52 52 52 52 52 52 52 52 52 52 52 52 52 52 52 52 52 52 52 52 52 52 52 52 52 52 52 52;49 49 49 49 49 49 49 49 49 49 49 49 49 49 49 49 49 49 49 49 49 49 49 49 49 49 49 49 49 49 49 49 49 49 49 49 49 49 49;38 38 38 38 38 38 38 38 38 38 38 38 38 38 38 38 38 38 38 38 38 38 38 38 38 38 38 38 38 38 38 38 38 38 38 38 38 38 38;40 40 40 40 40 40 40 40 40 40 40 40 40 40 40 40 40 40 40 40 40 40 40 40 40 40 40 40 40 40 40 40 40 40 40 40 40 40 40;
d;3.000 21.431 3.000 24.398 3.000 29.308 3.000 26.508 3.000 23.805 3.000 62.887 3.000 11.323 3.000 50.225 3.000 31.742 3.000 39.538 3.000 28.425 3.000 97.896 3.000 70.756 3.000 3.126 3.000 5.081 3.000 29.091 3.000 6.023 3.000 4.344 3.000 33.245 3.000
S;15.694148187586304 15.622719616157733 14.831168783726374 14.759740212297803 14.656314955335974 14.584886383907403 14.44148205693112 14.370053485502549 13.677405829674866 13.605977258246295 13.485004000208987 13.413575428780415 13.339153504781372 13.267724933352801 11.583053590206056 11.511625018777485 9.1807562254851849 9.1093276540566137 8.4325396071087653 8.3611110356801941 7.4197301520922272 7.348301580663656 6.5925402070595487 6.5211116356309775 5.3252795078732271 5.253850936444656 4.9842501717052397 4.9128216002766685 3.4155020719608005 3.3440735005322288 2.7772772149251619 2.7058486434965903 2.0747021950786828 2.0032736236501112 1.305463827583041 1.2340352561544696 0.65312514605474081 0.58169657462616942 0.071428571428571425 0;21.429706146622319 21.332931953073931 20.260508244618542 20.163734051070154 20.023609509379934 19.926835315831546 19.732545582508841 19.635771388960453 18.697345532677787 18.600571339129399 18.436672086304661 18.339897892756273 18.239068189273699 18.142293995725311 15.859836046945848 15.76306185339746 12.605110585065956 12.508336391517568 11.591397747265644 11.494623553717256 10.219204292081946 10.122430098533558 9.098495334295734 9.0017211407473461 7.3815614837852328 7.2847872902368458 6.9195217380092497 6.8227475444608627 4.7941210867425896 4.6973468931942026 3.9294293449523696 3.8326551514039826 2.9775535116119789 2.8807793180635919 1.9353595943598192 1.8385854008114322 1.0515458968053477 0.9547717032569607 0.26344086021505375 0.16666666666666666;23.874555614712808 23.76741275756995 22.580086508922911 22.472943651780053 22.317805766337308 22.210662909194451 21.995556418730025 21.888413561587168 20.849442077845644 20.742299220702787 20.560839333646825 20.453696476503968 20.342063590505401 20.234920733362543 17.707913718642427 17.600770861499569 14.104467671561117 13.99732481441826 12.982142743996485 12.874999886853628 11.462928561471676 11.355785704328818 10.222143643922657 10.115000786779799 8.3212525951431733 8.2141097380003156 7.8097085908911916 7.7025657337483349 5.4565864412745331 5.3494435841316763 4.4992491557210759 4.3921062985782191 3.4453866259513579 3.3382437688085007 2.2915290747078951 2.1843862175650379 1.3130210524154446 1.2058781952725874 0.44047619047619047 0.33333333333333331;13.952127017931126 13.890902528135207 13.212430386051185 13.151205896255266 13.062555676002269 13.00133118620635 12.87841319165525 12.817188701859331 12.223490711149889 12.162266221353971 12.058574857321993 11.997350367526074 11.933560146955466 11.872335657159548 10.428331648748053 10.367107158952134 8.3692196218444472 8.3079951320485286 7.727891091807515 7.6666666020115963 6.8597687017933389 6.7985442119974202 6.1507487489081853 6.0895242591122667 5.0645252924627666 5.003300802666848 4.7722144328902054 4.7109899430942868 3.4275732045378287 3.3663487147419104 2.8805233270787101 2.8192988372827918 2.2783161672102996 2.2170916774143814 1.6189689950711781 1.5577445052752596 1.0598215537612063 0.99859706396528802 0.56122448979591832 0.5;18.481645690413284 18.400564609332204 17.502047448193903 17.420966367112822 17.30356472407507 17.222483642993989 17.059700352912802 16.978619271831722 16.19237058143273 16.111289500351649 15.973968504741734 15.892887423660653 15.808408482904982 15.727327401823901 13.814997769062732 13.733916687981651 11.088065625325527 11.006984544244446 10.238738653114455 10.157657572033374 9.0890630555281131 9.0079819744470324 8.1500906854910191 8.0690096044099384 6.7115785404687074 6.6304974593876267 6.3244641588726145 6.2433830777915338 4.5437230726762241 4.4626419915951434 3.8192516133384724 3.7381705322573913 3.0217340232424692 2.9406529421613881 2.1485445250041728 2.0674634439230917 1.4080519675936698 1.3269708865125887 0.74774774774774766 0.66666666666666663;14.565712997471355 14.503212997471355 13.810606019093916 13.748106019093916 13.657608919252315 13.595108919252315 13.469630133148067 13.407130133148067 12.801063434298845 12.738563434298845 12.632711833516201 12.570211833516201 12.505092650017037 12.442592650017037 10.968505224763636 10.906005224763636 8.8664950306328727 8.8039950306328727 8.2118054895535053 8.1493054895535053 7.3255972164140335 7.2630972164140335 6.6018060145104398 6.5393060145104398 5.4929529027224078 5.4304529027224078 5.1945522335754184 5.1320522335754184 3.8218976462990337 3.7593976462990337 3.2634508963928499 3.2009508963928499 2.648697754027181 2.586197754027181 1.9756141824684943 1.9131141824684943 1.4048178361312316 1.3423178361312316 0.89583333333333337 0.83333333333333337;14.732379664138021 14.669879664138021 13.977272685760582 13.914772685760582 13.824275585918981 13.761775585918981 13.636296799814733 13.573796799814733 12.967730100965511 12.905230100965511 12.799378500182867 12.736878500182867 12.671759316683703 12.609259316683703 11.135171891430302 11.072671891430302 9.0331616972995388 8.9706616972995388 8.3784721562201714 8.3159721562201714 7.4922638830806996 7.4297638830806996 6.7684726811771059 6.7059726811771059 5.6596195693890738 5.5971195693890738 5.3612189002420854 5.2987189002420854 3.9885643129657007 3.9260643129657007 3.4301175630595169 3.3676175630595169 2.815364420693848 2.752864420693848 2.1422808491351613 2.0797808491351613 1.5714845027978983 1.5089845027978983 1.0625 1;21.765236162873698 21.671486162873698 20.632575695307541 20.538825695307541 20.403080045545138 20.309330045545138 20.121111866388766 20.027361866388766 19.118261818114934 19.024511818114934 18.865734416940967 18.771984416940967 18.674305641692222 18.580555641692222 16.36942450381212 16.27567450381212 13.216409212615977 13.122659212615977 12.234374900996924 12.140624900996924 10.905062491287717 10.811312491287717 9.8193756884323253 9.7256256884323253 8.1560960207502777 8.0623460207502777 7.7084950170297946 7.6147450170297946 5.6495131361152175 5.5557631361152175 4.8118430112559416 4.7180930112559416 3.8897132977074378 3.7959632977074378 2.8800879403694082 2.7863379403694082 2.023893420863514 1.930143420863514 1.2604166666666667 1.1666666666666667;0 0.071428571428571425 0.61741086034045511 0.68883943176902651 1.2697495418687554 1.3411781132973268 2.0389879093643972 2.1104164807929688 2.7415629292108763 2.8129915006394479 3.3797877862465149 3.4512163576750865 4.948535885990955 5.0199644574195261 5.2895652221589424 5.3609937935875136 6.556825921345264 6.6282544927738352 7.3840158663779425 7.4554444378065137 8.3968253213944806 8.4682538928230517 9.145041939770902 9.2164705111994731 11.547339304491773 11.618767875920344 13.303439219067089 13.37486779049566 13.449289714494704 13.520718285923275 13.641691543960583 13.713120115389154 14.405767771216837 14.477196342645408 14.620600669621691 14.692029241050262 14.795454498012091 14.866883069440663 15.658433901872021 15.729862473300592;0.16666666666666666 0.26344086021505375 1.0031588000311542 1.0999329935795412 1.8869724975856257 1.9837466911340127 2.9291664148377854 3.0259406083861724 3.8810422481781761 3.9778164417265631 4.7457339899683957 4.8425081835167827 6.8711346412350558 6.9679088347834428 7.3331743870110389 7.4299485805594259 9.05010823752154 9.1468824310699279 10.170817195307752 10.26759138885614 11.54301065049145 11.639784844039838 12.556723488291762 12.65349768184015 15.811448950171654 15.908223143720042 18.190681092499503 18.287455286047891 18.388284989530465 18.485059183078853 18.648958435903591 18.745732629451979 19.684158485734645 19.780932679283033 19.975222412605738 20.071996606154126 20.212121147844346 20.308895341392734 21.381319049848123 21.478093243396511;0.33333333333333331 0.44047619047619047 1.259449623844016 1.3665924809868732 2.2379576461364667 2.345100503279324 3.3918151973799295 3.4989580545227867 4.4456777271496479 4.5528205842925047 5.4030150127031051 5.5101578698459619 7.7561371623197637 7.8632800194626205 8.2676811665717445 8.3748240237146021 10.168572215351228 10.275715072494085 11.409357132900247 11.516499990043105 12.928571315425057 13.035714172567914 14.050896242989689 14.158039100132546 17.654342290070996 17.761485147213854 20.28849216193397 20.395635019076828 20.507267905075395 20.614410762218252 20.795870649274214 20.903013506417071 21.941984990158595 22.049127847301452 22.264234337765878 22.371377194908735 22.52651508035148 22.633657937494338 23.820984186141377 23.928127043284235;0.5 0.56122448979591832 1.0292093088632472 1.0904337986591657 1.588356750173219 1.6495812399691374 2.2477039223123407 2.3089284121082589 2.8499110821807512 2.9111355719766694 3.3969609596398698 3.458185449435788 4.7416021879922461 4.8028266777881647 5.0339130475648073 5.0951375373607259 6.120136504010226 6.1813609938061447 6.8291564568953795 6.8903809466912982 7.6972788469095557 7.7585033367054743 8.3386073769464879 8.3998318667424066 10.397719403850093 10.458943893646012 11.902947902057507 11.964172391853426 12.027962612424034 12.089187102219952 12.19287846625193 12.254102956047848 12.847800946757291 12.909025436553209 13.03194343110431 13.093167920900228 13.181818141153226 13.243042630949144 13.921514773033167 13.982739262829085;0.66666666666666663 0.74774774774774766 1.3675114270531292 1.4485925081342104 2.1080039844636325 2.1890850655447136 2.9811934827019284 3.0622745637830096 3.7787110727979316 3.8597921538790128 4.5031825321356838 4.5842636132167645 6.2839236183320741 6.3650046994131548 6.671037999928167 6.7521190810092477 8.1095501449504788 8.1906312260315595 9.0485225149875728 9.1296035960686535 10.198198112573914 10.279279193654995 11.047525084784986 11.128606165866067 13.774457228522191 13.855538309603272 15.767867942364441 15.848949023445522 15.933427964201194 16.014509045282274 16.15183004089219 16.23291112197327 17.019159812372262 17.100240893453343 17.263024183534529 17.34410526461561 17.461506907653362 17.542587988734443 18.441105149872744 18.522186230953825;0.83333333333333337 0.89583333333333337 1.3735678361312316 1.4360678361312316 1.9443641824684943 2.0068641824684943 2.617447754027181 2.679947754027181 3.2322008963928499 3.2947008963928499 3.7906476462990337 3.8531476462990337 5.1633022335754184 5.2258022335754184 5.4617029027224078 5.5242029027224078 6.5705560145104398 6.6330560145104398 7.2943472164140335 7.3568472164140335 8.1805554895535053 8.2430554895535053 8.8352450306328727 8.8977450306328727 10.937255224763636 10.999755224763636 12.473842650017037 12.536342650017037 12.601461833516201 12.663961833516201 12.769813434298845 12.832313434298845 13.438380133148067 13.500880133148067 13.626358919252315 13.688858919252315 13.779356019093916 13.841856019093916 14.534462997471355 14.596962997471355;1 1.0625 1.5402345027978983 1.6027345027978983 2.1110308491351613 2.1735308491351613 2.784114420693848 2.846614420693848 3.3988675630595169 3.4613675630595169 3.9573143129657007 4.0198143129657007 5.3299689002420854 5.3924689002420854 5.6283695693890738 5.6908695693890738 6.7372226811771059 6.7997226811771059 7.4610138830806996 7.5235138830806996 8.3472221562201714 8.4097221562201714 9.0019116972995388 9.0644116972995388 11.103921891430302 11.166421891430302 12.640509316683703 12.703009316683703 12.768128500182867 12.830628500182867 12.936480100965511 12.998980100965511 13.605046799814733 13.667546799814733 13.793025585918981 13.855525585918981 13.946022685760582 14.008522685760582 14.701129664138021 14.763629664138021;1.1666666666666667 1.2604166666666667 1.977018420863514 2.070768420863514 2.8332129403694082 2.9269629403694082 3.8428382977074378 3.9365882977074378 4.7649680112559416 4.8587180112559416 5.6026381361152175 5.6963881361152175 7.6616200170297946 7.7553700170297946 8.1092210207502777 8.2029710207502777 9.7725006884323253 9.8662506884323253 10.858187491287717 10.951937491287717 12.187499900996924 12.281249900996924 13.169534212615977 13.263284212615977 16.32254950381212 16.41629950381212 18.627430641692222 18.721180641692222 18.818859416940967 18.912609416940967 19.071386818114934 19.165136818114934 20.074236866388766 20.167986866388766 20.356205045545138 20.449955045545138 20.585700695307541 20.679450695307541 21.718361162873698 21.812111162873698;
