m;4
n;8
P;39
P1;2 4 6 8 10 12 14 16 18 20 22 24 26 28 30 32 34 36 38
Q;40
M;100
h;1 1 1 1 1 1 1 1 1 1 1 1 1 1 1 1 1 1 1 1 1 1 1 1 1 1 1 1 1 1 1 1 1 1 1 1 1 1 1
Vmin;52 52 52 52 52 52 52 52 52 52 52 52 52 52 52 52 52 52 52 52 52 52 52 52 52 52 52 52 52 52 52 52 52 52 52 52 52 52 52;33 33 33 33 33 33 33 33 33 33 33 33 33 33 33 33 33 33 33 33 33 33 33 33 33 33 33 33 33 33 33 33 33 33 33 33 33 33 33;48 48 48 48 48 48 48 48 48 48 48 48 48 48 48 48 48 48 48 48 48 48 48 48 48 48 48 48 48 48 48 48 48 48 48 48 48 48 48;49 49 49 49 49 49 49 49 49 49 49 49 49 49 49 49 49 49 49 49 49 49 49 49 49 49 49 49 49 49 49 49 49 49 49 49 49 49 49;50 50 50 50 50 50 50 50 50 50 50 50 50 50 50 50 50 50 50 50 50 50 50 50 50 50 50 50 50 50 50 50 50 50 50 50 50 50 50;51 51 51 51 51 51 51 51 51 51 51 51 51 51 51 51 51 51 51 51 51 51 51 51 51 51 51 51 51 51 51 51 51 51 51 51 51 51 51;28 28 28 28 28 28 28 28 28 28 28 28 28 28 28 28 28 28 28 28 28 28 28 28 28 28 28 28 28 28 28 28 28 28 28 28 28 28 28;51 51 51 51 51 51 51 51 51 51 51 51 51 51 51 51 51 51 51 51 51 51 51 51 51 51 51 51 51 51 51 51 51 51 51 51 51 51 51;
Vmax;52 52 52 52 52 52 52 52 52 52 52 52 52 52 52 52 52 52 52 52 52 52 52 52 52 52 52 52 52 52 52 52 52 52 52 52 52 52 52;33 33 33 33 33 33 33 33 33 33 33 33 33 33 33 33 33 33 33 33 33 33 33 33 33 33 33 33 33 33 33 33 33 33 33 33 33 33 33;48 48 48 48 48 48 48 48 48 48 48 48 48 48 48 48 48 48 48 48 48 48 48 48 48 48 48 48 48 48 48 48 48 48 48 48 48 48 48;49 49 49 49 49 49 49 49 49 49 49 49 49 49 49 49 49 49 49 49 49 49 49 49 49 49 49 49 49 49 49 49 49 49 49 49 49 49 49;50 50 50 50 50 50 50 50 50 50 50 50 50 50 50 50 50 50 50 50 50 50 50 50 50 50 50 50 50 50 50 50 50 50 50 50 50 50 50;51 51 51 51 51 51 51 51 51 51 51 51 51 51 51 51 51 51 51 51 51 51 51 51 51 51 51 51 51 51 51 51 51 51 51 51 51 51 51;28 28 28 28 28 28 28 28 28 28 28 28 28 28 28 28 28 28 28 28 28 28 28 28 28 28 28 28 28 28 28 28 28 28 28 28 28 28 28;51 51 51 51 51 51 51 51 51 51 51 51 51 51 51 51 51 51 51 51 51 51 51 51 51 51 51 51 51 51 51 51 51 51 51 51 51 51 51;
d;3.000 13.437 3.000 20.622 3.000 5.203 3.000 54.847 3.000 15.712 3.000 41.828 3.000 17.672 3.000 15.834 3.000 3.491 3.000 24.340 3.000 44.145 3.000 38.677 3.000 27.613 3.000 61.718 3.000 48.858 3.000 116.272 3.000 41.221 3.000 20.696 3.000 5.163 3.000
S;13.025963712009254 12.968271404316946 12.868973923565454 12.811281615873146 12.413286610889111 12.355594303196803 11.562884067963388 11.50519176027108 9.2691872384895628 9.2114949307972545 8.2719258562340965 8.2142335485417881 7.0273455793974993 6.9696532717051918 6.438626805178588 6.3809344974862805 5.6371505506626338 5.5794582429703263 4.7305065695897781 4.6728142618974706 4.2047310724037699 4.1470387647114624 4.0799033961558075 4.0222110884635001 3.7177112964995924 3.6600189888072849 3.3201751283498124 3.2624828206575049 2.4580961707763955 2.400403863084088 2.0982418926099218 2.0405495849176143 0.98579814247260722 0.92810583478029951 0.82805265976372855 0.77036035207142084 0.37378503189579226 0.31609272420348455 0.057692307692307696 0;20.692427667408516 20.601518576499426 20.44504981895162 20.35414072804253 19.726997083825264 19.636087992916174 18.386968834366552 18.296059743457462 14.772658678832043 14.681749587922951 13.201216500732521 13.110307409823429 11.240059700868793 11.149150609959701 10.312381632402628 10.221472541493537 9.0494493525593054 8.9585402616502137 7.6207982308687443 7.5298891399596535 6.7923035080301846 6.7013944171210937 6.5956053515182429 6.5046962606091521 6.0248784066054197 5.9339693156963289 5.3984577780057661 5.3075486870966753 4.0400303297082605 3.9491212387991692 3.4729872247186648 3.382078133809574 1.7200455578356231 1.6291364669265322 1.471476918415572 1.3805678275064812 0.75566126238124831 0.66475217147215737 0.25757575757575757 0.16666666666666666;14.444794021343357 14.382294021343357 14.274721750529242 14.212221750529242 13.781060495129871 13.718560495129871 12.859791073627004 12.797291073627004 10.374952841697027 10.312452841697027 9.2945863442536059 9.2320863442536059 7.9462910443472925 7.8837910443472925 7.3085123722768053 7.2460123722768053 6.440246429884521 6.377746429884521 5.4580487837222602 5.3955487837222602 4.8884586617707511 4.8259586617707511 4.7532286791687914 4.6907286791687914 4.3608539045412256 4.2983539045412256 3.9301897223789641 3.8676897223789641 2.9962708516744287 2.9337708516744287 2.6064287169940821 2.5439287169940821 1.4012813210119912 1.3387813210119912 1.230390381410706 1.167890381410706 0.73826711788710819 0.67576711788710819 0.39583333333333331 0.33333333333333331;14.323471694377167 14.262247204581248 14.156870286232726 14.095645796436807 13.673283750331301 13.612059260535382 12.770815745593799 12.70959125579788 10.336688497988924 10.275464008193005 9.2783702964116959 9.2171458066157772 7.9575912271157163 7.8963667373197977 7.3328284463119733 7.2716039565160546 6.4822822170297361 6.4210577272338174 5.5201294207891545 5.4589049309932358 4.9621635870407363 4.9009390972448177 4.8296934000020819 4.7684689102061633 4.4453262738363026 4.384101784040384 4.0234511566161277 3.9622266668202095 3.1085918547014812 3.047367364905563 2.7267056819533866 2.6654811921574684 1.5461531307872567 1.4849286409913383 1.378749761381916 1.3175252715859975 0.89666982976696308 0.83544533997104475 0.56122448979591832 0.5;0 0.057692307692307696 0.34493887804963841 0.40263118574194612 0.79920650591757481 0.85689881360988251 0.95695198862645348 1.0146442963187612 2.0693957387637685 2.127088046456076 2.4292500169302422 2.4869423246225497 3.2913289745036591 3.3490212821959666 3.6888651426534391 3.7465574503457466 4.0510572423096542 4.1087495500019617 4.1758849185576166 4.2335772262499241 4.7016604157436248 4.7593527234359323 5.6083043968164805 5.665996704508788 6.4097806513324347 6.4674729590247422 6.998499425551346 7.0561917332436535 8.2430797023879414 8.3007720100802498 9.2403410846434078 9.2980333923357161 11.534037914117233 11.591730221809541 12.384440457042956 12.442132764735264 12.840127769719299 12.897820077411607 12.997117558163099 13.054809865855407;0.16666666666666666 0.25757575757575757 0.7102067169267029 0.80111580783579384 1.4260223729610269 1.5169314638701177 1.6745910123810779 1.7655001032901687 3.4275326792641194 3.5184417701732102 3.9945757842537146 4.0854848751628055 5.3530032325512202 5.4439123234603111 5.9794238611508739 6.0703329520599647 6.550150806063697 6.6410598969727879 6.7468489625756387 6.8377580534847295 7.5753436854141984 7.6662527763232893 9.0039948071047586 9.0949038980138504 10.266927086948082 10.357836177857173 11.194605155414246 11.285514246323338 13.155761955277974 13.246671046187066 14.727204133377496 14.818113224286588 18.341514288912009 18.432423379821099 19.681542538370721 19.772451629279811 20.399595273497077 20.490504364406167 20.646973121953973 20.737882212863063;0.33333333333333331 0.39583333333333331 0.70701711788710819 0.76951711788710819 1.199140381410706 1.261640381410706 1.3700313210119912 1.4325313210119912 2.5751787169940821 2.6376787169940821 2.9650208516744287 3.0275208516744287 3.8989397223789641 3.9614397223789641 4.3296039045412256 4.3921039045412256 4.7219786791687914 4.7844786791687914 4.8572086617707511 4.9197086617707511 5.4267987837222602 5.4892987837222602 6.408996429884521 6.471496429884521 7.2772623722768053 7.3397623722768053 7.9150410443472925 7.9775410443472925 9.2633363442536059 9.3258363442536059 10.343702841697027 10.406202841697027 12.828541073627004 12.891041073627004 13.749810495129871 13.812310495129871 14.243471750529242 14.305971750529242 14.413544021343357 14.476044021343357;0.5 0.56122448979591832 0.86605758486900397 0.9272820746649223 1.3481375164839569 1.4093620062798753 1.5155408858892976 1.576765375685216 2.6960934370554277 2.7573179268513459 3.0779796098035224 3.1392040995994406 3.9928389117181688 4.0540634015140871 4.4147140289383433 4.475938518734262 4.7990811551041226 4.8603056449000412 4.931551342142777 4.9927758319386957 5.4895171758911951 5.5507416656871138 6.4516699721317767 6.5128944619276954 7.302216201414014 7.3634406912099326 7.926978982217757 7.9882034720136756 9.2477580515137365 9.3089825413096552 10.306076253090964 10.367300742886883 12.74020350069584 12.801427990491758 13.642671505433341 13.70389599522926 14.126258041334767 14.187482531130685 14.292859449479208 14.354083939275126;
