m;7
n;14
P;39
P1;2 4 6 8 10 12 14 16 18 20 22 24 26 28 30 32 34 36 38
Q;40
M;100
h;1 1 1 1 1 1 1 1 1 1 1 1 1 1 1 1 1 1 1 1 1 1 1 1 1 1 1 1 1 1 1 1 1 1 1 1 1 1 1
Vmin;44 44 44 44 44 44 44 44 44 44 44 44 44 44 44 44 44 44 44 44 44 44 44 44 44 44 44 44 44 44 44 44 44 44 44 44 44 44 44;46 46 46 46 46 46 46 46 46 46 46 46 46 46 46 46 46 46 46 46 46 46 46 46 46 46 46 46 46 46 46 46 46 46 46 46 46 46 46;28 28 28 28 28 28 28 28 28 28 28 28 28 28 28 28 28 28 28 28 28 28 28 28 28 28 28 28 28 28 28 28 28 28 28 28 28 28 28;52 52 52 52 52 52 52 52 52 52 52 52 52 52 52 52 52 52 52 52 52 52 52 52 52 52 52 52 52 52 52 52 52 52 52 52 52 52 52;51 51 51 51 51 51 51 51 51 51 51 51 51 51 51 51 51 51 51 51 51 51 51 51 51 51 51 51 51 51 51 51 51 51 51 51 51 51 51;49 49 49 49 49 49 49 49 49 49 49 49 49 49 49 49 49 49 49 49 49 49 49 49 49 49 49 49 49 49 49 49 49 49 49 49 49 49 49;45 45 45 45 45 45 45 45 45 45 45 45 45 45 45 45 45 45 45 45 45 45 45 45 45 45 45 45 45 45 45 45 45 45 45 45 45 45 45;48 48 48 48 48 48 48 48 48 48 48 48 48 48 48 48 48 48 48 48 48 48 48 48 48 48 48 48 48 48 48 48 48 48 48 48 48 48 48;48 48 48 48 48 48 48 48 48 48 48 48 48 48 48 48 48 48 48 48 48 48 48 48 48 48 48 48 48 48 48 48 48 48 48 48 48 48 48;47 47 47 47 47 47 47 47 47 47 47 47 47 47 47 47 47 47 47 47 47 47 47 47 47 47 47 47 47 47 47 47 47 47 47 47 47 47 47;47 47 47 47 47 47 47 47 47 47 47 47 47 47 47 47 47 47 47 47 47 47 47 47 47 47 47 47 47 47 47 47 47 47 47 47 47 47 47;46 46 46 46 46 46 46 46 46 46 46 46 46 46 46 46 46 46 46 46 46 46 46 46 46 46 46 46 46 46 46 46 46 46 46 46 46 46 46;48 48 48 48 48 48 48 48 48 48 48 48 48 48 48 48 48 48 48 48 48 48 48 48 48 48 48 48 48 48 48 48 48 48 48 48 48 48 48;43 43 43 43 43 43 43 43 43 43 43 43 43 43 43 43 43 43 43 43 43 43 43 43 43 43 43 43 43 43 43 43 43 43 43 43 43 43 43;
Vmax;44 44 44 44 44 44 44 44 44 44 44 44 44 44 44 44 44 44 44 44 44 44 44 44 44 44 44 44 44 44 44 44 44 44 44 44 44 44 44;46 46 46 46 46 46 46 46 46 46 46 46 46 46 46 46 46 46 46 46 46 46 46 46 46 46 46 46 46 46 46 46 46 46 46 46 46 46 46;28 28 28 28 28 28 28 28 28 28 28 28 28 28 28 28 28 28 28 28 28 28 28 28 28 28 28 28 28 28 28 28 28 28 28 28 28 28 28;52 52 52 52 52 52 52 52 52 52 52 52 52 52 52 52 52 52 52 52 52 52 52 52 52 52 52 52 52 52 52 52 52 52 52 52 52 52 52;51 51 51 51 51 51 51 51 51 51 51 51 51 51 51 51 51 51 51 51 51 51 51 51 51 51 51 51 51 51 51 51 51 51 51 51 51 51 51;49 49 49 49 49 49 49 49 49 49 49 49 49 49 49 49 49 49 49 49 49 49 49 49 49 49 49 49 49 49 49 49 49 49 49 49 49 49 49;45 45 45 45 45 45 45 45 45 45 45 45 45 45 45 45 45 45 45 45 45 45 45 45 45 45 45 45 45 45 45 45 45 45 45 45 45 45 45;48 48 48 48 48 48 48 48 48 48 48 48 48 48 48 48 48 48 48 48 48 48 48 48 48 48 48 48 48 48 48 48 48 48 48 48 48 48 48;48 48 48 48 48 48 48 48 48 48 48 48 48 48 48 48 48 48 48 48 48 48 48 48 48 48 48 48 48 48 48 48 48 48 48 48 48 48 48;47 47 47 47 47 47 47 47 47 47 47 47 47 47 47 47 47 47 47 47 47 47 47 47 47 47 47 47 47 47 47 47 47 47 47 47 47 47 47;47 47 47 47 47 47 47 47 47 47 47 47 47 47 47 47 47 47 47 47 47 47 47 47 47 47 47 47 47 47 47 47 47 47 47 47 47 47 47;46 46 46 46 46 46 46 46 46 46 46 46 46 46 46 46 46 46 46 46 46 46 46 46 46 46 46 46 46 46 46 46 46 46 46 46 46 46 46;48 48 48 48 48 48 48 48 48 48 48 48 48 48 48 48 48 48 48 48 48 48 48 48 48 48 48 48 48 48 48 48 48 48 48 48 48 48 48;43 43 43 43 43 43 43 43 43 43 43 43 43 43 43 43 43 43 43 43 43 43 43 43 43 43 43 43 43 43 43 43 43 43 43 43 43 43 43;
d;3.000 4.489 3.000 61.830 3.000 7.440 3.000 12.434 3.000 20.264 3.000 65.251 3.000 40.165 3.000 60.173 3.000 54.581 3.000 32.808 3.000 36.387 3.000 9.073 3.000 57.162 3.000 14.788 3.000 12.857 3.000 31.452 3.000 28.551 3.000 13.112 3.000 16.904 3.000
S;14.539100142957746 14.470918324775928 14.086740739747889 14.01855892156607 13.720552213239445 13.652370395057627 13.003485610773417 12.935303792591599 12.220486450326419 12.152304632144601 11.860097780453678 11.79191596227186 11.455829405330613 11.387647587148795 10.08851953228667 10.020337714104851 9.8141413353603397 9.7459595171785214 8.9189793851651338 8.8507975669833154 8.1051544050571618 8.0369725868753434 6.7964955705731622 6.7283137523913439 5.3607436052438464 5.2925617870620281 4.3797209056271518 4.3115390874453334 2.8285701871986477 2.7603883690168294 2.2998460829592564 2.2316642647774381 1.9490686013826799 1.8808867832008618 1.7117873623349762 1.6436055441531581 0.23838005286011282 0.17019823467829465 0.068181818181818177 0;14.07363202080016 14.008414629495812 13.640940417729862 13.575723026425514 13.290673131504395 13.225455740200047 12.604783337841237 12.539565946536889 11.855827619152803 11.790610227848456 11.511108021883226 11.445890630578878 11.124416532635076 11.059199141330728 9.816554914940868 9.7513375236365203 9.5541062048374226 9.4888888135330749 8.6978643394333144 8.6326469481289667 7.919423054112646 7.8542056628082983 6.6676624298236025 6.6024450385192548 5.2943344629868658 5.2291170716825182 4.3559649242230716 4.2907475329187239 2.8722555413784163 2.8070381500740686 2.3665194416711728 2.3013020503668251 2.0309931549457523 1.9657757636414044 1.8040284915088181 1.7388111002044702 0.39468236940242674 0.3294649780980789 0.23188405797101447 0.16666666666666666;23.180490700838366 23.073347843695508 22.469640210080019 22.362497352937162 21.894201096995324 21.787058239852467 20.767382150262993 20.660239293120135 19.536954898131995 19.429812040989138 18.970629845474832 18.863486988331974 18.335350970281443 18.228208113138585 16.186721169783816 16.079578312640958 15.755555431756724 15.648412574613866 14.348872367164258 14.241729510021401 13.070004541280301 12.962861684137444 11.01354065851973 10.906397801376873 8.7573589987165192 8.6502161415736616 7.2157518993188567 7.108609042176 4.778229341788351 4.6710864846454943 3.9473771779835936 3.8402343208407363 3.3961554212204024 3.2890125640775452 3.0232849027168678 2.9161420455740106 0.70793055925636772 0.60078770211351062 0.44047619047619047 0.33333333333333331;12.802315505579633 12.744623197887325 12.419549856709754 12.361857549017445 12.109698026587225 12.052005718894916 11.502949362962124 11.445257055269815 10.840411611814663 10.782719304122354 10.535467352691574 10.477775044999266 10.193394112202826 10.135701804510518 9.036439604242565 8.9787472965502566 8.8042734376125935 8.7465811299202851 8.046828710524343 7.9891364028320346 7.3582075735099046 7.3005152658175971 6.2508808674080587 6.1931885597157512 5.036013819821715 4.9783215121294075 4.20591768937682 4.1482253816845125 2.8934055430142402 2.8357132353219328 2.4460236086578324 2.3883313009655249 2.1492118934776525 2.091519585785345 1.9484354604372878 1.8907431527449801 0.70170619857394168 0.64401389088163397 0.55769230769230771 0.5;13.210204044904719 13.151380515492955 12.81993318723347 12.761109657821706 12.504005831030108 12.445182301618344 11.885360134784907 11.826536605373143 11.209831447340438 11.151007917928673 10.898907889018858 10.840084359607093 10.550127330089154 10.49130380067739 9.3704874396198701 9.3116639102081056 9.13376899521284 9.0749454658010755 8.3614724107307019 8.3026488813189374 7.6593488984806868 7.6005253690689223 6.5303099040239028 6.4714863746121383 5.2916219339358657 5.2327984045241012 4.4452494087763652 4.3864258793646007 3.1070017301321662 3.0481782007204017 2.6508476009844562 2.5920240715726917 2.3482160482517238 2.2893925188399593 2.1435028224066461 2.0846792929948816 0.87232788874205813 0.81350435933029341 0.72549019607843135 0.66666666666666663;13.888851829050491 13.827627339254573 13.482651548617151 13.421427058821232 13.153829198283038 13.092604708487119 12.509932657293135 12.448708167497216 11.806831370361136 11.745606880565218 11.483217054557043 11.421992564761124 11.120200554446535 11.058976064650617 9.8924120970193208 9.8311876072234021 9.6460316752895547 9.5848071854936361 8.8422127812367179 8.7809882914407993 8.111431166445886 8.0502066766499674 6.9363089477255588 6.8750844579296402 5.6470622849808674 5.5858377951849487 4.7661439424679175 4.7049194526719988 3.3732739095933422 3.312049419797424 2.8985012445620524 2.8372767547661342 2.5835173835545149 2.5222928937585967 2.3704485158382096 2.3092240260422914 1.0473888910036386 0.98616440120772031 0.89455782312925169 0.83333333333333337;15.21600902866979 15.149342362003123 14.773702056642374 14.707035389975708 14.415651052945231 14.348984386278564 13.714519263867338 13.647852597200671 12.948920084763605 12.882253418096939 12.596540051999149 12.529873385332483 12.201255418545486 12.13458875187882 10.864330209346964 10.797663542680297 10.596049305685662 10.529382639018996 9.7207798432725738 9.6541131766059074 8.9250398627225564 8.85837319605589 7.6454623356715352 7.5787956690048688 6.2416159695717601 6.1749493029050937 5.282393774390993 5.2157271077243266 3.7657130719275673 3.6990464052609004 3.2487383922268291 3.1820717255601623 2.9057559657963989 2.8390892991297321 2.6737476431719771 2.6070809765053102 1.2330827183521103 1.1664160516854436 1.0666666666666667 1;0 0.068181818181818177 0.20428914376920373 0.27247096195102194 1.6776964532440672 1.7458782714258854 1.9149776922917709 1.9831595104735891 2.2657551738683472 2.3339369920501656 2.7944792781077386 2.8626610962895569 4.3456299965362426 4.4138118147180609 5.3266526961529372 5.3948345143347556 6.7624046614822531 6.8305864796640714 8.0710634959662535 8.1392453141480718 8.8848884760742255 8.9530702942560438 9.7800504262694314 9.8482322444512498 10.054428623195761 10.12261044137758 11.421738496239705 11.489920314421523 11.82600687136277 11.894188689544588 12.186395541235511 12.254577359417329 12.969394701682509 13.037576519864327 13.686461304148537 13.754643122330355 14.05264983065698 14.120831648838799 14.505009233866838 14.573191052048657;0.16666666666666666 0.23188405797101447 0.36207367375025279 0.42729106505460063 1.7714197958566442 1.8366371871609921 1.9983844592935784 2.0636018505979261 2.3339107460189989 2.3991281373233466 2.8396468457262425 2.9048642370305902 4.3233562285708977 4.3885736198752454 5.261725767334692 5.3269431586390397 6.6350537341714286 6.7002711254757763 7.8868143584604722 7.9520317497648199 8.6652556437811405 8.7304730350854882 9.5214975091852487 9.5867149004895964 9.7839462192886941 9.8491636105930418 11.091807836982902 11.15702522828725 11.478499326231052 11.5437167175354 11.82321892350063 11.888436314804977 12.572174642189063 12.637392033493411 13.258064435852221 13.323281827156569 13.608331722077688 13.673549113382036 14.041023325147986 14.106240716452334;0.33333333333333331 0.44047619047619047 0.65435913068493923 0.76150198782779632 2.9697134741454394 3.0768563312882966 3.342583992648974 3.4497268497918312 3.8938057494121652 4.0009486065550224 4.7246579132169231 4.8318007703597798 7.1621804707474288 7.2693233278902856 8.7037875701450904 8.8109304272879481 10.959969229948301 11.067112087091159 13.016433112708873 13.12357596985173 14.295300938592829 14.402443795735687 15.701984003185295 15.809126860328153 16.133149741212385 16.240292598355243 18.281779541710012 18.38892239885287 18.917058416903402 19.024201274046259 19.483383469560565 19.590526326703422 20.713810721691562 20.82095357883442 21.840629668423894 21.947772525566752 22.416068781508589 22.523211638651446 23.126919272266935 23.234062129409793;0.5 0.55769230769230771 0.67286004472778782 0.73055235242009553 1.919589306591134 1.9772816142834417 2.1203657396314988 2.1780580473238063 2.4171774548116787 2.4748697625039862 2.8645593891680865 2.922251696860394 4.1770715355306667 4.2347638432229742 5.0071676659755617 5.0648599736678692 6.2220347135619054 6.2797270212542129 7.3293614196637513 7.3870537273560588 8.0179825566781897 8.0756748643704981 8.7754272837664402 8.8331195914587486 9.0075934503964117 9.0652857580887201 10.164547958356673 10.222240266048981 10.506621198845421 10.564313506537729 10.811565457968509 10.869257765660818 11.47410320911597 11.531795516808279 12.080851872741071 12.13854418043338 12.3907037028636 12.448396010555909 12.77346935173348 12.831161659425788;0.66666666666666663 0.72549019607843135 0.84291612403617577 0.90173965344794049 2.1140910577007639 2.1729145871125284 2.3188042835458416 2.3776278129576061 2.6214358362785739 2.6802593656903384 3.0775899654262839 3.1364134948380484 4.415837644070483 4.4746611734822475 5.2622101692299834 5.3210336986417479 6.5008981393180205 6.559721668729785 7.6299371337748045 7.688760663186569 8.3320606460248197 8.3908841754365842 9.1043572305069578 9.1631807599187223 9.3410756749139878 9.3998992043257523 10.520715565383274 10.579539094795038 10.869496124312978 10.928319653724742 11.180419682634557 11.239243212046322 11.855948370079027 11.914771899490791 12.474594066324228 12.533417595735992 12.79052142252759 12.849344951939354 13.180792280198839 13.239615809610603;0.83333333333333337 0.89455782312925169 1.0167766461056795 1.078001135901598 2.3398362709402507 2.4010607607361689 2.552905138656556 2.6141296284524742 2.8678889996640935 2.9291134894600117 3.3426616646953833 3.4038861544913015 4.7355316975699582 4.7967561873658768 5.616450040082908 5.6776745298788267 6.9056967028275995 6.9669211926235182 8.0808189215479267 8.1420434113438453 8.8116005363387586 8.8728250261346773 9.6154194303915954 9.6766439201875141 9.8617998521213615 9.9230243419172801 11.089588309548576 11.150812799344495 11.452604809659084 11.513829299455002 11.776219125463177 11.837443615259096 12.479320412395175 12.540544902191094 13.123216953385079 13.184441443180997 13.452039303719191 13.51326379351511 13.858239584152532 13.919464073948451;1 1.0666666666666667 1.199749385018777 1.2664160516854437 2.6404143098386434 2.7070809765053103 2.8724226324630653 2.9390892991297322 3.2154050588934955 3.2820717255601624 3.7323797385942337 3.7990464052609005 5.2490604410576598 5.3157271077243262 6.2082826362384269 6.2749493029050933 7.612129002338202 7.6787956690048684 8.891706529389225 8.9583731960558914 9.6874465099392424 9.7541131766059088 10.562715972352331 10.629382639018997 10.830996876013632 10.897663542680299 12.167922085212155 12.234588751878821 12.563206718665818 12.629873385332484 12.915586751430274 12.98225341809694 13.681185930534006 13.747852597200673 14.382317719611899 14.448984386278566 14.740368723309043 14.807035389975709 15.182675695336458 15.249342362003125;
