m;1
n;2
P;39
P1;2 4 6 8 10 12 14 16 18 20 22 24 26 28 30 32 34 36 38
Q;40
M;100
h;1 1 1 1 1 1 1 1 1 1 1 1 1 1 1 1 1 1 1 1 1 1 1 1 1 1 1 1 1 1 1 1 1 1 1 1 1 1 1
Vmin;28 28 28 28 28 28 28 28 28 28 28 28 28 28 28 28 28 28 28 28 28 28 28 28 28 28 28 28 28 28 28 28 28 28 28 28 28 28 28;52 52 52 52 52 52 52 52 52 52 52 52 52 52 52 52 52 52 52 52 52 52 52 52 52 52 52 52 52 52 52 52 52 52 52 52 52 52 52;
Vmax;28 28 28 28 28 28 28 28 28 28 28 28 28 28 28 28 28 28 28 28 28 28 28 28 28 28 28 28 28 28 28 28 28 28 28 28 28 28 28;52 52 52 52 52 52 52 52 52 52 52 52 52 52 52 52 52 52 52 52 52 52 52 52 52 52 52 52 52 52 52 52 52 52 52 52 52 52 52;
d;3.000 38.630 3.000 17.654 3.000 12.184 3.000 62.002 3.000 49.515 3.000 33.871 3.000 4.312 3.000 24.186 3.000 6.151 3.000 20.566 3.000 35.239 3.000 22.273 3.000 21.145 3.000 32.933 3.000 49.314 3.000 19.782 3.000 17.693 3.000 4.318 3.000 7.741 3.000
S;19.268253573121665 19.161110715978808 18.884629682770484 18.777486825627626 18.623266151346343 18.516123294203485 17.884243972117602 17.777101114974744 17.070593251626008 16.96345039448315 15.202240787553482 15.095097930410624 13.918903567518035 13.811760710375177 13.056568648595228 12.94942579145237 12.153972442094975 12.046829584952118 10.788285769277314 10.681142912134456 9.9466289696131565 9.8394861124702988 9.6198066743390882 9.5126638171962306 8.6488731255076203 8.5417302683647627 8.3877147141271138 8.2805718569842561 7.0709058471389499 6.9637629899960931 5.1953557217551811 5.0882128646123244 2.8738627708051254 2.7667199136622682 2.3315662420036363 2.2244233848607791 1.5939399083022183 1.4867970511593611 0.10714285714285714 0;0 0.10714285714285714 1.5403684797307895 1.6475113368736467 2.2779948134322074 2.3851376705750647 2.8202913422336966 2.9274341993765538 5.1417842931837523 5.2489271503266091 7.0173344185675202 7.1244772757103769 8.3341432855556832 8.4412861426985408 8.5953016969361897 8.7024445540790474 9.5662352457676576 9.6733781029105153 9.8930575410417259 10.000200398184584 10.734714340705883 10.841857197848741 12.100401013523545 12.207543870666402 13.002997220023797 13.110140077166655 13.865332138946604 13.972474996089462 15.148669358982051 15.255812216124909 17.017021823054577 17.124164680197435 17.830672543546171 17.937815400689029 18.569694722774912 18.67683757991777 18.831058254199053 18.938201111341911 19.214682144550235 19.321825001693092;
