m;2
n;4
P;39
P1;2 4 6 8 10 12 14 16 18 20 22 24 26 28 30 32 34 36 38
Q;40
M;100
h;1 1 1 1 1 1 1 1 1 1 1 1 1 1 1 1 1 1 1 1 1 1 1 1 1 1 1 1 1 1 1 1 1 1 1 1 1 1 1
Vmin;49 49 49 49 49 49 49 49 49 49 49 49 49 49 49 49 49 49 49 49 49 49 49 49 49 49 49 49 49 49 49 49 49 49 49 49 49 49 49;44 44 44 44 44 44 44 44 44 44 44 44 44 44 44 44 44 44 44 44 44 44 44 44 44 44 44 44 44 44 44 44 44 44 44 44 44 44 44;50 50 50 50 50 50 50 50 50 50 50 50 50 50 50 50 50 50 50 50 50 50 50 50 50 50 50 50 50 50 50 50 50 50 50 50 50 50 50;52 52 52 52 52 52 52 52 52 52 52 52 52 52 52 52 52 52 52 52 52 52 52 52 52 52 52 52 52 52 52 52 52 52 52 52 52 52 52;
Vmax;49 49 49 49 49 49 49 49 49 49 49 49 49 49 49 49 49 49 49 49 49 49 49 49 49 49 49 49 49 49 49 49 49 49 49 49 49 49 49;44 44 44 44 44 44 44 44 44 44 44 44 44 44 44 44 44 44 44 44 44 44 44 44 44 44 44 44 44 44 44 44 44 44 44 44 44 44 44;50 50 50 50 50 50 50 50 50 50 50 50 50 50 50 50 50 50 50 50 50 50 50 50 50 50 50 50 50 50 50 50 50 50 50 50 50 50 50;52 52 52 52 52 52 52 52 52 52 52 52 52 52 52 52 52 52 52 52 52 52 52 52 52 52 52 52 52 52 52 52 52 52 52 52 52 52 52;
d;3.000 2.127 3.000 9.056 3.000 20.651 3.000 17.548 3.000 35.667 3.000 3.404 3.000 33.436 3.000 4.469 3.000 12.865 3.000 6.518 3.000 9.528 3.000 23.092 3.000 5.977 3.000 30.338 3.000 18.926 3.000 17.486 3.000 5.589 3.000 27.963 3.000 78.090 3.000
S;8.6271288834203119 8.5659043936243933 6.9722349724144497 6.911010482618531 6.3403412285355065 6.2791167387395879 6.1650575979703168 6.1038331081743982 5.7469704030397688 5.6857459132438501 5.299505232523301 5.2382807427273823 4.6191412572586419 4.5579167674627232 4.4359436554428289 4.3747191656469102 3.9034446787610402 3.842220188965122 3.6477721067808426 3.5865476169849244 3.453530826474827 3.3923063366789088 3.1297550997600636 3.0685306099641454 2.9773245024318435 2.9161000126359253 2.2337354786020382 2.17251098880612 2.1030392741461497 2.0418147843502314 1.3139195928902083 1.2526951030942899 0.89456885123681273 0.83334436144089441 0.4118908339162819 0.35066634412036352 0.16586019399653124 0.10463570420061286 0.061224489795918366 0;9.7741511050211081 9.7059692868392897 7.9312010677645786 7.8630192495827602 7.2275012166266643 7.159319398444846 7.0322989916790668 6.9641171734972485 6.5667018882336841 6.4985200700518657 6.0683884028857999 6.0002065847039816 5.3107103395228838 5.2425285213410655 5.106694828409819 5.0385130102280007 4.5136846043778274 4.445502786196009 4.2289583310362433 4.160776512854425 4.0126441779681805 3.9444623597863622 3.6520757550358298 3.5838939368540115 3.4823234989203118 3.4141416807384934 2.6542357223825737 2.5860539042007553 2.5086876765112427 2.4405058583294243 1.6298953042034894 1.5617134860216713 1.16289106918039 1.0947092509985719 0.62536327716434426 0.55718145898252602 0.35137460998098552 0.28319279179916734 0.23484848484848483 0.16666666666666666;0 0.061224489795918366 0.13524794909857202 0.1964724388944904 0.38127858901832268 0.44250307881424106 0.86395660633885352 0.92518109613477184 1.283307347992249 1.3445318377881674 2.0724270292481908 2.133651519044109 2.2031232337040794 2.2643477234999976 2.9467122575338847 3.0079367473298029 3.0991428548621047 3.1603673446580229 3.4229185815768681 3.4841430713727863 3.6171598618828837 3.678384351678802 3.8728324338630813 3.9340569236589995 4.4053314105448695 4.4665559003407882 4.5885290123606826 4.6497535021566012 5.2688929876253416 5.3301174774212603 5.7163581581418095 5.7775826479377281 6.1344453530723575 6.1956698428682762 6.3097289836375472 6.3709534734334659 6.9416227275164903 7.002847217312409 8.5965166385223526 8.6577411283182713;0.16666666666666666 0.23484848484848483 0.3172837008900764 0.38546551907189458 0.59127236807343508 0.65945418625525321 1.1288001600894808 1.1969819782712989 1.5958043951125802 1.6639862132943983 2.4745967674203331 2.5427785856021514 2.620144813291664 2.6883266314734824 3.4482325898294022 3.5164144080112205 3.6179848459449202 3.6861666641267385 3.9785532688772709 4.0467350870590888 4.1948674219453332 4.2630492401271516 4.4795936952869173 4.5477755134687357 5.072603919318909 5.1407857375007273 5.2766194304319738 5.3448012486137921 6.0342974937948899 6.1024793119767082 6.532610979142774 6.6007927973245923 6.9982080825881567 7.0663899007699751 7.1934103075357543 7.2615921257175726 7.8971101586736685 7.9652919768554868 9.740060195930198 9.8082420141120163;
