m;7
n;14
P;39
P1;2 4 6 8 10 12 14 16 18 20 22 24 26 28 30 32 34 36 38
Q;40
M;100
h;1 1 1 1 1 1 1 1 1 1 1 1 1 1 1 1 1 1 1 1 1 1 1 1 1 1 1 1 1 1 1 1 1 1 1 1 1 1 1
Vmin;40 40 40 40 40 40 40 40 40 40 40 40 40 40 40 40 40 40 40 40 40 40 40 40 40 40 40 40 40 40 40 40 40 40 40 40 40 40 40;40 40 40 40 40 40 40 40 40 40 40 40 40 40 40 40 40 40 40 40 40 40 40 40 40 40 40 40 40 40 40 40 40 40 40 40 40 40 40;40 40 40 40 40 40 40 40 40 40 40 40 40 40 40 40 40 40 40 40 40 40 40 40 40 40 40 40 40 40 40 40 40 40 40 40 40 40 40;40 40 40 40 40 40 40 40 40 40 40 40 40 40 40 40 40 40 40 40 40 40 40 40 40 40 40 40 40 40 40 40 40 40 40 40 40 40 40;40 40 40 40 40 40 40 40 40 40 40 40 40 40 40 40 40 40 40 40 40 40 40 40 40 40 40 40 40 40 40 40 40 40 40 40 40 40 40;40 40 40 40 40 40 40 40 40 40 40 40 40 40 40 40 40 40 40 40 40 40 40 40 40 40 40 40 40 40 40 40 40 40 40 40 40 40 40;40 40 40 40 40 40 40 40 40 40 40 40 40 40 40 40 40 40 40 40 40 40 40 40 40 40 40 40 40 40 40 40 40 40 40 40 40 40 40;40 40 40 40 40 40 40 40 40 40 40 40 40 40 40 40 40 40 40 40 40 40 40 40 40 40 40 40 40 40 40 40 40 40 40 40 40 40 40;40 40 40 40 40 40 40 40 40 40 40 40 40 40 40 40 40 40 40 40 40 40 40 40 40 40 40 40 40 40 40 40 40 40 40 40 40 40 40;40 40 40 40 40 40 40 40 40 40 40 40 40 40 40 40 40 40 40 40 40 40 40 40 40 40 40 40 40 40 40 40 40 40 40 40 40 40 40;40 40 40 40 40 40 40 40 40 40 40 40 40 40 40 40 40 40 40 40 40 40 40 40 40 40 40 40 40 40 40 40 40 40 40 40 40 40 40;40 40 40 40 40 40 40 40 40 40 40 40 40 40 40 40 40 40 40 40 40 40 40 40 40 40 40 40 40 40 40 40 40 40 40 40 40 40 40;40 40 40 40 40 40 40 40 40 40 40 40 40 40 40 40 40 40 40 40 40 40 40 40 40 40 40 40 40 40 40 40 40 40 40 40 40 40 40;40 40 40 40 40 40 40 40 40 40 40 40 40 40 40 40 40 40 40 40 40 40 40 40 40 40 40 40 40 40 40 40 40 40 40 40 40 40 40;
Vmax;40 40 40 40 40 40 40 40 40 40 40 40 40 40 40 40 40 40 40 40 40 40 40 40 40 40 40 40 40 40 40 40 40 40 40 40 40 40 40;40 40 40 40 40 40 40 40 40 40 40 40 40 40 40 40 40 40 40 40 40 40 40 40 40 40 40 40 40 40 40 40 40 40 40 40 40 40 40;40 40 40 40 40 40 40 40 40 40 40 40 40 40 40 40 40 40 40 40 40 40 40 40 40 40 40 40 40 40 40 40 40 40 40 40 40 40 40;40 40 40 40 40 40 40 40 40 40 40 40 40 40 40 40 40 40 40 40 40 40 40 40 40 40 40 40 40 40 40 40 40 40 40 40 40 40 40;40 40 40 40 40 40 40 40 40 40 40 40 40 40 40 40 40 40 40 40 40 40 40 40 40 40 40 40 40 40 40 40 40 40 40 40 40 40 40;40 40 40 40 40 40 40 40 40 40 40 40 40 40 40 40 40 40 40 40 40 40 40 40 40 40 40 40 40 40 40 40 40 40 40 40 40 40 40;40 40 40 40 40 40 40 40 40 40 40 40 40 40 40 40 40 40 40 40 40 40 40 40 40 40 40 40 40 40 40 40 40 40 40 40 40 40 40;40 40 40 40 40 40 40 40 40 40 40 40 40 40 40 40 40 40 40 40 40 40 40 40 40 40 40 40 40 40 40 40 40 40 40 40 40 40 40;40 40 40 40 40 40 40 40 40 40 40 40 40 40 40 40 40 40 40 40 40 40 40 40 40 40 40 40 40 40 40 40 40 40 40 40 40 40 40;40 40 40 40 40 40 40 40 40 40 40 40 40 40 40 40 40 40 40 40 40 40 40 40 40 40 40 40 40 40 40 40 40 40 40 40 40 40 40;40 40 40 40 40 40 40 40 40 40 40 40 40 40 40 40 40 40 40 40 40 40 40 40 40 40 40 40 40 40 40 40 40 40 40 40 40 40 40;40 40 40 40 40 40 40 40 40 40 40 40 40 40 40 40 40 40 40 40 40 40 40 40 40 40 40 40 40 40 40 40 40 40 40 40 40 40 40;40 40 40 40 40 40 40 40 40 40 40 40 40 40 40 40 40 40 40 40 40 40 40 40 40 40 40 40 40 40 40 40 40 40 40 40 40 40 40;40 40 40 40 40 40 40 40 40 40 40 40 40 40 40 40 40 40 40 40 40 40 40 40 40 40 40 40 40 40 40 40 40 40 40 40 40 40 40;
d;3 16.8421052631579 3 16.8421052631579 3 16.8421052631579 3 16.8421052631579 3 16.8421052631579 3 16.8421052631579 3 16.8421052631579 3 16.8421052631579 3 16.8421052631579 3 16.8421052631579 3 16.8421052631579 3 16.8421052631579 3 16.8421052631579 3 16.8421052631579 3 16.8421052631579 3 16.8421052631579 3 16.8421052631579 3 16.8421052631579 3 16.8421052631579 3
S;9.5 9.4250000000000007 9.0039473684210538 8.9289473684210545 8.5078947368421076 8.4328947368421083 8.0118421052631614 7.9368421052631621 7.5157894736842144 7.4407894736842142 7.0197368421052664 6.9447368421052662 6.5236842105263184 6.4486842105263182 6.0276315789473704 5.9526315789473703 5.5315789473684225 5.4565789473684223 5.0355263157894745 4.9605263157894743 4.5394736842105265 4.4644736842105264 4.0434210526315795 3.9684210526315793 3.5473684210526319 3.4723684210526318 3.0513157894736844 2.9763157894736842 2.5552631578947369 2.4802631578947367 2.0592105263157894 1.9842105263157894 1.5631578947368421 1.4881578947368421 1.0671052631578948 0.99210526315789471 0.57105263157894737 0.49605263157894736 0.074999999999999997 0;9.9999999999999982 9.9249999999999989 9.503947368421052 9.4289473684210527 9.0078947368421058 8.9328947368421066 8.5118421052631597 8.4368421052631604 8.0157894736842135 7.9407894736842142 7.5197368421052664 7.4447368421052662 7.0236842105263184 6.9486842105263182 6.5276315789473704 6.4526315789473703 6.0315789473684225 5.9565789473684223 5.5355263157894745 5.4605263157894743 5.0394736842105265 4.9644736842105264 4.5434210526315786 4.4684210526315784 4.0473684210526315 3.9723684210526318 3.5513157894736844 3.4763157894736842 3.0552631578947369 2.9802631578947367 2.5592105263157894 2.4842105263157892 2.0631578947368419 1.9881578947368419 1.5671052631578946 1.4921052631578946 1.0710526315789473 0.9960526315789473 0.57499999999999996 0.5;10.499999999999998 10.424999999999999 10.003947368421052 9.9289473684210527 9.5078947368421058 9.4328947368421066 9.0118421052631597 8.9368421052631604 8.5157894736842135 8.4407894736842142 8.0197368421052673 7.944736842105268 7.5236842105263202 7.44868421052632 7.0276315789473722 6.952631578947372 6.5315789473684243 6.4565789473684241 6.0355263157894763 5.9605263157894761 5.5394736842105283 5.4644736842105281 5.0434210526315804 4.9684210526315802 4.5473684210526324 4.4723684210526322 4.0513157894736844 3.9763157894736847 3.5552631578947373 3.4802631578947372 3.0592105263157898 2.9842105263157896 2.5631578947368423 2.4881578947368421 2.0671052631578948 1.9921052631578946 1.5710526315789473 1.4960526315789473 1.075 1;10.999999999999996 10.924999999999997 10.50394736842105 10.428947368421051 10.007894736842104 9.9328947368421048 9.5118421052631579 9.4368421052631586 9.0157894736842117 8.9407894736842124 8.5197368421052655 8.4447368421052662 8.0236842105263193 7.94868421052632 7.5276315789473722 7.452631578947372 7.0315789473684243 6.9565789473684241 6.5355263157894763 6.4605263157894761 6.0394736842105283 5.9644736842105281 5.5434210526315804 5.4684210526315802 5.0473684210526324 4.9723684210526322 4.5513157894736844 4.4763157894736842 4.0552631578947373 3.9802631578947372 3.5592105263157898 3.4842105263157896 3.0631578947368423 2.9881578947368421 2.5671052631578948 2.4921052631578946 2.0710526315789473 1.9960526315789473 1.575 1.5;11.499999999999996 11.424999999999997 11.00394736842105 10.928947368421051 10.507894736842104 10.432894736842105 10.011842105263158 9.9368421052631586 9.5157894736842117 9.4407894736842124 9.0197368421052655 8.9447368421052662 8.5236842105263193 8.44868421052632 8.0276315789473731 7.9526315789473738 7.531578947368426 7.4565789473684259 7.0355263157894781 6.9605263157894779 6.5394736842105301 6.4644736842105299 6.0434210526315821 5.968421052631582 5.5473684210526342 5.472368421052634 5.0513157894736862 4.976315789473686 4.5552631578947382 4.4802631578947381 4.0592105263157903 3.9842105263157901 3.5631578947368427 3.4881578947368426 3.0671052631578952 2.992105263157895 2.5710526315789477 2.4960526315789475 2.0750000000000002 2;11.999999999999995 11.924999999999995 11.503947368421048 11.428947368421049 11.007894736842102 10.932894736842103 10.511842105263156 10.436842105263157 10.01578947368421 9.9407894736842106 9.5197368421052637 9.4447368421052644 9.0236842105263175 8.9486842105263182 8.5276315789473713 8.452631578947372 8.0315789473684251 7.9565789473684259 7.5355263157894781 7.4605263157894779 7.0394736842105301 6.9644736842105299 6.5434210526315821 6.468421052631582 6.0473684210526342 5.972368421052634 5.5513157894736862 5.476315789473686 5.0552631578947382 4.9802631578947381 4.5592105263157903 4.4842105263157901 4.0631578947368423 3.9881578947368426 3.5671052631578952 3.492105263157895 3.0710526315789477 2.9960526315789475 2.5750000000000002 2.5;12.499999999999993 12.424999999999994 12.003947368421047 11.928947368421047 11.507894736842101 11.432894736842101 11.011842105263154 10.936842105263155 10.515789473684208 10.440789473684209 10.019736842105262 9.9447368421052627 9.5236842105263158 9.4486842105263165 9.0276315789473696 8.9526315789473703 8.5315789473684234 8.4565789473684241 8.0355263157894772 7.9605263157894779 7.5394736842105301 7.4644736842105299 7.0434210526315821 6.968421052631582 6.5473684210526342 6.472368421052634 6.0513157894736862 5.976315789473686 5.5552631578947382 5.4802631578947381 5.0592105263157903 4.9842105263157901 4.5631578947368423 4.4881578947368421 4.0671052631578952 3.992105263157895 3.5710526315789477 3.4960526315789475 3.0750000000000002 3;0 0.074999999999999997 0.49605263157894736 0.57105263157894737 0.99210526315789471 1.0671052631578948 1.4881578947368421 1.5631578947368421 1.9842105263157894 2.0592105263157894 2.4802631578947367 2.5552631578947369 2.9763157894736842 3.0513157894736844 3.4723684210526318 3.5473684210526319 3.9684210526315793 4.0434210526315795 4.4644736842105264 4.5394736842105265 4.9605263157894743 5.0355263157894745 5.4565789473684223 5.5315789473684225 5.9526315789473703 6.0276315789473704 6.4486842105263182 6.5236842105263184 6.9447368421052662 7.0197368421052664 7.4407894736842142 7.5157894736842144 7.9368421052631621 8.0118421052631614 8.4328947368421083 8.5078947368421076 8.9289473684210545 9.0039473684210538 9.4250000000000007 9.5;0.5 0.57499999999999996 0.9960526315789473 1.0710526315789473 1.4921052631578946 1.5671052631578946 1.9881578947368419 2.0631578947368419 2.4842105263157892 2.5592105263157894 2.9802631578947367 3.0552631578947369 3.4763157894736842 3.5513157894736844 3.9723684210526318 4.0473684210526315 4.4684210526315784 4.5434210526315786 4.9644736842105264 5.0394736842105265 5.4605263157894743 5.5355263157894745 5.9565789473684223 6.0315789473684225 6.4526315789473703 6.5276315789473704 6.9486842105263182 7.0236842105263184 7.4447368421052662 7.5197368421052664 7.9407894736842142 8.0157894736842135 8.4368421052631604 8.5118421052631597 8.9328947368421066 9.0078947368421058 9.4289473684210527 9.503947368421052 9.9249999999999989 9.9999999999999982;1 1.075 1.4960526315789473 1.5710526315789473 1.9921052631578946 2.0671052631578948 2.4881578947368421 2.5631578947368423 2.9842105263157896 3.0592105263157898 3.4802631578947372 3.5552631578947373 3.9763157894736847 4.0513157894736844 4.4723684210526322 4.5473684210526324 4.9684210526315802 5.0434210526315804 5.4644736842105281 5.5394736842105283 5.9605263157894761 6.0355263157894763 6.4565789473684241 6.5315789473684243 6.952631578947372 7.0276315789473722 7.44868421052632 7.5236842105263202 7.944736842105268 8.0197368421052673 8.4407894736842142 8.5157894736842135 8.9368421052631604 9.0118421052631597 9.4328947368421066 9.5078947368421058 9.9289473684210527 10.003947368421052 10.424999999999999 10.499999999999998;1.5 1.575 1.9960526315789473 2.0710526315789473 2.4921052631578946 2.5671052631578948 2.9881578947368421 3.0631578947368423 3.4842105263157896 3.5592105263157898 3.9802631578947372 4.0552631578947373 4.4763157894736842 4.5513157894736844 4.9723684210526322 5.0473684210526324 5.4684210526315802 5.5434210526315804 5.9644736842105281 6.0394736842105283 6.4605263157894761 6.5355263157894763 6.9565789473684241 7.0315789473684243 7.452631578947372 7.5276315789473722 7.94868421052632 8.0236842105263193 8.4447368421052662 8.5197368421052655 8.9407894736842124 9.0157894736842117 9.4368421052631586 9.5118421052631579 9.9328947368421048 10.007894736842104 10.428947368421051 10.50394736842105 10.924999999999997 10.999999999999996;2 2.0750000000000002 2.4960526315789475 2.5710526315789477 2.992105263157895 3.0671052631578952 3.4881578947368426 3.5631578947368427 3.9842105263157901 4.0592105263157903 4.4802631578947381 4.5552631578947382 4.976315789473686 5.0513157894736862 5.472368421052634 5.5473684210526342 5.968421052631582 6.0434210526315821 6.4644736842105299 6.5394736842105301 6.9605263157894779 7.0355263157894781 7.4565789473684259 7.531578947368426 7.9526315789473738 8.0276315789473731 8.44868421052632 8.5236842105263193 8.9447368421052662 9.0197368421052655 9.4407894736842124 9.5157894736842117 9.9368421052631586 10.011842105263158 10.432894736842105 10.507894736842104 10.928947368421051 11.00394736842105 11.424999999999997 11.499999999999996;2.5 2.5750000000000002 2.9960526315789475 3.0710526315789477 3.492105263157895 3.5671052631578952 3.9881578947368426 4.0631578947368423 4.4842105263157901 4.5592105263157903 4.9802631578947381 5.0552631578947382 5.476315789473686 5.5513157894736862 5.972368421052634 6.0473684210526342 6.468421052631582 6.5434210526315821 6.9644736842105299 7.0394736842105301 7.4605263157894779 7.5355263157894781 7.9565789473684259 8.0315789473684251 8.452631578947372 8.5276315789473713 8.9486842105263182 9.0236842105263175 9.4447368421052644 9.5197368421052637 9.9407894736842106 10.01578947368421 10.436842105263157 10.511842105263156 10.932894736842103 11.007894736842102 11.428947368421049 11.503947368421048 11.924999999999995 11.999999999999995;3 3.0750000000000002 3.4960526315789475 3.5710526315789477 3.992105263157895 4.0671052631578952 4.4881578947368421 4.5631578947368423 4.9842105263157901 5.0592105263157903 5.4802631578947381 5.5552631578947382 5.976315789473686 6.0513157894736862 6.472368421052634 6.5473684210526342 6.968421052631582 7.0434210526315821 7.4644736842105299 7.5394736842105301 7.9605263157894779 8.0355263157894772 8.4565789473684241 8.5315789473684234 8.9526315789473703 9.0276315789473696 9.4486842105263165 9.5236842105263158 9.9447368421052627 10.019736842105262 10.440789473684209 10.515789473684208 10.936842105263155 11.011842105263154 11.432894736842101 11.507894736842101 11.928947368421047 12.003947368421047 12.424999999999994 12.499999999999993;
