m;4
n;8
P;39
P1;2 4 6 8 10 12 14 16 18 20 22 24 26 28 30 32 34 36 38
Q;40
M;100
h;1 1 1 1 1 1 1 1 1 1 1 1 1 1 1 1 1 1 1 1 1 1 1 1 1 1 1 1 1 1 1 1 1 1 1 1 1 1 1
Vmin;52 52 52 52 52 52 52 52 52 52 52 52 52 52 52 52 52 52 52 52 52 52 52 52 52 52 52 52 52 52 52 52 52 52 52 52 52 52 52;46 46 46 46 46 46 46 46 46 46 46 46 46 46 46 46 46 46 46 46 46 46 46 46 46 46 46 46 46 46 46 46 46 46 46 46 46 46 46;47 47 47 47 47 47 47 47 47 47 47 47 47 47 47 47 47 47 47 47 47 47 47 47 47 47 47 47 47 47 47 47 47 47 47 47 47 47 47;49 49 49 49 49 49 49 49 49 49 49 49 49 49 49 49 49 49 49 49 49 49 49 49 49 49 49 49 49 49 49 49 49 49 49 49 49 49 49;44 44 44 44 44 44 44 44 44 44 44 44 44 44 44 44 44 44 44 44 44 44 44 44 44 44 44 44 44 44 44 44 44 44 44 44 44 44 44;28 28 28 28 28 28 28 28 28 28 28 28 28 28 28 28 28 28 28 28 28 28 28 28 28 28 28 28 28 28 28 28 28 28 28 28 28 28 28;41 41 41 41 41 41 41 41 41 41 41 41 41 41 41 41 41 41 41 41 41 41 41 41 41 41 41 41 41 41 41 41 41 41 41 41 41 41 41;38 38 38 38 38 38 38 38 38 38 38 38 38 38 38 38 38 38 38 38 38 38 38 38 38 38 38 38 38 38 38 38 38 38 38 38 38 38 38;
Vmax;52 52 52 52 52 52 52 52 52 52 52 52 52 52 52 52 52 52 52 52 52 52 52 52 52 52 52 52 52 52 52 52 52 52 52 52 52 52 52;46 46 46 46 46 46 46 46 46 46 46 46 46 46 46 46 46 46 46 46 46 46 46 46 46 46 46 46 46 46 46 46 46 46 46 46 46 46 46;47 47 47 47 47 47 47 47 47 47 47 47 47 47 47 47 47 47 47 47 47 47 47 47 47 47 47 47 47 47 47 47 47 47 47 47 47 47 47;49 49 49 49 49 49 49 49 49 49 49 49 49 49 49 49 49 49 49 49 49 49 49 49 49 49 49 49 49 49 49 49 49 49 49 49 49 49 49;44 44 44 44 44 44 44 44 44 44 44 44 44 44 44 44 44 44 44 44 44 44 44 44 44 44 44 44 44 44 44 44 44 44 44 44 44 44 44;28 28 28 28 28 28 28 28 28 28 28 28 28 28 28 28 28 28 28 28 28 28 28 28 28 28 28 28 28 28 28 28 28 28 28 28 28 28 28;41 41 41 41 41 41 41 41 41 41 41 41 41 41 41 41 41 41 41 41 41 41 41 41 41 41 41 41 41 41 41 41 41 41 41 41 41 41 41;38 38 38 38 38 38 38 38 38 38 38 38 38 38 38 38 38 38 38 38 38 38 38 38 38 38 38 38 38 38 38 38 38 38 38 38 38 38 38;
d;3.000 11.336 3.000 18.439 3.000 21.627 3.000 36.768 3.000 5.933 3.000 6.807 3.000 11.701 3.000 4.205 3.000 17.482 3.000 37.860 3.000 24.986 3.000 8.296 3.000 23.601 3.000 18.808 3.000 3.747 3.000 19.750 3.000 10.475 3.000 18.690 3.000 9.370 3.000
S;0.77497108443032725 0.7740095459687889 0.77100637230482705 0.77004483384328859 0.76405458016501904 0.76309304170348058 0.75973580065302471 0.75877426219148636 0.75244402989089765 0.75148249142935919 0.75028165579443196 0.7493201173328935 0.74329190014932667 0.74233036168778821 0.73476596432676622 0.73380442586522787 0.73114533218402344 0.73018379372248499 0.72217556648130021 0.72121402801976175 0.7090794859869699 0.70811794752543145 0.70251489501274844 0.70155335655120998 0.70020568169443742 0.69924414323289896 0.6954937489271712 0.69453221046563274 0.69235060432883511 0.69138906586729665 0.68948742700992216 0.6885258885483837 0.67674125600315127 0.67577971754161281 0.66884803245567281 0.66788649399413436 0.66197650972612587 0.66101497126458741 0.65738147875070463 0.65641994028916628;1.3854010211853607 1.3843140646636216 1.3809191726956649 1.3798322161739258 1.37306062505936 1.3719736685376209 1.3681785264805839 1.3670915699588448 1.3599356551842663 1.3588486986625272 1.3574912322926096 1.3564042757708705 1.349589769389447 1.3485028128677079 1.3399517549813353 1.3388647984595963 1.3358588664721478 1.3347719099504087 1.325719131329939 1.3246321748081999 1.3109148664233046 1.3098279099015655 1.3034940244524456 1.3024070679307065 1.3008836093969636 1.2997966528752245 1.2955570767035323 1.2944701201817932 1.2920039567228048 1.2909170002010657 1.2887673214927291 1.28768036497099 1.274358606441597 1.273271649919858 1.2654358319966215 1.2643488754748824 1.2576680236936553 1.2565810671719162 1.2524736408518748 1.2513866843301358;1.4425415800649048 1.4414777502776708 1.438155090053713 1.4370912602664789 1.430463745558606 1.4293999157713722 1.4256855214176762 1.4246216916304422 1.4176180303617059 1.4165542005744718 1.4152256164677439 1.4141617866805098 1.4074922697965635 1.4064284400093294 1.3980593195247946 1.3969954897375605 1.3940535137498451 1.392989683962611 1.3841295176532149 1.3830656878659808 1.3696402371062961 1.368576407319062 1.3623772853901361 1.3613134556029023 1.3598224110805155 1.3587585812932814 1.3546092088699233 1.3535453790826892 1.3511316871866579 1.3500678573994238 1.3479639165359456 1.3469000867487115 1.3338617698901565 1.3327979401029224 1.3251288417099678 1.3240650119227337 1.317526305924086 1.316462476136852 1.3124424418661733 1.3113786120789392;1.5053837413875897 1.5043633332243245 1.501176291785018 1.5001558836217526 1.4937988797182828 1.4927784715550174 1.4892156851341256 1.4881952769708602 1.4814774794273784 1.480457071264113 1.4791827150801085 1.4781623069168432 1.4717650152118333 1.4707446070485681 1.4627170833185039 1.4616966751552385 1.4588747798200827 1.4578543716568175 1.4493558447886212 1.448335436625356 1.4354579634476994 1.434437555284434 1.4284914587403621 1.4274710505770969 1.4260408650148078 1.4250204568515423 1.4210404465679132 1.4200200384046477 1.4177048645451891 1.4166844563819236 1.4146663906557302 1.413645982492465 1.4011398418322183 1.4001194336689529 1.3927633597002003 1.3917429515369348 1.3854711314974157 1.3844507233341505 1.3805947720949279 1.3795743639316627;1.5170968680636157 1.5180584065251541 1.5221726682698062 1.5231342067313447 1.5290441909993531 1.5300057294608915 1.5369374145468313 1.5378989530083698 1.5496835855536022 1.5506451240151407 1.5525467628725151 1.5535083013340534 1.555689907470851 1.5566514459323895 1.5604018402381172 1.5613633786996557 1.5627110535564281 1.5636725920179666 1.5692756445306497 1.5702371829921882 1.5823717250249802 1.5833332634865187 1.5913414907277035 1.5923030291892419 1.5949621228704463 1.5959236613319847 1.6034880586930067 1.6044495971545452 1.610477814338112 1.6114393527996504 1.6126401884345778 1.6136017268961163 1.6199319591967047 1.6208934976582432 1.6242507387086991 1.6252122771702375 1.6312025308485072 1.6321640693100457 1.6351672429740074 1.6361287814355459;2.2964522835879779 2.297539240109717 2.3021901446906279 2.303277101212367 2.3099579529935941 2.3110449095153331 2.3188807274385694 2.3199676839603085 2.3332894424897015 2.3343763990114406 2.3365260777197769 2.337613034241516 2.3400791977005047 2.3411661542222437 2.345405730393936 2.346492686915675 2.3480161454494182 2.3491031019711572 2.3554369874202772 2.3565239439420163 2.3702412523269114 2.3713282088486505 2.38038098746912 2.381467943990859 2.384473875978308 2.385560832500047 2.3941118903864198 2.3951988469081589 2.4020133532895822 2.4031003098113213 2.4044577761812391 2.4055447327029782 2.4127006474775565 2.4137876039992956 2.4175827460563326 2.4186697025780717 2.4254412936926375 2.4265282502143766 2.4299231421823335 2.4310100987040726;2.4317037413640796 2.4327675711513139 2.4373195203156097 2.438383350102844 2.4449220561014915 2.4459858858887258 2.4536549842816808 2.4547188140689147 2.4677571309274695 2.4688209607147038 2.470924901578182 2.4719887313654163 2.4744024232614477 2.475466253048682 2.4796156254720407 2.480679455259275 2.4821704997816614 2.4832343295688957 2.4894334514978218 2.4904972812850561 2.5039227320447406 2.5049865618319749 2.5138467281413708 2.5149105579286046 2.5178525339163205 2.5189163637035548 2.5272854841880901 2.5283493139753244 2.5350188308592707 2.536082660646505 2.5374112447532329 2.5384750745404672 2.5454787358092039 2.5465425655964382 2.5502569599501337 2.551320789737368 2.5579483044452407 2.559012134232475 2.562334794456433 2.5633986242436673;2.9921389062096448 2.9931593143729098 2.9975254696937648 2.9985458778570302 3.0048176978965491 3.0058381060598141 3.0131941800285671 3.0142145881918321 3.0267207288520783 3.0277411370153433 3.0297592027415368 3.0307796109048017 3.0330947847642604 3.0341151929275254 3.0380952032111552 3.0391156113744202 3.0405457969367098 3.0415662050999748 3.0475123016440464 3.0485327098073114 3.0614101829849685 3.0624305911482335 3.0709291180164295 3.0719495261796945 3.0747714215148507 3.0757918296781157 3.0838193534081797 3.0848397615714447 3.0912370532764544 3.0922574614397198 3.0935318176237243 3.0945522257869893 3.1012700233304709 3.1022904314937358 3.1058532179146279 3.1068736260778929 3.1132306299813624 3.1142510381446278 3.117438079583934 3.118458487747199;
