m;2
n;4
P;39
P1;2 4 6 8 10 12 14 16 18 20 22 24 26 28 30 32 34 36 38
Q;40
M;100
h;1 1 1 1 1 1 1 1 1 1 1 1 1 1 1 1 1 1 1 1 1 1 1 1 1 1 1 1 1 1 1 1 1 1 1 1 1 1 1
Vmin;50 50 50 50 50 50 50 50 50 50 50 50 50 50 50 50 50 50 50 50 50 50 50 50 50 50 50 50 50 50 50 50 50 50 50 50 50 50 50;28 28 28 28 28 28 28 28 28 28 28 28 28 28 28 28 28 28 28 28 28 28 28 28 28 28 28 28 28 28 28 28 28 28 28 28 28 28 28;52 52 52 52 52 52 52 52 52 52 52 52 52 52 52 52 52 52 52 52 52 52 52 52 52 52 52 52 52 52 52 52 52 52 52 52 52 52 52;44 44 44 44 44 44 44 44 44 44 44 44 44 44 44 44 44 44 44 44 44 44 44 44 44 44 44 44 44 44 44 44 44 44 44 44 44 44 44;
Vmax;50 50 50 50 50 50 50 50 50 50 50 50 50 50 50 50 50 50 50 50 50 50 50 50 50 50 50 50 50 50 50 50 50 50 50 50 50 50 50;28 28 28 28 28 28 28 28 28 28 28 28 28 28 28 28 28 28 28 28 28 28 28 28 28 28 28 28 28 28 28 28 28 28 28 28 28 28 28;52 52 52 52 52 52 52 52 52 52 52 52 52 52 52 52 52 52 52 52 52 52 52 52 52 52 52 52 52 52 52 52 52 52 52 52 52 52 52;44 44 44 44 44 44 44 44 44 44 44 44 44 44 44 44 44 44 44 44 44 44 44 44 44 44 44 44 44 44 44 44 44 44 44 44 44 44 44;
d;3.000 17.331 3.000 10.690 3.000 19.226 3.000 15.721 3.000 3.046 3.000 25.081 3.000 16.022 3.000 9.587 3.000 38.399 3.000 4.780 3.000 9.499 3.000 14.269 3.000 5.156 3.000 13.686 3.000 5.568 3.000 10.935 3.000 5.124 3.000 10.188 3.000 4.129 3.000
S;0.2938696019177312 0.2928696019177312 0.29149316405614439 0.29049316405614439 0.28709708850570032 0.28609708850570031 0.28438918499405985 0.28338918499405985 0.27974434901081058 0.27874434901081063 0.27688845447219018 0.27588845447219018 0.27132655829897334 0.27032655829897334 0.26860787579834106 0.26760787579834111 0.26285149022587101 0.26185149022587101 0.25868509214993601 0.25768509214993601 0.25609187836058378 0.25509187836058378 0.24229229519712595 0.24129229519712594 0.23809678649595159 0.23709678649595159 0.23175603808708456 0.23075603808708456 0.22239570718768747 0.22139570718768745 0.22038043344249367 0.21938043344249367 0.21414007214522271 0.21314007214522271 0.20673145374867685 0.20573145374867685 0.20216823200114048 0.20116823200114048 0.19539129246596246 0.19439129246596246;1.3110256174919792 1.3092399032062649 1.3067819784534314 1.3049962641677169 1.2989318435419237 1.2971461292562094 1.2940963015568516 1.2923105872711373 1.2858019515867634 1.2840162373010491 1.2807021399106555 1.2789164256249412 1.2707701824584823 1.268984468172768 1.2659153922787818 1.2641296779930675 1.2556361323279424 1.2538504180422279 1.2481961357637728 1.2464104214780583 1.2435653968542151 1.2417796825685008 1.2189232840623261 1.2171375697766116 1.2114313042388003 1.209645589953086 1.2001085392229662 1.1983228249372517 1.1833936626168999 1.1816079483311854 1.1797949595004824 1.1780092452147679 1.168651457183927 1.1668657428982128 1.1554217814758094 1.1536360671900951 1.1472731712123516 1.1454874569266373 1.1351714934709622 1.1333857791852477;1.2918950042851527 1.2928950042851528 1.2991719438203306 1.3001719438203307 1.3037351655678673 1.3047351655678672 1.3111437839644131 1.312143783964413 1.3173841452616841 1.3183841452616842 1.3193994190068778 1.320399419006878 1.3287597499062751 1.3297597499062752 1.3351004983151422 1.3361004983151423 1.3392960070163165 1.3402960070163166 1.3530955901797743 1.3540955901797744 1.3556888039691266 1.3566888039691267 1.3598552020450616 1.3608552020450617 1.3656115876175319 1.3666115876175318 1.3683302701181641 1.3693302701181642 1.373892166291381 1.3748921662913811 1.3767480608300013 1.3777480608300015 1.3813928968132507 1.3823928968132508 1.3841008003248914 1.3851008003248915 1.3884968758753355 1.3894968758753354 1.3908733137369222 1.3918733137369224;1.7513202727525747 1.753105987038289 1.7643148076368214 1.7661005219225356 1.7724634179002792 1.7742491321859934 1.7856930936083968 1.7874788078941111 1.7968365959249519 1.7986223102106664 1.8004352990413695 1.802221013327084 1.8171501756474358 1.8189358899331503 1.82847294066327 1.8302586549489843 1.8359649204867956 1.8377506347725101 1.8606070332786848 1.8623927475643991 1.8652377721882423 1.8670234864739568 1.8726777687524119 1.8744634830381264 1.8829570287032515 1.8847427429889658 1.887811818882952 1.8895975331686663 1.8977437763351253 1.8995294906208395 1.9028435880112331 1.9046293022969474 1.9111379379813214 1.9129236522670356 1.9159734799663934 1.9177591942521077 1.9238236148779009 1.9256093291636154 1.928067253916449 1.9298529682021632;
