m;3
n;6
P;39
P1;2 4 6 8 10 12 14 16 18 20 22 24 26 28 30 32 34 36 38
Q;40
M;100
h;1 1 1 1 1 1 1 1 1 1 1 1 1 1 1 1 1 1 1 1 1 1 1 1 1 1 1 1 1 1 1 1 1 1 1 1 1 1 1
Vmin;46 46 46 46 46 46 46 46 46 46 46 46 46 46 46 46 46 46 46 46 46 46 46 46 46 46 46 46 46 46 46 46 46 46 46 46 46 46 46;50 50 50 50 50 50 50 50 50 50 50 50 50 50 50 50 50 50 50 50 50 50 50 50 50 50 50 50 50 50 50 50 50 50 50 50 50 50 50;48 48 48 48 48 48 48 48 48 48 48 48 48 48 48 48 48 48 48 48 48 48 48 48 48 48 48 48 48 48 48 48 48 48 48 48 48 48 48;42 42 42 42 42 42 42 42 42 42 42 42 42 42 42 42 42 42 42 42 42 42 42 42 42 42 42 42 42 42 42 42 42 42 42 42 42 42 42;52 52 52 52 52 52 52 52 52 52 52 52 52 52 52 52 52 52 52 52 52 52 52 52 52 52 52 52 52 52 52 52 52 52 52 52 52 52 52;44 44 44 44 44 44 44 44 44 44 44 44 44 44 44 44 44 44 44 44 44 44 44 44 44 44 44 44 44 44 44 44 44 44 44 44 44 44 44;
Vmax;46 46 46 46 46 46 46 46 46 46 46 46 46 46 46 46 46 46 46 46 46 46 46 46 46 46 46 46 46 46 46 46 46 46 46 46 46 46 46;50 50 50 50 50 50 50 50 50 50 50 50 50 50 50 50 50 50 50 50 50 50 50 50 50 50 50 50 50 50 50 50 50 50 50 50 50 50 50;48 48 48 48 48 48 48 48 48 48 48 48 48 48 48 48 48 48 48 48 48 48 48 48 48 48 48 48 48 48 48 48 48 48 48 48 48 48 48;42 42 42 42 42 42 42 42 42 42 42 42 42 42 42 42 42 42 42 42 42 42 42 42 42 42 42 42 42 42 42 42 42 42 42 42 42 42 42;52 52 52 52 52 52 52 52 52 52 52 52 52 52 52 52 52 52 52 52 52 52 52 52 52 52 52 52 52 52 52 52 52 52 52 52 52 52 52;44 44 44 44 44 44 44 44 44 44 44 44 44 44 44 44 44 44 44 44 44 44 44 44 44 44 44 44 44 44 44 44 44 44 44 44 44 44 44;
d;3.000 1.979 3.000 12.657 3.000 27.794 3.000 8.732 3.000 8.447 3.000 5.531 3.000 4.413 3.000 23.649 3.000 6.438 3.000 32.842 3.000 41.064 3.000 21.760 3.000 39.442 3.000 10.252 3.000 15.264 3.000 5.407 3.000 13.556 3.000 12.107 3.000 30.337 3.000
S;0.50182390393861498 0.50073694741687591 0.48974536273204705 0.48865840621030793 0.48427176414306339 0.48318480762132426 0.47827336402404114 0.47718640750230201 0.47522736236653368 0.47414040584479455 0.46860983415175883 0.46752287763001971 0.46380836881248039 0.46272141229074126 0.44843095118405552 0.44734399466231639 0.43945998702896849 0.43837303050722937 0.42349473600605292 0.42240777948431379 0.41050854154015071 0.40942158501841158 0.40708894540312712 0.406001988881388 0.39743353820603794 0.39634658168429876 0.39474760813019166 0.39366065160845254 0.39165657808799348 0.39056962156625435 0.3875092930463287 0.38642233652458952 0.38325860905848658 0.38217165253674745 0.37210127790026548 0.37101432137852636 0.36642852012646032 0.3653415636047212 0.36462446499702217 0.36353750847528304;0.55318747276428526 0.55218747276428515 0.5420752148542427 0.54107521485424259 0.53703950415237756 0.53603950415237756 0.53152097604287707 0.53052097604287707 0.52871865451797018 0.52771865451797018 0.52263052856037728 0.52163052856037728 0.51821318044824116 0.51721318044824127 0.50406595623009032 0.50306595623009043 0.49581266920741029 0.49481266920741029 0.48112463826632795 0.48012463826632795 0.46917733935769795 0.46817733935769801 0.4660313109116363 0.46503131091163635 0.45714833629031426 0.45614833629031432 0.45467728062053581 0.45367728062053581 0.45183353298171347 0.45083353298171347 0.44801803074338192 0.44701803074338192 0.44410740147456718 0.44310740147456718 0.4338426568090038 0.4328426568090038 0.42862371965710305 0.42762371965710311 0.42696398893801996 0.42596398893801996;0.74870416840358833 0.74766250173692173 0.73712889974729401 0.7360872330806274 0.73188336776618468 0.73084170109951796 0.72613490098545497 0.72509323431878825 0.72321581606367691 0.7221741493970103 0.71687401819118435 0.71583235152451763 0.71227261390770924 0.71123094724104263 0.6975359220138021 0.69649425534713538 0.68893874803184363 0.68789708136517702 0.67363871580154955 0.67259704913488283 0.6611936127717265 0.66015194610505989 0.657916499807079 0.65687483314041228 0.64866340124320176 0.64762173457653516 0.64608938492051593 0.64504771825384921 0.64312714779674252 0.64208548113007591 0.63915266629848044 0.63811099963181372 0.63507909414346508 0.63403742747679837 0.62438665178350317 0.62334498511683656 0.61895025891693989 0.61790859225027328 0.61722137275122835 0.61617970608456174;0.69260990715853166 0.69369686368027084 0.69495744054883934 0.69604439707057852 0.7006301983226445 0.70171715484438368 0.71178752948086565 0.71287448600260483 0.71603821346870788 0.71712516999044706 0.72018549851037272 0.7212724550321119 0.72327652855257096 0.72436348507431014 0.72596245862841724 0.72704941515015642 0.73561786582550648 0.73670482234724566 0.73903746196253006 0.74012441848426924 0.75202365642843239 0.75311061295017157 0.76798890745134807 0.76907586397308725 0.77695987160643509 0.77804682812817427 0.79233728923486002 0.7934242457565992 0.79713875457413852 0.7982257110958777 0.80375628278891353 0.80484323931065271 0.8068022844464211 0.80788924096816028 0.81280068456544341 0.81388764108718259 0.81827428315442707 0.81936123967616625 0.83035282436099511 0.83143978088273429;1.0766260639346439 1.077626063934644 1.0787857946537269 1.079785794653727 1.0840047318056278 1.085004731805628 1.0942694764711913 1.0952694764711914 1.0981801057400062 1.0991801057400064 1.101995607978338 1.1029956079783381 1.1048393556171603 1.1058393556171604 1.107310411286939 1.1083104112869391 1.1161933859082611 1.1171933859082612 1.1193394143543227 1.1203394143543228 1.1312867132629527 1.1322867132629528 1.1459747442040351 1.146974744204035 1.1542280312267152 1.1552280312267154 1.1683752554448661 1.1693752554448662 1.1727926035570024 1.1737926035570025 1.1788807295145953 1.1798807295145954 1.1816830510395022 1.1826830510395021 1.1872015791490027 1.1882015791490026 1.1922372898508677 1.1932372898508676 1.2033495477609102 1.2043495477609101;1.2837822328157305 1.2848238994823971 1.2860319523147754 1.287073618981442 1.2914683451813387 1.2925100118480053 1.3021607875413006 1.3032024542079672 1.306234359696316 1.3072760263629826 1.310208841194578 1.3112505078612449 1.3131710783183514 1.3142127449850181 1.3157450946410374 1.316786761307704 1.3249981932049146 1.3260398598715812 1.3282753061695622 1.3293169728362288 1.3407204091993852 1.3417620758660518 1.3560204414296793 1.3570621080963461 1.3646176154116378 1.3656592820783044 1.3793543073055448 1.3803959739722116 1.38395571158902 1.3849973782556866 1.3902975094615124 1.3913391761281793 1.3932165943832904 1.394258261049957 1.3989650611640201 1.4000067278306867 1.4042105931451294 1.405252259811796 1.4157858618014236 1.4168275284680902;
