m;7
n;14
P;39
P1;2 4 6 8 10 12 14 16 18 20 22 24 26 28 30 32 34 36 38
Q;40
M;100
h;1 1 1 1 1 1 1 1 1 1 1 1 1 1 1 1 1 1 1 1 1 1 1 1 1 1 1 1 1 1 1 1 1 1 1 1 1 1 1
Vmin;42 42 42 42 42 42 42 42 42 42 42 42 42 42 42 42 42 42 42 42 42 42 42 42 42 42 42 42 42 42 42 42 42 42 42 42 42 42 42;28 28 28 28 28 28 28 28 28 28 28 28 28 28 28 28 28 28 28 28 28 28 28 28 28 28 28 28 28 28 28 28 28 28 28 28 28 28 28;52 52 52 52 52 52 52 52 52 52 52 52 52 52 52 52 52 52 52 52 52 52 52 52 52 52 52 52 52 52 52 52 52 52 52 52 52 52 52;50 50 50 50 50 50 50 50 50 50 50 50 50 50 50 50 50 50 50 50 50 50 50 50 50 50 50 50 50 50 50 50 50 50 50 50 50 50 50;35 35 35 35 35 35 35 35 35 35 35 35 35 35 35 35 35 35 35 35 35 35 35 35 35 35 35 35 35 35 35 35 35 35 35 35 35 35 35;49 49 49 49 49 49 49 49 49 49 49 49 49 49 49 49 49 49 49 49 49 49 49 49 49 49 49 49 49 49 49 49 49 49 49 49 49 49 49;48 48 48 48 48 48 48 48 48 48 48 48 48 48 48 48 48 48 48 48 48 48 48 48 48 48 48 48 48 48 48 48 48 48 48 48 48 48 48;40 40 40 40 40 40 40 40 40 40 40 40 40 40 40 40 40 40 40 40 40 40 40 40 40 40 40 40 40 40 40 40 40 40 40 40 40 40 40;49 49 49 49 49 49 49 49 49 49 49 49 49 49 49 49 49 49 49 49 49 49 49 49 49 49 49 49 49 49 49 49 49 49 49 49 49 49 49;34 34 34 34 34 34 34 34 34 34 34 34 34 34 34 34 34 34 34 34 34 34 34 34 34 34 34 34 34 34 34 34 34 34 34 34 34 34 34;42 42 42 42 42 42 42 42 42 42 42 42 42 42 42 42 42 42 42 42 42 42 42 42 42 42 42 42 42 42 42 42 42 42 42 42 42 42 42;47 47 47 47 47 47 47 47 47 47 47 47 47 47 47 47 47 47 47 47 47 47 47 47 47 47 47 47 47 47 47 47 47 47 47 47 47 47 47;45 45 45 45 45 45 45 45 45 45 45 45 45 45 45 45 45 45 45 45 45 45 45 45 45 45 45 45 45 45 45 45 45 45 45 45 45 45 45;49 49 49 49 49 49 49 49 49 49 49 49 49 49 49 49 49 49 49 49 49 49 49 49 49 49 49 49 49 49 49 49 49 49 49 49 49 49 49;
Vmax;42 42 42 42 42 42 42 42 42 42 42 42 42 42 42 42 42 42 42 42 42 42 42 42 42 42 42 42 42 42 42 42 42 42 42 42 42 42 42;28 28 28 28 28 28 28 28 28 28 28 28 28 28 28 28 28 28 28 28 28 28 28 28 28 28 28 28 28 28 28 28 28 28 28 28 28 28 28;52 52 52 52 52 52 52 52 52 52 52 52 52 52 52 52 52 52 52 52 52 52 52 52 52 52 52 52 52 52 52 52 52 52 52 52 52 52 52;50 50 50 50 50 50 50 50 50 50 50 50 50 50 50 50 50 50 50 50 50 50 50 50 50 50 50 50 50 50 50 50 50 50 50 50 50 50 50;35 35 35 35 35 35 35 35 35 35 35 35 35 35 35 35 35 35 35 35 35 35 35 35 35 35 35 35 35 35 35 35 35 35 35 35 35 35 35;49 49 49 49 49 49 49 49 49 49 49 49 49 49 49 49 49 49 49 49 49 49 49 49 49 49 49 49 49 49 49 49 49 49 49 49 49 49 49;48 48 48 48 48 48 48 48 48 48 48 48 48 48 48 48 48 48 48 48 48 48 48 48 48 48 48 48 48 48 48 48 48 48 48 48 48 48 48;40 40 40 40 40 40 40 40 40 40 40 40 40 40 40 40 40 40 40 40 40 40 40 40 40 40 40 40 40 40 40 40 40 40 40 40 40 40 40;49 49 49 49 49 49 49 49 49 49 49 49 49 49 49 49 49 49 49 49 49 49 49 49 49 49 49 49 49 49 49 49 49 49 49 49 49 49 49;34 34 34 34 34 34 34 34 34 34 34 34 34 34 34 34 34 34 34 34 34 34 34 34 34 34 34 34 34 34 34 34 34 34 34 34 34 34 34;42 42 42 42 42 42 42 42 42 42 42 42 42 42 42 42 42 42 42 42 42 42 42 42 42 42 42 42 42 42 42 42 42 42 42 42 42 42 42;47 47 47 47 47 47 47 47 47 47 47 47 47 47 47 47 47 47 47 47 47 47 47 47 47 47 47 47 47 47 47 47 47 47 47 47 47 47 47;45 45 45 45 45 45 45 45 45 45 45 45 45 45 45 45 45 45 45 45 45 45 45 45 45 45 45 45 45 45 45 45 45 45 45 45 45 45 45;49 49 49 49 49 49 49 49 49 49 49 49 49 49 49 49 49 49 49 49 49 49 49 49 49 49 49 49 49 49 49 49 49 49 49 49 49 49 49;
d;3.000 16.370 3.000 5.727 3.000 12.890 3.000 18.360 3.000 13.157 3.000 3.060 3.000 5.267 3.000 24.041 3.000 9.534 3.000 15.704 3.000 15.519 3.000 16.457 3.000 5.933 3.000 3.804 3.000 5.426 3.000 9.613 3.000 11.176 3.000 31.059 3.000 10.676 3.000
S;0.69080231807604919 0.68961184188557312 0.68537514525230769 0.68418466906183151 0.67185974300543927 0.67066926681496308 0.66623428063105095 0.66504380444057487 0.66122904891163981 0.66003857272116362 0.65788521811658807 0.65669474192611188 0.65518523625402159 0.6539947600635454 0.65164033967876323 0.65044986348828704 0.64391917152284994 0.64272869533237376 0.63657018355957584 0.63537970736909977 0.62914795205456098 0.62795747586408479 0.62417411287346958 0.6229836366829935 0.61344358834250212 0.61225311215202594 0.61016309567904914 0.60897261948857306 0.60775829198859865 0.60656781579812247 0.60134684476195366 0.60015636857147747 0.59287072328562374 0.59168024709514766 0.58656523483646472 0.58537475864598854 0.58310211634228348 0.5819116401518073 0.57541567959824846 0.57422520340777228;1.1764900351883645 1.17470432090265 1.1683492759527521 1.1665635616670376 1.1480761725824493 1.146290458296735 1.1396379790208668 1.1378522647351523 1.1321301314417496 1.1303444171560353 1.1271143852491718 1.1253286709634576 1.1230644124553217 1.1212786981696075 1.1177470675924339 1.1159613533067196 1.106165315358564 1.1043796010728497 1.0951418334136529 1.0933561191279386 1.0840084861561303 1.082222771870416 1.0765477273844932 1.0747620130987789 1.0604519405880419 1.0586662263023277 1.0555312015928624 1.0537454873071481 1.0519239960571867 1.0501382817714724 1.0423068252172192 1.0405211109315049 1.0295926430027242 1.02780692871701 1.0201344103289856 1.0183486960432713 1.0149397325877139 1.0131540183019996 1.003410077471661 1.0016243631859469;1.7503014028997286 1.7493398644381901 1.7459179171574755 1.7449563786959372 1.7350016307273128 1.7340400922657744 1.7304579880403068 1.7294964495787684 1.7264153008823206 1.7254537624207822 1.7237145144709329 1.7227529760093945 1.721533759889629 1.7205722214280905 1.7186705741942281 1.7177090357326896 1.7124342460682982 1.7114727076067597 1.7064985250210385 1.7055369865595 1.7005036457285265 1.6995421072669881 1.6964863140822604 1.6955247756207219 1.6878193519610944 1.686857813499556 1.6851697232713823 1.6842081848098438 1.6832273818290953 1.6822658433675568 1.6780489052229588 1.6770873667614203 1.6712028071074616 1.6702412686459231 1.666109912590833 1.6651483741292945 1.6633127784224557 1.6623512399609173 1.6571045025907349 1.6561429641291965;1.9033375608556466 1.9023375608556465 1.8987787356837036 1.8977787356837037 1.887425797796334 1.8864257977963341 1.882700409401848 1.8817004094018479 1.8784960147575425 1.8774960147575426 1.8756871968896991 1.874687196889699 1.873419212125143 1.8724192121251428 1.870441499001926 1.8694414990019259 1.8639557177509587 1.8629557177509588 1.8577825678618085 1.8567825678618086 1.8515478933975962 1.8505478933975961 1.8473698684854793 1.8463698684854792 1.8383562278794665 1.8373562278794666 1.8356006140421661 1.834600614042166 1.8335805789421873 1.8325805789421874 1.8281949632718055 1.8271949632718054 1.8210750212316884 1.8200750212316883 1.8157784109343946 1.8147784109343945 1.8128693913992824 1.8118693913992823 1.8064127845342928 1.8054127845342929;2.399497726031369 2.3980691546027972 2.392985118642879 2.3915565472143077 2.3767666359466371 2.3753380645180657 2.3700160810973707 2.3685875096687994 2.3640098030340773 2.3625812316055055 2.3599972060800152 2.3585686346514434 2.3567572278449354 2.3553286564163636 2.352503351954625 2.3510747805260537 2.3432379501675289 2.3418093787389576 2.3344191646116004 2.3329905931830286 2.3255124868055819 2.3240839153770105 2.3195438797882724 2.318115308359701 2.3066672503511114 2.3052386789225401 2.3027306591549679 2.3013020877263966 2.2998448947264269 2.2984163232978556 2.2921511580544527 2.2907225866258814 2.2819798122828567 2.2805512408542854 2.2744132261438654 2.2729846547152941 2.2702574839508483 2.2688289125222765 2.2610337598580061 2.2596051884294344;2.6115763474839806 2.6105559393207156 2.6069244850636308 2.6059040769003659 2.5953398545663151 2.5943194464030501 2.5905180296739827 2.5894976215107177 2.5862278310573448 2.5852074228940798 2.5833616903758725 2.5823412822126075 2.5810474202079585 2.5800270120446935 2.5780089374291659 2.5769885292659009 2.5713907932955262 2.5703703851322612 2.5650916607555772 2.5640712525923122 2.5587297480369933 2.5577093398737278 2.5544664573103435 2.5534460491470785 2.5452688648552289 2.5442484566919634 2.5424570140008407 2.5414366058375757 2.5403957536947406 2.5393753455314756 2.5349002275004735 2.5338798193372085 2.5276349805207627 2.5266145723574973 2.5222302761357693 2.5212098679725039 2.5192618888550427 2.5182414806917777 2.512673514503013 2.511653106339748;3.1082608766133268 3.1072192099466602 3.1035121003925528 3.1024704337258862 3.0916861234265429 3.0906444567598763 3.0867638438489533 3.0857221771822863 3.082384266094468 3.0813425994278014 3.0794584141487977 3.0784167474821311 3.0770959300190523 3.0760542633523853 3.0739941455157007 3.0729524788490341 3.0672381233792767 3.0661964567126101 3.0608077589114115 3.0597660922447449 3.0543133063445236 3.053271639677857 3.0499611970610685 3.0489195303944019 3.0405719880964721 3.0395303214298055 3.0377015570159505 3.0366598903492839 3.0355973537868062 3.0345556871201396 3.0299873374634916 3.028945670796825 3.0225707311717032 3.0215290645050366 3.0170534287786888 3.0160117621120222 3.0140232000962803 3.0129815334296137 3.0072975679452494 3.0062559012785828;3.6338980954688602 3.6350885716593369 3.6421797703081338 3.6433702464986104 3.6456428888023154 3.646833364992792 3.6519483772514745 3.6531388534419511 3.6604244987278047 3.6616149749182809 3.6668359459544502 3.6680264221449264 3.6692407496449007 3.6704312258353773 3.672521242308354 3.6737117184988302 3.6832517668393217 3.6844422430297983 3.688225606020413 3.6894160822108897 3.6956478375254282 3.6968383137159049 3.7029968254887025 3.7041873016791786 3.7107179936446157 3.7119084698350924 3.7142628902198749 3.7154533664103511 3.7169628720824415 3.7181533482729181 3.7203067028774934 3.7214971790679696 3.7253119345969048 3.7265024107873814 3.7309373969712936 3.7321278731617702 3.7444527992181622 3.7456432754086388 3.7498799720419043 3.7510704482323809;3.7897447686847978 3.7915304829705123 3.8021672809437077 3.8039529952294222 3.8073619586849796 3.8091476729706941 3.8168201913587181 3.8186059056444326 3.829534373573213 3.8313200878589275 3.839151544413181 3.840937258698895 3.8427587499488567 3.8445444642345712 3.8476794889440362 3.8494652032297503 3.8637752757404873 3.8655609900262018 3.8712360345121244 3.8730217487978389 3.8823693817696472 3.8841550960553612 3.8933928637145585 3.8951785780002726 3.904974615948428 3.9067603302341425 3.9102919608113158 3.9120776750970303 3.9143419336051659 3.9161276478908804 3.9193576797977436 3.9211433940834581 3.9268655273768607 3.9286512416625752 3.9353037209384429 3.9370894352241574 3.9555768243087455 3.95736253859446 3.9637175835443581 3.9655032978300726;4.0894501841289204 4.090411722590459 4.0961392291914107 4.0971007676529494 4.0989363633597877 4.0998979018213264 4.1040292578764168 4.1049907963379555 4.1108753559919142 4.1118368944534529 4.1160538325980509 4.1170153710595896 4.1179961740403384 4.118957712501877 4.1206458027300501 4.1216073411915888 4.1293127648512167 4.1302743033127554 4.1333300964974837 4.1342916349590224 4.1393249757899957 4.1402865142515344 4.1452606968372558 4.1462222352987945 4.1514970249631862 4.1524585634247249 4.1543602106585871 4.1553217491201258 4.1565409652398912 4.1575025037014299 4.1592417516512796 4.1602032901128183 4.1632844388092662 4.1642459772708049 4.167828081496272 4.1687896199578107 4.1787443679264351 4.1797059063879738 4.1831278536686884 4.1840893921302271;4.2340682159270324 4.2350682159270319 4.2410248227920215 4.2420248227920219 4.2439338423271336 4.2449338423271339 4.2492304526244276 4.250230452624427 4.2563503946645449 4.2573503946645443 4.2617360103349267 4.262736010334927 4.2637560454349055 4.2647560454349049 4.2665116592722061 4.2675116592722055 4.2755252998782192 4.2765252998782186 4.2797033247903356 4.2807033247903359 4.2859379992545481 4.2869379992545484 4.2921111491436985 4.2931111491436988 4.2985969303946661 4.2995969303946664 4.301574643517883 4.3025746435178833 4.3038426282824389 4.3048426282824392 4.3066514461502825 4.3076514461502828 4.3108558407945878 4.3118558407945882 4.3155812291890747 4.3165812291890742 4.3269341670764438 4.3279341670764442 4.3314929922483865 4.3324929922483868;4.3726687301019469 4.3740973015305178 4.3826067399090753 4.3840353113376462 4.3867624821020934 4.3881910535306643 4.3943290682410838 4.3957576396696556 4.4045004140126798 4.4059289854412516 4.4121941506846545 4.4136227221132263 4.4150799151131954 4.4165084865417672 4.4190165063093385 4.4204450777379103 4.4318931357465008 4.4333217071750717 4.4378617427638103 4.4392903141923812 4.4467684205698275 4.4481969919983992 4.4555872061257569 4.4570157775543287 4.4648526079128521 4.4662811793414239 4.4691064838031629 4.4705350552317347 4.4723464620382432 4.473775033466814 4.4763590589923048 4.4777876304208766 4.4823653370555983 4.48379390848417 4.4891158919048637 4.4905444633334355 4.5053343746011061 4.5067629460296779 4.5118469819895957 4.5132755534181674;5.1205185957313422 5.1215390038946076 5.127617174165005 5.1286375823282695 5.1305855614457307 5.1316059696089962 5.1359902658307242 5.1370106739939887 5.1432555128104358 5.1442759209737003 5.1487510390047024 5.149771447167967 5.1508122993108021 5.1518327074740675 5.1536241501651903 5.1546445583284557 5.1628217426203058 5.1638421507835703 5.1670850333469547 5.1681054415102201 5.173446946065539 5.1744673542288044 5.1797460786054881 5.1807664867687526 5.1863642227391278 5.1873846309023923 5.1894027055179208 5.1904231136811863 5.1917169756858348 5.1927373838491002 5.1945831163673075 5.1956035245305721 5.1988733149839454 5.1998937231472109 5.2036951398762783 5.2047155480395437 5.215279770373594 5.2163001785368586 5.2199316327939433 5.2209520409572088;5.372952651620821 5.3739943182874876 5.3801991171051844 5.3812407837718519 5.3832293457875933 5.3842710124542599 5.3887466481806081 5.3897883148472747 5.3961632544723965 5.3972049211390631 5.4017732707957107 5.4028149374623773 5.4038774740248545 5.4049191406915211 5.4067479051053757 5.4077895717720423 5.4161371140699721 5.4171787807366387 5.4204892233534272 5.4215308900200938 5.4269836759203152 5.4280253425869818 5.4334140403881808 5.4344557070548474 5.4401700625246043 5.4412117291912709 5.4432718470279555 5.4443135136946221 5.4456343311577013 5.446675997824368 5.4485601831033712 5.4496018497700378 5.4529397608578565 5.4539814275245231 5.4578620404354456 5.4589037071021123 5.469688017401455 5.4707296840681217 5.4744367936222291 5.4754784602888957;
