m;8
n;16
P;39
P1;2 4 6 8 10 12 14 16 18 20 22 24 26 28 30 32 34 36 38
Q;40
M;100
h;1 1 1 1 1 1 1 1 1 1 1 1 1 1 1 1 1 1 1 1 1 1 1 1 1 1 1 1 1 1 1 1 1 1 1 1 1 1 1
Vmin;44 44 44 44 44 44 44 44 44 44 44 44 44 44 44 44 44 44 44 44 44 44 44 44 44 44 44 44 44 44 44 44 44 44 44 44 44 44 44;46 46 46 46 46 46 46 46 46 46 46 46 46 46 46 46 46 46 46 46 46 46 46 46 46 46 46 46 46 46 46 46 46 46 46 46 46 46 46;43 43 43 43 43 43 43 43 43 43 43 43 43 43 43 43 43 43 43 43 43 43 43 43 43 43 43 43 43 43 43 43 43 43 43 43 43 43 43;42 42 42 42 42 42 42 42 42 42 42 42 42 42 42 42 42 42 42 42 42 42 42 42 42 42 42 42 42 42 42 42 42 42 42 42 42 42 42;43 43 43 43 43 43 43 43 43 43 43 43 43 43 43 43 43 43 43 43 43 43 43 43 43 43 43 43 43 43 43 43 43 43 43 43 43 43 43;50 50 50 50 50 50 50 50 50 50 50 50 50 50 50 50 50 50 50 50 50 50 50 50 50 50 50 50 50 50 50 50 50 50 50 50 50 50 50;39 39 39 39 39 39 39 39 39 39 39 39 39 39 39 39 39 39 39 39 39 39 39 39 39 39 39 39 39 39 39 39 39 39 39 39 39 39 39;40 40 40 40 40 40 40 40 40 40 40 40 40 40 40 40 40 40 40 40 40 40 40 40 40 40 40 40 40 40 40 40 40 40 40 40 40 40 40;52 52 52 52 52 52 52 52 52 52 52 52 52 52 52 52 52 52 52 52 52 52 52 52 52 52 52 52 52 52 52 52 52 52 52 52 52 52 52;41 41 41 41 41 41 41 41 41 41 41 41 41 41 41 41 41 41 41 41 41 41 41 41 41 41 41 41 41 41 41 41 41 41 41 41 41 41 41;48 48 48 48 48 48 48 48 48 48 48 48 48 48 48 48 48 48 48 48 48 48 48 48 48 48 48 48 48 48 48 48 48 48 48 48 48 48 48;37 37 37 37 37 37 37 37 37 37 37 37 37 37 37 37 37 37 37 37 37 37 37 37 37 37 37 37 37 37 37 37 37 37 37 37 37 37 37;28 28 28 28 28 28 28 28 28 28 28 28 28 28 28 28 28 28 28 28 28 28 28 28 28 28 28 28 28 28 28 28 28 28 28 28 28 28 28;46 46 46 46 46 46 46 46 46 46 46 46 46 46 46 46 46 46 46 46 46 46 46 46 46 46 46 46 46 46 46 46 46 46 46 46 46 46 46;51 51 51 51 51 51 51 51 51 51 51 51 51 51 51 51 51 51 51 51 51 51 51 51 51 51 51 51 51 51 51 51 51 51 51 51 51 51 51;45 45 45 45 45 45 45 45 45 45 45 45 45 45 45 45 45 45 45 45 45 45 45 45 45 45 45 45 45 45 45 45 45 45 45 45 45 45 45;
Vmax;44 44 44 44 44 44 44 44 44 44 44 44 44 44 44 44 44 44 44 44 44 44 44 44 44 44 44 44 44 44 44 44 44 44 44 44 44 44 44;46 46 46 46 46 46 46 46 46 46 46 46 46 46 46 46 46 46 46 46 46 46 46 46 46 46 46 46 46 46 46 46 46 46 46 46 46 46 46;43 43 43 43 43 43 43 43 43 43 43 43 43 43 43 43 43 43 43 43 43 43 43 43 43 43 43 43 43 43 43 43 43 43 43 43 43 43 43;42 42 42 42 42 42 42 42 42 42 42 42 42 42 42 42 42 42 42 42 42 42 42 42 42 42 42 42 42 42 42 42 42 42 42 42 42 42 42;43 43 43 43 43 43 43 43 43 43 43 43 43 43 43 43 43 43 43 43 43 43 43 43 43 43 43 43 43 43 43 43 43 43 43 43 43 43 43;50 50 50 50 50 50 50 50 50 50 50 50 50 50 50 50 50 50 50 50 50 50 50 50 50 50 50 50 50 50 50 50 50 50 50 50 50 50 50;39 39 39 39 39 39 39 39 39 39 39 39 39 39 39 39 39 39 39 39 39 39 39 39 39 39 39 39 39 39 39 39 39 39 39 39 39 39 39;40 40 40 40 40 40 40 40 40 40 40 40 40 40 40 40 40 40 40 40 40 40 40 40 40 40 40 40 40 40 40 40 40 40 40 40 40 40 40;52 52 52 52 52 52 52 52 52 52 52 52 52 52 52 52 52 52 52 52 52 52 52 52 52 52 52 52 52 52 52 52 52 52 52 52 52 52 52;41 41 41 41 41 41 41 41 41 41 41 41 41 41 41 41 41 41 41 41 41 41 41 41 41 41 41 41 41 41 41 41 41 41 41 41 41 41 41;48 48 48 48 48 48 48 48 48 48 48 48 48 48 48 48 48 48 48 48 48 48 48 48 48 48 48 48 48 48 48 48 48 48 48 48 48 48 48;37 37 37 37 37 37 37 37 37 37 37 37 37 37 37 37 37 37 37 37 37 37 37 37 37 37 37 37 37 37 37 37 37 37 37 37 37 37 37;28 28 28 28 28 28 28 28 28 28 28 28 28 28 28 28 28 28 28 28 28 28 28 28 28 28 28 28 28 28 28 28 28 28 28 28 28 28 28;46 46 46 46 46 46 46 46 46 46 46 46 46 46 46 46 46 46 46 46 46 46 46 46 46 46 46 46 46 46 46 46 46 46 46 46 46 46 46;51 51 51 51 51 51 51 51 51 51 51 51 51 51 51 51 51 51 51 51 51 51 51 51 51 51 51 51 51 51 51 51 51 51 51 51 51 51 51;45 45 45 45 45 45 45 45 45 45 45 45 45 45 45 45 45 45 45 45 45 45 45 45 45 45 45 45 45 45 45 45 45 45 45 45 45 45 45;
d;3.000 42.759 3.000 25.848 3.000 21.197 3.000 38.339 3.000 10.663 3.000 22.445 3.000 11.607 3.000 5.568 3.000 7.511 3.000 6.945 3.000 14.252 3.000 17.595 3.000 63.236 3.000 10.368 3.000 3.847 3.000 3.568 3.000 8.982 3.000 6.429 3.000 30.577 3.000
S;0.73932223464524105 0.73818587100887734 0.7266038123264561 0.7254674486900925 0.72303226311189794 0.72189589947553423 0.71849352659521049 0.71735716295884677 0.71600568306020795 0.71486931942384424 0.71341206809294799 0.71227570445658428 0.70834836500564868 0.70721200136928508 0.68325899134338586 0.68212262770702214 0.67545791638579789 0.67432155274943428 0.6689230134474019 0.66778664981103819 0.66515598083887528 0.66401961720251157 0.6611744381170872 0.6600380744807236 0.65792881890762034 0.65679245527125663 0.65239584898706737 0.65125948535070366 0.6427576084167137 0.64162124478034999 0.63758232633986922 0.63644596270350562 0.62192357902317841 0.62078721538681469 0.61275818940063975 0.61162182576427604 0.60183089597422212 0.60069453233785841 0.58449802000754758 0.58336165637118387;1.5044673361577581 1.503380379636019 1.4923018887223984 1.4912149322006594 1.4888856242562993 1.4877986677345603 1.4845442241099029 1.4834572675881639 1.482164547685118 1.4810775911633789 1.4796836985859998 1.4785967420642607 1.4748401565024962 1.4737531999807572 1.4508416251733753 1.4497546686516363 1.4433797273878566 1.4422927708661175 1.4371289506641736 1.4360419941424345 1.4335257020821046 1.4324387455603655 1.4297172699134379 1.4286303133916989 1.4266127645826434 1.4255258080609043 1.4213203585716798 1.4202334020499408 1.4121011719391676 1.4110142154174286 1.407150902126534 1.406063945604795 1.3921729699105689 1.3910860133888299 1.3834060754890103 1.3823191189672712 1.3729538817767848 1.3718669252550457 1.3563746091130093 1.3552876525912703;2.0477704844487028 2.0466076937510285 2.0347562848666905 2.0335934941690161 2.0311016763680727 2.0299388856703984 2.0264573878393697 2.0252945971416954 2.0239116874779715 2.0227488967802971 2.0212577558835663 2.0200949651858919 2.0160762922593531 2.0149135015616788 1.9904034447909913 1.9892406540933167 1.9824209494855525 1.9812581587878781 1.975734072060217 1.9745712813625427 1.9718794340421899 1.9707166433445156 1.9678052973036162 1.9666425066059419 1.96448419857765 1.9633214078799754 1.9588225549380143 1.9576597642403399 1.9489601692381175 1.9477973785404432 1.9436645317641374 1.9425017410664629 1.927641627533105 1.9264788368354304 1.9182630893146932 1.9171002986170189 1.9070816727853357 1.9059188820876614 1.8893457066799013 1.888182915982227;2.616353427785981 2.6151629515955048 2.6030293663091584 2.6018388901186822 2.5992877433224781 2.598097267132002 2.5945328764954723 2.5933424003049961 2.5919265642207074 2.5907360880302313 2.5892094437788158 2.5880189675883396 2.583904611973074 2.5827141357825973 2.5576205062316557 2.5564300300411791 2.5494479515141824 2.5482574753237062 2.5426018627215767 2.5414113865311005 2.5386554476078822 2.537464971417406 2.5344843076136283 2.5332938314231517 2.5310841351084719 2.5298936589179957 2.5252876904297974 2.5240972142393208 2.5151904860227599 2.5140000098322832 2.5097687619422557 2.5085782857517795 2.4933643599914368 2.4921738838009602 2.4837625232440153 2.4825720470535386 2.4723148825115775 2.4711244063211013 2.4541566314988708 2.4529661553083946;2.7866315483970223 2.7854687576993475 2.7736173488150095 2.7724545581173348 2.7699627403163918 2.768799949618717 2.7653184517876879 2.7641556610900135 2.7627727514262901 2.7616099607286153 2.760118819831884 2.7589560291342097 2.7549373562076709 2.7537745655099966 2.7292645087393086 2.7281017180416343 2.72128201343387 2.7201192227361952 2.7145951360085343 2.7134323453108595 2.710740497990507 2.7095777072928322 2.7066663612519331 2.7055035705542583 2.7033452625259664 2.7021824718282921 2.6976836188863307 2.6965208281886559 2.6878212331864337 2.686658442488759 2.6825255957124532 2.6813628050147784 2.6665026914814205 2.6653399007837462 2.6571241532630085 2.6559613625653342 2.6459427367336512 2.6447799460359764 2.6282067706282168 2.6270439799305421;3.0919002070232202 3.0909002070232199 3.0807079953826895 3.0797079953826896 3.0775650320738781 3.0765650320738782 3.0735709439391932 3.0725709439391928 3.071381641628391 3.0703816416283911 3.069099260457202 3.0680992604572022 3.0646432017403789 3.0636432017403785 3.0425645529175873 3.041564552917587 3.0356996069549096 3.0346996069549097 3.0299488923691209 3.028948892369121 3.0266339036736176 3.0256339036736173 3.0231301460784441 3.0221301460784442 3.0202740011741134 3.019274001174113 3.0154049876440263 3.0144049876440264 3.006923335942115 3.0059233359421151 3.002369087714492 3.0013690877144921 2.9885893900758038 2.9875893900758039 2.9805238472079698 2.9795238472079699 2.9709078289927224 2.9699078289927225 2.9556548981420492 2.9546548981420488;3.6212348162814885 3.6199527649994376 3.6068858269987571 3.6056037757167063 3.6028563868592562 3.601574335577205 3.5977357610455574 3.5964537097635065 3.5949289632111956 3.5936469119291443 3.5920028335045435 3.5907207822224922 3.5862899377137447 3.5850078864316939 3.557983977684525 3.5567019264024742 3.5491827649118619 3.5479007136298106 3.5418100539044408 3.5405280026223895 3.5375600683973851 3.5362780171153343 3.5330680714804967 3.5317860201984455 3.529406347244175 3.5281242959621237 3.5231640222056027 3.5218819709235514 3.512290109767255 3.5110080584852037 3.5064513299882512 3.5051692787061999 3.4887850509642928 3.4875029996822415 3.4784446113901466 3.4771625601080958 3.46611638290906 3.4648343316270092 3.4465613433569144 3.4452792920748636;3.7142580764889086 3.7130080764889088 3.7002678119382453 3.6990178119382455 3.6963391078022316 3.6950891078022319 3.6913464976338757 3.6900964976338759 3.6886098697453731 3.6873598697453733 3.6857568932813876 3.6845068932813878 3.6801868198853587 3.6789368198853589 3.6525885088568701 3.6513385088568699 3.6440073264035235 3.6427573264035238 3.6368189331712881 3.6355689331712879 3.6326751973019089 3.6314251973019092 3.6282955003079422 3.6270455003079425 3.6247253191775286 3.6234753191775289 3.6186390522649203 3.6173890522649206 3.608036987637532 3.6067869876375322 3.6023441773530034 3.6010941773530036 3.5851195553046438 3.583869555304644 3.5750376267198516 3.5737876267198514 3.5630176039507919 3.5617676039507922 3.5439514403874504 3.5427014403874506;3.6073653791856883 3.6085017428220518 3.6252664369705445 3.6264028006069084 3.636193730396962 3.6373300940333255 3.6453591200195006 3.6464954836558641 3.6610178673361915 3.662154230972555 3.6661931494130355 3.6673295130493995 3.6758313899833892 3.6769677536197531 3.6813643599039425 3.682500723540306 3.6846099791134095 3.685746342749773 3.6885915218351975 3.6897278854715609 3.6923585544437234 3.6934949180800869 3.6988934573821197 3.7000298210184832 3.7066945323397076 3.7078308959760711 3.7317839060019704 3.7329202696383339 3.7368476090892693 3.7379839727256328 3.7394412240565291 3.7405775876928926 3.7419290675915318 3.7430654312278953 3.7464678041082191 3.7476041677445826 3.7500393533227769 3.7511757169591404 3.7627577756415618 3.7638941392779253;4.2623476373052549 4.263434593826994 4.2794703882298997 4.2805573447516396 4.2899225819421254 4.2910095384638653 4.2986894763636849 4.299776432885424 4.3136674085796498 4.3147543651013898 4.3186176783922843 4.3197046349140233 4.3278368650247963 4.3289238215465362 4.3331292710357605 4.3342162275575005 4.336233776366555 4.337320732888295 4.3400422085352224 4.3411291650569614 4.3436454571172911 4.3447324136390311 4.3498962338409752 4.3509831903627143 4.3573581316264942 4.3584450881482333 4.3813566629556151 4.3824436194773551 4.3862002050391196 4.3872871615608595 4.3886810541382379 4.3897680106599779 4.3910607305630238 4.3921476870847629 4.39540213070942 4.3964890872311599 4.3988183951755202 4.3999053516972593 4.4109838426108796 4.4120707991326196;5.1906036223780774 5.1917664130757517 5.208920983832348 5.2100837745300224 5.2201024003617063 5.2212651910593797 5.2294809385801182 5.2306437292777916 5.24550384281115 5.2466666335088243 5.2507994802851297 5.251962270982804 5.2606618659850266 5.2618246566827009 5.2663235096246614 5.2674863003223358 5.2696446083506281 5.2708073990483024 5.2737187450892016 5.2748815357868759 5.277573383107228 5.2787361738049023 5.2842602605325633 5.2854230512302376 5.2922427558380019 5.2934055465356762 5.3179156033063633 5.3190783940040376 5.3230970669305764 5.3242598576282507 5.325750998524982 5.3269137892226563 5.3282966988863798 5.3294594895840541 5.3329409874150837 5.334103778112758 5.3365955959137015 5.3377583866113749 5.3496097954957129 5.3507725861933872;5.5787837233879172 5.5799741995783929 5.5975372124958618 5.5987276886863375 5.6089848532282982 5.6101753294187748 5.6185866899757198 5.6197771661661964 5.6349910919265387 5.6361815681170144 5.6404128160070419 5.6416032921975177 5.6505100204140781 5.6517004966045539 5.6563064650927526 5.6574969412832283 5.6597066375979077 5.6608971137883835 5.6638777775921616 5.6650682537826373 5.6678241927058552 5.6690146688963319 5.6746702814984609 5.6758607576889366 5.6828428362159338 5.6840333124064095 5.7091269419573516 5.7103174181478273 5.7144317737630939 5.7156222499535696 5.7171488942049846 5.7183393703954604 5.719755206479749 5.7209456826702247 5.7245100733067549 5.7257005494972306 5.7282516962934347 5.7294421724839104 5.7415757577702555 5.7427662339607322;5.8368546311286558 5.8380174218263301 5.8551719925829264 5.8563347832806008 5.8663534091122838 5.8675161998099581 5.8757319473306957 5.87689473802837 5.8917548515617284 5.8929176422594027 5.8970504890357081 5.8982132797333824 5.906912874735605 5.9080756654332784 5.9125745183752398 5.9137373090729142 5.9158956171012056 5.9170584077988799 5.91996975383978 5.9211325445374543 5.9238243918578064 5.9249871825554807 5.9305112692831417 5.931674059980816 5.9384937645885802 5.9396565552862537 5.9641666120569417 5.965329402754616 5.9693480756811548 5.9705108663788291 5.9720020072755604 5.9731647979732347 5.9745477076369582 5.9757104983346325 5.9791919961656621 5.9803547868633355 5.982846604664279 5.9840093953619533 5.9958608042462913 5.9970235949439656;6.2055894331994121 6.2065894331994125 6.221342364050086 6.2223423640500863 6.2309583822653334 6.2319583822653337 6.2390239251331678 6.2400239251331682 6.2528036227718555 6.2538036227718559 6.2573578709994795 6.2583578709994789 6.2658395227013903 6.2668395227013907 6.2707085362314778 6.2717085362314773 6.2735646811358086 6.2745646811358089 6.2770684387309821 6.2780684387309824 6.2803834274264858 6.2813834274264861 6.2861341420122745 6.2871341420122748 6.2929990879749518 6.2939990879749521 6.3150777367977433 6.3160777367977428 6.319533795514567 6.3205337955145664 6.321816176685755 6.3228161766857545 6.3240054789965567 6.3250054789965571 6.3279995671312417 6.328999567131242 6.3311425304400526 6.3321425304400529 6.3423347420805838 6.3433347420805841;6.8866619303407024 6.8879439816227537 6.9068579955338736 6.9081400468159257 6.9191862240149611 6.9204682752970124 6.9295266635891073 6.9308087148711595 6.947192942613067 6.9484749938951182 6.9530317223920708 6.9543137736741221 6.9639056348304189 6.9651876861124702 6.9701479598689913 6.9714300111510425 6.973809684105313 6.9750917353873643 6.9783016810222023 6.9795837323042536 6.9825516665292584 6.9838337178113097 6.9899243775366795 6.9912064288187308 6.998725590309343 7.0000076415913943 7.0270315503385623 7.0283136016206136 7.0327444461293611 7.0340264974114133 7.0356705758360132 7.0369526271180654 7.0384773736703758 7.0397594249524271 7.0435979994840752 7.0448800507661264 7.047627439623577 7.0489094909056282 7.0619764289063083 7.0632584801883604;7.2066365427207595 7.2078865427207592 7.2263277062841009 7.2275777062841007 7.2383477290531602 7.2395977290531599 7.2484296576379528 7.2496796576379525 7.2656542796863128 7.2669042796863126 7.2713470899708419 7.2725970899708416 7.2819491545982311 7.2831991545982309 7.2880354215108385 7.2892854215108382 7.2916056026412521 7.2928556026412519 7.2959852996352188 7.2972352996352186 7.3001290355045976 7.3013790355045973 7.307317428736833 7.3085674287368327 7.3158986111901791 7.3171486111901789 7.3434969222186677 7.3447469222186674 7.349066995614697 7.3503169956146968 7.3519199720786839 7.3531699720786836 7.3546565999671865 7.3559065999671862 7.3596492101355429 7.3608992101355426 7.3635779142715565 7.3648279142715563 7.3775681788222194 7.3788181788222191;
