m;1
n;2
P;39
P1;2 4 6 8 10 12 14 16 18 20 22 24 26 28 30 32 34 36 38
Q;40
M;100
h;1 1 1 1 1 1 1 1 1 1 1 1 1 1 1 1 1 1 1 1 1 1 1 1 1 1 1 1 1 1 1 1 1 1 1 1 1 1 1
Vmin;28 28 28 28 28 28 28 28 28 28 28 28 28 28 28 28 28 28 28 28 28 28 28 28 28 28 28 28 28 28 28 28 28 28 28 28 28 28 28;52 52 52 52 52 52 52 52 52 52 52 52 52 52 52 52 52 52 52 52 52 52 52 52 52 52 52 52 52 52 52 52 52 52 52 52 52 52 52;
Vmax;28 28 28 28 28 28 28 28 28 28 28 28 28 28 28 28 28 28 28 28 28 28 28 28 28 28 28 28 28 28 28 28 28 28 28 28 28 28 28;52 52 52 52 52 52 52 52 52 52 52 52 52 52 52 52 52 52 52 52 52 52 52 52 52 52 52 52 52 52 52 52 52 52 52 52 52 52 52;
d;3.000 2.700 3.000 20.629 3.000 26.380 3.000 4.871 3.000 9.268 3.000 6.513 3.000 11.611 3.000 32.434 3.000 25.531 3.000 23.036 3.000 17.249 3.000 4.051 3.000 26.564 3.000 45.967 3.000 17.598 3.000 7.086 3.000 8.753 3.000 26.977 3.000 7.428 3.000
S;0.73773130370753537 0.73594558942182109 0.731524375374066 0.72973866108835173 0.7136812092814443 0.71189549499573002 0.70668510467510948 0.7048993903893952 0.70068170430594923 0.69889599002023495 0.6884212757533591 0.68663556146764482 0.6592743137679643 0.65748859948225002 0.64167642613704023 0.63989071185132596 0.637479360072708 0.63569364578699372 0.6254262877167075 0.62364057343099322 0.60992883141836229 0.60814311713264813 0.59294626215606505 0.59116054787035077 0.57185468698816699 0.57006897270245271 0.56315762855771245 0.56137191427199817 0.55749540737017544 0.55570969308446116 0.55019290061323667 0.5484071863275225 0.54550758968305879 0.54372187539734462 0.52801922076992602 0.52623350648421174 0.51395406955028322 0.51216835526456894 0.51056108570071301 0.50877537141499873;0.99980484486382959 1.0015905591495438 1.0040906858562568 1.0058764001419711 1.0181558370758996 1.0199415513616139 1.0356442059890323 1.0374299202747466 1.0403295169192102 1.0421152312049244 1.0476320236761489 1.0494177379618632 1.0532942448636859 1.0550799591494002 1.0619913032941404 1.0637770175798547 1.0830828784620385 1.0848685927477528 1.1000654477243359 1.1018511620100502 1.1155629040226811 1.1173486183083954 1.1276159763786817 1.129401690664396 1.131813042443014 1.1335987567287282 1.1494109300739381 1.1511966443596526 1.1785578920593331 1.1803436063450474 1.1908183206119234 1.1926040348976377 1.1968217209810839 1.1986074352667981 1.2038178255874186 1.2056035398731331 1.2216609916800405 1.223446705965755 1.2278679200135099 1.2296536342992244;
