m;6
n;12
P;39
P1;2 4 6 8 10 12 14 16 18 20 22 24 26 28 30 32 34 36 38
Q;40
M;100
h;1 1 1 1 1 1 1 1 1 1 1 1 1 1 1 1 1 1 1 1 1 1 1 1 1 1 1 1 1 1 1 1 1 1 1 1 1 1 1
Vmin;34 34 34 34 34 34 34 34 34 34 34 34 34 34 34 34 34 34 34 34 34 34 34 34 34 34 34 34 34 34 34 34 34 34 34 34 34 34 34;28 28 28 28 28 28 28 28 28 28 28 28 28 28 28 28 28 28 28 28 28 28 28 28 28 28 28 28 28 28 28 28 28 28 28 28 28 28 28;49 49 49 49 49 49 49 49 49 49 49 49 49 49 49 49 49 49 49 49 49 49 49 49 49 49 49 49 49 49 49 49 49 49 49 49 49 49 49;40 40 40 40 40 40 40 40 40 40 40 40 40 40 40 40 40 40 40 40 40 40 40 40 40 40 40 40 40 40 40 40 40 40 40 40 40 40 40;52 52 52 52 52 52 52 52 52 52 52 52 52 52 52 52 52 52 52 52 52 52 52 52 52 52 52 52 52 52 52 52 52 52 52 52 52 52 52;37 37 37 37 37 37 37 37 37 37 37 37 37 37 37 37 37 37 37 37 37 37 37 37 37 37 37 37 37 37 37 37 37 37 37 37 37 37 37;43 43 43 43 43 43 43 43 43 43 43 43 43 43 43 43 43 43 43 43 43 43 43 43 43 43 43 43 43 43 43 43 43 43 43 43 43 43 43;42 42 42 42 42 42 42 42 42 42 42 42 42 42 42 42 42 42 42 42 42 42 42 42 42 42 42 42 42 42 42 42 42 42 42 42 42 42 42;51 51 51 51 51 51 51 51 51 51 51 51 51 51 51 51 51 51 51 51 51 51 51 51 51 51 51 51 51 51 51 51 51 51 51 51 51 51 51;48 48 48 48 48 48 48 48 48 48 48 48 48 48 48 48 48 48 48 48 48 48 48 48 48 48 48 48 48 48 48 48 48 48 48 48 48 48 48;40 40 40 40 40 40 40 40 40 40 40 40 40 40 40 40 40 40 40 40 40 40 40 40 40 40 40 40 40 40 40 40 40 40 40 40 40 40 40;45 45 45 45 45 45 45 45 45 45 45 45 45 45 45 45 45 45 45 45 45 45 45 45 45 45 45 45 45 45 45 45 45 45 45 45 45 45 45;
Vmax;34 34 34 34 34 34 34 34 34 34 34 34 34 34 34 34 34 34 34 34 34 34 34 34 34 34 34 34 34 34 34 34 34 34 34 34 34 34 34;28 28 28 28 28 28 28 28 28 28 28 28 28 28 28 28 28 28 28 28 28 28 28 28 28 28 28 28 28 28 28 28 28 28 28 28 28 28 28;49 49 49 49 49 49 49 49 49 49 49 49 49 49 49 49 49 49 49 49 49 49 49 49 49 49 49 49 49 49 49 49 49 49 49 49 49 49 49;40 40 40 40 40 40 40 40 40 40 40 40 40 40 40 40 40 40 40 40 40 40 40 40 40 40 40 40 40 40 40 40 40 40 40 40 40 40 40;52 52 52 52 52 52 52 52 52 52 52 52 52 52 52 52 52 52 52 52 52 52 52 52 52 52 52 52 52 52 52 52 52 52 52 52 52 52 52;37 37 37 37 37 37 37 37 37 37 37 37 37 37 37 37 37 37 37 37 37 37 37 37 37 37 37 37 37 37 37 37 37 37 37 37 37 37 37;43 43 43 43 43 43 43 43 43 43 43 43 43 43 43 43 43 43 43 43 43 43 43 43 43 43 43 43 43 43 43 43 43 43 43 43 43 43 43;42 42 42 42 42 42 42 42 42 42 42 42 42 42 42 42 42 42 42 42 42 42 42 42 42 42 42 42 42 42 42 42 42 42 42 42 42 42 42;51 51 51 51 51 51 51 51 51 51 51 51 51 51 51 51 51 51 51 51 51 51 51 51 51 51 51 51 51 51 51 51 51 51 51 51 51 51 51;48 48 48 48 48 48 48 48 48 48 48 48 48 48 48 48 48 48 48 48 48 48 48 48 48 48 48 48 48 48 48 48 48 48 48 48 48 48 48;40 40 40 40 40 40 40 40 40 40 40 40 40 40 40 40 40 40 40 40 40 40 40 40 40 40 40 40 40 40 40 40 40 40 40 40 40 40 40;45 45 45 45 45 45 45 45 45 45 45 45 45 45 45 45 45 45 45 45 45 45 45 45 45 45 45 45 45 45 45 45 45 45 45 45 45 45 45;
d;3.000 10.459 3.000 7.278 3.000 8.722 3.000 5.323 3.000 45.480 3.000 3.771 3.000 4.131 3.000 4.821 3.000 5.696 3.000 15.181 3.000 3.898 3.000 19.741 3.000 13.287 3.000 4.087 3.000 21.491 3.000 18.942 3.000 4.528 3.000 16.951 3.000 4.879 3.000
S;0.35461445659161012 0.35314386835631595 0.3507521867108786 0.34928159847558443 0.34097232941022765 0.33950174117493348 0.33728212791984358 0.33581153968454941 0.32652629210093509 0.32505570386564098 0.31452080913471331 0.3130502208994192 0.31104656030970279 0.30957597207440862 0.30306260354890674 0.30159201531361263 0.29191491433748046 0.29044432610218629 0.28853357016803477 0.28706298193274066 0.2796215112675195 0.27815092303222533 0.27535869165183435 0.27388810341654024 0.2715250707901849 0.27005448255489078 0.26802949244496505 0.26655890420967093 0.26471060739842522 0.26324001916313111 0.24094572698011413 0.23947513874482002 0.23686574053900103 0.23539515230370692 0.2311196961029208 0.22964910786762668 0.22608149980441108 0.22461091156911697 0.21948378194010615 0.21801319370481204;1.1088799840995776 1.1070942698138633 1.1041900849586892 1.1024043706729749 1.092314543950756 1.0905288296650417 1.0878335849981466 1.0860478707124321 1.0747729272180433 1.072987212932329 1.0601948407590596 1.0584091264733455 1.0559761100429754 1.0541903957572611 1.0462813054048661 1.0444955911191518 1.0327448256481342 1.0309591113624199 1.0286389077280931 1.0268531934423788 1.0178171219203247 1.0160314076346104 1.0126408409584213 1.010855126672707 1.0079857299121329 1.0062000156264186 1.0037410990643658 1.0019553847786515 0.99971102436499615 0.99792531007928187 0.97085366957133268 0.9690679552856184 0.96589940032140964 0.96411368603569536 0.95892206064902652 0.95713634636331224 0.95280425085797904 0.95101853657226487 0.94479273630846594 0.94300702202275166;1.0895861003140601 1.0885656921507947 1.0869061579478381 1.0858857497845729 1.0801201345147333 1.0790997263514681 1.0775595865418137 1.0765391783785485 1.070096353524612 1.0690759453613468 1.0617660184051927 1.0607456102419275 1.0593553151388588 1.0583349069755934 1.0538154267742248 1.0527950186109596 1.0460802954846637 1.0450598873213985 1.0437340566732118 1.0427136485099464 1.0375501790687727 1.0365297709055072 1.0345923042333993 1.0335718960701341 1.0319322407783773 1.0309118326151119 1.0295067374367961 1.0284863292735309 1.0272038376085848 1.0261834294453196 1.0107139205836344 1.009693512420369 1.0078829095836783 1.0068625014204131 1.0038958583423165 1.0028754501790513 1.0003999670331465 0.99937955886988128 0.99582195871913903 0.99480155055587371;1.3402683520448442 1.339018352044844 1.3369854226462223 1.3357354226462224 1.328672543940669 1.3274225439406691 1.3255358726738424 1.3242858726738425 1.3163934122277703 1.3151434122277701 1.3061887517064816 1.3049387517064814 1.3032356402052225 1.3019856402052226 1.2964492769585461 1.2951992769585459 1.2869737411288336 1.2857237411288336 1.2840995985848049 1.2828495985848047 1.2765243485193669 1.2752743485193669 1.2729009518460346 1.2716509518460346 1.2696423741136327 1.2683923741136325 1.2666711325201956 1.2654211325201956 1.2638500802306367 1.2626000802306367 1.2436499318750722 1.2423999318750722 1.2401819434001262 1.238931943400126 1.2352978056294579 1.2340478056294579 1.2310153387757246 1.2297653387757246 1.2254072785910652 1.2241572785910653;2.0347110740439556 2.0337495355824173 2.0321857437373234 2.0312242052757852 2.0257912216561289 2.0248296831945902 2.0233783976047239 2.0224168591431853 2.0163457357231298 2.0153841972615911 2.0084959968606002 2.0075344583990615 2.0062243726288624 2.0052628341673238 2.0010040932083419 2.0000425547468033 1.9937152194931784 1.99275368103164 1.9915043406131561 1.9905428021516178 1.985677225178204 1.9847156867166655 1.9828899969679483 1.9819284585064099 1.9803833987122546 1.9794218602507161 1.9780978282557646 1.9771362897942262 1.9759277880330268 1.9749662495714884 1.9603892123749003 1.9594276739133618 1.9577215289326342 1.9567599904710957 1.9539644998782741 1.9530029614167357 1.9506702946061718 1.9497087561446333 1.9463564021564339 1.9453948636948957;2.4329311699899159 2.4315798186385646 2.4293820571265408 2.4280307057751895 2.4203951612286452 2.4190438098772935 2.4170041652645082 2.4156528139131566 2.407120424241727 2.4057690728903753 2.3960883588133068 2.3947370074619552 2.3928958058389727 2.391544454487621 2.385559196923646 2.3842078455722944 2.3753153744050381 2.3739640230536865 2.3722081932763581 2.3708568419250065 2.3640187337461547 2.362667382394803 2.3601015481533625 2.3587501968020113 2.3565787614156308 2.3552274100642792 2.3533666083416445 2.3520152569902928 2.3503168220826618 2.3489654707313101 2.3284788238604297 2.327127472509078 2.3247296471307579 2.3233782957794062 2.3194494981894946 2.3180981468381434 2.3148198042935664 2.3134684529422151 2.3087570365263672 2.3074056851750155;2.8777908966941395 2.879261484929434 2.8851239086760918 2.8865944969113859 2.8901621049746016 2.8916326932098957 2.895908149410682 2.8973787376459765 2.8999881358517952 2.9014587240870897 2.9237530162701066 2.9252236045054008 2.9270719013166464 2.928542489551941 2.9305674796618666 2.9320380678971607 2.934401100523516 2.9358716887588101 2.9386639201392009 2.9401345083744954 2.9475759790397165 2.9490465672750106 2.9509573232091619 2.9524279114444565 2.9621050124205883 2.9635756006558824 2.9700889691813845 2.9715595574166787 2.9735632180063956 2.9750338062416897 2.9855687009726171 2.9870392892079116 2.9963245367915259 2.99779512502682 3.00001473828191 3.0014853265172041 3.0097945955825609 3.011265183817855 3.0136568654632923 3.0151274536985868;3.4815457158006278 3.4833314300863423 3.4904500874929978 3.4922358017787123 3.4965678972840455 3.49835361156976 3.5035452369564286 3.5053309512421431 3.5084995062063515 3.510285220492066 3.5373568610000152 3.5391425752857297 3.5413869356993852 3.5431726499850997 3.5456315665471521 3.5474172808328666 3.5502866775934407 3.5520723918791552 3.5554629585553443 3.5572486728410584 3.5662847443631125 3.568070458648827 3.5703906622831538 3.5721763765688683 3.5839271420398857 3.5857128563256002 3.5936219466779957 3.5954076609637098 3.5978406773940801 3.5996263916797941 3.6124187638530638 3.6142044781387783 3.6254794216331669 3.6272651359188814 3.6299603805857763 3.6317460948714904 3.6418359215937097 3.6436216358794242 3.6465258207345976 3.6483115350203121;3.7825122605143138 3.7835326686775788 3.7876004729099533 3.7886208810732187 3.7910963642191233 3.7921167723823883 3.7950834154604847 3.7961038236237501 3.7979144264604403 3.7989348346237057 3.8144043434853909 3.8154247516486559 3.8167072433136018 3.8177276514768668 3.8191327466551828 3.8201531548184477 3.8217928101102046 3.8228132182734695 3.8247506849455779 3.8257710931088429 3.8309345625500169 3.8319549707132818 3.8332808013614685 3.8343012095247335 3.8410159326510298 3.8420363408142948 3.8465558210156634 3.8475762291789284 3.8489665242819973 3.8499869324452622 3.8572968594014161 3.8583172675646811 3.8647600924186181 3.8657805005818831 3.8673206403915374 3.8683410485548024 3.8741066638246417 3.8751270719879067 3.8767866061908633 3.8778070143541283;4.2761063584941592 4.277356358494159 4.2823394186788182 4.2835894186788179 4.2866218855325515 4.2878718855325513 4.291506023303219 4.2927560233032187 4.294974011778165 4.2962240117781647 4.3151741601337283 4.316424160133729 4.3179952124232868 4.3192452124232865 4.3209664540167241 4.3222164540167238 4.3242250317491253 4.3254750317491251 4.3278484284224579 4.3290984284224576 4.3354236784878957 4.3366736784878954 4.3382978210319241 4.3395478210319238 4.3477733568616364 4.3490233568616361 4.3545597201083126 4.3558097201083124 4.3575128316095713 4.358762831609571 4.3677174921308604 4.3689674921308601 4.3768599525769325 4.3781099525769323 4.3799966238437582 4.3812466238437588 4.3883095025493111 4.3895595025493117 4.3915924319479327 4.3928424319479324;4.7882767026501769 4.7892382411117156 4.7930713643306841 4.7940329027922228 4.7963655696027869 4.7973271080643256 4.8001225986571479 4.8010841371186865 4.8027902820994139 4.8037518205609526 4.8183288577575407 4.8192903962190794 4.8204988979802783 4.821460436441817 4.8227844684367689 4.8237460068983076 4.8252910666924631 4.8262526051540018 4.8280782949027197 4.8290398333642583 4.833905410337672 4.8348669487992106 4.8361162892176939 4.8370778276792326 4.8434051629328572 4.8443667013943958 4.8486254423533781 4.8495869808149168 4.8508970665851159 4.8518586050466546 4.8587468054476455 4.8597083439091842 4.8657794673292392 4.8667410057907778 4.8681922913806455 4.8691538298421841 4.8745868134618409 4.8755483519233795 4.877112143768473 4.8780736822300117;5.0662811716662413 5.0676325230175925 5.073019615109116 5.0743709664604673 5.0776493090050439 5.079000660356396 5.0829294579463076 5.0842808092976588 5.0866786346759794 5.0880299860273315 5.1085166328982119 5.1098679842495631 5.111566419157195 5.1129177705085462 5.11477857223118 5.1161299235825322 5.1183013589689121 5.1196527103202643 5.1222185445617043 5.1235698959130556 5.1304080040919073 5.1317593554432595 5.1335151852205874 5.1348665365719386 5.1437590077391953 5.1451103590905474 5.151095616654521 5.1524469680058731 5.1542881696288561 5.1556395209802073 5.1653202350572762 5.1666715864086274 5.1752039760800566 5.1765553274314078 5.1785949720441939 5.1799463233955452 5.1875818679420895 5.1889332192934416 5.1911309808054646 5.1924823321568159;
