m;5
n;10
P;39
P1;2 4 6 8 10 12 14 16 18 20 22 24 26 28 30 32 34 36 38
Q;40
M;100
h;1 1 1 1 1 1 1 1 1 1 1 1 1 1 1 1 1 1 1 1 1 1 1 1 1 1 1 1 1 1 1 1 1 1 1 1 1 1 1
Vmin;51 51 51 51 51 51 51 51 51 51 51 51 51 51 51 51 51 51 51 51 51 51 51 51 51 51 51 51 51 51 51 51 51 51 51 51 51 51 51;32 32 32 32 32 32 32 32 32 32 32 32 32 32 32 32 32 32 32 32 32 32 32 32 32 32 32 32 32 32 32 32 32 32 32 32 32 32 32;28 28 28 28 28 28 28 28 28 28 28 28 28 28 28 28 28 28 28 28 28 28 28 28 28 28 28 28 28 28 28 28 28 28 28 28 28 28 28;52 52 52 52 52 52 52 52 52 52 52 52 52 52 52 52 52 52 52 52 52 52 52 52 52 52 52 52 52 52 52 52 52 52 52 52 52 52 52;46 46 46 46 46 46 46 46 46 46 46 46 46 46 46 46 46 46 46 46 46 46 46 46 46 46 46 46 46 46 46 46 46 46 46 46 46 46 46;34 34 34 34 34 34 34 34 34 34 34 34 34 34 34 34 34 34 34 34 34 34 34 34 34 34 34 34 34 34 34 34 34 34 34 34 34 34 34;40 40 40 40 40 40 40 40 40 40 40 40 40 40 40 40 40 40 40 40 40 40 40 40 40 40 40 40 40 40 40 40 40 40 40 40 40 40 40;40 40 40 40 40 40 40 40 40 40 40 40 40 40 40 40 40 40 40 40 40 40 40 40 40 40 40 40 40 40 40 40 40 40 40 40 40 40 40;42 42 42 42 42 42 42 42 42 42 42 42 42 42 42 42 42 42 42 42 42 42 42 42 42 42 42 42 42 42 42 42 42 42 42 42 42 42 42;42 42 42 42 42 42 42 42 42 42 42 42 42 42 42 42 42 42 42 42 42 42 42 42 42 42 42 42 42 42 42 42 42 42 42 42 42 42 42;
Vmax;51 51 51 51 51 51 51 51 51 51 51 51 51 51 51 51 51 51 51 51 51 51 51 51 51 51 51 51 51 51 51 51 51 51 51 51 51 51 51;32 32 32 32 32 32 32 32 32 32 32 32 32 32 32 32 32 32 32 32 32 32 32 32 32 32 32 32 32 32 32 32 32 32 32 32 32 32 32;28 28 28 28 28 28 28 28 28 28 28 28 28 28 28 28 28 28 28 28 28 28 28 28 28 28 28 28 28 28 28 28 28 28 28 28 28 28 28;52 52 52 52 52 52 52 52 52 52 52 52 52 52 52 52 52 52 52 52 52 52 52 52 52 52 52 52 52 52 52 52 52 52 52 52 52 52 52;46 46 46 46 46 46 46 46 46 46 46 46 46 46 46 46 46 46 46 46 46 46 46 46 46 46 46 46 46 46 46 46 46 46 46 46 46 46 46;34 34 34 34 34 34 34 34 34 34 34 34 34 34 34 34 34 34 34 34 34 34 34 34 34 34 34 34 34 34 34 34 34 34 34 34 34 34 34;40 40 40 40 40 40 40 40 40 40 40 40 40 40 40 40 40 40 40 40 40 40 40 40 40 40 40 40 40 40 40 40 40 40 40 40 40 40 40;40 40 40 40 40 40 40 40 40 40 40 40 40 40 40 40 40 40 40 40 40 40 40 40 40 40 40 40 40 40 40 40 40 40 40 40 40 40 40;42 42 42 42 42 42 42 42 42 42 42 42 42 42 42 42 42 42 42 42 42 42 42 42 42 42 42 42 42 42 42 42 42 42 42 42 42 42 42;42 42 42 42 42 42 42 42 42 42 42 42 42 42 42 42 42 42 42 42 42 42 42 42 42 42 42 42 42 42 42 42 42 42 42 42 42 42 42;
d;3.000 34.455 3.000 16.086 3.000 10.344 3.000 16.759 3.000 14.086 3.000 21.679 3.000 12.516 3.000 3.727 3.000 18.217 3.000 12.209 3.000 13.275 3.000 3.225 3.000 19.420 3.000 19.738 3.000 11.905 3.000 15.522 3.000 17.958 3.000 15.475 3.000 5.182 3.000
S;6.7015343277339774 6.6427107983222129 6.5410980867588311 6.4822745573470666 6.1788501368629101 6.1200266074511456 5.7679033178379404 5.7090797884261759 5.4047287362695 5.3459052068577355 5.1124710868138896 5.0536475574021251 4.6666229340125067 4.6077994046007422 4.2270080002172419 4.1681844708054774 4.1049537342192144 4.0461302048074499 3.7858290680985451 3.7270055386867806 3.4876040088325526 3.4287804794207881 3.0715888281263877 3.0127652987146232 2.9396787209903028 2.8808551915785383 2.6354513285954675 2.576627799183703 2.1515590039178814 2.0927354745061169 1.81654321246984 1.7577196830580752 1.4291115922356641 1.3702880628238994 1.1674726816495276 1.1086491522377628 0.79323002742590298 0.73440649801413826 0.058823529411764705 0;11.180570334826029 11.086820334826029 10.92487507577189 10.83112507577189 10.347542405625266 10.253792405625266 9.6925959128042205 9.5988459128042205 9.1137864234295183 9.0200364234295183 8.6480007946096382 8.5542507946096382 7.9374303010824345 7.8436803010824345 7.2367940003462312 7.1430440003462312 7.0422700139118746 6.9485200139118746 6.5336650772820581 6.4399150772820581 6.0583688890768821 5.9646188890768821 5.3953446948264316 5.3015946948264316 5.1851129615782963 5.0913629615782963 4.7002505549490268 4.6065005549490268 3.9290471624941237 3.8352971624941237 3.3951157448738072 3.3013657448738072 2.7776466001255895 2.6838966001255895 2.3606595863789344 2.2669095863789344 1.7642103562100329 1.6704603562100329 0.59375 0.5;13.20636609694404 13.099223239801182 12.914142943739309 12.807000086596451 12.254334177857451 12.147191320714594 11.505823900347684 11.398681043204826 10.844327341062309 10.737184483919451 10.312000908125302 10.204858050982445 9.4999203440942122 9.3927774869513545 8.6991931432528364 8.5920502861099788 8.476880015899285 8.3697371587564273 7.895617231179493 7.7884743740366362 7.3524215875164352 7.2452787303735784 6.5946796512302068 6.4875367940873501 6.3544148132323377 6.2472719560894809 5.8002863485131737 5.6931434913703169 4.9189110428504277 4.8117681857075709 4.3087037084272088 4.2015608512843521 3.6030246858578172 3.49588182871496 3.1264680987187825 3.0193252415759253 2.444811835668609 2.3376689785257518 1.1071428571428572 1;8.0726586675852445 8.0149663598929362 7.9153077389365434 7.8576154312442359 7.5600260957693903 7.5023337880770828 7.156982100187208 7.0992897924949006 6.8007916451873918 6.7430993374950843 6.5141543351443891 6.4564620274520816 6.0768801852814951 6.0191878775891876 5.645719384828447 5.5880270771361396 5.5260123162534587 5.4683200085611512 5.2130246629428028 5.1553323552504953 4.9205347009703875 4.86284239327808 4.5125198122008801 4.4548275045085726 4.383146437894335 4.3254541302020275 4.0847695722763238 4.0270772645840163 3.6101828692271525 3.552490561534845 3.2816096891531119 3.2239173814608044 2.9016286770003625 2.843936369308055 2.6450212839254981 2.5873289762331906 2.2779756038215586 2.2202832961292511 1.5576923076923077 1.5;9.4299619720528884 9.3647445807485408 9.2520870092326177 9.1868696179282701 8.8504642821740962 8.7852468908697485 8.3948493306464123 8.3296319393420646 7.9921992510814022 7.9269818597770545 7.6681744658153992 7.6029570745110515 7.1738645572747357 7.108647165970388 6.6864653915452035 6.6212480002408558 6.5511443575039117 6.485926966199564 6.1973322276744742 6.1321148363701266 5.8666914010969613 5.8014740097926136 5.4054571790096917 5.340239787705344 5.2592090167501198 5.1939916254457721 4.9219134295297584 4.8566960382254107 4.3854241130393907 4.3202067217350431 4.0139935616513442 3.9487761703469961 3.5844498087830186 3.5192324174786709 3.2943718861766498 3.2291544948723021 2.8794506825808921 2.8142332912765444 2.0652173913043477 2;0 0.058823529411764705 0.76381826272002062 0.82264179213178534 1.1380609169436453 1.19688444635541 1.3996998275297818 1.4585233569415466 1.7871314477639577 1.8459549771757224 2.1221472392119995 2.180970768623764 2.6060395638895857 2.6648630933013502 2.910266956284421 2.9690904856961855 3.0421770634205059 3.1010005928322704 3.4581922441266708 3.5170157735384353 3.7564173033926633 3.8152408328044278 4.0755419695133321 4.1343654989250966 4.1975962355113596 4.2564197649231241 4.6372111693066245 4.696034698718389 5.0830593221080074 5.1418828515197719 5.3753169715636178 5.4341405009753823 5.7384915531320582 5.7973150825438227 6.1494383721570278 6.2082619015687923 6.5116863220529488 6.5705098514647133 6.6721225630280951 6.7309460924398596;0.5 0.59375 1.7173353562100329 1.8110853562100329 2.3137845863789344 2.4075345863789344 2.7307716001255895 2.8245216001255895 3.3482407448738072 3.4419907448738072 3.8821721624941237 3.9759221624941237 4.6533755549490268 4.7471255549490268 5.1382379615782963 5.2319879615782963 5.3484696948264316 5.4422196948264316 6.0114938890768821 6.1052438890768821 6.4867900772820581 6.5805400772820581 6.9953950139118746 7.0891450139118746 7.1899190003462312 7.2836690003462312 7.8905553010824345 7.9843053010824345 8.6011257946096382 8.6948757946096382 9.0669114234295183 9.1606614234295183 9.6457209128042205 9.7394709128042205 10.300667405625266 10.394417405625266 10.87800007577189 10.97175007577189 11.133695334826029 11.227445334826029;1 1.1071428571428572 2.3912404070971807 2.4983832642400379 3.0728966701473541 3.1800395272902113 3.5494532572863888 3.656596114429246 4.2551322798557809 4.3622751369986377 4.8653396142789997 4.9724824714218565 5.7467149199417458 5.8538577770846025 6.3008433846609098 6.4079862418037665 6.5411082226587789 6.6482510798016357 7.2988501589450072 7.405993016087864 7.8420458026080651 7.9491886597509218 8.4233085873278561 8.5304514444707138 8.6456217146814076 8.7527645718242653 9.4463489155227833 9.553491772665641 10.258429479553874 10.365572336696731 10.79075591249088 10.897898769633738 11.452252471776255 11.559395328919113 12.200762749286023 12.30790560642888 12.86057151516788 12.967714372310738 13.152794668372611 13.259937525515468;1.5 1.5576923076923077 2.2491294499754049 2.3068217576677124 2.6161751300793439 2.6738674377716514 2.8727825231542083 2.9304748308465158 3.2527635353069577 3.3104558429992652 3.5813367153809983 3.6390290230733058 4.0559234184301696 4.1136157261224771 4.3543002840481808 4.4119925917404883 4.4836736583547259 4.5413659660470334 4.8916885471242333 4.9493808548165408 5.1841785090966486 5.2418708167889561 5.4971661624073045 5.554858470099612 5.6168732309822929 5.6745655386746003 6.0480340314353409 6.1057263391276484 6.4853081812982349 6.5430004889905424 6.7719454913412376 6.8296377990335451 7.1281359463410539 7.1858282540333613 7.5311799419232361 7.5888722496155436 7.8864615850903892 7.9441538927826967 8.0438125137390895 8.1015048214313978;2 2.0652173913043477 2.8468419869287183 2.9120593782330659 3.2617631905244759 3.3269805818288236 3.5518411131308447 3.6170585044351924 3.98138486599917 4.0466022573035181 4.3528154173872169 4.4180328086915646 4.8893047338775846 4.9545221251819322 5.2266003210979459 5.2918177124022936 5.3728484833575179 5.4380658746618655 5.8340827054447875 5.8993000967491351 6.1647235320223004 6.2299409233266481 6.5185356618517378 6.5837530531560855 6.6538566958930296 6.7190740871973773 7.1412558616225619 7.2064732529269095 7.6355657701632254 7.700783161467573 7.9595905554292283 8.024807946733576 8.3622406349942384 8.4274580262985861 8.8178555865219224 8.88307297782627 9.2194783135804439 9.2846957048847916 9.3973532764007146 9.4625706677050623;
