m;6
n;12
P;39
P1;2 4 6 8 10 12 14 16 18 20 22 24 26 28 30 32 34 36 38
Q;40
M;100
h;1 1 1 1 1 1 1 1 1 1 1 1 1 1 1 1 1 1 1 1 1 1 1 1 1 1 1 1 1 1 1 1 1 1 1 1 1 1 1
Vmin;47 47 47 47 47 47 47 47 47 47 47 47 47 47 47 47 47 47 47 47 47 47 47 47 47 47 47 47 47 47 47 47 47 47 47 47 47 47 47;33 33 33 33 33 33 33 33 33 33 33 33 33 33 33 33 33 33 33 33 33 33 33 33 33 33 33 33 33 33 33 33 33 33 33 33 33 33 33;52 52 52 52 52 52 52 52 52 52 52 52 52 52 52 52 52 52 52 52 52 52 52 52 52 52 52 52 52 52 52 52 52 52 52 52 52 52 52;28 28 28 28 28 28 28 28 28 28 28 28 28 28 28 28 28 28 28 28 28 28 28 28 28 28 28 28 28 28 28 28 28 28 28 28 28 28 28;47 47 47 47 47 47 47 47 47 47 47 47 47 47 47 47 47 47 47 47 47 47 47 47 47 47 47 47 47 47 47 47 47 47 47 47 47 47 47;29 29 29 29 29 29 29 29 29 29 29 29 29 29 29 29 29 29 29 29 29 29 29 29 29 29 29 29 29 29 29 29 29 29 29 29 29 29 29;40 40 40 40 40 40 40 40 40 40 40 40 40 40 40 40 40 40 40 40 40 40 40 40 40 40 40 40 40 40 40 40 40 40 40 40 40 40 40;38 38 38 38 38 38 38 38 38 38 38 38 38 38 38 38 38 38 38 38 38 38 38 38 38 38 38 38 38 38 38 38 38 38 38 38 38 38 38;48 48 48 48 48 48 48 48 48 48 48 48 48 48 48 48 48 48 48 48 48 48 48 48 48 48 48 48 48 48 48 48 48 48 48 48 48 48 48;40 40 40 40 40 40 40 40 40 40 40 40 40 40 40 40 40 40 40 40 40 40 40 40 40 40 40 40 40 40 40 40 40 40 40 40 40 40 40;38 38 38 38 38 38 38 38 38 38 38 38 38 38 38 38 38 38 38 38 38 38 38 38 38 38 38 38 38 38 38 38 38 38 38 38 38 38 38;41 41 41 41 41 41 41 41 41 41 41 41 41 41 41 41 41 41 41 41 41 41 41 41 41 41 41 41 41 41 41 41 41 41 41 41 41 41 41;
Vmax;47 47 47 47 47 47 47 47 47 47 47 47 47 47 47 47 47 47 47 47 47 47 47 47 47 47 47 47 47 47 47 47 47 47 47 47 47 47 47;33 33 33 33 33 33 33 33 33 33 33 33 33 33 33 33 33 33 33 33 33 33 33 33 33 33 33 33 33 33 33 33 33 33 33 33 33 33 33;52 52 52 52 52 52 52 52 52 52 52 52 52 52 52 52 52 52 52 52 52 52 52 52 52 52 52 52 52 52 52 52 52 52 52 52 52 52 52;28 28 28 28 28 28 28 28 28 28 28 28 28 28 28 28 28 28 28 28 28 28 28 28 28 28 28 28 28 28 28 28 28 28 28 28 28 28 28;47 47 47 47 47 47 47 47 47 47 47 47 47 47 47 47 47 47 47 47 47 47 47 47 47 47 47 47 47 47 47 47 47 47 47 47 47 47 47;29 29 29 29 29 29 29 29 29 29 29 29 29 29 29 29 29 29 29 29 29 29 29 29 29 29 29 29 29 29 29 29 29 29 29 29 29 29 29;40 40 40 40 40 40 40 40 40 40 40 40 40 40 40 40 40 40 40 40 40 40 40 40 40 40 40 40 40 40 40 40 40 40 40 40 40 40 40;38 38 38 38 38 38 38 38 38 38 38 38 38 38 38 38 38 38 38 38 38 38 38 38 38 38 38 38 38 38 38 38 38 38 38 38 38 38 38;48 48 48 48 48 48 48 48 48 48 48 48 48 48 48 48 48 48 48 48 48 48 48 48 48 48 48 48 48 48 48 48 48 48 48 48 48 48 48;40 40 40 40 40 40 40 40 40 40 40 40 40 40 40 40 40 40 40 40 40 40 40 40 40 40 40 40 40 40 40 40 40 40 40 40 40 40 40;38 38 38 38 38 38 38 38 38 38 38 38 38 38 38 38 38 38 38 38 38 38 38 38 38 38 38 38 38 38 38 38 38 38 38 38 38 38 38;41 41 41 41 41 41 41 41 41 41 41 41 41 41 41 41 41 41 41 41 41 41 41 41 41 41 41 41 41 41 41 41 41 41 41 41 41 41 41;
d;3.000 3.124 3.000 7.802 3.000 16.410 3.000 5.191 3.000 17.500 3.000 23.259 3.000 23.365 3.000 5.684 3.000 7.671 3.000 33.860 3.000 9.207 3.000 22.401 3.000 5.328 3.000 7.606 3.000 16.920 3.000 10.047 3.000 34.361 3.000 8.531 3.000 18.768 3.000
S;7.1709685732547763 7.1071387860207338 6.7078255640106503 6.6439957767766078 6.462491209251886 6.3986614220178435 5.6675798907425943 5.6037501035085517 5.389979182956341 5.3261493957222985 4.9661450878185729 4.9023153005845304 4.7404786620600019 4.6766488748259594 4.563288049497209 4.4994582622631665 4.0228313849142197 3.9590015976801767 3.7631012848344496 3.6992714976004071 2.9788513910285834 2.9150216037945409 2.7518107461591463 2.6879809589251038 2.5670507727207994 2.5032209854867569 2.006086687267036 1.9422569000329934 1.4473823804825712 1.3835525932485286 1.0112090850771895 0.94737929784314701 0.8369424595364463 0.77311267230240377 0.42396013870303328 0.36013035146899075 0.19413464570674865 0.13030485847270609 0.063829787234042548 0;10.713197664938622 10.622288574029531 10.053569742681836 9.9626606517727438 9.7041541465102608 9.613245055601169 8.5720077231788459 8.4810986322697541 8.1766370181499379 8.0857279272408462 7.5729945190143289 7.482085428105238 7.2515908217218188 7.160681730812728 6.9992284341323874 6.9083193432232965 6.2294871239687355 6.1385780330596447 5.8595684965823969 5.768659405673306 4.7426065266164663 4.6516974357073755 4.4192456081660563 4.3283365172569654 4.1561026156932588 4.065193524784168 3.3571537667136564 3.2662446758045656 2.5614233903842676 2.4705142994751768 1.9402068787463 1.8492977878372092 1.6920089575216053 1.6010998666125145 1.1038220157285625 1.0129129248194717 0.77649479843082392 0.68558570752173298 0.59090909090909094 0.5;7.4814523642879669 7.4237600565956594 7.0628423367019302 7.0051500290096227 6.8410978237468933 6.7834055160545859 6.1226202858634959 6.0649279781711884 5.8717119538259208 5.8140196461336133 5.4886311370667844 5.4309388293744769 5.284663406092692 5.2269710984003845 5.1245103524301685 5.066818044737861 4.6360206748263124 4.5783283671340049 4.4012646228311363 4.3435723151388288 3.6924233726604494 3.6347310649681419 3.4872135590284583 3.4295212513361508 3.320218967651491 3.2625266599591836 2.8131937365682824 2.7555014288759749 2.3082109977438625 2.250518690051555 1.9139774422813061 1.8562851345889984 1.7564672230425573 1.6987749153502496 1.3831947407508187 1.325502433058511 1.1754678528503306 1.1177755451580229 1.0576923076923077 1;13.536982962249088 13.42984010510623 12.759564339589303 12.652421482446446 12.347753101244235 12.240610244101378 11.013437673746497 10.906294816603639 10.547465057105285 10.440322199962427 9.8360292545526029 9.7288863974097453 9.4572320398864296 9.3500891827435719 9.1598049402274562 9.0526620830845985 8.2526098246774371 8.1454669675345794 7.8166342995435381 7.7094914424006813 6.5002148349408344 6.3930719777979776 6.119110895338566 6.0119680381957092 5.8089780827813406 5.7018352256384839 4.867359796483953 4.7602169393410962 3.9295347100957447 3.8223918529528875 3.1973866785224252 3.090243821379568 2.9048676999361778 2.7977248427933206 2.2116473756800916 2.1045045185372344 1.8258688695791854 1.7187260124363282 1.6071428571428572 1.5;9.1709685732547772 9.1071387860207338 8.7078255640106494 8.643995776776606 8.4624912092518851 8.3986614220178417 7.6675798907425934 7.6037501035085509 7.3899791829563402 7.3261493957222976 6.966145087818572 6.9023153005845295 6.740478662060001 6.6766488748259585 6.5632880494972081 6.4994582622631656 6.0228313849142188 5.9590015976801762 5.7631012848344492 5.6992714976004066 4.9788513910285834 4.9150216037945409 4.7518107461591468 4.6879809589251042 4.5670507727207994 4.5032209854867569 4.006086687267036 3.942256900032993 3.447382380482571 3.3835525932485284 3.0112090850771893 2.9473792978431468 2.8369424595364463 2.7731126723024038 2.4239601387030332 2.3601303514689906 2.1941346457067485 2.130304858472706 2.0638297872340425 2;14.121914584240505 14.018466308378436 13.371303500293129 13.267855224431059 12.973692649477201 12.870244373615131 11.685388098789728 11.581939822927659 11.235483503412006 11.132035227549936 10.548579969912863 10.445131694050794 10.182844728166213 10.079396452304143 9.8956737353920321 9.7922254595299627 9.0197612100333941 8.9163129341713248 8.5988193236972155 8.4953710478351461 7.3277936337359835 7.2243453578739141 6.9598312092924131 6.8563829334303437 6.6603926316509536 6.5569443557888842 5.7512439414327847 5.6477956655707153 4.8457576511269274 4.742309375264858 4.138856103400963 4.0354078275388936 3.8564239861452752 3.7529757102832062 3.1871078110014679 3.0836595351393989 2.8146320120074892 2.7111837361454203 2.603448275862069 2.5;0 0.063829787234042548 0.16221975208972739 0.22604953932376992 0.39204524508601202 0.45587503232005455 0.80502756591942504 0.86885735315346757 0.97929419146016816 1.0431239786942108 1.4154674868655499 1.4792972740995924 1.9741717936500147 2.0380015808840573 2.5351358791037777 2.5989656663378202 2.7198958525421246 2.7837256397761672 2.9469364974115617 3.0107662846456043 3.7311863912174279 3.7950161784514704 3.9909164912971975 4.0547462785312405 4.5313731558801873 4.5952029431142298 4.7085637684429802 4.7723935556770227 4.9342301942015512 4.9980599814355937 5.3580642893393193 5.4218940765733619 5.6356649971255726 5.6994947843596151 6.4305763156348643 6.4944061028689068 6.6759106703936286 6.7397404576276712 7.1390536796377546 7.2028834668717971;0.5 0.59090909090909094 0.73104025297627839 0.82194934388536933 1.0583674702740171 1.1492765611831079 1.6465544120670599 1.7374635029761507 1.8947523332917546 1.9856614242008455 2.5159688449297226 2.6068779358388134 3.3116992212591114 3.4026083121682023 4.1106480702387138 4.2015571611478046 4.3737910627115113 4.4647001536206021 4.6971519811619213 4.7880610720710122 5.8141139511278519 5.9050230420369427 6.1840325785141905 6.2749416694232814 6.9537738886778424 7.0446829795869332 7.2061362762672738 7.2970453671763646 7.5275399735597839 7.6184490644688747 8.131182472695393 8.2220915636044847 8.5265531777243009 8.6174622686333926 9.6586996010557158 9.7496086919648075 10.008115197227291 10.099024288136382 10.667743119484077 10.758652210393169;1 1.0576923076923077 1.1466216990041767 1.2043140066964844 1.3543485869046648 1.4120408945969725 1.7276210691964033 1.7853133768887111 1.8851312884351521 1.9428235961274598 2.2793648438977088 2.3370571515900163 2.7843475827221287 2.8420398904144362 3.2913728138053377 3.3490651214976452 3.458367405182305 3.5160597128746125 3.6635772188142961 3.7212695265066036 4.3724184689849821 4.4301107766772896 4.6071745209801582 4.6648668286724657 5.0956641985840143 5.1533565062763218 5.2558172522465378 5.3135095599388453 5.4597849832206302 5.5174772909129377 5.8428657999797666 5.9005581076720741 6.0937741320173417 6.1514664397096492 6.8122516699007392 6.8699439775930466 7.033996182855776 7.0916884905480835 7.4526062104418127 7.5102985181341202;1.5 1.6071428571428572 1.7722974410077568 1.879440298150614 2.1580759471086632 2.2652188042515204 2.8512962713647494 2.9584391285076066 3.1438152499509968 3.250958107093854 3.8759632815243164 3.9831061386671736 4.8137883679125251 4.9209312250553818 5.7554066542099127 5.8625495113527695 6.0655394667671381 6.1726823239099948 6.4466434063694065 6.5537862635122632 7.7630628709721101 7.8702057281149669 8.1990383961060083 8.3061812532488659 9.1062335116560273 9.213376368798885 9.4036606113150008 9.5108034684578584 9.7824578259811741 9.8896006831240317 10.493893628533858 10.601036485676715 10.959866245175069 11.067009102317927 12.294181672672808 12.401324529815666 12.705992911017876 12.813135768160734 13.483411533677661 13.590554390820518;2 2.0638297872340425 2.1622197520897273 2.2260495393237698 2.3920452450860119 2.4558750323200544 2.805027565919425 2.8688573531534676 2.9792941914601681 3.0431239786942106 3.4154674868655497 3.4792972740995922 3.9741717936500143 4.0380015808840568 4.5351358791037777 4.5989656663378202 4.7198958525421251 4.7837256397761676 4.9469364974115617 5.0107662846456043 5.7311863912174275 5.79501617845147 5.9909164912971971 6.0547462785312396 6.5313731558801864 6.5952029431142289 6.7085637684429793 6.7723935556770218 6.9342301942015503 6.9980599814355928 7.3580642893393184 7.421894076573361 7.6356649971255717 7.6994947843596142 8.4305763156348625 8.494406102868906 8.6759106703936268 8.7397404576276703 9.1390536796377546 9.202883466871798;2.5 2.603448275862069 2.7629078740764546 2.8663561499385235 3.1353836730704332 3.2388319489325021 3.8046998482142405 3.9081481240763094 4.0871319654699274 4.1905802413319968 4.7940335131958918 4.8974817890579612 5.6995198035017491 5.8029680793638185 6.608668493719918 6.7121167695819874 6.9081070713613775 7.0115553472234469 7.2760694958049479 7.3795177716670173 8.5470951857661799 8.6505434616282493 8.9680370721023586 9.071485347964428 9.8439495974609983 9.9473978733230677 10.131120590235179 10.234568866097248 10.496855831981829 10.600304107843899 11.183759365480972 11.287207641343041 11.633663960858694 11.737112236720764 12.921968511546167 13.025416787408236 13.319579362362095 13.423027638224164 14.070190446309471 14.173638722171541;
