m;4
n;8
P;39
P1;2 4 6 8 10 12 14 16 18 20 22 24 26 28 30 32 34 36 38
Q;40
M;100
h;1 1 1 1 1 1 1 1 1 1 1 1 1 1 1 1 1 1 1 1 1 1 1 1 1 1 1 1 1 1 1 1 1 1 1 1 1 1 1
Vmin;28 28 28 28 28 28 28 28 28 28 28 28 28 28 28 28 28 28 28 28 28 28 28 28 28 28 28 28 28 28 28 28 28 28 28 28 28 28 28;40 40 40 40 40 40 40 40 40 40 40 40 40 40 40 40 40 40 40 40 40 40 40 40 40 40 40 40 40 40 40 40 40 40 40 40 40 40 40;32 32 32 32 32 32 32 32 32 32 32 32 32 32 32 32 32 32 32 32 32 32 32 32 32 32 32 32 32 32 32 32 32 32 32 32 32 32 32;51 51 51 51 51 51 51 51 51 51 51 51 51 51 51 51 51 51 51 51 51 51 51 51 51 51 51 51 51 51 51 51 51 51 51 51 51 51 51;48 48 48 48 48 48 48 48 48 48 48 48 48 48 48 48 48 48 48 48 48 48 48 48 48 48 48 48 48 48 48 48 48 48 48 48 48 48 48;44 44 44 44 44 44 44 44 44 44 44 44 44 44 44 44 44 44 44 44 44 44 44 44 44 44 44 44 44 44 44 44 44 44 44 44 44 44 44;52 52 52 52 52 52 52 52 52 52 52 52 52 52 52 52 52 52 52 52 52 52 52 52 52 52 52 52 52 52 52 52 52 52 52 52 52 52 52;44 44 44 44 44 44 44 44 44 44 44 44 44 44 44 44 44 44 44 44 44 44 44 44 44 44 44 44 44 44 44 44 44 44 44 44 44 44 44;
Vmax;28 28 28 28 28 28 28 28 28 28 28 28 28 28 28 28 28 28 28 28 28 28 28 28 28 28 28 28 28 28 28 28 28 28 28 28 28 28 28;40 40 40 40 40 40 40 40 40 40 40 40 40 40 40 40 40 40 40 40 40 40 40 40 40 40 40 40 40 40 40 40 40 40 40 40 40 40 40;32 32 32 32 32 32 32 32 32 32 32 32 32 32 32 32 32 32 32 32 32 32 32 32 32 32 32 32 32 32 32 32 32 32 32 32 32 32 32;51 51 51 51 51 51 51 51 51 51 51 51 51 51 51 51 51 51 51 51 51 51 51 51 51 51 51 51 51 51 51 51 51 51 51 51 51 51 51;48 48 48 48 48 48 48 48 48 48 48 48 48 48 48 48 48 48 48 48 48 48 48 48 48 48 48 48 48 48 48 48 48 48 48 48 48 48 48;44 44 44 44 44 44 44 44 44 44 44 44 44 44 44 44 44 44 44 44 44 44 44 44 44 44 44 44 44 44 44 44 44 44 44 44 44 44 44;52 52 52 52 52 52 52 52 52 52 52 52 52 52 52 52 52 52 52 52 52 52 52 52 52 52 52 52 52 52 52 52 52 52 52 52 52 52 52;44 44 44 44 44 44 44 44 44 44 44 44 44 44 44 44 44 44 44 44 44 44 44 44 44 44 44 44 44 44 44 44 44 44 44 44 44 44 44;
d;3.000 10.095 3.000 37.745 3.000 5.138 3.000 5.322 3.000 7.873 3.000 5.609 3.000 26.078 3.000 55.438 3.000 23.680 3.000 9.676 3.000 26.316 3.000 34.080 3.000 19.166 3.000 3.120 3.000 3.858 3.000 4.468 3.000 33.959 3.000 63.292 3.000 27.772 3.000
S;16.52442840517584 16.417285548032982 15.425440887611515 15.318298030468657 13.057856165216352 12.950713308073494 11.737904396645215 11.630761539502357 11.471176588273279 11.364033731130421 11.22626234913097 11.119119491988112 11.007693585511134 10.900550728368277 10.216040241518003 10.108897384375146 8.8917559329887954 8.7846130758459378 7.8447679064312439 7.7376250492883871 7.3920702144279744 7.2849273572851176 6.4392295111702262 6.3320866540273695 4.3521638128869258 4.245020955744069 3.3136581633787148 3.2065153062358576 3.0061844896935113 2.8990416325506541 2.6178642668031773 2.5107214096603201 2.3206381538321397 2.2134952966892825 2.0299883672385999 1.9228455100957427 0.57480568615896599 0.46766282901610889 0.10714285714285714 0;12.067099883623079 11.99209988362308 11.297808621328052 11.222808621328053 9.6404993156514394 9.5654993156514401 8.7165330776516434 8.6415330776516441 8.52982361179129 8.4548236117912907 8.3583836443916759 8.2833836443916766 8.205385509857793 8.1303855098577937 7.6512281690626027 7.5762281690626025 6.7242291530921579 6.6492291530921577 5.9913375345018727 5.9163375345018725 5.6744491500995835 5.5994491500995833 5.0074606578191592 4.932460657819159 3.5465146690208487 3.4715146690208485 2.8195607143651005 2.7445607143651003 2.604329142785458 2.5293291427854578 2.3325049867622241 2.2575049867622239 2.1244467076824978 2.0494467076824976 1.9209918570670199 1.84599185706702 0.90236398031127618 0.82736398031127623 0.57499999999999996 0.5;15.458874854528858 15.365124854528858 14.497260776660072 14.403510776660072 12.425624144564305 12.331874144564305 11.270666347064559 11.176916347064559 11.037279514739115 10.943529514739115 10.822979555489596 10.729229555489596 10.631731887322241 10.537981887322241 9.9390352113282514 9.8452852113282514 8.7802864413651953 8.6865364413651953 7.8641719181273384 7.7704219181273384 7.4680614376244767 7.3743114376244767 6.6343258222739472 6.5405758222739472 4.8081433362760597 4.7143933362760597 3.8994508929563745 3.8057008929563745 3.6304114284818216 3.5366614284818216 3.2906312334527796 3.1968812334527796 3.0305583846031219 2.9368083846031219 2.7762398213337747 2.6824898213337747 1.5029549753890952 1.4092049753890952 1.09375 1;10.572235202841631 10.513411673429866 9.9688695069239621 9.9100459775121976 8.6690190710991679 8.6101955416874034 7.9443396687463865 7.885516139334622 7.7979008719931677 7.7390773425814032 7.6634381524640576 7.6046146230522931 7.5434396155747372 7.4846160861629727 7.1088064071079202 7.0499828776961557 6.381748355366395 6.3229248259546305 5.8069313996093088 5.7481078701975443 5.5583914902741807 5.4995679608624162 5.0352632610346326 4.9764397316228681 3.8894232698202713 3.8305997404085068 3.3192633053843905 3.260439775972626 3.1504542296356517 3.0916307002238872 2.9372588131468413 2.8784352837350768 2.7740758491627426 2.7152523197509781 2.6145034173074664 2.5556798878957019 1.815579592401001 1.7567560629892363 1.5588235294117647 1.5;0 0.10714285714285714 0.5212342575875375 0.62837711473039459 1.9764169386671715 2.0835597958100287 2.2670667252607113 2.3742095824035685 2.5642928382317489 2.6714356953746061 2.9526130611220829 3.0597559182649401 3.2600867348072864 3.3672295919501436 4.2985923843154978 4.4057352414583546 6.3856580825987983 6.4928009397416551 7.3384987858565465 7.4456416429994032 7.7911964778598159 7.8983393350026727 8.8381845044173666 8.9453273615602242 10.162468812946575 10.269611670089432 10.954122156939706 11.061265014082563 11.172690920559541 11.279833777702398 11.41760515970185 11.524748016844708 11.684332968073786 11.791475825216644 13.004284736644923 13.111427593787781 15.371869459040086 15.479012316182944 16.470856976604413 16.57799983374727;0.5 0.57499999999999996 0.8648639803112762 0.93986398031127616 1.8834918570670198 1.9584918570670198 2.0869467076824977 2.1619467076824979 2.2950049867622244 2.3700049867622246 2.5668291427854584 2.6418291427854586 2.7820607143651008 2.857060714365101 3.509014669020849 3.5840146690208492 4.9699606578191595 5.0449606578191597 5.6369491500995839 5.711949150099584 5.953837534501873 6.0288375345018732 6.6867291530921582 6.7617291530921584 7.6137281690626031 7.6887281690626033 8.1678855098577952 8.2428855098577944 8.320883644391678 8.3958836443916773 8.4923236117912921 8.5673236117912914 8.6790330776516456 8.7540330776516448 9.6029993156514415 9.6779993156514408 11.260308621328054 11.335308621328053 12.029599883623082 12.104599883623081;1 1.09375 1.4560799753890952 1.5498299753890952 2.7293648213337747 2.8231148213337747 2.9836833846031219 3.0774333846031219 3.2437562334527796 3.3375062334527796 3.5835364284818216 3.6772864284818216 3.8525758929563745 3.9463258929563745 4.7612683362760597 4.8550183362760597 6.5874508222739472 6.6812008222739472 7.4211864376244767 7.5149364376244767 7.8172969181273384 7.9110469181273384 8.7334114413651953 8.8271614413651953 9.8921602113282514 9.9859102113282514 10.584856887322241 10.678606887322241 10.776104555489596 10.869854555489596 10.990404514739115 11.084154514739115 11.223791347064559 11.317541347064559 12.378749144564305 12.472499144564305 14.450385776660072 14.544135776660072 15.411999854528858 15.505749854528858;1.5 1.5588235294117647 1.7861678276951185 1.8449913571068832 2.5850916526015841 2.6439151820133486 2.7446640844568604 2.8034876138686249 2.9078470484409591 2.9666705778527236 3.1210424649297694 3.1798659943415339 3.2898515406785083 3.3486750700902728 3.8600115051143891 3.9188350345261536 5.0058514963287504 5.0646750257405149 5.5289797255682984 5.5878032549800629 5.7775196349034266 5.8363431643151911 6.3523365906605127 6.4111601200722772 7.079394642402038 7.1382181718138025 7.5140278508688549 7.5728513802806194 7.6340263877581753 7.6928499171699398 7.7684891072872855 7.82731263669905 7.9149279040405043 7.9737514334522688 8.6396073063932857 8.6984308358050502 9.9394577422180816 9.9982812716298461 10.54282343813575 10.601646967547515;
