m;8
n;16
P;39
P1;2 4 6 8 10 12 14 16 18 20 22 24 26 28 30 32 34 36 38
Q;40
M;100
h;1 1 1 1 1 1 1 1 1 1 1 1 1 1 1 1 1 1 1 1 1 1 1 1 1 1 1 1 1 1 1 1 1 1 1 1 1 1 1
Vmin;43 43 43 43 43 43 43 43 43 43 43 43 43 43 43 43 43 43 43 43 43 43 43 43 43 43 43 43 43 43 43 43 43 43 43 43 43 43 43;52 52 52 52 52 52 52 52 52 52 52 52 52 52 52 52 52 52 52 52 52 52 52 52 52 52 52 52 52 52 52 52 52 52 52 52 52 52 52;47 47 47 47 47 47 47 47 47 47 47 47 47 47 47 47 47 47 47 47 47 47 47 47 47 47 47 47 47 47 47 47 47 47 47 47 47 47 47;46 46 46 46 46 46 46 46 46 46 46 46 46 46 46 46 46 46 46 46 46 46 46 46 46 46 46 46 46 46 46 46 46 46 46 46 46 46 46;47 47 47 47 47 47 47 47 47 47 47 47 47 47 47 47 47 47 47 47 47 47 47 47 47 47 47 47 47 47 47 47 47 47 47 47 47 47 47;36 36 36 36 36 36 36 36 36 36 36 36 36 36 36 36 36 36 36 36 36 36 36 36 36 36 36 36 36 36 36 36 36 36 36 36 36 36 36;45 45 45 45 45 45 45 45 45 45 45 45 45 45 45 45 45 45 45 45 45 45 45 45 45 45 45 45 45 45 45 45 45 45 45 45 45 45 45;28 28 28 28 28 28 28 28 28 28 28 28 28 28 28 28 28 28 28 28 28 28 28 28 28 28 28 28 28 28 28 28 28 28 28 28 28 28 28;38 38 38 38 38 38 38 38 38 38 38 38 38 38 38 38 38 38 38 38 38 38 38 38 38 38 38 38 38 38 38 38 38 38 38 38 38 38 38;52 52 52 52 52 52 52 52 52 52 52 52 52 52 52 52 52 52 52 52 52 52 52 52 52 52 52 52 52 52 52 52 52 52 52 52 52 52 52;32 32 32 32 32 32 32 32 32 32 32 32 32 32 32 32 32 32 32 32 32 32 32 32 32 32 32 32 32 32 32 32 32 32 32 32 32 32 32;50 50 50 50 50 50 50 50 50 50 50 50 50 50 50 50 50 50 50 50 50 50 50 50 50 50 50 50 50 50 50 50 50 50 50 50 50 50 50;41 41 41 41 41 41 41 41 41 41 41 41 41 41 41 41 41 41 41 41 41 41 41 41 41 41 41 41 41 41 41 41 41 41 41 41 41 41 41;43 43 43 43 43 43 43 43 43 43 43 43 43 43 43 43 43 43 43 43 43 43 43 43 43 43 43 43 43 43 43 43 43 43 43 43 43 43 43;49 49 49 49 49 49 49 49 49 49 49 49 49 49 49 49 49 49 49 49 49 49 49 49 49 49 49 49 49 49 49 49 49 49 49 49 49 49 49;40 40 40 40 40 40 40 40 40 40 40 40 40 40 40 40 40 40 40 40 40 40 40 40 40 40 40 40 40 40 40 40 40 40 40 40 40 40 40;
Vmax;43 43 43 43 43 43 43 43 43 43 43 43 43 43 43 43 43 43 43 43 43 43 43 43 43 43 43 43 43 43 43 43 43 43 43 43 43 43 43;52 52 52 52 52 52 52 52 52 52 52 52 52 52 52 52 52 52 52 52 52 52 52 52 52 52 52 52 52 52 52 52 52 52 52 52 52 52 52;47 47 47 47 47 47 47 47 47 47 47 47 47 47 47 47 47 47 47 47 47 47 47 47 47 47 47 47 47 47 47 47 47 47 47 47 47 47 47;46 46 46 46 46 46 46 46 46 46 46 46 46 46 46 46 46 46 46 46 46 46 46 46 46 46 46 46 46 46 46 46 46 46 46 46 46 46 46;47 47 47 47 47 47 47 47 47 47 47 47 47 47 47 47 47 47 47 47 47 47 47 47 47 47 47 47 47 47 47 47 47 47 47 47 47 47 47;36 36 36 36 36 36 36 36 36 36 36 36 36 36 36 36 36 36 36 36 36 36 36 36 36 36 36 36 36 36 36 36 36 36 36 36 36 36 36;45 45 45 45 45 45 45 45 45 45 45 45 45 45 45 45 45 45 45 45 45 45 45 45 45 45 45 45 45 45 45 45 45 45 45 45 45 45 45;28 28 28 28 28 28 28 28 28 28 28 28 28 28 28 28 28 28 28 28 28 28 28 28 28 28 28 28 28 28 28 28 28 28 28 28 28 28 28;38 38 38 38 38 38 38 38 38 38 38 38 38 38 38 38 38 38 38 38 38 38 38 38 38 38 38 38 38 38 38 38 38 38 38 38 38 38 38;52 52 52 52 52 52 52 52 52 52 52 52 52 52 52 52 52 52 52 52 52 52 52 52 52 52 52 52 52 52 52 52 52 52 52 52 52 52 52;32 32 32 32 32 32 32 32 32 32 32 32 32 32 32 32 32 32 32 32 32 32 32 32 32 32 32 32 32 32 32 32 32 32 32 32 32 32 32;50 50 50 50 50 50 50 50 50 50 50 50 50 50 50 50 50 50 50 50 50 50 50 50 50 50 50 50 50 50 50 50 50 50 50 50 50 50 50;41 41 41 41 41 41 41 41 41 41 41 41 41 41 41 41 41 41 41 41 41 41 41 41 41 41 41 41 41 41 41 41 41 41 41 41 41 41 41;43 43 43 43 43 43 43 43 43 43 43 43 43 43 43 43 43 43 43 43 43 43 43 43 43 43 43 43 43 43 43 43 43 43 43 43 43 43 43;49 49 49 49 49 49 49 49 49 49 49 49 49 49 49 49 49 49 49 49 49 49 49 49 49 49 49 49 49 49 49 49 49 49 49 49 49 49 49;40 40 40 40 40 40 40 40 40 40 40 40 40 40 40 40 40 40 40 40 40 40 40 40 40 40 40 40 40 40 40 40 40 40 40 40 40 40 40;
d;3.000 33.517 3.000 3.435 3.000 8.623 3.000 36.643 3.000 3.386 3.000 4.921 3.000 4.377 3.000 18.969 3.000 6.789 3.000 6.945 3.000 23.577 3.000 37.017 3.000 19.195 3.000 6.449 3.000 10.396 3.000 5.970 3.000 47.717 3.000 30.816 3.000 13.216 3.000
S;8.8827402389383252 8.81297279707786 8.505623725618781 8.4358562837583158 7.7191998563209197 7.6494324144604544 6.5397386394618149 6.4699711976013496 6.3311256312476099 6.2613581893871446 6.0195911836768694 5.9498237418164042 5.7998421663545843 5.730074724494119 5.2836881829573299 5.2139207410968647 4.3530648017695741 4.2832973599091089 3.7349987948648882 3.6652313530044229 3.5037136619006608 3.4339462200401956 3.2760583492650799 3.2062909074046146 2.7651584454440994 2.6953910035836341 2.5936087115342357 2.5238412696737704 2.409390667106055 2.3396232252455897 2.2608783992831145 2.1911109574226493 1.3389590871665746 1.2691916453061096 1.0686558812242504 0.99888843936378535 0.9190009304065756 0.84923348854611047 0.069767441860465115 0;7.8453428898913034 7.7876505821989959 7.5334965423386038 7.4758042346462963 6.8831844965730644 6.8254921888807569 5.9078607980164977 5.8501684903241902 5.7353538873778289 5.6776615796855214 5.4777388634251016 5.4200465557327941 5.2960233298701356 5.2383310221778281 4.8692036897531752 4.8115113820608677 4.0996497399248391 4.0419574322325316 3.5885566957536565 3.5308643880613491 3.3973016819563151 3.3396093742640076 3.2090482503538156 3.1513559426615081 2.7865733298864663 2.7288810221941588 2.6447148960763869 2.5870225883840794 2.4923807439530838 2.4346884362607764 2.369572522484114 2.3118802147918065 1.6072161682338983 1.5495238605415906 1.3836962094738994 1.3260039017815917 1.2599430770669759 1.2022507693746682 0.55769230769230771 0.5;9.1267623462627245 9.0629325590286811 8.7817408553533536 8.7179110681193102 8.062246677059564 7.9984168898255206 6.9831651382310209 6.9193353509969784 6.7923064285882377 6.7284766413541952 6.5072855510235179 6.4434557637894754 6.3062385777286618 6.2424087904946193 5.8340125929184081 5.7701828056843656 4.9825912016189724 4.9187614143849299 4.417126557004047 4.3532967697700045 4.2055252651431578 4.1416954779091153 3.9972448727318812 3.9334150854978387 3.5298258117892822 3.4659960245552397 3.3728760552334496 3.309046267999407 3.2043361422459649 3.1405063550119223 3.0684632163654024 3.0046334291313599 2.2250051223013343 2.1611753350672918 1.9777064445243142 1.9138766572902717 1.8407880852655905 1.7769582980315479 1.0638297872340425 1;9.8034310929206043 9.7382137016162567 9.4509091348175538 9.3856917435132061 8.7157737787347696 8.6505563874304219 7.6132339455838682 7.5480165542795206 7.4182261335575461 7.3530087422531984 7.1270091499588109 7.0617917586544632 6.9215915902879797 6.856374198983632 6.4390998231992418 6.3738824318948941 5.5691692712193834 5.5039518799150358 4.9914119169389162 4.9261945256345685 4.7752105969940954 4.7099932056897478 4.5624023699651826 4.4971849786608349 4.084822025089049 4.0196046337847013 3.9244603173037413 3.8592429259993937 3.7522564931643552 3.6870391018600075 3.6134298080255194 3.5482124167211717 2.7516356684383192 2.6864182771339715 2.4989609324487554 2.4337435411444077 2.35906608711919 2.2938486958148423 1.5652173913043479 1.5;10.126762346262725 10.062932559028681 9.7817408553533536 9.7179110681193102 9.062246677059564 8.9984168898255206 7.9831651382310209 7.9193353509969784 7.7923064285882377 7.7284766413541952 7.5072855510235179 7.4434557637894754 7.3062385777286618 7.2424087904946193 6.8340125929184081 6.7701828056843656 5.9825912016189724 5.9187614143849299 5.417126557004047 5.3532967697700045 5.2055252651431578 5.1416954779091153 4.9972448727318817 4.9334150854978391 4.5298258117892827 4.4659960245552401 4.3728760552334496 4.309046267999407 4.2043361422459649 4.1405063550119223 4.0684632163654024 4.0046334291313599 3.2250051223013343 3.1611753350672918 2.9777064445243142 2.9138766572902717 2.8407880852655905 2.7769582980315479 2.0638297872340425 2;13.109939729843003 13.026606396509669 12.659495005600213 12.576161672266879 11.720155383938877 11.636822050605543 10.311354486023836 10.228021152690502 10.062177837323535 9.9788445039902012 9.6900672471695941 9.6067339138362602 9.4275892542568638 9.3442559209235299 8.8110719963101438 8.7277386629768099 7.6994940687803242 7.6161607354469911 6.9612485605330603 6.8779152271997273 6.6849913183813445 6.6016579850480115 6.4130696949555119 6.3297363616221789 5.8028281431693411 5.7194948098360081 5.5979215165547815 5.5145881832214485 5.3778832968211212 5.2945499634877882 5.2004936435881648 5.1171603102548318 4.0993122430045199 4.0159789096711869 3.7764500803511885 3.693116747017855 3.5976955557634098 3.5143622224300763 2.5833333333333335 2.5;11.487951783874394 11.421285117207727 11.127596004480164 11.060929337813498 10.376124307151096 10.30945764048443 9.2490835888190635 9.182416922152397 9.0497422698588235 8.983075603192157 8.7520537977356714 8.685387131069005 8.5420714034054885 8.4754047367388221 8.0488575970481122 7.9821909303814458 7.1595952550242572 7.0929285883575908 6.568998848426447 6.5023321817597806 6.3479930547050749 6.2813263880384085 6.1304557559644088 6.0637890892977424 5.6422625145354726 5.5755958478688061 5.4783372132438251 5.4116705465771586 5.3023066374568968 5.2356399707902304 5.1603949148705315 5.093728248203865 4.2794497944036154 4.212783127736949 4.0211600642809504 3.954493397614284 3.8781564446107279 3.8114897779440611 3.0666666666666669 3;17.141351081226716 17.034208224083859 16.562207864343129 16.455065007200272 15.354485493635698 15.24734263649284 13.543170053459216 13.436027196316358 13.22280007655883 13.115657219415972 12.744372174932336 12.637229317789478 12.406900469758826 12.299757612615968 11.614235423827328 11.50709256668447 10.18506380271756 10.077920945574702 9.2358910063996493 9.1287481492567917 8.8807031236331575 8.7735602664902999 8.5310896077999434 8.4239467506570858 7.7464933269320078 7.639350469789151 7.4830419498561458 7.375899092713289 7.2001356673414403 7.0929928101985835 6.9720632560419249 6.8649203988990681 5.5562585981486672 5.4491157410058104 5.1411501033086697 5.034007246165813 4.9113228574100978 4.804180000267241 3.6071428571428572 3.5;0 0.069767441860465115 0.88411720947634298 0.95388465133680811 1.0337721602940178 1.1035396021544828 1.304075366236342 1.373842808096807 2.2259946783528819 2.2957621202133471 2.3745069461758224 2.4442743880362876 2.558724990604003 2.6284924324644683 2.7302747245138668 2.800042166374332 3.2411746283348473 3.3109420701953125 3.4688299409704282 3.5385973828308934 3.7001150739346556 3.7698825157951208 4.3181810808393415 4.3879485226998067 5.2488044620270973 5.3185719038875625 5.7649584454243517 5.8347258872848169 5.9847074627466368 6.054474904607102 6.2962419103173772 6.3660093521778425 6.5048549185315823 6.5746223603920475 7.684316135390687 7.7540835772511523 8.4707400046885493 8.5405074465490145 8.8478565180080935 8.9176239598685587;0.5 0.55769230769230771 1.231096923220822 1.2887892309131297 1.3548500556277454 1.4125423633200531 1.5783700143877444 1.6360623220800521 2.3407263686379602 2.3984186763302677 2.4635345901069301 2.5212268977992376 2.6158687422302331 2.6735610499225406 2.7577271760403126 2.8154194837326201 3.1802020965076618 3.2378944041999693 3.3684555281101614 3.4261478358024688 3.5597105419075028 3.6174028495998103 4.0708035860786849 4.1284958937709924 4.840357535907021 4.8980498435993285 5.2671771760239814 5.3248694837162889 5.4488927095789474 5.5065850172712549 5.7065077335316747 5.7642000412239822 5.8790146441703435 5.936706951862651 6.8543383427269102 6.9120306504192177 7.5046503884924496 7.5623426961847571 7.8164967360451492 7.8741890437374567;1 1.0638297872340425 1.8088731916485692 1.8727029788826117 1.9457915509072929 2.0096213381413355 2.193090228684313 2.2569200159183556 3.0365483227483816 3.1003781099824241 3.172421248628944 3.2362510358629866 3.3409611616164288 3.4047909488504713 3.4979109181722614 3.5617407054063039 3.9653299791148604 4.0291597663489034 4.173610371526137 4.2374401587601795 4.3852116633870253 4.4490414506210678 4.9506763080019507 5.0145060952359932 5.8020976993013864 5.8659274865354289 6.2743236841116401 6.3381534713456826 6.4753706574064962 6.5392004446405387 6.760391534971216 6.8242213222052586 6.9512502446139992 7.0150800318480417 8.0303317834425414 8.0941615706765848 8.749825961736331 8.8136557489703744 9.0948474526457019 9.1586772398797454;1.5 1.5652173913043479 2.3264573914670166 2.3916747827713642 2.466352236796582 2.5315696281009297 2.7190269727861458 2.7842443640904935 3.580821112373346 3.6460385036776937 3.7196477975121818 3.7848651888165294 3.8918516216515679 3.9570690129559156 4.0522133294368752 4.1174307207412228 4.5297936743130087 4.5950110656173564 4.7426019013419216 4.8078192926462693 4.9588032212867423 5.02402061259109 5.5365605755672096 5.6017779668715573 6.406491127547068 6.4717085188514156 6.8889828946358058 6.9542002859401535 7.094400454306637 7.1596178456109847 7.3856174379053723 7.45083482920972 7.5806252499316944 7.6458426412360421 8.6831650830825957 8.7483824743869434 9.41830043916538 9.4835178304697276 9.7708223972684305 9.8360397885727782;2 2.0638297872340425 2.8088731916485692 2.8727029788826117 2.9457915509072929 3.0096213381413355 3.193090228684313 3.2569200159183556 4.0365483227483816 4.1003781099824241 4.172421248628944 4.2362510358629866 4.3409611616164288 4.4047909488504713 4.4979109181722619 4.5617407054063044 4.9653299791148608 5.0291597663489034 5.173610371526137 5.2374401587601795 5.3852116633870253 5.4490414506210678 5.9506763080019507 6.0145060952359932 6.8020976993013864 6.8659274865354289 7.2743236841116401 7.3381534713456826 7.4753706574064962 7.5392004446405387 7.760391534971216 7.8242213222052586 7.9512502446139992 8.0150800318480417 9.0303317834425414 9.0941615706765848 9.749825961736331 9.8136557489703744 10.094847452645702 10.158677239879745;2.5 2.5833333333333335 3.5560288890967433 3.6393622224300768 3.7347834136845219 3.8181167470178554 4.0576455763378538 4.1409789096711869 5.1588269769214987 5.2421603102548318 5.3362166301544551 5.4195499634877882 5.5562548498881155 5.6395881832214485 5.7611614765026751 5.8444948098360081 6.3714030282888459 6.4547363616221789 6.6433246517146785 6.7266579850480115 6.9195818938663942 7.0029152271997273 7.6578274021136572 7.7411607354469902 8.769405329643476 8.8527386629768099 9.3859225875901977 9.4692559209235316 9.648400580502928 9.731733913836262 10.020511170656869 10.103844503990203 10.26968781935717 10.353021152690504 11.678488717272211 11.761822050605545 12.617828338933547 12.701161672266881 13.068273063176337 13.151606396509671;3 3.0666666666666669 3.8448231112773947 3.9114897779440616 3.9878267309476176 4.0544933976142845 4.2461164610702831 4.3127831277369495 5.1270615815371983 5.1937282482038647 5.2689733041235636 5.33563997079023 5.4450038799104918 5.5116705465771583 5.6089291812021393 5.6755958478688058 6.0971224226310756 6.1637890892977421 6.3146597213717417 6.3813263880384081 6.5356655150931138 6.6023321817597802 7.126261921690924 7.1929285883575904 8.015524263714779 8.0821909303814454 8.5087380700721553 8.5754047367388218 8.7187204644023382 8.7853871310690046 9.0164089365254902 9.0830756031921567 9.2157502554857302 9.2824169221523967 10.342790973817763 10.40945764048443 11.094262671146831 11.160929337813497 11.454618450541062 11.521285117207729;3.5 3.6071428571428572 4.8577514288386698 4.9648942859815266 5.0875786747372418 5.1947215318800986 5.5026871695772392 5.609830026720096 6.918491827470497 7.0256346846133537 7.1465642387700123 7.2537070959128691 7.4294705212847179 7.5366133784275746 7.6929218983605798 7.8000647555034366 8.4775181792285146 8.5846610363713722 8.8271316950617287 8.9342745522045863 9.1823195778282205 9.2894624349710782 10.131492374146131 10.238635231288988 11.560663995255899 11.667806852398757 12.353329041187397 12.460471898330255 12.690800746360907 12.797943603503764 13.169228647987401 13.276371505130259 13.489598624887787 13.596741482030644 15.300914065064269 15.408056922207127 16.508636435771702 16.61577929291456 17.087779652655289 17.194922509798147;
