m;7
n;14
P;39
P1;2 4 6 8 10 12 14 16 18 20 22 24 26 28 30 32 34 36 38
Q;40
M;100
h;1 1 1 1 1 1 1 1 1 1 1 1 1 1 1 1 1 1 1 1 1 1 1 1 1 1 1 1 1 1 1 1 1 1 1 1 1 1 1
Vmin;39 39 39 39 39 39 39 39 39 39 39 39 39 39 39 39 39 39 39 39 39 39 39 39 39 39 39 39 39 39 39 39 39 39 39 39 39 39 39;48 48 48 48 48 48 48 48 48 48 48 48 48 48 48 48 48 48 48 48 48 48 48 48 48 48 48 48 48 48 48 48 48 48 48 48 48 48 48;51 51 51 51 51 51 51 51 51 51 51 51 51 51 51 51 51 51 51 51 51 51 51 51 51 51 51 51 51 51 51 51 51 51 51 51 51 51 51;46 46 46 46 46 46 46 46 46 46 46 46 46 46 46 46 46 46 46 46 46 46 46 46 46 46 46 46 46 46 46 46 46 46 46 46 46 46 46;50 50 50 50 50 50 50 50 50 50 50 50 50 50 50 50 50 50 50 50 50 50 50 50 50 50 50 50 50 50 50 50 50 50 50 50 50 50 50;40 40 40 40 40 40 40 40 40 40 40 40 40 40 40 40 40 40 40 40 40 40 40 40 40 40 40 40 40 40 40 40 40 40 40 40 40 40 40;28 28 28 28 28 28 28 28 28 28 28 28 28 28 28 28 28 28 28 28 28 28 28 28 28 28 28 28 28 28 28 28 28 28 28 28 28 28 28;30 30 30 30 30 30 30 30 30 30 30 30 30 30 30 30 30 30 30 30 30 30 30 30 30 30 30 30 30 30 30 30 30 30 30 30 30 30 30;46 46 46 46 46 46 46 46 46 46 46 46 46 46 46 46 46 46 46 46 46 46 46 46 46 46 46 46 46 46 46 46 46 46 46 46 46 46 46;52 52 52 52 52 52 52 52 52 52 52 52 52 52 52 52 52 52 52 52 52 52 52 52 52 52 52 52 52 52 52 52 52 52 52 52 52 52 52;40 40 40 40 40 40 40 40 40 40 40 40 40 40 40 40 40 40 40 40 40 40 40 40 40 40 40 40 40 40 40 40 40 40 40 40 40 40 40;48 48 48 48 48 48 48 48 48 48 48 48 48 48 48 48 48 48 48 48 48 48 48 48 48 48 48 48 48 48 48 48 48 48 48 48 48 48 48;50 50 50 50 50 50 50 50 50 50 50 50 50 50 50 50 50 50 50 50 50 50 50 50 50 50 50 50 50 50 50 50 50 50 50 50 50 50 50;46 46 46 46 46 46 46 46 46 46 46 46 46 46 46 46 46 46 46 46 46 46 46 46 46 46 46 46 46 46 46 46 46 46 46 46 46 46 46;
Vmax;39 39 39 39 39 39 39 39 39 39 39 39 39 39 39 39 39 39 39 39 39 39 39 39 39 39 39 39 39 39 39 39 39 39 39 39 39 39 39;48 48 48 48 48 48 48 48 48 48 48 48 48 48 48 48 48 48 48 48 48 48 48 48 48 48 48 48 48 48 48 48 48 48 48 48 48 48 48;51 51 51 51 51 51 51 51 51 51 51 51 51 51 51 51 51 51 51 51 51 51 51 51 51 51 51 51 51 51 51 51 51 51 51 51 51 51 51;46 46 46 46 46 46 46 46 46 46 46 46 46 46 46 46 46 46 46 46 46 46 46 46 46 46 46 46 46 46 46 46 46 46 46 46 46 46 46;50 50 50 50 50 50 50 50 50 50 50 50 50 50 50 50 50 50 50 50 50 50 50 50 50 50 50 50 50 50 50 50 50 50 50 50 50 50 50;40 40 40 40 40 40 40 40 40 40 40 40 40 40 40 40 40 40 40 40 40 40 40 40 40 40 40 40 40 40 40 40 40 40 40 40 40 40 40;28 28 28 28 28 28 28 28 28 28 28 28 28 28 28 28 28 28 28 28 28 28 28 28 28 28 28 28 28 28 28 28 28 28 28 28 28 28 28;30 30 30 30 30 30 30 30 30 30 30 30 30 30 30 30 30 30 30 30 30 30 30 30 30 30 30 30 30 30 30 30 30 30 30 30 30 30 30;46 46 46 46 46 46 46 46 46 46 46 46 46 46 46 46 46 46 46 46 46 46 46 46 46 46 46 46 46 46 46 46 46 46 46 46 46 46 46;52 52 52 52 52 52 52 52 52 52 52 52 52 52 52 52 52 52 52 52 52 52 52 52 52 52 52 52 52 52 52 52 52 52 52 52 52 52 52;40 40 40 40 40 40 40 40 40 40 40 40 40 40 40 40 40 40 40 40 40 40 40 40 40 40 40 40 40 40 40 40 40 40 40 40 40 40 40;48 48 48 48 48 48 48 48 48 48 48 48 48 48 48 48 48 48 48 48 48 48 48 48 48 48 48 48 48 48 48 48 48 48 48 48 48 48 48;50 50 50 50 50 50 50 50 50 50 50 50 50 50 50 50 50 50 50 50 50 50 50 50 50 50 50 50 50 50 50 50 50 50 50 50 50 50 50;46 46 46 46 46 46 46 46 46 46 46 46 46 46 46 46 46 46 46 46 46 46 46 46 46 46 46 46 46 46 46 46 46 46 46 46 46 46 46;
d;3.000 1.530 3.000 28.522 3.000 36.468 3.000 12.949 3.000 9.150 3.000 18.304 3.000 17.734 3.000 3.395 3.000 10.485 3.000 11.575 3.000 3.406 3.000 28.650 3.000 33.668 3.000 29.288 3.000 29.082 3.000 28.299 3.000 14.913 3.000 8.937 3.000 5.018 3.000
S;10.03521320565601 9.9582901287329335 9.8296322839256032 9.7527092070025265 9.5235490437702506 9.4466259668471739 9.0642386359925808 8.9873155590695042 8.2617090348664419 8.1847859579433653 7.4390976599195122 7.3621745829964356 6.6111914430471916 6.534268366124115 5.6709813588957827 5.594058281972706 4.8594511597064303 4.7825280827833536 4.6951926937075044 4.6182696167844277 4.3214659834150337 4.2445429064919571 3.9756853602912403 3.8987622833681632 3.8117173746440316 3.7347942977209545 3.2800761892281578 3.2031531123050807 2.7338247931844717 2.6569017162613946 2.4222880529570703 2.3453649760339932 2.0133422841436346 1.9364192072205577 1.0013333393916468 0.92441026246856994 0.19308131617336516 0.11615823925028822 0.076923076923076927 0;8.6536107295955116 8.5911107295955116 8.4865762306895558 8.4240762306895558 8.2378835980633323 8.1753835980633323 7.8646938917439755 7.8021938917439755 7.2126385908289876 7.1501385908289876 6.5442668486846065 6.4817668486846065 5.8715930474758453 5.8090930474758453 5.1076723541028253 5.0451723541028253 4.4483040672614758 4.3858040672614758 4.3148440636373477 4.2523440636373477 4.011191111524715 3.9486911115247145 3.7302443552366324 3.6677443552366324 3.5970203668982754 3.5345203668982754 3.165061903747878 3.102561903747878 2.7212326444623831 2.6587326444623831 2.4681090430276198 2.4056090430276198 2.1358406058667034 2.0733406058667034 1.3135833382557132 1.2510833382557132 0.6568785693908592 0.5943785693908592 0.5625 0.5;8.6739865690310669 8.6151630396193024 8.5167776288842845 8.45795409947252 8.2827139746478391 8.2238904452360746 7.9314766039943265 7.872653074582562 7.3177774972508089 7.2589539678390445 6.6887217399384502 6.6298982105266857 6.0556169858596167 5.9967934564478522 5.3366328038614803 5.2778092744497158 4.7160508868343278 4.6572273574225633 4.5904414716586786 4.5316179422469141 4.3046504579056126 4.2458269284938481 4.0402299813991824 3.9814064519874175 3.9148426982571993 3.8560191688454348 3.5082935564685904 3.4494700270568259 3.0905719006704779 3.0317483712587134 2.8523379228495243 2.7935143934377598 2.5396146878745443 2.4807911584627798 1.7657254948289065 1.7069019654171418 1.1476504182502205 1.0888268888384558 1.0588235294117647 1;10.008115543925745 9.9428981526213978 9.8338186755021404 9.7686012841977927 9.5743133197182555 9.5090959284139078 9.1848979739937082 9.1196805826893605 8.5044924426041568 8.4392750512998091 7.8070610594969763 7.7418436681926286 7.1051405712791391 7.0399231799747914 6.3080059347159878 6.2427885434116401 5.619969461490232 5.5547520701858843 5.4807068490128819 5.4154894577085342 5.1638515946344823 5.0986342033301346 4.870689761986049 4.8054723706817013 4.7316734263286335 4.6664560350242859 4.280934160432567 4.2157167691282194 3.8178079768303119 3.7525905855259643 3.5536790014201243 3.4884616101157766 3.2069641104696029 3.1417467191652553 2.3489565268755266 2.2837391355711789 1.6636993767556794 1.5984819854513315 1.5652173913043479 1.5;9.8274663004116878 9.7674663004116873 9.6671131814619695 9.607113181461969 9.4283682541407945 9.368368254140794 9.0701061360742106 9.0101061360742101 8.4441330471958214 8.3841330471958209 7.8024961747372155 7.7424961747372159 7.156729325576805 7.0967293255768054 6.4233654599387062 6.3633654599387066 5.7903719045710114 5.7303719045710118 5.6622503010918495 5.6022503010918498 5.3707434670637229 5.3107434670637232 5.1010345810271644 5.0410345810271648 4.9731395522223423 4.9131395522223427 4.5584594275979615 4.4984594275979619 4.1323833386838871 4.0723833386838875 3.8893846813065149 3.8293846813065149 3.570406981632035 3.5104069816320349 2.7810400047254844 2.7210400047254844 2.1506034266152247 2.0906034266152247 2.0600000000000001 2;12.284332875514609 12.20933287551461 12.083891476827462 12.008891476827463 11.785460317675994 11.710460317675995 11.337632670092766 11.262632670092767 10.555166308994782 10.480166308994782 9.7531202184215253 9.678120218421526 8.9459116569710133 8.870911656971014 8.0292068249233903 7.954206824923391 7.237964880713772 7.1629648807137718 7.0778128763648187 7.0028128763648185 6.7134293338296596 6.6384293338296594 6.3762932262839609 6.3012932262839607 6.2164244402779323 6.1414244402779321 5.698074284497455 5.6230742844974548 5.1654791733548606 5.0904791733548604 4.8617308516331441 4.7867308516331439 4.4630087270400445 4.3880087270400443 3.4763000059068565 3.4013000059068563 2.6882542832690315 2.6132542832690313 2.5750000000000002 2.5;16.977618393592305 16.870475536449447 16.691273538324953 16.584130681182096 16.264943310965712 16.157800453822855 15.625189528703956 15.518046671561098 14.50738044142112 14.400237584278262 13.361600312030752 13.254457454887895 12.208445224244304 12.101302367101447 10.898866892747698 10.79172403560484 9.7685212581625276 9.6613784010196699 9.5397326805211655 9.4325898233783079 9.0191847626137953 8.9120419054709377 8.5375617518342253 8.4304188946913676 8.3091777718256132 8.2020349146827556 7.568677549282075 7.4615346921392183 6.8078273905069411 6.7006845333640843 6.3739012166187754 6.2667583594759186 5.8042981814857759 5.6971553243429192 4.3947142941526502 4.2875714370097935 3.2689346903843299 3.1617918332414727 3.1071428571428572 3;0 0.076923076923076927 0.15461977771182667 0.23154285463490359 0.96287180093010827 1.0397948778531851 1.974880745682096 2.0518038226051729 2.3838265144955315 2.4607495914186086 2.6953632547229329 2.77228633164601 3.241614650766619 3.3185377276896961 3.7732558361824928 3.8501789131055699 3.9372238218297015 4.0141468987527782 4.2830044449534945 4.3599275218765712 4.6567311552459651 4.7336542321690418 4.8209896212448911 4.8979126981679677 5.6325198204342435 5.7094428973573201 6.5727299045856524 6.6496529815087291 7.400636121457973 7.4775591983810497 8.2232474964049036 8.3001705733279803 9.0257770975310425 9.1027001744541192 9.4850875053087123 9.5620105822317889 9.7911707454640649 9.8680938223871415 9.9967516671944718 10.073674744117548;0.5 0.5625 0.6256285693908592 0.6881285693908592 1.2823333382557132 1.3448333382557132 2.1045906058667034 2.1670906058667034 2.4368590430276198 2.4993590430276198 2.6899826444623831 2.7524826444623831 3.133811903747878 3.196311903747878 3.5657703668982754 3.6282703668982754 3.6989943552366324 3.7614943552366324 3.9799411115247145 4.042441111524715 4.2835940636373477 4.3460940636373477 4.4170540672614758 4.4795540672614758 5.0764223541028253 5.1389223541028253 5.8403430474758453 5.9028430474758453 6.5130168486846065 6.5755168486846065 7.1813885908289876 7.2438885908289876 7.8334438917439755 7.8959438917439755 8.2066335980633323 8.2691335980633323 8.4553262306895558 8.5178262306895558 8.6223607295955116 8.6848607295955116;1 1.0588235294117647 1.118238653544338 1.1770621829561028 1.736313730123024 1.7951372595347888 2.510202923168662 2.5690264525804265 2.822926158143642 2.8817496875554065 3.0611601359645957 3.1199836653763602 3.4788817917627082 3.5377053211744727 3.8854309335513171 3.9442544629630816 4.0108182166933002 4.0696417461050647 4.2752386931997304 4.3340622226114949 4.5610297069527963 4.6198532363645608 4.6866391221284456 4.7454626515402101 5.3072210391555981 5.3660445685673626 6.0262052211537345 6.085028750565499 6.659309975232568 6.7181335046443325 7.2883657325449267 7.3471892619566912 7.9020648392884443 7.9608883687002088 8.2533022099419568 8.3121257393537213 8.4873658641784022 8.5461893935901667 8.6445748043251847 8.7033983337369492;1.5 1.5652173913043479 1.6310906811035053 1.6963080724078532 2.3163478312233527 2.3815652225277004 3.1743554148174291 3.2395728061217768 3.5210703057679504 3.5862876970722981 3.7851992811781381 3.8504166724824858 4.2483254647803932 4.3135428560847409 4.6990647306764597 4.7642821219808074 4.8380810663338751 4.9032984576382228 5.1312428989823085 5.1964602902866561 5.448098153360708 5.5133155446650557 5.5873607658380582 5.6525781571424059 6.275397239063814 6.3406146303681616 7.0725318756269653 7.137749266931313 7.7744523638448024 7.8396697551491501 8.471883746951983 8.5371011382563307 9.1522892783415344 9.2175066696458821 9.5417046240660817 9.6069220153704293 9.8012099798499666 9.8664273711543142 9.9755068482735716 10.040724239577919;2 2.0600000000000001 2.1206034266152249 2.180603426615225 2.7510400047254846 2.8110400047254847 3.5404069816320352 3.6004069816320352 3.8593846813065151 3.9193846813065152 4.1023833386838877 4.1623833386838873 4.5284594275979622 4.5884594275979618 4.9431395522223429 5.0031395522223425 5.0710345810271651 5.1310345810271647 5.3407434670637235 5.4007434670637231 5.6322503010918501 5.6922503010918497 5.760371904571012 5.8203719045710116 6.3933654599387069 6.4533654599387065 7.1267293255768056 7.1867293255768052 7.7724961747372152 7.8324961747372148 8.4141330471958202 8.4741330471958207 9.0401061360742094 9.1001061360742099 9.3983682541407934 9.4583682541407939 9.6371131814619684 9.6971131814619689 9.7974663004116866 9.8574663004116871;2.5 2.5750000000000002 2.6507542832690314 2.7257542832690316 3.438800005906856 3.5138000059068561 4.4255087270400439 4.5005087270400441 4.8242308516331436 4.8992308516331438 5.1279791733548601 5.2029791733548603 5.6605742844974545 5.7355742844974547 6.1789244402779318 6.2539244402779319 6.3387932262839604 6.4137932262839605 6.675929333829659 6.7509293338296592 7.0403128763648182 7.1153128763648184 7.2004648807137714 7.2754648807137716 7.9917068249233907 8.06670682492339 8.9084116569710137 8.983411656971013 9.7156202184215257 9.790620218421525 10.517666308994782 10.592666308994781 11.300132670092767 11.375132670092766 11.747960317675995 11.822960317675994 12.046391476827463 12.121391476827462 12.24683287551461 12.321832875514609;3 3.1071428571428572 3.2153632618129016 3.3225061189557588 4.3411428655812223 4.4482857227240791 5.750726752914348 5.8578696100572047 6.3203297880473475 6.4274726451902042 6.7542559619355131 6.8613988190783699 7.5151061207106471 7.6222489778535039 8.2556063432541844 8.3627492003970421 8.4839903232627965 8.5911331804056541 8.9656133340423665 9.0727561911852241 9.4861612519497367 9.5933041090925943 9.7149498295910988 9.8220926867339564 10.845295464176269 10.952438321319127 12.154873795672875 12.262016652815733 13.308028883459324 13.415171740602181 14.453809012849691 14.560951869992548 15.571618100132527 15.678760957275385 16.211371882394282 16.318514739537139 16.637702109753523 16.74484496689638 16.924046965020874 17.031189822163732;
