m;1
n;2
P;39
P1;2 4 6 8 10 12 14 16 18 20 22 24 26 28 30 32 34 36 38
Q;40
M;100
h;1 1 1 1 1 1 1 1 1 1 1 1 1 1 1 1 1 1 1 1 1 1 1 1 1 1 1 1 1 1 1 1 1 1 1 1 1 1 1
Vmin;44 44 44 44 44 44 44 44 44 44 44 44 44 44 44 44 44 44 44 44 44 44 44 44 44 44 44 44 44 44 44 44 44 44 44 44 44 44 44;52 52 52 52 52 52 52 52 52 52 52 52 52 52 52 52 52 52 52 52 52 52 52 52 52 52 52 52 52 52 52 52 52 52 52 52 52 52 52;
Vmax;44 44 44 44 44 44 44 44 44 44 44 44 44 44 44 44 44 44 44 44 44 44 44 44 44 44 44 44 44 44 44 44 44 44 44 44 44 44 44;52 52 52 52 52 52 52 52 52 52 52 52 52 52 52 52 52 52 52 52 52 52 52 52 52 52 52 52 52 52 52 52 52 52 52 52 52 52 52;
d;3.000 5.296 3.000 4.070 3.000 13.261 3.000 5.320 3.000 32.800 3.000 4.926 3.000 3.620 3.000 21.302 3.000 3.709 3.000 21.993 3.000 5.367 3.000 14.873 3.000 18.096 3.000 3.538 3.000 37.974 3.000 24.660 3.000 3.287 3.000 11.458 3.000 26.470 3.000
S;7.3186151601545948 7.2504333419727764 6.6488444522943819 6.5806626341125636 6.3202595912097372 6.2520777730279189 6.1773660768076608 6.1091842586258425 5.5487302809052954 5.4805484627234771 4.6175079586338796 4.5493261404520613 4.4689282699504451 4.4007464517686268 3.9894724962868664 3.9212906781050481 3.5832655561803652 3.5150837379985469 3.3931116793106275 3.3249298611288092 2.8250836519851359 2.7569018338033175 2.6726131499930346 2.6044313318112162 2.120300618480123 2.0521188002983046 1.9698415972732544 1.9016597790914362 1.7897039546784954 1.7215221364966773 0.97607190735060545 0.90789008916878722 0.78698711632993867 0.71880529814812044 0.41741308066234595 0.34923126248052777 0.25673435989833049 0.18855254171651231 0.068181818181818177 0;0 0.068181818181818177 0.2226434508074214 0.29082526898923955 0.38332217157143683 0.45150398975325501 0.7528962072390295 0.82107802542084762 0.94198099825969617 1.0101628164415144 1.755613045587586 1.8237948637694041 1.935750688182345 2.0039325063641633 2.0862097093892134 2.1543915275710317 2.6385222409021249 2.7067040590839433 2.7909927428942263 2.8591745610760446 3.3590207702197179 3.4272025884015362 3.5491746470894556 3.617356465271274 3.9553815871959568 4.0235634053777751 4.4348373608595359 4.5030191790413543 4.5834170495429705 4.6515988677247888 5.5146393718143862 5.5828211899962046 6.1432751677167516 6.21145698589857 6.2861686821188272 6.3543505003006455 6.6147535432034719 6.6829353613852902 7.2845242510636847 7.3527060692455031;
