m;2
n;4
P;39
P1;2 4 6 8 10 12 14 16 18 20 22 24 26 28 30 32 34 36 38
Q;40
M;100
h;1 1 1 1 1 1 1 1 1 1 1 1 1 1 1 1 1 1 1 1 1 1 1 1 1 1 1 1 1 1 1 1 1 1 1 1 1 1 1
Vmin;40 40 40 40 40 40 40 40 40 40 40 40 40 40 40 40 40 40 40 40 40 40 40 40 40 40 40 40 40 40 40 40 40 40 40 40 40 40 40;52 52 52 52 52 52 52 52 52 52 52 52 52 52 52 52 52 52 52 52 52 52 52 52 52 52 52 52 52 52 52 52 52 52 52 52 52 52 52;48 48 48 48 48 48 48 48 48 48 48 48 48 48 48 48 48 48 48 48 48 48 48 48 48 48 48 48 48 48 48 48 48 48 48 48 48 48 48;50 50 50 50 50 50 50 50 50 50 50 50 50 50 50 50 50 50 50 50 50 50 50 50 50 50 50 50 50 50 50 50 50 50 50 50 50 50 50;
Vmax;40 40 40 40 40 40 40 40 40 40 40 40 40 40 40 40 40 40 40 40 40 40 40 40 40 40 40 40 40 40 40 40 40 40 40 40 40 40 40;52 52 52 52 52 52 52 52 52 52 52 52 52 52 52 52 52 52 52 52 52 52 52 52 52 52 52 52 52 52 52 52 52 52 52 52 52 52 52;48 48 48 48 48 48 48 48 48 48 48 48 48 48 48 48 48 48 48 48 48 48 48 48 48 48 48 48 48 48 48 48 48 48 48 48 48 48 48;50 50 50 50 50 50 50 50 50 50 50 50 50 50 50 50 50 50 50 50 50 50 50 50 50 50 50 50 50 50 50 50 50 50 50 50 50 50 50;
d;3.000 10.308 3.000 7.773 3.000 4.177 3.000 5.938 3.000 7.002 3.000 3.392 3.000 7.314 3.000 3.765 3.000 14.089 3.000 5.219 3.000 15.154 3.000 21.430 3.000 44.093 3.000 8.172 3.000 13.767 3.000 8.020 3.000 8.474 3.000 21.320 3.000 4.241 3.000
S;6.8411994756113392 6.7661994756113391 6.6601683844375668 6.5851683844375666 6.0521704734968971 5.9771704734968969 5.7653258401808296 5.6903258401808294 5.4898185435410793 5.4148185435410792 5.0706444496450285 4.9956444496450283 4.7913499638914603 4.7163499638914601 3.6140321668099924 3.5390321668099922 3.0032766952874574 2.9282766952874573 2.549424613236253 2.4744246132362528 2.3439529483236408 2.2689529483236406 1.9167208630451436 1.8417208630451436 1.7476045822307451 1.6726045822307452 1.4897447748429973 1.4147447748429973 1.3299513747565213 1.2549513747565213 1.0799106577869413 1.0049106577869413 0.85644989477051192 0.78144989477051197 0.67701389707489756 0.60201389707489761 0.40769161503192963 0.33269161503192962 0.074999999999999997 0;5.7624611350856405 5.704768827393333 5.6232064495673546 5.5655141418750471 5.1555157488437633 5.0978234411514558 4.934866030908327 4.8771737232160195 4.7229373411854425 4.665245033493135 4.4004957304961732 4.3428034228038657 4.1856538183780447 4.1279615106857372 3.2800247436999932 3.2223324360076857 2.8102128425288129 2.7525205348365054 2.4610958563355791 2.4034035486432717 2.3030407294797239 2.2453484217874164 1.97440066388088 1.9167083561885723 1.8443112171005736 1.7866189094082658 1.6459575191099982 1.5882652114176905 1.5230395190434782 1.4653472113511705 1.3307005059899553 1.2730081982976476 1.1588076113619326 1.1011153036696248 1.0207799208268444 0.96308761313453672 0.81360893463994588 0.75591662694763817 0.55769230769230771 0.5;0 0.074999999999999997 0.37019161503192966 0.44519161503192967 0.6395138970748977 0.71451389707489765 0.81894989477051205 0.89394989477051201 1.0424106577869414 1.1174106577869414 1.2924513747565214 1.3674513747565213 1.4522447748429974 1.5272447748429974 1.7101045822307452 1.7851045822307452 1.8792208630451437 1.9542208630451436 2.3064529483236407 2.3814529483236409 2.5119246132362534 2.5869246132362536 2.9657766952874578 3.040776695287458 3.5765321668099928 3.6515321668099929 4.7538499638914606 4.8288499638914608 5.0331444496450288 5.108144449645029 5.4523185435410797 5.5273185435410799 5.72782584018083 5.8028258401808301 6.0146704734968974 6.0896704734968976 6.6226683844375671 6.6976683844375673 6.8036994756113396 6.8786994756113398;0.5 0.55769230769230771 0.78476278079379203 0.84245508848609973 0.99193376698069047 1.0496260746729982 1.1299614575157786 1.1876537652080863 1.3018543521438013 1.359546659836109 1.4941933651973243 1.551885672889632 1.6171113652638442 1.674803672956152 1.8154650632544196 1.8731573709467273 1.945554510034726 2.0032468177270335 2.2741945756335697 2.3318868833258772 2.432249702489425 2.4899420101817324 2.7813666886826587 2.8390589963749662 3.251178589853839 3.3088708975461465 4.1568076645318905 4.214499972224198 4.371649576650019 4.4293418843423265 4.6940911873392883 4.7517834950315958 4.9060198770621728 4.9637121847544803 5.1266695949976091 5.1843619026899166 5.5943602957212004 5.6520526034135079 5.7336149812394863 5.7913072889317938;
