m;3
n;6
P;39
P1;2 4 6 8 10 12 14 16 18 20 22 24 26 28 30 32 34 36 38
Q;40
M;100
h;1 1 1 1 1 1 1 1 1 1 1 1 1 1 1 1 1 1 1 1 1 1 1 1 1 1 1 1 1 1 1 1 1 1 1 1 1 1 1
Vmin;49 49 49 49 49 49 49 49 49 49 49 49 49 49 49 49 49 49 49 49 49 49 49 49 49 49 49 49 49 49 49 49 49 49 49 49 49 49 49;40 40 40 40 40 40 40 40 40 40 40 40 40 40 40 40 40 40 40 40 40 40 40 40 40 40 40 40 40 40 40 40 40 40 40 40 40 40 40;28 28 28 28 28 28 28 28 28 28 28 28 28 28 28 28 28 28 28 28 28 28 28 28 28 28 28 28 28 28 28 28 28 28 28 28 28 28 28;46 46 46 46 46 46 46 46 46 46 46 46 46 46 46 46 46 46 46 46 46 46 46 46 46 46 46 46 46 46 46 46 46 46 46 46 46 46 46;52 52 52 52 52 52 52 52 52 52 52 52 52 52 52 52 52 52 52 52 52 52 52 52 52 52 52 52 52 52 52 52 52 52 52 52 52 52 52;48 48 48 48 48 48 48 48 48 48 48 48 48 48 48 48 48 48 48 48 48 48 48 48 48 48 48 48 48 48 48 48 48 48 48 48 48 48 48;
Vmax;49 49 49 49 49 49 49 49 49 49 49 49 49 49 49 49 49 49 49 49 49 49 49 49 49 49 49 49 49 49 49 49 49 49 49 49 49 49 49;40 40 40 40 40 40 40 40 40 40 40 40 40 40 40 40 40 40 40 40 40 40 40 40 40 40 40 40 40 40 40 40 40 40 40 40 40 40 40;28 28 28 28 28 28 28 28 28 28 28 28 28 28 28 28 28 28 28 28 28 28 28 28 28 28 28 28 28 28 28 28 28 28 28 28 28 28 28;46 46 46 46 46 46 46 46 46 46 46 46 46 46 46 46 46 46 46 46 46 46 46 46 46 46 46 46 46 46 46 46 46 46 46 46 46 46 46;52 52 52 52 52 52 52 52 52 52 52 52 52 52 52 52 52 52 52 52 52 52 52 52 52 52 52 52 52 52 52 52 52 52 52 52 52 52 52;48 48 48 48 48 48 48 48 48 48 48 48 48 48 48 48 48 48 48 48 48 48 48 48 48 48 48 48 48 48 48 48 48 48 48 48 48 48 48;
d;3.000 13.514 3.000 30.671 3.000 34.874 3.000 5.193 3.000 13.324 3.000 20.113 3.000 35.958 3.000 4.379 3.000 11.083 3.000 35.800 3.000 24.353 3.000 19.599 3.000 4.598 3.000 4.557 3.000 19.928 3.000 16.494 3.000 11.707 3.000 4.157 3.000 10.874 3.000
S;7.7790906267492579 7.7178661369533392 7.4959569048483017 7.434732415052383 7.3498954067577049 7.2886709169617863 7.0497546014063026 6.988530111610384 6.651916390366738 6.5906919005708193 6.1839993557207436 6.1227748659248249 6.0297686798444357 5.968544190048517 5.8747059069005667 5.8134814171046481 5.4135032130126914 5.3522787232167728 4.855279218766575 4.7940547289706563 4.0634516176531328 4.0022271278572141 3.7760409732966531 3.7148164835007349 3.6254473920565 3.5642229022605818 2.8303959247956647 2.7691714349997465 2.3587016811559418 2.2974771913600236 2.0255629243309015 1.964338434534983 1.8583517350890435 1.7971272452931251 1.0854027770791927 1.0241782872832743 0.39824390391832504 0.33701941412240666 0.061224489795918366 0;10.029386017767834 9.9543860177678347 9.6825472084391642 9.6075472084391649 9.5036218732781848 9.4286218732781855 9.1359493867227179 9.0609493867227187 8.6485975781992526 8.5735975781992533 8.0753992107579098 8.0003992107579105 7.8864666328094328 7.8114666328094327 7.696514735953194 7.6215147359531938 7.1315414359405471 7.0565414359405469 6.4477170429890549 6.3727170429890547 5.4777282316250888 5.4027282316250886 5.1256501922884015 5.0506501922884013 4.9411730552692132 4.8661730552692131 3.9672350078746899 3.8922350078746897 3.3894095594160292 3.314409559416029 2.9813145823053544 2.9063145823053542 2.7764808754840784 2.7014808754840782 1.829618401922011 1.754618401922011 0.9878487822999481 0.91284878229994815 0.57499999999999996 0.5;14.613408596811198 14.50626573966834 14.117924583484523 14.010781726341666 13.862316961825979 13.755174104683121 13.337070552461025 13.229927695318167 12.640853683141787 12.533710825998929 11.821998872511296 11.714856015368438 11.552095189727757 11.444952332584899 11.280735337075987 11.173592479933129 10.473630622772205 10.366487765629348 9.4967386328415024 9.3895957756986448 8.1110403308929797 8.0038974737501221 7.6080717032691405 7.5009288461262837 7.3445329360988731 7.2373900789560164 5.9531928683924118 5.846050011249555 5.1277279420228972 5.0205850848800404 4.5447351175790764 4.4375922604362197 4.2521155364058254 4.1449726792629686 2.8994548598885874 2.7923120027457302 1.6969268318570689 1.5897839747142117 1.1071428571428572 1;0 0.061224489795918366 0.36763165902036588 0.42885614881628425 1.0547905321812334 1.1160150219771519 1.8277394901910844 1.8889639799870028 1.9949506794329424 2.0561751692288608 2.3280894362579829 2.3893139260539011 2.7997836798977058 2.861008169693624 3.5948351471585411 3.6560596369544593 3.7454287283986942 3.8066532181946124 4.0328393727551735 4.0940638625510921 4.8246669738686156 4.8858914636645343 5.3828909681147321 5.4441154579106508 5.8440936620026074 5.905318151798526 5.9991564349464763 6.060380924742395 6.1533871108227842 6.2146116006187029 6.6213041454687787 6.6825286352646973 7.0191423565083433 7.0803668463042619 7.3192831618597456 7.3805076516556642 7.4653446599503424 7.526569149746261 7.7484783818512986 7.8097028716472172;0.5 0.57499999999999996 0.95034878229994812 1.0253487822999481 1.7921184019220109 1.8671184019220108 2.7389808754840779 2.813980875484078 2.9438145823053539 3.018814582305354 3.3519095594160286 3.4269095594160288 3.9297350078746893 4.0047350078746895 4.9036730552692127 4.9786730552692129 5.0881501922884009 5.1631501922884011 5.4402282316250883 5.5152282316250885 6.4102170429890544 6.4852170429890545 7.0940414359405466 7.1690414359405468 7.6590147359531935 7.7340147359531937 7.8489666328094323 7.9239666328094325 8.0378992107579101 8.1128992107579094 8.6110975781992529 8.6860975781992522 9.0984493867227183 9.1734493867227176 9.4661218732781851 9.5411218732781844 9.6450472084391645 9.7200472084391638 9.9918860177678344 10.066886017767834;1 1.1071428571428572 1.6433554032856403 1.7504982604284975 2.8458834313171586 2.9530262884600158 4.1985441078343975 4.3056869649772542 4.4911636890076485 4.5983065461505053 5.0741565134514692 5.181299370594326 5.8996214398209839 6.0067642969638406 7.2909615075274452 7.398104364670302 7.5545002746977126 7.6616431318405693 8.0574689023215509 8.1646117594644085 9.4431672042700736 9.5503100614129313 10.420059194200777 10.527202051343634 11.227163908504558 11.334306765647415 11.498523761156328 11.605666618299185 11.768427443939867 11.875570301082725 12.587282254570358 12.694425111713215 13.283499123889596 13.390641981032454 13.80874553325455 13.915888390397408 14.064353154913094 14.171496012055952 14.559837168239769 14.666980025382626;
