m;3
n;6
P;9
P1;2 4 6 8
Q;10
M;100
h;1 1 1 1 1 1 1 1 1
Vmin;62 62 62 62 62 62 62 62 62;60 60 60 60 60 60 60 60 60;65 65 65 65 65 65 65 65 65;35 35 35 35 35 35 35 35 35;59 59 59 59 59 59 59 59 59;39 39 39 39 39 39 39 39 39;
Vmax;62 62 62 62 62 62 62 62 62;60 60 60 60 60 60 60 60 60;65 65 65 65 65 65 65 65 65;35 35 35 35 35 35 35 35 35;59 59 59 59 59 59 59 59 59;39 39 39 39 39 39 39 39 39;
d;3.000 14.484 3.000 4.737 3.000 65.027 3.000 5.112 3.000
S;0.49776489724093287 0.49695844562802965 0.49558434875364071 0.4947778971407375 0.47729756140419449 0.47649110979129128 0.47521761520722589 0.47441116359432267 0.47051750247735613 0.46971105086445297;0.76119878060245338 0.76036544726912003 0.75894554716558482 0.75811221383225158 0.74004920023782372 0.73921586690449048 0.73789992250095615 0.73706658916762291 0.73304313934675747 0.73220980601342422;1.5035612623181442 1.5027920315489136 1.5014813545302657 1.5007121237610348 1.4840385727507939 1.4832693419815632 1.4820546240706085 1.4812853933013777 1.4775714396205788 1.4768022088513482;1.5571150108221055 1.5579214624350086 1.562218349358427 1.5630248009713301 1.5642982955553957 1.5651047471682988 1.5825850829048418 1.5833915345177449 1.5847656313921339 1.585572083005037;2.0119272714082386 2.0127606047415716 2.0172007212291039 2.0180340545624369 2.0193499989659713 2.0201833322993048 2.0382463458937323 2.0390796792270658 2.0404995793306009 2.0413329126639344;2.3602856401925556 2.3610548709617865 2.3651534400272007 2.3659226707964316 2.3671373887073863 2.3679066194766176 2.3845801704868581 2.385349401256089 2.3866600782747369 2.3874293090439678;
