m;6
n;12
P;9
P1;2 4 6 8
Q;10
M;100
h;1 1 1 1 1 1 1 1 1
Vmin;47 47 47 47 47 47 47 47 47;63 63 63 63 63 63 63 63 63;49 49 49 49 49 49 49 49 49;56 56 56 56 56 56 56 56 56;65 65 65 65 65 65 65 65 65;57 57 57 57 57 57 57 57 57;44 44 44 44 44 44 44 44 44;65 65 65 65 65 65 65 65 65;35 35 35 35 35 35 35 35 35;64 64 64 64 64 64 64 64 64;57 57 57 57 57 57 57 57 57;47 47 47 47 47 47 47 47 47;
Vmax;47 47 47 47 47 47 47 47 47;63 63 63 63 63 63 63 63 63;49 49 49 49 49 49 49 49 49;56 56 56 56 56 56 56 56 56;65 65 65 65 65 65 65 65 65;57 57 57 57 57 57 57 57 57;44 44 44 44 44 44 44 44 44;65 65 65 65 65 65 65 65 65;35 35 35 35 35 35 35 35 35;64 64 64 64 64 64 64 64 64;57 57 57 57 57 57 57 57 57;47 47 47 47 47 47 47 47 47;
d;3.000 4.190 3.000 3.273 3.000 5.382 3.000 36.749 3.000
S;0.5988703529844368 0.59780652319720284 0.58477491362859613 0.58371108384136206 0.58180247530127693 0.58073864551404286 0.57957787449268494 0.57851404470545087 0.57702831767212015 0.57596448788488608;0.66141779731411066 0.66062414652045987 0.65090215208038815 0.65010850128673736 0.64868461872508654 0.64789096793143564 0.64702499589962903 0.64623134510597813 0.64512294557317584 0.64432929477952494;0.74913488771004577 0.74811447954678045 0.73561477240954554 0.73459436424628022 0.73276365809558619 0.73174324993232098 0.73062985731999808 0.72960944915673276 0.72818436404312981 0.72716395587986449;1.8761963293133215 1.8753034721704644 1.8643662284253837 1.8634733712825267 1.8618715034006696 1.8609786462578124 1.8600044277220298 1.8591115705791728 1.85786462110477 1.8569717639619128;2.6235648210750333 2.622795590305802 2.6133727341561941 2.6126035033869632 2.6112234325964399 2.610454201827209 2.6096148750886887 2.6088456443194579 2.6077713493876646 2.6070021186184338;2.8016397664363955 2.8007625734539392 2.7900172111780703 2.7891400181956145 2.7875662532590528 2.7866890602765966 2.7857319332940738 2.7848547403116175 2.7836296671437837 2.7827524741613274;3.0432116180134701 3.0442754478007044 3.0462930897276523 3.0473569195148866 3.0485176905362441 3.0495815203234784 3.0514901288635636 3.0525539586507979 3.0655855682194049 3.0666493980066392;3.2826640353189616 3.2834576861126124 3.2849629110422405 3.2857565618358908 3.2866225338676975 3.2874161846613479 3.2888400672229987 3.2896337180166495 3.299355712456721 3.3001493632503713;4.1289910580393698 4.1300114662026353 4.1319467553978706 4.132967163561136 4.1340805561734584 4.1351009643367238 4.1369316704874173 4.1379520786506827 4.1504517857879177 4.1514721939511823;4.5598896016933566 4.560782458836214 4.5624758368820455 4.563368694024903 4.5643429125606856 4.5652357697035431 4.5668376375853992 4.5677304947282567 4.5786677384733379 4.5795605956161953;5.0139379277483931 5.0147071585176244 5.0161660688340328 5.0169352996032632 5.017774626341784 5.0185438571110144 5.0199239279015382 5.0206931586707686 5.0301160148203765 5.0308852455896069;5.4366698968707192 5.4375470898531741 5.4392107595122363 5.4400879524946921 5.4410450794772158 5.4419222724596716 5.4434960373962324 5.4443732303786883 5.4551185926545571 5.4559957856370129;
