m;5
n;10
P;9
P1;2 4 6 8
Q;10
M;100
h;1 1 1 1 1 1 1 1 1
Vmin;44 44 44 44 44 44 44 44 44;35 35 35 35 35 35 35 35 35;63 63 63 63 63 63 63 63 63;54 54 54 54 54 54 54 54 54;61 61 61 61 61 61 61 61 61;65 65 65 65 65 65 65 65 65;65 65 65 65 65 65 65 65 65;58 58 58 58 58 58 58 58 58;47 47 47 47 47 47 47 47 47;46 46 46 46 46 46 46 46 46;
Vmax;44 44 44 44 44 44 44 44 44;35 35 35 35 35 35 35 35 35;63 63 63 63 63 63 63 63 63;54 54 54 54 54 54 54 54 54;61 61 61 61 61 61 61 61 61;65 65 65 65 65 65 65 65 65;65 65 65 65 65 65 65 65 65;58 58 58 58 58 58 58 58 58;47 47 47 47 47 47 47 47 47;46 46 46 46 46 46 46 46 46;
d;3.000 1.713 3.000 50.224 3.000 41.512 3.000 63.506 3.000
S;0.32053211420937067 0.31939575057300706 0.29534046526377133 0.29420410162740773 0.278479853745426 0.2773434901090624 0.25831906119021225 0.25718269755384859 0.2565337941369491 0.25539743050058544;0.72728694935689719 0.72585837792832575 0.69561744782528667 0.69418887639671523 0.67442125048793822 0.67299267905936666 0.64907625413281222 0.64764768270424078 0.6468319184087099 0.64540334698013846;1.5305037444116616 1.5297100936180108 1.5129095768941001 1.5121159261004493 1.5011339117066842 1.5003402609130334 1.4870533581760585 1.4862597073824078 1.4858065049960016 1.4850128542023506;2.5764711557869244 2.5755452298609987 2.5559446270164363 2.5550187010905105 2.542206350964451 2.5412804250385252 2.5257790385120549 2.5248531125861291 2.5243243764686554 2.5233984505427296;3.4508555452237841 3.450035873092637 3.4326845197548277 3.4318648476236802 3.420522767184218 3.4197030950530709 3.4059805561607854 3.4051608840296383 3.4046928225485962 3.4038731504174486;4.1084194268462033 4.1095557904825677 4.1107728757176485 4.111909239354012 4.1309336682728626 4.1320700319092261 4.1477942797912073 4.1489306434275708 4.1729859287368063 4.1741222923731707;4.2766840562150925 4.2781126276436643 4.2796426776534808 4.2810712490820517 4.3049876740086059 4.3064162454371777 4.3261838713459548 4.3276124427745257 4.3578533728775657 4.3592819443061366;5.5203471936228423 5.5211408444164931 5.5219908721997246 5.5227845229933754 5.5360714257303503 5.5368650765240002 5.5478470909177657 5.5486407417114156 5.5654412584353263 5.5662349092289771;5.6266443254787042 5.62757025140463 5.6285619504850661 5.6294878764109919 5.6449892629374618 5.6459151888633876 5.6587275389894476 5.6596534649153734 5.6792540677599357 5.6801799936858606;5.9057651005746452 5.9065847727057932 5.9074626702524089 5.908282342383556 5.922004881275841 5.9228245534069881 5.9341666338464503 5.9349863059775982 5.9523376593154067 5.9531573314465538;
