m;7
n;14
P;9
P1;2 4 6 8
Q;10
M;100
h;1 1 1 1 1 1 1 1 1
Vmin;56 56 56 56 56 56 56 56 56;53 53 53 53 53 53 53 53 53;57 57 57 57 57 57 57 57 57;65 65 65 65 65 65 65 65 65;55 55 55 55 55 55 55 55 55;35 35 35 35 35 35 35 35 35;51 51 51 51 51 51 51 51 51;54 54 54 54 54 54 54 54 54;46 46 46 46 46 46 46 46 46;57 57 57 57 57 57 57 57 57;58 58 58 58 58 58 58 58 58;65 65 65 65 65 65 65 65 65;65 65 65 65 65 65 65 65 65;63 63 63 63 63 63 63 63 63;
Vmax;56 56 56 56 56 56 56 56 56;53 53 53 53 53 53 53 53 53;57 57 57 57 57 57 57 57 57;65 65 65 65 65 65 65 65 65;55 55 55 55 55 55 55 55 55;35 35 35 35 35 35 35 35 35;51 51 51 51 51 51 51 51 51;54 54 54 54 54 54 54 54 54;46 46 46 46 46 46 46 46 46;57 57 57 57 57 57 57 57 57;58 58 58 58 58 58 58 58 58;65 65 65 65 65 65 65 65 65;65 65 65 65 65 65 65 65 65;63 63 63 63 63 63 63 63 63;
d;3.000 29.488 3.000 42.446 3.000 35.596 3.000 88.232 3.000
S;0.59851038198724948 0.59761752484439223 0.57135787574392694 0.5704650186010698 0.55987087341206243 0.55897801626920518 0.54634530635816969 0.54545244921531255 0.53667630724087378 0.53578345009801653;0.91548002071285772 0.91453662448644268 0.88679058015387546 0.88584718392746042 0.87465337014284883 0.87370997391643379 0.8603622049538302 0.85941880872741516 0.85014590399970624 0.8492025077732912;1.2802191692921554 1.2793419763096991 1.2535430228074878 1.2526658298250315 1.2422575468323227 1.2413803538498664 1.228969270428498 1.228092077446042 1.2194699028746636 1.2185927098922074;1.8770870757674225 1.8763178449981917 1.8536941473116368 1.8529249165424062 1.8437976529949538 1.8430284222257229 1.8321448567639078 1.8313756259946772 1.8238146421397761 1.8230454113705454;2.1313533097741297 2.1304442188650388 2.1037071215991103 2.1027980306900198 2.0920112646793942 2.0911021737703033 2.0782397782245217 2.0773306873154307 2.068394979123275 2.0674858882141844;2.2342435695787981 2.2328149981502263 2.1907995595894816 2.1893709881609102 2.1724203558584985 2.1709917844299271 2.15077944857227 2.1493508771436982 2.1353090499845964 2.1338804785560246;2.4415536265730577 2.4405732344161946 2.4117391099137233 2.4107587177568606 2.399125930882656 2.3981455387257933 2.3842743278430878 2.3832939356862251 2.3736573876358609 2.3726769954789981;2.9358447255375335 2.9367375826803905 2.9459601532262578 2.9468530103691148 2.9594857202801501 2.9603785774230071 2.9709727226120148 2.9718655797548714 2.9981252288553368 2.9990180859981939;3.0051143832257172 3.0060577794521324 3.0158023822930486 3.0167457785194638 3.0300935474820676 3.0310369437084828 3.042230757493094 3.0431741537195092 3.0709201980520762 3.0718635942784909;3.4657270677089742 3.4666042606914305 3.4756650317540365 3.4765422247364928 3.488953308157861 3.4898305011403172 3.500238784133026 3.5011159771154823 3.5269149306176937 3.5277921236001499;3.5867783317430391 3.5875475625122699 3.595493161751786 3.5962623925210173 3.6071459579828322 3.6079151887520635 3.6170424522995157 3.6178116830687466 3.6404353807553012 3.641204611524532;4.6167204441691609 4.6176295350782519 4.6270197887249536 4.6279288796340445 4.6407912751798266 4.6417003660889176 4.6524871320995436 4.6533962230086354 4.680133320274563 4.6810424111836539;4.6700479547094016 4.6714765261379734 4.6862326390113607 4.6876612104399316 4.7078735462975887 4.7093021177261596 4.7262527500285723 4.7276813214571431 4.7696967600178883 4.7711253314464592;5.3579286457178261 5.3589090378746898 5.3690357820034844 5.3700161741603472 5.3838873850430531 5.3848677771999158 5.3965005640741195 5.3974809562309822 5.4263150807334544 5.4272954728903171;
