m;4
n;8
P;9
P1;2 4 6 8
Q;10
M;100
h;1 1 1 1 1 1 1 1 1
Vmin;55 55 55 55 55 55 55 55 55;57 57 57 57 57 57 57 57 57;53 53 53 53 53 53 53 53 53;60 60 60 60 60 60 60 60 60;64 64 64 64 64 64 64 64 64;64 64 64 64 64 64 64 64 64;65 65 65 65 65 65 65 65 65;55 55 55 55 55 55 55 55 55;
Vmax;55 55 55 55 55 55 55 55 55;57 57 57 57 57 57 57 57 57;53 53 53 53 53 53 53 53 53;60 60 60 60 60 60 60 60 60;64 64 64 64 64 64 64 64 64;64 64 64 64 64 64 64 64 64;65 65 65 65 65 65 65 65 65;55 55 55 55 55 55 55 55 55;
d;3.000 181.824 3.000 44.110 3.000 12.978 3.000 34.842 3.000
S;0.7924896654958441 0.79158057458675313 0.78102251908218279 0.78011342817309182 0.77618077941566677 0.77527168850657591 0.76190493450634422 0.76099584359725336 0.70589768492645233 0.70498859401736147;1.6251567377285958 1.6242795447461398 1.6140919473294488 1.6132147543469926 1.6094200932652669 1.6085429002828107 1.595645155194868 1.5947679622124118 1.5416030722669021 1.5407258792844458;2.0429874192775612 2.0420440230511461 2.0310875503577241 2.030144154131309 2.0260631035339811 2.025119707307566 2.0112485474960047 2.0103051512695895 1.9531278167998907 1.9521844205734753;2.9085861929030856 2.9077528595697522 2.8980746420238956 2.8972413086905622 2.8936363806629228 2.8928030473295889 2.8805501894960432 2.8797168561627098 2.8292102107144759 2.828376877381142;3.3774414366426071 3.3783505275516981 3.4339032316770446 3.4348123225861356 3.4481790765863676 3.4490881674954585 3.453020816252883 3.453929907161974 3.4644879626665448 3.4653970535756358;3.9760610153616258 3.9769382083440821 4.0305416947808199 4.0314188877632757 4.0443166328512188 4.0451938258336746 4.0489884869154009 4.0498656798978567 4.0600532773145472 4.0609304702970039;4.1482776574464273 4.149221053672842 4.2068700862557487 4.2078134824821634 4.2216846422937246 4.2226280385201393 4.2267090891174677 4.2276524853438824 4.2386089580373048 4.2395523542637195;4.6323138008832476 4.6331471342165811 4.6840704463314813 4.6849037796648156 4.6971566374983613 4.6979899708316948 4.7015948988593346 4.702428232192668 4.7121064497385241 4.7129397830718576;
