m;2
n;4
P;9
P1;2 4 6 8
Q;10
M;100
h;1 1 1 1 1 1 1 1 1
Vmin;65 65 65 65 65 65 65 65 65;56 56 56 56 56 56 56 56 56;65 65 65 65 65 65 65 65 65;65 65 65 65 65 65 65 65 65;
Vmax;65 65 65 65 65 65 65 65 65;56 56 56 56 56 56 56 56 56;65 65 65 65 65 65 65 65 65;65 65 65 65 65 65 65 65 65;
d;3.000 44.387 3.000 29.344 3.000 18.710 3.000 62.598 3.000
S;0.66962521987962786 0.66885598911039712 0.65280520694245825 0.65203597617322739 0.64723864055275537 0.64646940978352452 0.63894538015647095 0.6381761493872401 0.62679474888163922 0.62602551811240836;0.97721617012063466 0.97632331297777752 0.95769294081856282 0.95680008367570568 0.95123174768765772 0.95033889054480059 0.94160564187054197 0.94071278472768483 0.92750223056939807 0.92660937342654082;1.3573122859125941 1.3580815166818248 1.3698475325720412 1.3706167633412718 1.3781407929683254 1.3789100237375562 1.3837073593580282 1.3844765901272591 1.4005273722951979 1.4012966030644285;1.7222071469886489 1.7231000041315061 1.7367569868612214 1.7376498440040786 1.7463830926783372 1.7472759498211945 1.7528442858092423 1.7537371429520996 1.7723675151113141 1.7732603722541713;
