m;8
n;16
P;9
P1;2 4 6 8
Q;10
M;100
h;1 1 1 1 1 1 1 1 1
Vmin;63 63 63 63 63 63 63 63 63;55 55 55 55 55 55 55 55 55;35 35 35 35 35 35 35 35 35;55 55 55 55 55 55 55 55 55;65 65 65 65 65 65 65 65 65;50 50 50 50 50 50 50 50 50;47 47 47 47 47 47 47 47 47;55 55 55 55 55 55 55 55 55;64 64 64 64 64 64 64 64 64;48 48 48 48 48 48 48 48 48;59 59 59 59 59 59 59 59 59;57 57 57 57 57 57 57 57 57;49 49 49 49 49 49 49 49 49;47 47 47 47 47 47 47 47 47;62 62 62 62 62 62 62 62 62;43 43 43 43 43 43 43 43 43;
Vmax;63 63 63 63 63 63 63 63 63;55 55 55 55 55 55 55 55 55;35 35 35 35 35 35 35 35 35;55 55 55 55 55 55 55 55 55;65 65 65 65 65 65 65 65 65;50 50 50 50 50 50 50 50 50;47 47 47 47 47 47 47 47 47;55 55 55 55 55 55 55 55 55;64 64 64 64 64 64 64 64 64;48 48 48 48 48 48 48 48 48;59 59 59 59 59 59 59 59 59;57 57 57 57 57 57 57 57 57;49 49 49 49 49 49 49 49 49;47 47 47 47 47 47 47 47 47;62 62 62 62 62 62 62 62 62;43 43 43 43 43 43 43 43 43;
d;3.000 76.430 3.000 5.147 3.000 91.442 3.000 13.540 3.000
S;0.14723930980394698 0.14644565901029619 0.14286366272644974 0.14207001193279895 0.11787911391766619 0.1170854631240154 0.115723920042585 0.11493026924893421 0.0947107541496955 0.093917103356044709;0.38852823598617936 0.38761914507708845 0.38351613115195526 0.38260704024286435 0.35489746615280315 0.35398837524371224 0.35242878953225559 0.35151969862316468 0.32835916314585489 0.32745007223676398;0.98913054307766723 0.98770197164909568 0.98125437833817208 0.97982580690960064 0.93628219048236161 0.93485361905379016 0.93240284150721542 0.93097427007864397 0.89457914290001428 0.89315057147144283;1.1311998779091212 1.1302907870000305 1.126187773074897 1.1252786821658063 1.0975691080757453 1.0966600171666545 1.0951004314551978 1.094191340546107 1.0710308050687973 1.0701217141597066;1.6959601601475207 1.6951909293782899 1.6917191483647156 1.690949917595485 1.6675033549038949 1.666734124134664 1.6654144746865085 1.6646452439172779 1.6450478677441696 1.6442786369749389;2.0867054216705272 2.0857054216705273 2.0811921063528809 2.0801921063528805 2.0497115748538133 2.0487115748538134 2.0469960305712109 2.045996030571211 2.02051944154617 2.0195194415461701;2.2280944555906714 2.2270306258034371 2.2222292265293451 2.2211653967421108 2.1887392994026778 2.1876754696154435 2.185850422506292 2.1847865927190577 2.1576838384370998 2.1566200086498655;2.7124900117147397 2.7115809208056487 2.707477906880515 2.7065688159714241 2.678859241881363 2.6779501509722721 2.6763905652608155 2.6754814743517246 2.6523209388744147 2.6514118479653233;3.084569619787092 3.0853632705807428 3.1059796110768065 3.1067732618704573 3.1081348049518875 3.1089284557455383 3.1331193537606707 3.1339130045543215 3.1374950008381677 3.1382886516318185;3.4879774957778853 3.4888865866869763 3.5125016676188321 3.5134107585279231 3.5149703442393796 3.5158794351484706 3.5435890092385316 3.5444981001476226 3.5486011140727558 3.5495102049818472;4.0242733202067837 4.0257018916353555 4.062811304528271 4.0642398759568419 4.0666906535034171 4.068119224931988 4.1116628413592275 4.1130914127877984 4.119539006098722 4.1209675775272938;5.1345784005553643 5.1354874914644553 5.1591025723963098 5.1600116633054007 5.1615712490168573 5.1624803399259482 5.1901899140160088 5.1910990049251007 5.1952020188502335 5.1961111097593244;5.5712914003095131 5.5720606310787435 5.592042622636467 5.5928118534056974 5.5941315028538536 5.594900733623084 5.618347296314675 5.6191165270839054 5.6225883080974794 5.6233575388667107;5.7038886097518802 5.7048886097518796 5.7308651987769208 5.7318651987769202 5.7335807430595223 5.7345807430595226 5.7650612745585894 5.7660612745585897 5.7705745898762357 5.7715745898762361;6.6990999667659841 6.7001637965532179 6.7277984657287941 6.728862295516028 6.7306873426251794 6.7317511724124142 6.7641772697518467 6.7652410995390815 6.7700424988131731 6.7711063286004078;7.2898793879107755 7.2907884788198665 7.3144035597517219 7.3153126506608128 7.3168722363722685 7.3177813272813603 7.3454909013714209 7.3463999922805119 7.3505030062056447 7.3514120971147356;
