m;8
n;16
P;39
P1;2 4 6 8 10 12 14 16 18 20 22 24 26 28 30 32 34 36 38
Q;40
M;100
h;1 1 1 1 1 1 1 1 1 1 1 1 1 1 1 1 1 1 1 1 1 1 1 1 1 1 1 1 1 1 1 1 1 1 1 1 1 1 1
Vmin;40 40 40 40 40 40 40 40 40 40 40 40 40 40 40 40 40 40 40 40 40 40 40 40 40 40 40 40 40 40 40 40 40 40 40 40 40 40 40;40 40 40 40 40 40 40 40 40 40 40 40 40 40 40 40 40 40 40 40 40 40 40 40 40 40 40 40 40 40 40 40 40 40 40 40 40 40 40;40 40 40 40 40 40 40 40 40 40 40 40 40 40 40 40 40 40 40 40 40 40 40 40 40 40 40 40 40 40 40 40 40 40 40 40 40 40 40;40 40 40 40 40 40 40 40 40 40 40 40 40 40 40 40 40 40 40 40 40 40 40 40 40 40 40 40 40 40 40 40 40 40 40 40 40 40 40;40 40 40 40 40 40 40 40 40 40 40 40 40 40 40 40 40 40 40 40 40 40 40 40 40 40 40 40 40 40 40 40 40 40 40 40 40 40 40;40 40 40 40 40 40 40 40 40 40 40 40 40 40 40 40 40 40 40 40 40 40 40 40 40 40 40 40 40 40 40 40 40 40 40 40 40 40 40;40 40 40 40 40 40 40 40 40 40 40 40 40 40 40 40 40 40 40 40 40 40 40 40 40 40 40 40 40 40 40 40 40 40 40 40 40 40 40;40 40 40 40 40 40 40 40 40 40 40 40 40 40 40 40 40 40 40 40 40 40 40 40 40 40 40 40 40 40 40 40 40 40 40 40 40 40 40;40 40 40 40 40 40 40 40 40 40 40 40 40 40 40 40 40 40 40 40 40 40 40 40 40 40 40 40 40 40 40 40 40 40 40 40 40 40 40;40 40 40 40 40 40 40 40 40 40 40 40 40 40 40 40 40 40 40 40 40 40 40 40 40 40 40 40 40 40 40 40 40 40 40 40 40 40 40;40 40 40 40 40 40 40 40 40 40 40 40 40 40 40 40 40 40 40 40 40 40 40 40 40 40 40 40 40 40 40 40 40 40 40 40 40 40 40;40 40 40 40 40 40 40 40 40 40 40 40 40 40 40 40 40 40 40 40 40 40 40 40 40 40 40 40 40 40 40 40 40 40 40 40 40 40 40;40 40 40 40 40 40 40 40 40 40 40 40 40 40 40 40 40 40 40 40 40 40 40 40 40 40 40 40 40 40 40 40 40 40 40 40 40 40 40;40 40 40 40 40 40 40 40 40 40 40 40 40 40 40 40 40 40 40 40 40 40 40 40 40 40 40 40 40 40 40 40 40 40 40 40 40 40 40;40 40 40 40 40 40 40 40 40 40 40 40 40 40 40 40 40 40 40 40 40 40 40 40 40 40 40 40 40 40 40 40 40 40 40 40 40 40 40;40 40 40 40 40 40 40 40 40 40 40 40 40 40 40 40 40 40 40 40 40 40 40 40 40 40 40 40 40 40 40 40 40 40 40 40 40 40 40;
Vmax;40 40 40 40 40 40 40 40 40 40 40 40 40 40 40 40 40 40 40 40 40 40 40 40 40 40 40 40 40 40 40 40 40 40 40 40 40 40 40;40 40 40 40 40 40 40 40 40 40 40 40 40 40 40 40 40 40 40 40 40 40 40 40 40 40 40 40 40 40 40 40 40 40 40 40 40 40 40;40 40 40 40 40 40 40 40 40 40 40 40 40 40 40 40 40 40 40 40 40 40 40 40 40 40 40 40 40 40 40 40 40 40 40 40 40 40 40;40 40 40 40 40 40 40 40 40 40 40 40 40 40 40 40 40 40 40 40 40 40 40 40 40 40 40 40 40 40 40 40 40 40 40 40 40 40 40;40 40 40 40 40 40 40 40 40 40 40 40 40 40 40 40 40 40 40 40 40 40 40 40 40 40 40 40 40 40 40 40 40 40 40 40 40 40 40;40 40 40 40 40 40 40 40 40 40 40 40 40 40 40 40 40 40 40 40 40 40 40 40 40 40 40 40 40 40 40 40 40 40 40 40 40 40 40;40 40 40 40 40 40 40 40 40 40 40 40 40 40 40 40 40 40 40 40 40 40 40 40 40 40 40 40 40 40 40 40 40 40 40 40 40 40 40;40 40 40 40 40 40 40 40 40 40 40 40 40 40 40 40 40 40 40 40 40 40 40 40 40 40 40 40 40 40 40 40 40 40 40 40 40 40 40;40 40 40 40 40 40 40 40 40 40 40 40 40 40 40 40 40 40 40 40 40 40 40 40 40 40 40 40 40 40 40 40 40 40 40 40 40 40 40;40 40 40 40 40 40 40 40 40 40 40 40 40 40 40 40 40 40 40 40 40 40 40 40 40 40 40 40 40 40 40 40 40 40 40 40 40 40 40;40 40 40 40 40 40 40 40 40 40 40 40 40 40 40 40 40 40 40 40 40 40 40 40 40 40 40 40 40 40 40 40 40 40 40 40 40 40 40;40 40 40 40 40 40 40 40 40 40 40 40 40 40 40 40 40 40 40 40 40 40 40 40 40 40 40 40 40 40 40 40 40 40 40 40 40 40 40;40 40 40 40 40 40 40 40 40 40 40 40 40 40 40 40 40 40 40 40 40 40 40 40 40 40 40 40 40 40 40 40 40 40 40 40 40 40 40;40 40 40 40 40 40 40 40 40 40 40 40 40 40 40 40 40 40 40 40 40 40 40 40 40 40 40 40 40 40 40 40 40 40 40 40 40 40 40;40 40 40 40 40 40 40 40 40 40 40 40 40 40 40 40 40 40 40 40 40 40 40 40 40 40 40 40 40 40 40 40 40 40 40 40 40 40 40;40 40 40 40 40 40 40 40 40 40 40 40 40 40 40 40 40 40 40 40 40 40 40 40 40 40 40 40 40 40 40 40 40 40 40 40 40 40 40;
d;3 36.8421052631579 3 36.8421052631579 3 36.8421052631579 3 36.8421052631579 3 36.8421052631579 3 36.8421052631579 3 36.8421052631579 3 36.8421052631579 3 36.8421052631579 3 36.8421052631579 3 36.8421052631579 3 36.8421052631579 3 36.8421052631579 3 36.8421052631579 3 36.8421052631579 3 36.8421052631579 3 36.8421052631579 3 36.8421052631579 3 36.8421052631579 3
S;18.999999999999996 18.924999999999997 18.003947368421048 17.928947368421049 17.007894736842101 16.932894736842101 16.011842105263153 15.936842105263151 15.015789473684205 14.940789473684205 14.019736842105258 13.944736842105259 13.023684210526312 12.948684210526313 12.027631578947366 11.952631578947367 11.03157894736842 10.956578947368421 10.035526315789474 9.9605263157894743 9.0394736842105274 8.9644736842105281 8.0434210526315812 7.968421052631582 7.0473684210526342 6.972368421052634 6.0513157894736862 5.976315789473686 5.0552631578947382 4.9802631578947381 4.0592105263157903 3.9842105263157901 3.0631578947368427 2.9881578947368426 2.0671052631578952 1.992105263157895 1.0710526315789475 0.99605263157894741 0.074999999999999997 0;19.333333333333329 19.258333333333329 18.337280701754381 18.262280701754381 17.341228070175433 17.266228070175433 16.345175438596485 16.270175438596485 15.349122807017537 15.274122807017537 14.353070175438591 14.278070175438591 13.357017543859644 13.282017543859645 12.360964912280698 12.285964912280699 11.364912280701752 11.289912280701753 10.368859649122806 10.293859649122806 9.3728070175438596 9.2978070175438603 8.3767543859649134 8.3017543859649141 7.3807017543859672 7.305701754385967 6.3846491228070192 6.3096491228070191 5.3885964912280713 5.3135964912280711 4.3925438596491233 4.3175438596491231 3.3964912280701758 3.3214912280701756 2.4004385964912283 2.3254385964912281 1.4043859649122807 1.3293859649122808 0.40833333333333333 0.33333333333333331;19.666666666666661 19.591666666666661 18.670614035087713 18.595614035087713 17.674561403508765 17.599561403508766 16.678508771929817 16.603508771929818 15.682456140350871 15.607456140350871 14.686403508771924 14.611403508771925 13.690350877192978 13.615350877192979 12.694298245614032 12.619298245614033 11.698245614035086 11.623245614035087 10.70219298245614 10.62719298245614 9.7061403508771935 9.6311403508771942 8.7100877192982473 8.635087719298248 7.7140350877193011 7.639035087719301 6.7179824561403532 6.642982456140353 5.7219298245614052 5.646929824561405 4.7258771929824572 4.6508771929824571 3.7298245614035093 3.6548245614035091 2.7337719298245617 2.6587719298245616 1.737719298245614 1.662719298245614 0.74166666666666659 0.66666666666666663;19.999999999999996 19.924999999999997 19.003947368421048 18.928947368421049 18.007894736842101 17.932894736842101 17.011842105263153 16.936842105263153 16.015789473684205 15.940789473684204 15.019736842105257 14.944736842105257 14.02368421052631 13.948684210526311 13.027631578947364 12.952631578947365 12.031578947368418 11.956578947368419 11.035526315789472 10.960526315789473 10.039473684210526 9.9644736842105264 9.0434210526315795 8.9684210526315802 8.0473684210526333 7.972368421052634 7.0513157894736862 6.976315789473686 6.0552631578947382 5.9802631578947381 5.0592105263157903 4.9842105263157901 4.0631578947368423 3.9881578947368426 3.0671052631578952 2.992105263157895 2.0710526315789477 1.9960526315789475 1.075 1;20.333333333333329 20.258333333333329 19.337280701754381 19.262280701754381 18.341228070175433 18.266228070175433 17.345175438596485 17.270175438596485 16.349122807017537 16.274122807017537 15.353070175438591 15.278070175438591 14.357017543859644 14.282017543859645 13.360964912280698 13.285964912280699 12.364912280701752 12.289912280701753 11.368859649122806 11.293859649122806 10.37280701754386 10.29780701754386 9.3767543859649134 9.3017543859649141 8.3807017543859672 8.3057017543859679 7.3846491228070201 7.3096491228070199 6.3885964912280722 6.313596491228072 5.3925438596491242 5.317543859649124 4.3964912280701762 4.321491228070176 3.4004385964912283 3.3254385964912281 2.4043859649122807 2.3293859649122806 1.4083333333333332 1.3333333333333333;20.666666666666661 20.591666666666661 19.670614035087713 19.595614035087713 18.674561403508765 18.599561403508766 17.678508771929817 17.603508771929818 16.682456140350869 16.60745614035087 15.686403508771923 15.611403508771923 14.690350877192976 14.615350877192977 13.69429824561403 13.619298245614031 12.698245614035084 12.623245614035085 11.702192982456138 11.627192982456139 10.706140350877192 10.631140350877192 9.7100877192982455 9.6350877192982463 8.7140350877192994 8.6390350877193001 7.7179824561403532 7.642982456140353 6.7219298245614052 6.646929824561405 5.7258771929824572 5.6508771929824571 4.7298245614035093 4.6548245614035091 3.7337719298245617 3.6587719298245616 2.7377192982456142 2.662719298245614 1.7416666666666667 1.6666666666666667;20.999999999999996 20.924999999999997 20.003947368421048 19.928947368421049 19.007894736842101 18.932894736842101 18.011842105263153 17.936842105263153 17.015789473684205 16.940789473684205 16.019736842105257 15.944736842105257 15.02368421052631 14.948684210526311 14.027631578947364 13.952631578947365 13.031578947368418 12.956578947368419 12.035526315789472 11.960526315789473 11.039473684210526 10.964473684210526 10.043421052631579 9.9684210526315802 9.0473684210526333 8.972368421052634 8.0513157894736871 7.9763157894736869 7.0552631578947391 6.9802631578947389 6.0592105263157912 5.984210526315791 5.0631578947368432 4.988157894736843 4.0671052631578952 3.992105263157895 3.0710526315789477 2.9960526315789475 2.0750000000000002 2;21.333333333333329 21.258333333333329 20.337280701754381 20.262280701754381 19.341228070175433 19.266228070175433 18.345175438596485 18.270175438596485 17.349122807017537 17.274122807017537 16.353070175438589 16.278070175438589 15.357017543859643 15.282017543859643 14.360964912280696 14.285964912280697 13.36491228070175 13.289912280701751 12.368859649122804 12.293859649122805 11.372807017543858 11.297807017543859 10.376754385964912 10.301754385964912 9.3807017543859654 9.3057017543859661 8.3846491228070192 8.3096491228070199 7.388596491228073 7.3135964912280729 6.3925438596491251 6.3175438596491249 5.3964912280701771 5.3214912280701769 4.4004385964912291 4.325438596491229 3.4043859649122812 3.329385964912281 2.4083333333333337 2.3333333333333335;0 0.074999999999999997 0.99605263157894741 1.0710526315789475 1.992105263157895 2.0671052631578952 2.9881578947368426 3.0631578947368427 3.9842105263157901 4.0592105263157903 4.9802631578947381 5.0552631578947382 5.976315789473686 6.0513157894736862 6.972368421052634 7.0473684210526342 7.968421052631582 8.0434210526315812 8.9644736842105281 9.0394736842105274 9.9605263157894743 10.035526315789474 10.956578947368421 11.03157894736842 11.952631578947367 12.027631578947366 12.948684210526313 13.023684210526312 13.944736842105259 14.019736842105258 14.940789473684205 15.015789473684205 15.936842105263151 16.011842105263153 16.932894736842101 17.007894736842101 17.928947368421049 18.003947368421048 18.924999999999997 18.999999999999996;0.33333333333333331 0.40833333333333333 1.3293859649122808 1.4043859649122807 2.3254385964912281 2.4004385964912283 3.3214912280701756 3.3964912280701758 4.3175438596491231 4.3925438596491233 5.3135964912280711 5.3885964912280713 6.3096491228070191 6.3846491228070192 7.305701754385967 7.3807017543859672 8.3017543859649141 8.3767543859649134 9.2978070175438603 9.3728070175438596 10.293859649122806 10.368859649122806 11.289912280701753 11.364912280701752 12.285964912280699 12.360964912280698 13.282017543859645 13.357017543859644 14.278070175438591 14.353070175438591 15.274122807017537 15.349122807017537 16.270175438596485 16.345175438596485 17.266228070175433 17.341228070175433 18.262280701754381 18.337280701754381 19.258333333333329 19.333333333333329;0.66666666666666663 0.74166666666666659 1.662719298245614 1.737719298245614 2.6587719298245616 2.7337719298245617 3.6548245614035091 3.7298245614035093 4.6508771929824571 4.7258771929824572 5.646929824561405 5.7219298245614052 6.642982456140353 6.7179824561403532 7.639035087719301 7.7140350877193011 8.635087719298248 8.7100877192982473 9.6311403508771942 9.7061403508771935 10.62719298245614 10.70219298245614 11.623245614035087 11.698245614035086 12.619298245614033 12.694298245614032 13.615350877192979 13.690350877192978 14.611403508771925 14.686403508771924 15.607456140350871 15.682456140350871 16.603508771929818 16.678508771929817 17.599561403508766 17.674561403508765 18.595614035087713 18.670614035087713 19.591666666666661 19.666666666666661;1 1.075 1.9960526315789475 2.0710526315789477 2.992105263157895 3.0671052631578952 3.9881578947368426 4.0631578947368423 4.9842105263157901 5.0592105263157903 5.9802631578947381 6.0552631578947382 6.976315789473686 7.0513157894736862 7.972368421052634 8.0473684210526333 8.9684210526315802 9.0434210526315795 9.9644736842105264 10.039473684210526 10.960526315789473 11.035526315789472 11.956578947368419 12.031578947368418 12.952631578947365 13.027631578947364 13.948684210526311 14.02368421052631 14.944736842105257 15.019736842105257 15.940789473684204 16.015789473684205 16.936842105263153 17.011842105263153 17.932894736842101 18.007894736842101 18.928947368421049 19.003947368421048 19.924999999999997 19.999999999999996;1.3333333333333333 1.4083333333333332 2.3293859649122806 2.4043859649122807 3.3254385964912281 3.4004385964912283 4.321491228070176 4.3964912280701762 5.317543859649124 5.3925438596491242 6.313596491228072 6.3885964912280722 7.3096491228070199 7.3846491228070201 8.3057017543859679 8.3807017543859672 9.3017543859649141 9.3767543859649134 10.29780701754386 10.37280701754386 11.293859649122806 11.368859649122806 12.289912280701753 12.364912280701752 13.285964912280699 13.360964912280698 14.282017543859645 14.357017543859644 15.278070175438591 15.353070175438591 16.274122807017537 16.349122807017537 17.270175438596485 17.345175438596485 18.266228070175433 18.341228070175433 19.262280701754381 19.337280701754381 20.258333333333329 20.333333333333329;1.6666666666666667 1.7416666666666667 2.662719298245614 2.7377192982456142 3.6587719298245616 3.7337719298245617 4.6548245614035091 4.7298245614035093 5.6508771929824571 5.7258771929824572 6.646929824561405 6.7219298245614052 7.642982456140353 7.7179824561403532 8.6390350877193001 8.7140350877192994 9.6350877192982463 9.7100877192982455 10.631140350877192 10.706140350877192 11.627192982456139 11.702192982456138 12.623245614035085 12.698245614035084 13.619298245614031 13.69429824561403 14.615350877192977 14.690350877192976 15.611403508771923 15.686403508771923 16.60745614035087 16.682456140350869 17.603508771929818 17.678508771929817 18.599561403508766 18.674561403508765 19.595614035087713 19.670614035087713 20.591666666666661 20.666666666666661;2 2.0750000000000002 2.9960526315789475 3.0710526315789477 3.992105263157895 4.0671052631578952 4.988157894736843 5.0631578947368432 5.984210526315791 6.0592105263157912 6.9802631578947389 7.0552631578947391 7.9763157894736869 8.0513157894736871 8.972368421052634 9.0473684210526333 9.9684210526315802 10.043421052631579 10.964473684210526 11.039473684210526 11.960526315789473 12.035526315789472 12.956578947368419 13.031578947368418 13.952631578947365 14.027631578947364 14.948684210526311 15.02368421052631 15.944736842105257 16.019736842105257 16.940789473684205 17.015789473684205 17.936842105263153 18.011842105263153 18.932894736842101 19.007894736842101 19.928947368421049 20.003947368421048 20.924999999999997 20.999999999999996;2.3333333333333335 2.4083333333333337 3.329385964912281 3.4043859649122812 4.325438596491229 4.4004385964912291 5.3214912280701769 5.3964912280701771 6.3175438596491249 6.3925438596491251 7.3135964912280729 7.388596491228073 8.3096491228070199 8.3846491228070192 9.3057017543859661 9.3807017543859654 10.301754385964912 10.376754385964912 11.297807017543859 11.372807017543858 12.293859649122805 12.368859649122804 13.289912280701751 13.36491228070175 14.285964912280697 14.360964912280696 15.282017543859643 15.357017543859643 16.278070175438589 16.353070175438589 17.274122807017537 17.349122807017537 18.270175438596485 18.345175438596485 19.266228070175433 19.341228070175433 20.262280701754381 20.337280701754381 21.258333333333329 21.333333333333329;
