m;1
n;2
P;39
P1;2 4 6 8 10 12 14 16 18 20 22 24 26 28 30 32 34 36 38
Q;40
M;100
h;1 1 1 1 1 1 1 1 1 1 1 1 1 1 1 1 1 1 1 1 1 1 1 1 1 1 1 1 1 1 1 1 1 1 1 1 1 1 1
Vmin;52 52 52 52 52 52 52 52 52 52 52 52 52 52 52 52 52 52 52 52 52 52 52 52 52 52 52 52 52 52 52 52 52 52 52 52 52 52 52;28 28 28 28 28 28 28 28 28 28 28 28 28 28 28 28 28 28 28 28 28 28 28 28 28 28 28 28 28 28 28 28 28 28 28 28 28 28 28;
Vmax;52 52 52 52 52 52 52 52 52 52 52 52 52 52 52 52 52 52 52 52 52 52 52 52 52 52 52 52 52 52 52 52 52 52 52 52 52 52 52;28 28 28 28 28 28 28 28 28 28 28 28 28 28 28 28 28 28 28 28 28 28 28 28 28 28 28 28 28 28 28 28 28 28 28 28 28 28 28;
d;3.000 2.340 3.000 23.119 3.000 41.384 3.000 35.220 3.000 13.695 3.000 61.678 3.000 21.490 3.000 38.420 3.000 11.788 3.000 40.239 3.000 46.645 3.000 5.230 3.000 9.633 3.000 31.756 3.000 21.004 3.000 39.444 3.000 40.613 3.000 44.593 3.000 4.777 3.000
S;0.47156613109932621 0.47060459263778776 0.46907348910838481 0.46811195064684635 0.45381935252885591 0.45285781406731745 0.43984068552433564 0.43887914706279724 0.42623693571558352 0.42527539725404506 0.41854321093324259 0.41758167247170414 0.407403328760787 0.40644179029924854 0.40335442589711179 0.40239288743557339 0.40071651380729545 0.39975497534575699 0.3848047308732766 0.38384319241173814 0.37094593382330321 0.36998439536176481 0.36620607088744611 0.36524453242590765 0.35293049932638099 0.35196896086484253 0.34508117913394198 0.34411964067240353 0.3243508974242435 0.3233893589627051 0.31899995340476878 0.31803841494323032 0.306749832802092 0.30578829434055355 0.29252427203467762 0.29156273357313917 0.28415266330497801 0.28319112484343961 0.28244098261591366 0.28147944415437526;0.34169502128751505 0.34265655974905346 0.34388747120734858 0.34484900966888704 0.35225907993704819 0.35322061839858665 0.36648464070446257 0.36744617916600103 0.37873476130713934 0.37969629976867775 0.38408570532661407 0.38504724378815253 0.40481598703631255 0.40577752549785101 0.41266530722875155 0.41362684569029001 0.42594087878981668 0.42690241725135514 0.43068074172567378 0.43164228018721224 0.44453953877564717 0.44550107723718563 0.46045132170966602 0.46141286017120448 0.46308923379948236 0.46405077226102082 0.46713813666315757 0.46809967512469602 0.47827801883561316 0.47923955729715156 0.48597174361795409 0.48693328207949255 0.49957549342670621 0.50053703188824472 0.51355416043122648 0.51451569889276494 0.52880829701075538 0.52976983547229384 0.53130093900169684 0.53226247746323518;
