m;4
n;8
P;39
P1;2 4 6 8 10 12 14 16 18 20 22 24 26 28 30 32 34 36 38
Q;40
M;100
h;1 1 1 1 1 1 1 1 1 1 1 1 1 1 1 1 1 1 1 1 1 1 1 1 1 1 1 1 1 1 1 1 1 1 1 1 1 1 1
Vmin;28 28 28 28 28 28 28 28 28 28 28 28 28 28 28 28 28 28 28 28 28 28 28 28 28 28 28 28 28 28 28 28 28 28 28 28 28 28 28;47 47 47 47 47 47 47 47 47 47 47 47 47 47 47 47 47 47 47 47 47 47 47 47 47 47 47 47 47 47 47 47 47 47 47 47 47 47 47;52 52 52 52 52 52 52 52 52 52 52 52 52 52 52 52 52 52 52 52 52 52 52 52 52 52 52 52 52 52 52 52 52 52 52 52 52 52 52;43 43 43 43 43 43 43 43 43 43 43 43 43 43 43 43 43 43 43 43 43 43 43 43 43 43 43 43 43 43 43 43 43 43 43 43 43 43 43;49 49 49 49 49 49 49 49 49 49 49 49 49 49 49 49 49 49 49 49 49 49 49 49 49 49 49 49 49 49 49 49 49 49 49 49 49 49 49;39 39 39 39 39 39 39 39 39 39 39 39 39 39 39 39 39 39 39 39 39 39 39 39 39 39 39 39 39 39 39 39 39 39 39 39 39 39 39;43 43 43 43 43 43 43 43 43 43 43 43 43 43 43 43 43 43 43 43 43 43 43 43 43 43 43 43 43 43 43 43 43 43 43 43 43 43 43;49 49 49 49 49 49 49 49 49 49 49 49 49 49 49 49 49 49 49 49 49 49 49 49 49 49 49 49 49 49 49 49 49 49 49 49 49 49 49;
Vmax;28 28 28 28 28 28 28 28 28 28 28 28 28 28 28 28 28 28 28 28 28 28 28 28 28 28 28 28 28 28 28 28 28 28 28 28 28 28 28;47 47 47 47 47 47 47 47 47 47 47 47 47 47 47 47 47 47 47 47 47 47 47 47 47 47 47 47 47 47 47 47 47 47 47 47 47 47 47;52 52 52 52 52 52 52 52 52 52 52 52 52 52 52 52 52 52 52 52 52 52 52 52 52 52 52 52 52 52 52 52 52 52 52 52 52 52 52;43 43 43 43 43 43 43 43 43 43 43 43 43 43 43 43 43 43 43 43 43 43 43 43 43 43 43 43 43 43 43 43 43 43 43 43 43 43 43;49 49 49 49 49 49 49 49 49 49 49 49 49 49 49 49 49 49 49 49 49 49 49 49 49 49 49 49 49 49 49 49 49 49 49 49 49 49 49;39 39 39 39 39 39 39 39 39 39 39 39 39 39 39 39 39 39 39 39 39 39 39 39 39 39 39 39 39 39 39 39 39 39 39 39 39 39 39;43 43 43 43 43 43 43 43 43 43 43 43 43 43 43 43 43 43 43 43 43 43 43 43 43 43 43 43 43 43 43 43 43 43 43 43 43 43 43;49 49 49 49 49 49 49 49 49 49 49 49 49 49 49 49 49 49 49 49 49 49 49 49 49 49 49 49 49 49 49 49 49 49 49 49 49 49 49;
d;3.000 22.337 3.000 3.620 3.000 26.870 3.000 34.553 3.000 8.001 3.000 26.467 3.000 44.618 3.000 24.221 3.000 13.571 3.000 21.981 3.000 19.438 3.000 14.821 3.000 5.500 3.000 6.792 3.000 70.132 3.000 35.847 3.000 14.740 3.000 13.145 3.000 45.182 3.000
S;0.40572298329327655 0.40393726900756222 0.37704306756738559 0.37525735328167126 0.36743297351832321 0.36564725923260893 0.35687342900713609 0.35508771472142181 0.33375018248123439 0.33196446819552006 0.29021948982407775 0.28843377553836347 0.28439093309170943 0.2826052188059951 0.27933166891507927 0.27754595462936499 0.26872408166090139 0.26693836737518706 0.25536799249825903 0.25358227821254475 0.24049859019898143 0.23871287591326715 0.23063483141120708 0.22884911712549277 0.21443214080328882 0.21264642651757451 0.18608822810157066 0.18430251381585636 0.16854839627652882 0.16676268199081451 0.16200039290110613 0.16021467861539182 0.13964770162349499 0.13786198733778071 0.12186784231113841 0.12008212802542413 0.11792738136691895 0.11614166708120467 0.10284565061615632 0.10105993633044204;0.50437454753044053 0.50331071774320657 0.48728864028948427 0.48622481050225025 0.48156347787727694 0.48049964809004292 0.47527268540252715 0.47420885561529313 0.46149713428071337 0.46043330449347936 0.4355639556764499 0.43450012588921588 0.43209162400610279 0.43102779421886878 0.42907759428385511 0.42801376449662104 0.42275818060051507 0.42169435081328105 0.41480136152489838 0.41373753173766431 0.40594299419766922 0.40487916441043514 0.4000667123666547 0.39900288257942068 0.39041404562151194 0.38935021583427792 0.37352831039495649 0.37246448060772247 0.36307904888216563 0.36201521909493162 0.35917811070106276 0.35811428091382874 0.34586161376971997 0.34479778398248595 0.3352693571581033 0.33420552737086928 0.33292184851048318 0.33185801872324916 0.32393698763768847 0.3228731578504544;0.90366956138710075 0.90270802292556229 0.88822652984239026 0.8872649913808518 0.88305186381597212 0.88209032535443366 0.87736595523302519 0.87640441677148684 0.86491497633446279 0.86395343787292433 0.84147537259599392 0.84051383413445546 0.83833691897087259 0.83737538050933413 0.83561269979884101 0.83465116133730255 0.82990092204659149 0.82893938358505304 0.82270918172824559 0.82174764326670713 0.81470258049017308 0.81374104202863462 0.80939132575829453 0.80842978729675607 0.8006668000463385 0.79970526158480004 0.78540469320695183 0.78444315474541348 0.77596016837808313 0.77499862991654467 0.77243432040670179 0.77147278194516333 0.76039825587260346 0.759436717411065 0.75082448547364222 0.74986294701210388 0.74870269881137019 0.74774116034983185 0.74058176686865196 0.7396202284071135;1.0404449221755183 1.039282131477844 1.021769628214473 1.0206068375167987 1.0155118925546185 1.0143491018569442 1.0086359100822175 1.0074731193845432 0.99357891234442108 0.99241612164674664 0.96523334503278424 0.96407055433510991 0.96143800576519556 0.96027521506752112 0.95814360118506436 0.95698081048739003 0.95123633506606486 0.95007354436839042 0.94253934677411166 0.94137655607643722 0.93285694527690777 0.93169415457923332 0.92643403257789181 0.92527124188021748 0.91588344334482885 0.91472065264715452 0.89742694205068696 0.89626415135301252 0.88600565621112481 0.88484286551345037 0.88174184005968681 0.88057904936201237 0.86718659922775398 0.86602380853007965 0.85560901641970788 0.85444622572203355 0.85304313487463479 0.85188034417696035 0.8432224729904173 0.84205968229274286;1.2659840317326185 1.267769746018333 1.2819586196262385 1.283744333911953 1.2858990805704582 1.2876847948561725 1.3036789398828148 1.3054646541685291 1.3260316311604259 1.3278173454461402 1.3325796345358485 1.334365348821563 1.3501194663608904 1.3519051806466047 1.3784633790626086 1.3802490933483229 1.3946660696705271 1.3964517839562414 1.4045298284583014 1.4063155427440157 1.4193992307575791 1.4211849450432934 1.4327553199202214 1.4345410342059357 1.4433629071743994 1.4451486214601137 1.4484221713510295 1.4502078856367437 1.4542507280833978 1.4560364423691121 1.4977814207405546 1.4995671350262689 1.5209046672664566 1.5226903815521708 1.5314642117776436 1.5332499260633581 1.541074305826706 1.5428600201124205 1.569754221552597 1.5715399358383115;1.7405907481940599 1.741654577981294 1.7501075239604718 1.7511713537477056 1.7524550326080919 1.7535188623953257 1.7630472892197084 1.7641111190069423 1.7763637861510511 1.7774276159382851 1.7802647243321539 1.781328554119388 1.7907139858449448 1.7917778156321789 1.8075997210715002 1.8086635508587343 1.8172523878166431 1.818316217603877 1.8231286696476576 1.8241924994348915 1.8319870369748867 1.8330508667621208 1.8399438560505035 1.8410076858377376 1.8462632697338435 1.8473270995210775 1.8492772994560911 1.8503411292433252 1.8527496311264382 1.8538134609136721 1.8786828097307016 1.8797466395179356 1.8924583608525154 1.8935221906397495 1.8987491533272651 1.8998129831144992 1.9044743157394726 1.9055381455267064 1.9215602229804287 1.9226240527676628;2.2941988476536825 2.2951603861152212 2.3028005488271703 2.303762087288709 2.3049223354894424 2.305883873950981 2.3144961058884035 2.3154576443499422 2.3265321704225022 2.3274937088840408 2.3300580183938839 2.3310195568554226 2.3395025432227525 2.3404640816842912 2.3547646500621395 2.3557261885236782 2.3634891757740961 2.3644507142356348 2.3688004305059747 2.3697619689675133 2.3768070317440473 2.377768570205586 2.3839987720623932 2.3849603105239319 2.3897105498146431 2.3906720882761818 2.392434768986675 2.3933963074482136 2.3955732226117963 2.396534761073335 2.4190128263502659 2.4199743648118046 2.4314638052488289 2.4324253437103676 2.4371497138317761 2.4381112522933148 2.4423243798581944 2.4432859183197331 2.4577674114029051 2.4587289498644438;2.6051861910727281 2.6063489817704029 2.6155882483057833 2.6167510390034581 2.6181541298508568 2.6193169205485316 2.629731712658903 2.6308945033565778 2.6442869534908362 2.645449744188511 2.6485507696422745 2.6497135603399489 2.6599720554818367 2.6611348461795115 2.6784285567759789 2.6795913474736537 2.688979146009042 2.6901419367067168 2.695402058708058 2.6965648494057328 2.7050844602052626 2.7062472509029374 2.7137814484972158 2.7149442391948906 2.7206887146162155 2.7218515053138903 2.7239831191963471 2.7251459098940218 2.727778458463936 2.7289412491616103 2.7561240257755726 2.7572868164732474 2.7711810235133694 2.7723438142110437 2.7780570059857705 2.7792197966834449 2.7843147416456251 2.7854775323432999 2.8029900356066704 2.8041528263043451;
