m;2
n;4
P;39
P1;2 4 6 8 10 12 14 16 18 20 22 24 26 28 30 32 34 36 38
Q;40
M;100
h;1 1 1 1 1 1 1 1 1 1 1 1 1 1 1 1 1 1 1 1 1 1 1 1 1 1 1 1 1 1 1 1 1 1 1 1 1 1 1
Vmin;43 43 43 43 43 43 43 43 43 43 43 43 43 43 43 43 43 43 43 43 43 43 43 43 43 43 43 43 43 43 43 43 43 43 43 43 43 43 43;52 52 52 52 52 52 52 52 52 52 52 52 52 52 52 52 52 52 52 52 52 52 52 52 52 52 52 52 52 52 52 52 52 52 52 52 52 52 52;28 28 28 28 28 28 28 28 28 28 28 28 28 28 28 28 28 28 28 28 28 28 28 28 28 28 28 28 28 28 28 28 28 28 28 28 28 28 28;32 32 32 32 32 32 32 32 32 32 32 32 32 32 32 32 32 32 32 32 32 32 32 32 32 32 32 32 32 32 32 32 32 32 32 32 32 32 32;
Vmax;43 43 43 43 43 43 43 43 43 43 43 43 43 43 43 43 43 43 43 43 43 43 43 43 43 43 43 43 43 43 43 43 43 43 43 43 43 43 43;52 52 52 52 52 52 52 52 52 52 52 52 52 52 52 52 52 52 52 52 52 52 52 52 52 52 52 52 52 52 52 52 52 52 52 52 52 52 52;28 28 28 28 28 28 28 28 28 28 28 28 28 28 28 28 28 28 28 28 28 28 28 28 28 28 28 28 28 28 28 28 28 28 28 28 28 28 28;32 32 32 32 32 32 32 32 32 32 32 32 32 32 32 32 32 32 32 32 32 32 32 32 32 32 32 32 32 32 32 32 32 32 32 32 32 32 32;
d;3.000 75.095 3.000 25.899 3.000 28.400 3.000 29.197 3.000 22.227 3.000 35.999 3.000 48.713 3.000 28.329 3.000 25.999 3.000 26.181 3.000 18.615 3.000 43.048 3.000 31.747 3.000 13.699 3.000 5.119 3.000 10.260 3.000 60.417 3.000 41.784 3.000 35.365 3.000
S;0.63804886048721732 0.63688606978954299 0.62317874293030451 0.62201595223263006 0.60582067026307262 0.60465787956539818 0.58124032716586993 0.58007753646819549 0.57610072371638144 0.5749379330187071 0.57295379247326728 0.57179100177559283 0.56648129901532018 0.56531850831764574 0.55301353233231998 0.55185074163464554 0.53516540382531452 0.53400261312764019 0.52678766501360719 0.52562487431593274 0.515477033309097 0.51431424261142267 0.50423725792098695 0.5030744672233125 0.49209427748294954 0.49093148678527515 0.47205035810590273 0.47088756740822835 0.45693448820399379 0.45577169750631941 0.44715674195567684 0.44599395125800245 0.43467741739703941 0.43351462669936502 0.42250678378622103 0.42134399308854664 0.41130571764674706 0.41014292694907267 0.38103623471151976 0.37987344401384537;0.71985487086795008 0.71889333240641162 0.70755842750357978 0.70659688904204132 0.69320463664413812 0.69224309818259966 0.67287858369837439 0.67191704523683593 0.66862852699975894 0.66766698853822048 0.66602625693333761 0.66506471847179915 0.66067400272772758 0.65971246426618912 0.64953719566293899 0.64857565720140054 0.63477816632060768 0.63381662785906923 0.62785042076477271 0.62688888230323425 0.61849739839373552 0.61753585993219706 0.60920296874587521 0.60824143028433686 0.59916165799903676 0.5982001195374983 0.58258687851417101 0.58162534005263256 0.57008721686451547 0.56912567840297712 0.56200177285148423 0.56104023438994577 0.55168233138953404 0.55072079292799558 0.54161815359597265 0.54065661513443419 0.53235573351909993 0.53139419505756147 0.50732519955343114 0.50636366109189279;0.92150463157777807 0.92266742227545251 0.95235550986184259 0.95351830055951703 0.96355657600131661 0.96471936669899105 0.97572720961213499 0.97689000030980944 0.98820653417077253 0.98936932486844686 0.99798428041908949 0.99914707111676393 1.0131001503209984 1.0142629410186728 1.0331440696980454 1.0343068603957197 1.0452870501360827 1.046449840833757 1.0565268255241926 1.0576896162218672 1.0678374572287028 1.0690002479263774 1.0762151960404103 1.0773779867380846 1.0940633245474156 1.0952261152450899 1.1075310912304157 1.10869388192809 1.1140035846883627 1.115166375386037 1.117150515931477 1.1183133066291513 1.1222901193809656 1.1234529100786399 1.1468704624781683 1.1480332531758426 1.1642285351454 1.1653913258430744 1.1790986527023128 1.1802614433999874;1.028196520893659 1.0291580593551974 1.053707824090097 1.0546693625516355 1.0629702441669697 1.0639317826285082 1.0730344219605312 1.0739959604220697 1.0833538634224813 1.0843154018840198 1.0914393074355127 1.0924008458970511 1.1039389690851682 1.1049005075467067 1.1205137485700338 1.1214752870315723 1.1305550593168725 1.131516597778411 1.1398494889647328 1.1408110274262713 1.14920251133577 1.1501640497973085 1.156130256891605 1.1570917953531434 1.1708892862339364 1.1718508246954749 1.182026093298725 1.1829876317602634 1.1873783475043351 1.1883398859658736 1.1899806175707566 1.190942156032295 1.1942306742693718 1.1951922127309103 1.2145567272151356 1.2155182656766741 1.2289105180745774 1.2298720565361159 1.2412069614389476 1.2421684999004861;
