m;5
n;10
P;39
P1;2 4 6 8 10 12 14 16 18 20 22 24 26 28 30 32 34 36 38
Q;40
M;100
h;1 1 1 1 1 1 1 1 1 1 1 1 1 1 1 1 1 1 1 1 1 1 1 1 1 1 1 1 1 1 1 1 1 1 1 1 1 1 1
Vmin;46 46 46 46 46 46 46 46 46 46 46 46 46 46 46 46 46 46 46 46 46 46 46 46 46 46 46 46 46 46 46 46 46 46 46 46 46 46 46;30 30 30 30 30 30 30 30 30 30 30 30 30 30 30 30 30 30 30 30 30 30 30 30 30 30 30 30 30 30 30 30 30 30 30 30 30 30 30;37 37 37 37 37 37 37 37 37 37 37 37 37 37 37 37 37 37 37 37 37 37 37 37 37 37 37 37 37 37 37 37 37 37 37 37 37 37 37;44 44 44 44 44 44 44 44 44 44 44 44 44 44 44 44 44 44 44 44 44 44 44 44 44 44 44 44 44 44 44 44 44 44 44 44 44 44 44;35 35 35 35 35 35 35 35 35 35 35 35 35 35 35 35 35 35 35 35 35 35 35 35 35 35 35 35 35 35 35 35 35 35 35 35 35 35 35;39 39 39 39 39 39 39 39 39 39 39 39 39 39 39 39 39 39 39 39 39 39 39 39 39 39 39 39 39 39 39 39 39 39 39 39 39 39 39;37 37 37 37 37 37 37 37 37 37 37 37 37 37 37 37 37 37 37 37 37 37 37 37 37 37 37 37 37 37 37 37 37 37 37 37 37 37 37;49 49 49 49 49 49 49 49 49 49 49 49 49 49 49 49 49 49 49 49 49 49 49 49 49 49 49 49 49 49 49 49 49 49 49 49 49 49 49;28 28 28 28 28 28 28 28 28 28 28 28 28 28 28 28 28 28 28 28 28 28 28 28 28 28 28 28 28 28 28 28 28 28 28 28 28 28 28;52 52 52 52 52 52 52 52 52 52 52 52 52 52 52 52 52 52 52 52 52 52 52 52 52 52 52 52 52 52 52 52 52 52 52 52 52 52 52;
Vmax;46 46 46 46 46 46 46 46 46 46 46 46 46 46 46 46 46 46 46 46 46 46 46 46 46 46 46 46 46 46 46 46 46 46 46 46 46 46 46;30 30 30 30 30 30 30 30 30 30 30 30 30 30 30 30 30 30 30 30 30 30 30 30 30 30 30 30 30 30 30 30 30 30 30 30 30 30 30;37 37 37 37 37 37 37 37 37 37 37 37 37 37 37 37 37 37 37 37 37 37 37 37 37 37 37 37 37 37 37 37 37 37 37 37 37 37 37;44 44 44 44 44 44 44 44 44 44 44 44 44 44 44 44 44 44 44 44 44 44 44 44 44 44 44 44 44 44 44 44 44 44 44 44 44 44 44;35 35 35 35 35 35 35 35 35 35 35 35 35 35 35 35 35 35 35 35 35 35 35 35 35 35 35 35 35 35 35 35 35 35 35 35 35 35 35;39 39 39 39 39 39 39 39 39 39 39 39 39 39 39 39 39 39 39 39 39 39 39 39 39 39 39 39 39 39 39 39 39 39 39 39 39 39 39;37 37 37 37 37 37 37 37 37 37 37 37 37 37 37 37 37 37 37 37 37 37 37 37 37 37 37 37 37 37 37 37 37 37 37 37 37 37 37;49 49 49 49 49 49 49 49 49 49 49 49 49 49 49 49 49 49 49 49 49 49 49 49 49 49 49 49 49 49 49 49 49 49 49 49 49 49 49;28 28 28 28 28 28 28 28 28 28 28 28 28 28 28 28 28 28 28 28 28 28 28 28 28 28 28 28 28 28 28 28 28 28 28 28 28 28 28;52 52 52 52 52 52 52 52 52 52 52 52 52 52 52 52 52 52 52 52 52 52 52 52 52 52 52 52 52 52 52 52 52 52 52 52 52 52 52;
d;3.000 63.843 3.000 57.819 3.000 18.081 3.000 29.892 3.000 18.589 3.000 6.548 3.000 22.286 3.000 22.358 3.000 5.541 3.000 22.954 3.000 21.403 3.000 39.499 3.000 4.642 3.000 5.114 3.000 12.439 3.000 3.374 3.000 23.119 3.000 75.724 3.000 40.654 3.000
S;0.32205283866089462 0.3209658821391555 0.30623623905426745 0.30514928253252832 0.27771302915389362 0.2766260726321545 0.26824953228474346 0.26716257576300434 0.26594000133678097 0.26485304481504185 0.26034598894733468 0.25925903242559556 0.25740619657311209 0.25631924005137297 0.25463747119422381 0.25355051467248468 0.23923936999862314 0.23815241347688401 0.23039780015222625 0.22931084363048712 0.22099434366222442 0.21990738714048527 0.21789973691320449 0.21681278039146537 0.20871217064415321 0.20762521412241408 0.19955047173909307 0.19846351521735395 0.19609109249237336 0.19500413597063423 0.18826906287643072 0.1871821063546916 0.17635160793838853 0.1752646514166494 0.16871361670455148 0.16762666018281236 0.14667759263073862 0.1455906361089995 0.12245927667414332 0.12137232015240419;0.66689601088248762 0.66522934421582092 0.64264389148565937 0.64097722481899266 0.59890830297175268 0.59724163630508598 0.58439760777238914 0.58273094110572243 0.58085632698551326 0.57918966031884656 0.5722788413216956 0.57061217465502889 0.56777115968122094 0.56610449301455423 0.5635257807669255 0.56185911410025879 0.53991535893367104 0.53824869226700434 0.52635828516919581 0.52469161850252921 0.51193965188452639 0.51027298521785969 0.50719458820269581 0.5055279215360291 0.49310698659015045 0.4914403199234838 0.47905904826905826 0.47739238160239156 0.47375466675742128 0.47208800009075458 0.46176088801297588 0.46009422134630917 0.44348745710797782 0.44182079044131117 0.43177587054942773 0.43010920388276103 0.39798730030291463 0.39632063363624792 0.36085254916946846 0.35918588250280176;0.737312488551918 0.73596113720056666 0.71764860795989505 0.71629725660854371 0.68218731997564652 0.68083596862429518 0.67042189143562192 0.66907054008427058 0.6675505826895064 0.66619923133815506 0.66059586458370834 0.659244513232357 0.65694098757791808 0.65558963622656674 0.65349878845821907 0.65214743710686773 0.63435520318801286 0.63300385183666152 0.62336298121681666 0.62201162986546532 0.61167219747249013 0.61032084612113879 0.60782484854127616 0.60647349718992483 0.59640246885542869 0.59505111750407735 0.58501224859508361 0.58366089724373227 0.58071139872078348 0.57936004736943214 0.5709867132523142 0.56963536190096287 0.5561704179239374 0.55481906657258606 0.54667453693051848 0.54532318557916715 0.51927839889280525 0.51792704754145391 0.48916914121703808 0.48781778986568669;1.1607148155736084 1.159578451937245 1.1441792796212256 1.1430429159848619 1.1143595601799254 1.1132231965435619 1.1044659043621778 1.1033295407258141 1.1020513947347625 1.1009150310983991 1.0962031090548869 1.0950667454185234 1.0931296897545633 1.0919933261181998 1.0902351132220893 1.0890987495857258 1.0741370983357796 1.0730007346994161 1.0648936389509103 1.0637572753145466 1.0550627526204539 1.0539263889840902 1.0518274819282967 1.050691118291933 1.042222299010652 1.0410859353742883 1.032644159246271 1.0315077956099072 1.0290275354883367 1.027891171851973 1.0208499590716693 1.0197135954353056 1.0083908016364433 1.0072544380000796 1.0004056289828864 0.99926926534652283 0.97736796745117294 0.97623160381480933 0.95204881895109605 0.95091245531473234;1.7127853507558517 1.7113567793272801 1.6919978198442847 1.6905692484157131 1.6545101725466504 1.6530816011180789 1.6420724338043386 1.6406438623757673 1.6390370502727307 1.6376084788441594 1.6316849197037442 1.6302563482751726 1.6278211925833372 1.6263926211547657 1.6241822963710841 1.6227537249425126 1.6039447919425802 1.6025162205140087 1.5923244430016013 1.5908958715730297 1.5799656144718845 1.578537043043313 1.5758984170303156 1.5744698456017441 1.563823329933848 1.5623947585052766 1.5517822399443404 1.5503536685157688 1.54723562722008 1.5458070557915087 1.5369552454391269 1.5355266740105553 1.5212923046634144 1.5198637332348428 1.5112538018989428 1.5098252304703714 1.4822921702590746 1.480863598830503 1.4504623835732635 1.449033812144692;1.5689223863080115 1.5700093428297506 1.5936841805254762 1.5947711370472153 1.6157202045992891 1.6168071611210282 1.6233581958331262 1.6244451523548653 1.6352756507711681 1.6363626072929072 1.6430976803871107 1.6441846369088498 1.6465570596338304 1.6476440161555694 1.6557187585388902 1.6568057150606292 1.6649063248079414 1.6659932813296805 1.6680009315569613 1.6690878880787003 1.6774043880469631 1.6784913445687022 1.68624595789336 1.687332914415099 1.7016440590889605 1.7027310156106996 1.7044127844678487 1.7054997409895878 1.7073525768420714 1.7084395333638105 1.7129465892315174 1.7140335457532565 1.7152561201794798 1.7163430767012189 1.7247196170486301 1.7258065735703692 1.7532428269490039 1.754329783470743 1.769059426555631 1.77014638307737;1.8343195303027084 1.8359861969693752 1.8722876147694878 1.8739542814361545 1.9060761850160008 1.9077428516826673 1.9177877715745508 1.9194544382412173 1.9360612024795487 1.9377278691462152 1.9480549812239938 1.9497216478906603 1.9533593627356305 1.9550260294022972 1.9674073010567228 1.9690739677233893 1.9814949026692681 1.9831615693359346 1.9862399663510986 1.987906633017765 2.0006585996357678 2.0023252663024342 2.0142156734002428 2.0158823400669097 2.037826095233497 2.0394927619001639 2.0420714741477921 2.043738140814459 2.0465791557882671 2.0482458224549336 2.0551566414520845 2.056823308118751 2.0586979222389603 2.0603645889056268 2.0732086174383237 2.0748752841049902 2.1169442059522301 2.1186108726188966 2.1411963253490582 2.1428629920157247;2.111042767774312 2.1123941191256632 2.1418277011257549 2.1431790524771066 2.1692238391634686 2.1705751905148198 2.1787197201568875 2.1800710715082392 2.1935360154852646 2.1948873668366162 2.2032607009537339 2.2046120523050856 2.2075615508280344 2.2089129021793861 2.2189517710883795 2.2203031224397312 2.2303741507742272 2.2317255021255789 2.2342214997054417 2.2355728510567934 2.2459122834497687 2.2472636348011203 2.2569045054209647 2.2582558567723163 2.2760480906911713 2.277399442042523 2.2794902898108709 2.2808416411622221 2.2831451668166611 2.2844965181680128 2.2900998849224599 2.2914512362738111 2.2929711936685755 2.2943225450199267 2.3047366222086003 2.306087973559952 2.340197910192849 2.3415492615442006 2.3598617907848718 2.3612131421362235;2.5854062541946354 2.5865426178309989 2.611293584512894 2.6124299481492574 2.6343312460446073 2.6354676096809708 2.6423164186981642 2.6434527823345277 2.6547755761333898 2.6559119397697533 2.6629531525500574 2.6640895161864209 2.6665697763079916 2.6677061399443551 2.6761479160723725 2.6772842797087359 2.6857530989900171 2.6868894626263806 2.6889883696821739 2.6901247333185379 2.6988192560126305 2.699955619648994 2.7080627153974999 2.7091990790338634 2.7241607302838093 2.7252970939201733 2.7270553068162835 2.728191670452647 2.730128726116607 2.7312650897529709 2.735977011796483 2.7371133754328465 2.7383915214238983 2.7395278850602618 2.7482851772416463 2.7494215408780098 2.778104896682946 2.7792412603193095 2.7946404326353287 2.7957767962716926;2.9219861024493947 2.9234146738779661 2.9545301748494919 2.9559587462780632 2.9834918064893601 2.9849203779179314 2.9935303092538317 2.994958880682403 3.0091932500295444 3.0106218214581157 3.0194736318104973 3.0209022032390687 3.0240202445347575 3.0254488159633288 3.0360613345242649 3.0374899059528366 3.0481364216207325 3.0495649930493038 3.0522036190623019 3.0536321904908732 3.0645624475920186 3.0659910190205903 3.0761827965329975 3.0776113679615689 3.0964203009615017 3.097848872390073 3.1000591971737546 3.1014877686023259 3.1039229242941615 3.1053514957227333 3.1112750548631483 3.1127036262917196 3.1143104383947557 3.1157390098233275 3.1267481771370678 3.1281767485656391 3.1642358244347024 3.1656643958632738 3.1850233553462695 3.1864519267748412;
