m;3
n;6
P;39
P1;2 4 6 8 10 12 14 16 18 20 22 24 26 28 30 32 34 36 38
Q;40
M;100
h;1 1 1 1 1 1 1 1 1 1 1 1 1 1 1 1 1 1 1 1 1 1 1 1 1 1 1 1 1 1 1 1 1 1 1 1 1 1 1
Vmin;52 52 52 52 52 52 52 52 52 52 52 52 52 52 52 52 52 52 52 52 52 52 52 52 52 52 52 52 52 52 52 52 52 52 52 52 52 52 52;28 28 28 28 28 28 28 28 28 28 28 28 28 28 28 28 28 28 28 28 28 28 28 28 28 28 28 28 28 28 28 28 28 28 28 28 28 28 28;40 40 40 40 40 40 40 40 40 40 40 40 40 40 40 40 40 40 40 40 40 40 40 40 40 40 40 40 40 40 40 40 40 40 40 40 40 40 40;49 49 49 49 49 49 49 49 49 49 49 49 49 49 49 49 49 49 49 49 49 49 49 49 49 49 49 49 49 49 49 49 49 49 49 49 49 49 49;46 46 46 46 46 46 46 46 46 46 46 46 46 46 46 46 46 46 46 46 46 46 46 46 46 46 46 46 46 46 46 46 46 46 46 46 46 46 46;40 40 40 40 40 40 40 40 40 40 40 40 40 40 40 40 40 40 40 40 40 40 40 40 40 40 40 40 40 40 40 40 40 40 40 40 40 40 40;
Vmax;52 52 52 52 52 52 52 52 52 52 52 52 52 52 52 52 52 52 52 52 52 52 52 52 52 52 52 52 52 52 52 52 52 52 52 52 52 52 52;28 28 28 28 28 28 28 28 28 28 28 28 28 28 28 28 28 28 28 28 28 28 28 28 28 28 28 28 28 28 28 28 28 28 28 28 28 28 28;40 40 40 40 40 40 40 40 40 40 40 40 40 40 40 40 40 40 40 40 40 40 40 40 40 40 40 40 40 40 40 40 40 40 40 40 40 40 40;49 49 49 49 49 49 49 49 49 49 49 49 49 49 49 49 49 49 49 49 49 49 49 49 49 49 49 49 49 49 49 49 49 49 49 49 49 49 49;46 46 46 46 46 46 46 46 46 46 46 46 46 46 46 46 46 46 46 46 46 46 46 46 46 46 46 46 46 46 46 46 46 46 46 46 46 46 46;40 40 40 40 40 40 40 40 40 40 40 40 40 40 40 40 40 40 40 40 40 40 40 40 40 40 40 40 40 40 40 40 40 40 40 40 40 40 40;
d;3.000 50.971 3.000 24.489 3.000 34.575 3.000 3.316 3.000 39.505 3.000 12.957 3.000 24.162 3.000 86.564 3.000 20.597 3.000 14.167 3.000 24.782 3.000 4.020 3.000 20.168 3.000 8.588 3.000 21.274 3.000 36.019 3.000 5.972 3.000 47.259 3.000 50.960 3.000
S;0.41574650300085658 0.41478496453931812 0.39845150136644808 0.39748996290490962 0.38234282297011662 0.38138128450857817 0.37946731308200898 0.37850577462047053 0.36696114193652485 0.36599960347498645 0.35918089510742962 0.35821935664589122 0.35546664192367133 0.35450510346213288 0.34804108549518209 0.34707954703364369 0.34579108338573689 0.34482954492419843 0.33688659447715408 0.33592505601561562 0.33138431947154739 0.33042278101000894 0.3238210542683404 0.32285951580680194 0.2951147111020479 0.29415317264050944 0.28640904683321089 0.28544750837167243 0.28129459374091476 0.2803330552793763 0.26767125928849217 0.26670972082695371 0.26564705465083943 0.26468551618930092 0.25360392962914891 0.25264239116761045 0.24479319297282712 0.24383165451128866 0.22749476977721417 0.22653323131567571;0.91339215183272071 0.91160643754700643 0.88127286308310493 0.87948714879739076 0.8513567460613467 0.84957103177563242 0.84601651341200379 0.84423079912628962 0.82279076699896192 0.82100505271324775 0.80834173717349944 0.80655602288778516 0.80144383840366262 0.79965812411794845 0.78765351932218264 0.78586780503646847 0.7834749439760702 0.78168922969035592 0.76693803600298771 0.76515232171727354 0.75671952527828956 0.75493381099257539 0.74267346132947665 0.74088774704376248 0.68936168116350494 0.68757596687779077 0.67319401894995068 0.6714083046642364 0.6636957489214006 0.66191003463568643 0.63839527065261592 0.63660955636690164 0.63463603346840358 0.6328503191826893 0.61227022985669266 0.61048451557097849 0.595907433209238 0.59412171892352383 0.56378179013167118 0.56199607584595701;0.90827387040074514 0.90702387040074517 0.88579036827601398 0.8845403682760139 0.86484908636078306 0.86359908636078297 0.86111092350624296 0.85986092350624299 0.84485290101711363 0.84360290101711366 0.83473858013928981 0.83348858013928984 0.82991005100040394 0.82866005100040385 0.82025682764336783 0.81900682764336774 0.81733182490108902 0.81608182490108894 0.8057559893199312 0.80450598931993123 0.79860303181264258 0.7973530318126425 0.78877078704847348 0.78752078704847339 0.75145254093229308 0.75020254093229299 0.74013517738280499 0.7388851773828049 0.73348638836281987 0.73223638836281979 0.71577605357467045 0.71452605357467047 0.71314458754572174 0.71189458754572166 0.69748852501752401 0.69623852501752392 0.68603456736430568 0.6847845673643056 0.66354661721000885 0.66229661721000876;1.0941368980604909 1.0950984365220293 1.111916090486873 1.1128776289484115 1.1207268271431947 1.1216883656047332 1.1327699521648853 1.1337314906264238 1.1347941568025381 1.1357556952640766 1.1484174912549607 1.1493790297164992 1.1535319443472569 1.1544934828087954 1.1622376086160939 1.1631991470776322 1.1909439517823863 1.1919054902439248 1.1985072169855933 1.1994687554471317 1.2040094919911999 1.2049710304527383 1.2129139808997826 1.2138755193613211 1.2151639830092278 1.2161255214707662 1.2225895394377171 1.2235510778992555 1.2263037926214755 1.2272653310830139 1.2340840394505708 1.2350455779121092 1.2465902105960547 1.2475517490575931 1.2494657204841626 1.2504272589457011 1.2655743988804937 1.2665359373420322 1.2828694005149022 1.2838309389764406;1.1722491020524 1.1740348163381142 1.2052676022728239 1.2070533165585384 1.2216303989202788 1.2234161132059931 1.2439962025319897 1.2457819168177042 1.2477554397162021 1.2495411540019166 1.273055917984987 1.2748416322707012 1.2825541880135372 1.2843399022992514 1.2987218502270916 1.3005075645128059 1.3520336303930633 1.3538193446787778 1.3660796943418765 1.3678654086275908 1.3762982050665746 1.3780839193522889 1.392835113039657 1.3946208273253715 1.3970136883857698 1.3987994026714843 1.4108040074672499 1.4125897217529644 1.417701906237087 1.4194876205228013 1.4321509360625495 1.433936650348264 1.4553766824755916 1.4571623967613059 1.4607169151249344 1.4625026294106489 1.490633032146693 1.4924187464324072 1.522752320896309 1.5245380351820232;1.4735987525735759 1.4748487525735758 1.4967117027278727 1.4979617027278729 1.5081656603810911 1.5094156603810911 1.5238217229092887 1.5250717229092887 1.5264531889382373 1.5277031889382373 1.5441635237263867 1.5454135237263869 1.550812312746372 1.552062312746372 1.5621296762958601 1.5633796762958601 1.5994479224120404 1.6006979224120406 1.6092801671762096 1.6105301671762098 1.6164331246834984 1.6176831246834984 1.6280089602646559 1.6292589602646561 1.6309339630069348 1.6321839630069348 1.6405871863639707 1.6418371863639709 1.6454157155028566 1.6466657155028566 1.6555300363806802 1.6567800363806804 1.6717880588698095 1.6730380588698097 1.6755262217243498 1.6767762217243498 1.6964675036395807 1.6977175036395806 1.7189510057643116 1.7202010057643118;
