m;8
n;16
P;39
P1;2 4 6 8 10 12 14 16 18 20 22 24 26 28 30 32 34 36 38
Q;40
M;100
h;1 1 1 1 1 1 1 1 1 1 1 1 1 1 1 1 1 1 1 1 1 1 1 1 1 1 1 1 1 1 1 1 1 1 1 1 1 1 1
Vmin;52 52 52 52 52 52 52 52 52 52 52 52 52 52 52 52 52 52 52 52 52 52 52 52 52 52 52 52 52 52 52 52 52 52 52 52 52 52 52;41 41 41 41 41 41 41 41 41 41 41 41 41 41 41 41 41 41 41 41 41 41 41 41 41 41 41 41 41 41 41 41 41 41 41 41 41 41 41;52 52 52 52 52 52 52 52 52 52 52 52 52 52 52 52 52 52 52 52 52 52 52 52 52 52 52 52 52 52 52 52 52 52 52 52 52 52 52;28 28 28 28 28 28 28 28 28 28 28 28 28 28 28 28 28 28 28 28 28 28 28 28 28 28 28 28 28 28 28 28 28 28 28 28 28 28 28;36 36 36 36 36 36 36 36 36 36 36 36 36 36 36 36 36 36 36 36 36 36 36 36 36 36 36 36 36 36 36 36 36 36 36 36 36 36 36;49 49 49 49 49 49 49 49 49 49 49 49 49 49 49 49 49 49 49 49 49 49 49 49 49 49 49 49 49 49 49 49 49 49 49 49 49 49 49;32 32 32 32 32 32 32 32 32 32 32 32 32 32 32 32 32 32 32 32 32 32 32 32 32 32 32 32 32 32 32 32 32 32 32 32 32 32 32;40 40 40 40 40 40 40 40 40 40 40 40 40 40 40 40 40 40 40 40 40 40 40 40 40 40 40 40 40 40 40 40 40 40 40 40 40 40 40;48 48 48 48 48 48 48 48 48 48 48 48 48 48 48 48 48 48 48 48 48 48 48 48 48 48 48 48 48 48 48 48 48 48 48 48 48 48 48;36 36 36 36 36 36 36 36 36 36 36 36 36 36 36 36 36 36 36 36 36 36 36 36 36 36 36 36 36 36 36 36 36 36 36 36 36 36 36;28 28 28 28 28 28 28 28 28 28 28 28 28 28 28 28 28 28 28 28 28 28 28 28 28 28 28 28 28 28 28 28 28 28 28 28 28 28 28;32 32 32 32 32 32 32 32 32 32 32 32 32 32 32 32 32 32 32 32 32 32 32 32 32 32 32 32 32 32 32 32 32 32 32 32 32 32 32;51 51 51 51 51 51 51 51 51 51 51 51 51 51 51 51 51 51 51 51 51 51 51 51 51 51 51 51 51 51 51 51 51 51 51 51 51 51 51;51 51 51 51 51 51 51 51 51 51 51 51 51 51 51 51 51 51 51 51 51 51 51 51 51 51 51 51 51 51 51 51 51 51 51 51 51 51 51;42 42 42 42 42 42 42 42 42 42 42 42 42 42 42 42 42 42 42 42 42 42 42 42 42 42 42 42 42 42 42 42 42 42 42 42 42 42 42;45 45 45 45 45 45 45 45 45 45 45 45 45 45 45 45 45 45 45 45 45 45 45 45 45 45 45 45 45 45 45 45 45 45 45 45 45 45 45;
Vmax;52 52 52 52 52 52 52 52 52 52 52 52 52 52 52 52 52 52 52 52 52 52 52 52 52 52 52 52 52 52 52 52 52 52 52 52 52 52 52;41 41 41 41 41 41 41 41 41 41 41 41 41 41 41 41 41 41 41 41 41 41 41 41 41 41 41 41 41 41 41 41 41 41 41 41 41 41 41;52 52 52 52 52 52 52 52 52 52 52 52 52 52 52 52 52 52 52 52 52 52 52 52 52 52 52 52 52 52 52 52 52 52 52 52 52 52 52;28 28 28 28 28 28 28 28 28 28 28 28 28 28 28 28 28 28 28 28 28 28 28 28 28 28 28 28 28 28 28 28 28 28 28 28 28 28 28;36 36 36 36 36 36 36 36 36 36 36 36 36 36 36 36 36 36 36 36 36 36 36 36 36 36 36 36 36 36 36 36 36 36 36 36 36 36 36;49 49 49 49 49 49 49 49 49 49 49 49 49 49 49 49 49 49 49 49 49 49 49 49 49 49 49 49 49 49 49 49 49 49 49 49 49 49 49;32 32 32 32 32 32 32 32 32 32 32 32 32 32 32 32 32 32 32 32 32 32 32 32 32 32 32 32 32 32 32 32 32 32 32 32 32 32 32;40 40 40 40 40 40 40 40 40 40 40 40 40 40 40 40 40 40 40 40 40 40 40 40 40 40 40 40 40 40 40 40 40 40 40 40 40 40 40;48 48 48 48 48 48 48 48 48 48 48 48 48 48 48 48 48 48 48 48 48 48 48 48 48 48 48 48 48 48 48 48 48 48 48 48 48 48 48;36 36 36 36 36 36 36 36 36 36 36 36 36 36 36 36 36 36 36 36 36 36 36 36 36 36 36 36 36 36 36 36 36 36 36 36 36 36 36;28 28 28 28 28 28 28 28 28 28 28 28 28 28 28 28 28 28 28 28 28 28 28 28 28 28 28 28 28 28 28 28 28 28 28 28 28 28 28;32 32 32 32 32 32 32 32 32 32 32 32 32 32 32 32 32 32 32 32 32 32 32 32 32 32 32 32 32 32 32 32 32 32 32 32 32 32 32;51 51 51 51 51 51 51 51 51 51 51 51 51 51 51 51 51 51 51 51 51 51 51 51 51 51 51 51 51 51 51 51 51 51 51 51 51 51 51;51 51 51 51 51 51 51 51 51 51 51 51 51 51 51 51 51 51 51 51 51 51 51 51 51 51 51 51 51 51 51 51 51 51 51 51 51 51 51;42 42 42 42 42 42 42 42 42 42 42 42 42 42 42 42 42 42 42 42 42 42 42 42 42 42 42 42 42 42 42 42 42 42 42 42 42 42 42;45 45 45 45 45 45 45 45 45 45 45 45 45 45 45 45 45 45 45 45 45 45 45 45 45 45 45 45 45 45 45 45 45 45 45 45 45 45 45;
d;3.000 37.234 3.000 20.367 3.000 12.309 3.000 47.015 3.000 102.342 3.000 35.869 3.000 8.429 3.000 75.908 3.000 32.295 3.000 72.158 3.000 55.054 3.000 25.030 3.000 25.014 3.000 24.150 3.000 56.064 3.000 27.639 3.000 4.121 3.000 11.664 3.000 40.266 3.000
S;1.1141478712578246 1.1131863327962861 1.1002804376448587 1.0993188991833203 1.0955805551347666 1.0946190166732281 1.0932981749969761 1.0923366365354377 1.0834778575392543 1.0825163190777158 1.0645471213172142 1.0635855828556757 1.0558452137959267 1.0548836753343882 1.0468664802639083 1.0459049418023698 1.037882432707057 1.0369208942455186 1.0192754176846748 1.0183138792231363 0.99518616998507226 0.9942246315235338 0.9838736910216509 0.98291215256011244 0.95858257669229041 0.95762103823075195 0.95491946899642977 0.95395793053489131 0.94246137703906585 0.94149983857752739 0.90869788105520088 0.90773634259366243 0.89266741781618564 0.89170587935464718 0.88776057059660063 0.88679903213506217 0.88027103776222926 0.8793094993006908 0.86737559227622407 0.86641405381468561;1.7998534237346153 1.7986339115394934 1.7822654591523173 1.7810459469571953 1.7763046325541516 1.7750851203590297 1.7734099065257343 1.7721903943306121 1.760954869750087 1.759735357554965 1.7369451555172555 1.7357256433221335 1.7259085898805004 1.7246890776853785 1.7145209278398919 1.7133014156447699 1.7031265260604704 1.7019070138653485 1.6795273850564736 1.6783078728613516 1.6489751684618557 1.6477556562667337 1.6346276341667845 1.6334081219716625 1.6025510989197906 1.6013315867246687 1.5979052062323575 1.5966856940372354 1.5821046993596031 1.5808851871644809 1.5392827044532378 1.5380631922581156 1.518951385223267 1.5177318730281448 1.5127280667984273 1.5115085546033054 1.5032291471060539 1.5020096349109318 1.4868739479530717 1.4856544357579498;1.7942225583062563 1.7932610198447179 1.7803551246932905 1.779393586231752 1.7756552421831984 1.7746937037216599 1.7733728620454079 1.7724113235838694 1.7635525445876861 1.7625910061261476 1.744621808365646 1.7436602699041075 1.7359199008443582 1.7349583623828198 1.72694116731234 1.7259796288508016 1.7179571197554888 1.7169955812939504 1.6993501047331065 1.6983885662715681 1.6752608570335041 1.6742993185719657 1.6639483780700828 1.6629868396085443 1.6386572637407224 1.6376957252791839 1.6349941560448618 1.6340326175833233 1.6225360640874977 1.6215745256259593 1.5887725681036329 1.5878110296420944 1.5727421048646175 1.5717805664030791 1.5678352576450325 1.5668737191834941 1.5603457248106614 1.5593841863491229 1.5474502793246561 1.5464887408631176;2.3066656124719618 2.3048798981862477 2.2809118071907397 2.2791260929050252 2.272183453957711 2.270397739671997 2.2679447479875283 2.2661590337018138 2.2497070155660452 2.2479213012803307 2.2145499340108277 2.2127642197251136 2.1983892486141507 2.1966035343284367 2.1817144577689742 2.1799287434832597 2.165029798020536 2.1632440837348219 2.1304739129789692 2.1286881986932547 2.0857367386797074 2.0839510243939929 2.0647278491762102 2.0629421348904962 2.0177586368502554 2.0159729225645409 2.0109557225579424 2.0091700082722279 1.987819266065695 1.9860335517799805 1.9251156306670889 1.9233299163813744 1.8953447703660602 1.8935590560803459 1.8862320541011166 1.8844463398154021 1.8723229216944268 1.8705372074087125 1.848374237220417 1.8465885229347028;2.4436921074116706 2.4423032185227815 2.4236613699707195 2.4222724810818308 2.4168726507894749 2.4154837619005862 2.4135758794793327 2.4121869905904436 2.3993909764848458 2.3980020875959567 2.3720465797196768 2.3706576908307877 2.3594771577444833 2.3580882688555942 2.3465078759760121 2.3451189870871234 2.3335309183938935 2.3321420295050048 2.3066541189171192 2.3052652300282306 2.2718585389065824 2.2704696500176933 2.2555182915149734 2.2541294026260843 2.2189866819281194 2.2175977930392303 2.2136955263674314 2.2123066374785423 2.195700504651239 2.1943116157623499 2.1469310104523225 2.1455421215634334 2.1237758968848559 2.1223870079959672 2.1166882286787887 2.1152993397899 2.1058700145846969 2.1044811256958083 2.0872432599938007 2.085854371104912;2.8664036473048684 2.865383239141603 2.85168718714417 2.8506667789809046 2.8466995567252971 2.8456791485620321 2.8442774390280499 2.8432570308647849 2.8338558776443454 2.8328354694810804 2.8137661167556502 2.8127457085923853 2.8045314393861207 2.8035110312228557 2.7950029874745912 2.7939825793113262 2.7854688961897698 2.7844484880265048 2.7657226761660172 2.7647022680027522 2.7401585765664391 2.7391381684031741 2.7281534968501555 2.7271330886868905 2.7013139469496101 2.7002935387863451 2.697426567354003 2.696406159190738 2.6842057350727191 2.6831853269094541 2.648375086273516 2.647354678110251 2.6313631661015 2.630342757938235 2.6261558996643894 2.6251354915011245 2.6182078240034246 2.6171874158401591 2.6045228614468474 2.6035024532835824;3.2800133735062968 3.2784508735062965 3.2574787938852272 3.2559162938852273 3.2498414848063275 3.2482789848063276 3.2461326170824178 3.2445701170824179 3.2301746012136201 3.2286121012136202 3.1994121548528054 3.197849654852805 3.1852715551307127 3.1837090551307128 3.1706811131411832 3.1691186131411828 3.1560820358612998 3.1545195358612994 3.1258456364499287 3.1242831364499284 3.0867006089380746 3.0851381089380747 3.0683178306225147 3.0667553306225148 3.0272197698373042 3.0256572698373043 3.0212672198315307 3.0197047198315308 3.0010228204008143 2.9994603204008143 2.9461571394270343 2.9445946394270339 2.9201076366636345 2.9185451366636341 2.9121340099318087 2.9105715099318084 2.8999635190759552 2.8984010190759553 2.8790084201611972 2.8774459201611973;3.2517294953934823 3.2504794953934826 3.2337018316966271 3.2324518316966273 3.2275919844335075 3.2263419844335077 3.2246248902543799 3.2233748902543797 3.2118584775593417 3.210608477559342 3.18724852047069 3.1859985204706902 3.1759360406930162 3.1746860406930164 3.1642636871013923 3.1630136871013925 3.1525844252774862 3.151334425277486 3.1283953057483895 3.1271453057483898 3.0970792837389065 3.0958292837389068 3.0823730610864586 3.0811230610864588 3.0494946124582905 3.0482446124582907 3.0447325724536713 3.0434825724536716 3.0285370529090989 3.0272870529090992 2.9846445081300748 2.983394508130075 2.9638049059193547 2.962554905919355 2.9574260045338945 2.9561760045338947 2.9476896118492122 2.9464396118492124 2.9309255327174055 2.9296755327174058;3.4376919455238637 3.4386534839854024 3.4510681602406383 3.452029698702177 3.4585576930750097 3.4595192315365484 3.4634645402945949 3.4644260787561336 3.4794950035336103 3.480456541995149 3.5132584995174758 3.5142200379790145 3.5257165914748398 3.5266781299363785 3.5293796991707009 3.5303412376322396 3.5546708135000613 3.5556323519616 3.5659832924634833 3.566944830925022 3.590072540163086 3.5910340786246246 3.6086795551854682 3.6096410936470069 3.6176636027423199 3.6186251412038586 3.6266423362743385 3.6276038747358772 3.6353442437956267 3.6363057822571654 3.654274980017667 3.6552365184792057 3.6640952974753893 3.665056835936928 3.66637767761318 3.6673392160747187 3.6710775601232726 3.6720390985848113 3.6849449937362384 3.6859065321977771;4.1616706509919776 4.1628901631870994 4.1786356062425201 4.1798551184376418 4.1881345259348937 4.1893540381300154 4.1943578443597334 4.1955773565548551 4.2146891635897044 4.2159086757848261 4.2575111584960688 4.2587306706911905 4.2733116653688228 4.2745311775639445 4.2779575580562561 4.2791770702513778 4.3100340933032495 4.3112536054983712 4.3243816275983216 4.3256011397934433 4.3549338441929386 4.3561533563880603 4.3785329851969355 4.3797524973920572 4.389927386976356 4.3911468991714777 4.4013150490169641 4.4025345612120868 4.4123516146537192 4.4135711268488409 4.4363613288865507 4.4375808410816724 4.4488163656621973 4.450035877857319 4.4517110916906146 4.4529306038857364 4.4576719182887805 4.4588914304839022 4.4752598828710779 4.4764793950662005;4.2779178073324227 4.2788793457939613 4.2912940220491969 4.2922555605107355 4.2987835548835687 4.2997450933451073 4.3036904021031539 4.3046519405646926 4.3197208653421688 4.3206824038037075 4.3534843613260348 4.3544458997875735 4.3659424532833988 4.3669039917449375 4.3696055609792603 4.370567099440799 4.3948966753086198 4.3958582137701585 4.4062091542720419 4.4071706927335805 4.430298401971644 4.4312599404331827 4.4489054169940268 4.4498669554555654 4.4578894645508784 4.4588510030124171 4.4668681980828966 4.4678297365444353 4.4755701056041852 4.4765316440657239 4.4945008418262251 4.4954623802877638 4.5043211592839469 4.5052826977454856 4.5066035394217376 4.5075650778832763 4.5113034219318298 4.5122649603933684 4.525170855544796 4.5261323940063347;4.7405425907084897 4.7423283049942038 4.7653841323253561 4.7671698466110701 4.7792932647320461 4.7810789790177601 4.7884059809969886 4.7901916952827026 4.8181768412980164 4.8199625555837304 4.8808804766966221 4.8826661909823361 4.9040169331888697 4.9058026474745837 4.9108198474811822 4.9126055617668962 4.957789059807137 4.9595747740928511 4.9787979493106329 4.980583663596347 5.0235351236098937 5.0253208378956078 5.0580910086514601 5.0598767229371742 5.0747756683998979 5.076561382685612 5.0914504592450749 5.0932361735307881 5.1076111446417514 5.1093968589274654 5.1427682261969681 5.1445539404826821 5.1610059586184507 5.1627916729041647 5.1652446645886325 5.1670303788743466 5.1739730178216607 5.1757587321073739 5.1997268231028819 5.201512537388596;5.0141321465148305 5.0155210354037196 5.0334533455501713 5.0348422344390595 5.0442715596442627 5.0456604485331518 5.0513592278503294 5.0527481167392185 5.074514341417796 5.0759032303066842 5.1232838356167116 5.1246727245055999 5.1412788573329031 5.1426677462217913 5.1465700128935907 5.1479589017824789 5.1831016224804447 5.1844905113693329 5.1994418698720519 5.200830758760941 5.2342374498825883 5.2356263387714774 5.2611142493593626 5.2625031382482508 5.2740912069414803 5.2754800958303694 5.287060488709951 5.2884493775988393 5.2996299106851437 5.3010187995740328 5.3269743074503131 5.3283631963392013 5.3411592104447996 5.3425480993336878 5.3444559817549413 5.3458448706438295 5.3512447009361841 5.3526335898250732 5.3712754383771353 5.3726643272660235;5.802747020379015 5.8037674285422804 5.816942187017224 5.8179625951804894 5.8248902626781902 5.8259106708414548 5.8300975291153003 5.8311179372785649 5.8471094492873164 5.8481298574505818 5.8829400980865199 5.8839605062497844 5.8961609303678033 5.8971813385310687 5.9000483099634105 5.9010687181266759 5.9268878598639558 5.9279082680272213 5.9388929395802394 5.939913347743504 5.9644570391798171 5.9654774473430816 5.9842032592035688 5.9852236673668342 5.9937373504883906 5.9947577586516561 6.0032658023999206 6.0042862105631851 6.0125004797694492 6.0135208879327147 6.0325902406581458 6.0336106488214103 6.0430118020418497 6.0440322102051152 6.0454339197390974 6.0464543279023628 6.0504215501579699 6.0514419583212353 6.0651380103186678 6.0661584184819333;5.9577809696391215 5.9593434696391219 5.9795173185538797 5.98107981855388 5.9916878094097337 5.9932503094097331 5.999661436141559 6.0012239361415585 6.0257109389049592 6.0272734389049587 6.0805766198787392 6.0821391198787387 6.1008210193094552 6.1023835193094556 6.1067735693152292 6.1083360693152295 6.1478716301004406 6.1494341301004409 6.166254408416 6.1678169084160004 6.2053994359278546 6.2069619359278541 6.2356358353392256 6.237198335339226 6.250234912619109 6.2517974126191094 6.2648253546086385 6.2663878546086389 6.2789659543307312 6.2805284543307316 6.3097284006915464 6.3112909006915467 6.3256864165603446 6.3272489165603449 6.3293952842842547 6.3309577842842542 6.3370325933631539 6.3385950933631543 6.3595671729842245 6.3611296729842239;6.1308528211681068 6.1321028211681066 6.1482419002999134 6.1494919002999131 6.1579782929845965 6.1592282929845963 6.1643571943700568 6.1656071943700566 6.1851967965807768 6.1864467965807766 6.2290893413598001 6.2303393413597998 6.2452848609043734 6.2465348609043732 6.2500469009089921 6.2512969009089918 6.2829253495371606 6.2841753495371604 6.2976315721896077 6.2988815721896083 6.3289475941990911 6.3301975941990909 6.3531367137281878 6.3543867137281875 6.3648159755520943 6.3660659755520941 6.3764883291437178 6.3777383291437184 6.3878008089213925 6.3890508089213922 6.4124107660100442 6.413660766010044 6.4251771787050824 6.4264271787050822 6.42814427288421 6.4293942728842097 6.4342541201473296 6.4355041201473293 6.4522817838441853 6.453531783844185;
