m;7
n;14
P;39
P1;2 4 6 8 10 12 14 16 18 20 22 24 26 28 30 32 34 36 38
Q;40
M;100
h;1 1 1 1 1 1 1 1 1 1 1 1 1 1 1 1 1 1 1 1 1 1 1 1 1 1 1 1 1 1 1 1 1 1 1 1 1 1 1
Vmin;40 40 40 40 40 40 40 40 40 40 40 40 40 40 40 40 40 40 40 40 40 40 40 40 40 40 40 40 40 40 40 40 40 40 40 40 40 40 40;40 40 40 40 40 40 40 40 40 40 40 40 40 40 40 40 40 40 40 40 40 40 40 40 40 40 40 40 40 40 40 40 40 40 40 40 40 40 40;46 46 46 46 46 46 46 46 46 46 46 46 46 46 46 46 46 46 46 46 46 46 46 46 46 46 46 46 46 46 46 46 46 46 46 46 46 46 46;40 40 40 40 40 40 40 40 40 40 40 40 40 40 40 40 40 40 40 40 40 40 40 40 40 40 40 40 40 40 40 40 40 40 40 40 40 40 40;39 39 39 39 39 39 39 39 39 39 39 39 39 39 39 39 39 39 39 39 39 39 39 39 39 39 39 39 39 39 39 39 39 39 39 39 39 39 39;52 52 52 52 52 52 52 52 52 52 52 52 52 52 52 52 52 52 52 52 52 52 52 52 52 52 52 52 52 52 52 52 52 52 52 52 52 52 52;34 34 34 34 34 34 34 34 34 34 34 34 34 34 34 34 34 34 34 34 34 34 34 34 34 34 34 34 34 34 34 34 34 34 34 34 34 34 34;32 32 32 32 32 32 32 32 32 32 32 32 32 32 32 32 32 32 32 32 32 32 32 32 32 32 32 32 32 32 32 32 32 32 32 32 32 32 32;46 46 46 46 46 46 46 46 46 46 46 46 46 46 46 46 46 46 46 46 46 46 46 46 46 46 46 46 46 46 46 46 46 46 46 46 46 46 46;51 51 51 51 51 51 51 51 51 51 51 51 51 51 51 51 51 51 51 51 51 51 51 51 51 51 51 51 51 51 51 51 51 51 51 51 51 51 51;38 38 38 38 38 38 38 38 38 38 38 38 38 38 38 38 38 38 38 38 38 38 38 38 38 38 38 38 38 38 38 38 38 38 38 38 38 38 38;28 28 28 28 28 28 28 28 28 28 28 28 28 28 28 28 28 28 28 28 28 28 28 28 28 28 28 28 28 28 28 28 28 28 28 28 28 28 28;49 49 49 49 49 49 49 49 49 49 49 49 49 49 49 49 49 49 49 49 49 49 49 49 49 49 49 49 49 49 49 49 49 49 49 49 49 49 49;51 51 51 51 51 51 51 51 51 51 51 51 51 51 51 51 51 51 51 51 51 51 51 51 51 51 51 51 51 51 51 51 51 51 51 51 51 51 51;
Vmax;40 40 40 40 40 40 40 40 40 40 40 40 40 40 40 40 40 40 40 40 40 40 40 40 40 40 40 40 40 40 40 40 40 40 40 40 40 40 40;40 40 40 40 40 40 40 40 40 40 40 40 40 40 40 40 40 40 40 40 40 40 40 40 40 40 40 40 40 40 40 40 40 40 40 40 40 40 40;46 46 46 46 46 46 46 46 46 46 46 46 46 46 46 46 46 46 46 46 46 46 46 46 46 46 46 46 46 46 46 46 46 46 46 46 46 46 46;40 40 40 40 40 40 40 40 40 40 40 40 40 40 40 40 40 40 40 40 40 40 40 40 40 40 40 40 40 40 40 40 40 40 40 40 40 40 40;39 39 39 39 39 39 39 39 39 39 39 39 39 39 39 39 39 39 39 39 39 39 39 39 39 39 39 39 39 39 39 39 39 39 39 39 39 39 39;52 52 52 52 52 52 52 52 52 52 52 52 52 52 52 52 52 52 52 52 52 52 52 52 52 52 52 52 52 52 52 52 52 52 52 52 52 52 52;34 34 34 34 34 34 34 34 34 34 34 34 34 34 34 34 34 34 34 34 34 34 34 34 34 34 34 34 34 34 34 34 34 34 34 34 34 34 34;32 32 32 32 32 32 32 32 32 32 32 32 32 32 32 32 32 32 32 32 32 32 32 32 32 32 32 32 32 32 32 32 32 32 32 32 32 32 32;46 46 46 46 46 46 46 46 46 46 46 46 46 46 46 46 46 46 46 46 46 46 46 46 46 46 46 46 46 46 46 46 46 46 46 46 46 46 46;51 51 51 51 51 51 51 51 51 51 51 51 51 51 51 51 51 51 51 51 51 51 51 51 51 51 51 51 51 51 51 51 51 51 51 51 51 51 51;38 38 38 38 38 38 38 38 38 38 38 38 38 38 38 38 38 38 38 38 38 38 38 38 38 38 38 38 38 38 38 38 38 38 38 38 38 38 38;28 28 28 28 28 28 28 28 28 28 28 28 28 28 28 28 28 28 28 28 28 28 28 28 28 28 28 28 28 28 28 28 28 28 28 28 28 28 28;49 49 49 49 49 49 49 49 49 49 49 49 49 49 49 49 49 49 49 49 49 49 49 49 49 49 49 49 49 49 49 49 49 49 49 49 49 49 49;51 51 51 51 51 51 51 51 51 51 51 51 51 51 51 51 51 51 51 51 51 51 51 51 51 51 51 51 51 51 51 51 51 51 51 51 51 51 51;
d;3.000 58.108 3.000 20.636 3.000 26.327 3.000 40.516 3.000 27.821 3.000 21.491 3.000 21.985 3.000 17.268 3.000 33.510 3.000 25.477 3.000 66.901 3.000 32.990 3.000 4.177 3.000 4.919 3.000 28.475 3.000 3.606 3.000 3.510 3.000 17.332 3.000 20.601 3.000
S;13.391246973890045 13.316246973890046 12.801233567230359 12.726233567230359 12.292929722600045 12.217929722600045 12.130186389541711 12.055186389541712 11.965031706893118 11.890031706893119 11.17814567631723 11.103145676317231 10.980159590229849 10.90515959022985 10.800745763236012 10.725745763236013 9.9009982040674647 9.8259982040674654 8.1534841515701757 8.0784841515701764 7.441548615165579 7.3665486151655788 6.5287925356640573 6.4537925356640571 6.0220823910045151 5.947082391004515 5.3974637139398167 5.3224637139398165 4.7851993586830979 4.7101993586830977 4.0146625814268093 3.9396625814268091 2.9267649551630535 2.8517649551630533 2.1935965653555871 2.1185965653555869 1.6026935869170464 1.5276935869170465 0.074999999999999997 0;13.724580307223381 13.649580307223381 13.134566900563694 13.059566900563695 12.62626305593338 12.551263055933381 12.463519722875047 12.388519722875047 12.298365040226454 12.223365040226454 11.511479009650566 11.436479009650567 11.313492923563185 11.238492923563186 11.134079096569348 11.059079096569349 10.234331537400799 10.159331537400799 8.4868174849035096 8.4118174849035103 7.7748819484989129 7.6998819484989127 6.8621258689973912 6.787125868997391 6.3554157243378491 6.2804157243378489 5.7307970472731506 5.6557970472731505 5.1185326920164318 5.0435326920164316 4.3479959147601432 4.2729959147601431 3.2600982884963869 3.1850982884963868 2.5269298986889206 2.4519298986889204 1.9360269202503797 1.8610269202503797 0.40833333333333333 0.33333333333333331;12.311229252658013 12.246011861353665 11.798174116432198 11.732956725127851 11.356170773275403 11.290953381971056 11.214654831485547 11.149437440181199 11.071042063965031 11.005824672660683 10.386793341725129 10.321575950420781 10.214631527736101 10.149414136431753 10.058619504263199 9.9934021129588508 9.2762303223775042 9.2110129310731566 7.756652885423339 7.6914354941189913 7.1375785059410806 7.0723611146367329 6.343877567244105 6.2786601759397573 5.9032600501488517 5.838042658844504 5.3601133744404184 5.2948959831360707 4.8277095872606637 4.762492195956316 4.1576776070378045 4.0924602157334569 3.2116796711562778 3.1464622798519302 2.5741419408889161 2.5089245495845685 2.0603132639858375 1.9950958726814896 0.73188405797101441 0.66666666666666663;14.391246973890045 14.316246973890046 13.801233567230359 13.726233567230359 13.292929722600045 13.217929722600045 13.130186389541711 13.055186389541712 12.965031706893118 12.890031706893119 12.17814567631723 12.103145676317231 11.980159590229849 11.90515959022985 11.800745763236012 11.725745763236013 10.900998204067463 10.825998204067464 9.1534841515701739 9.0784841515701746 8.4415486151655781 8.3665486151655788 7.5287925356640573 7.4537925356640571 7.0220823910045151 6.947082391004515 6.3974637139398167 6.3224637139398165 5.7851993586830979 5.7101993586830977 5.0146625814268093 4.9396625814268091 3.9267649551630539 3.8517649551630537 3.1935965653555876 3.1185965653555874 2.6026935869170469 2.5276935869170467 1.075 1;15.0679456142462 14.991022537323124 14.462803658697805 14.385880581774728 13.941466382153893 13.864543305230816 13.774550143119704 13.697627066196628 13.605160725018584 13.528237648095507 12.798098129556134 12.721175052633058 12.59503547715882 12.518112400235744 12.411021295626679 12.334098218703602 11.488203286223039 11.411280209299962 9.6958811810976133 9.6189581041745367 8.9656908873493091 8.8887678104262324 8.0295308058092871 7.9526077288862105 7.5098280933379629 7.4329050164148862 6.8691935527587855 6.7922704758357089 6.2412301114698439 6.1643070345467672 5.4509359809505735 5.3740129040274969 4.3351435437569776 4.258220466833901 3.5831759644672689 3.5062528875441918 2.9771216276072274 2.9001985506841503 1.4102564102564101 1.3333333333333333;11.967625877351328 11.909933569659019 11.513769410690029 11.456077102997721 11.122766453282095 11.065074145589787 10.997579274006451 10.939886966314143 10.870537210430609 10.8128449027383 10.265240263833771 10.207547956141463 10.112943274535784 10.055250966843476 9.9749326383866759 9.9172403306943675 9.2828191313339445 9.2251268236416362 7.9385775524898747 7.8808852447975672 7.3909348321786466 7.3332425244863391 6.6888147710236305 6.631122463331323 6.2990377366701376 6.2413454289778301 5.8185618312357548 5.7608695235434473 5.3475892502690483 5.2898969425767408 4.7548686523795958 4.6971763446872883 3.9180243244843993 3.8603320167920918 3.3540486400171177 3.2963563323248102 2.8995078873720868 2.8418155796797793 1.7243589743589745 1.6666666666666667;17.754408204576535 17.666172910458886 17.060274784976901 16.972039490859252 16.462270261882413 16.374034967764764 16.270807517107901 16.182572222990252 16.076507890462494 15.988272596344848 15.150759619196744 15.062524325079098 14.917834812035119 14.829599517917472 14.706759721454132 14.618524427336485 13.648233181255838 13.559997887138191 11.592334295964909 11.504099001847262 10.754763076665382 10.666527782547735 9.6809323948988872 9.5926971007812405 9.0848028129464851 8.9965675188288383 8.3499573105174285 8.2617220163997818 7.6296463043330549 7.5414110102154082 6.723132448737422 6.6348971546197753 5.4432528884271214 5.3550175943094747 4.5807018415948084 4.4924665474771617 3.8855218669612315 3.7972865728435843 2.0882352941176472 2;0 0.074999999999999997 1.5651935869170466 1.6401935869170465 2.156096565355587 2.2310965653555872 2.8892649551630534 2.9642649551630535 3.9771625814268092 4.052162581426809 4.7476993586830973 4.8226993586830975 5.3599637139398162 5.4349637139398164 5.9845823910045146 6.0595823910045148 6.4912925356640567 6.5662925356640569 7.4040486151655784 7.4790486151655786 8.1159841515701761 8.1909841515701753 9.863498204067465 9.9384982040674643 10.763245763236014 10.838245763236014 10.942659590229852 11.017659590229851 11.140645676317233 11.215645676317232 11.92753170689312 12.002531706893119 12.092686389541713 12.167686389541712 12.255429722600047 12.330429722600046 12.763733567230361 12.83873356723036 13.353746973890047 13.428746973890046;0.33333333333333331 0.40833333333333333 1.8985269202503798 1.9735269202503798 2.4894298986889201 2.5644298986889202 3.2225982884963864 3.2975982884963866 4.3104959147601427 4.3854959147601429 5.0810326920164313 5.1560326920164314 5.6932970472731501 5.7682970472731503 6.3179157243378485 6.3929157243378487 6.8246258689973907 6.8996258689973908 7.7373819484989124 7.8123819484989125 8.44931748490351 8.5243174849035093 10.196831537400799 10.271831537400798 11.096579096569346 11.171579096569346 11.275992923563184 11.350992923563183 11.473979009650565 11.548979009650564 12.260865040226452 12.335865040226452 12.426019722875045 12.501019722875045 12.588763055933379 12.663763055933378 13.097066900563693 13.172066900563692 13.687080307223379 13.762080307223378;0.66666666666666663 0.73188405797101441 2.0277045683336636 2.0929219596380113 2.5415332452367423 2.60675063654109 3.179070975504104 3.2442883668084517 4.1250689113856307 4.1902863026899784 4.7951008916084898 4.8603182829128375 5.3275046787882445 5.3927220700925922 5.8706513544966779 5.9358687458010255 6.3112688715919312 6.3764862628962788 7.1049698102889067 7.1701872015932544 7.7240441897711651 7.7892615810755128 9.2436216267253304 9.3088390180296781 10.026010808611025 10.091228199915372 10.182022832083927 10.247240223388275 10.354184646072955 10.419402037377303 11.038433368312857 11.103650759617205 11.182046135833373 11.24726352713772 11.32356207762323 11.388779468927577 11.765565420780025 11.830782812084372 12.278620557005839 12.343837948310187;1 1.075 2.5651935869170464 2.6401935869170465 3.156096565355587 3.2310965653555872 3.8892649551630534 3.9642649551630535 4.9771625814268088 5.052162581426809 5.7476993586830973 5.8226993586830975 6.3599637139398162 6.4349637139398164 6.9845823910045146 7.0595823910045148 7.4912925356640567 7.5662925356640569 8.4040486151655784 8.4790486151655777 9.1159841515701743 9.1909841515701736 10.863498204067463 10.938498204067463 11.763245763236011 11.83824576323601 11.942659590229848 12.017659590229847 12.140645676317229 12.215645676317228 12.927531706893117 13.002531706893116 13.09268638954171 13.167686389541709 13.255429722600043 13.330429722600043 13.763733567230357 13.838733567230356 14.353746973890043 14.428746973890043;1.3333333333333333 1.4102564102564101 2.9386600891456887 3.0155831660687658 3.5447144260057302 3.6216375029288073 4.2966820052954393 4.373605082218516 5.4124744424890352 5.4893975194121118 6.2027685730083055 6.2796916499313822 6.8307320142972472 6.9076550912203238 7.4713665548764245 7.5482896317995012 7.9910692673477488 8.0679923442708255 8.9272293488877708 9.0041524258108474 9.657419642636075 9.7343427195591516 11.4497417477615 11.526664824684577 12.37255975716514 12.449482834088217 12.556573938697282 12.633497015620359 12.759636591094596 12.836559668017673 13.566699186557045 13.643622263480122 13.736088604658166 13.813011681581242 13.903004843692354 13.979927920615431 14.424342120236266 14.501265197159343 15.029484075784662 15.106407152707739;1.6666666666666667 1.7243589743589745 2.8706617335259335 2.9283540412182409 3.3252024861709644 3.3828947938632719 3.889178170638246 3.9468704783305535 4.7260224985334425 4.78371480622575 5.318743096422895 5.3764354041152025 5.7897156773896015 5.847407985081909 6.2701915828239843 6.3278838905162917 6.6599686171774772 6.7176609248697847 7.3620886783324933 7.4197809860248007 7.9097313986437214 7.9674237063360289 9.2539729774877912 9.3116652851800996 9.9460864845405226 10.003778792232831 10.084097120689631 10.141789428381939 10.236394109987618 10.294086417679926 10.841691056584455 10.899383364276764 10.968733120160298 11.026425427852606 11.093920299435942 11.15161260712825 11.484923256843876 11.542615564536185 11.938779723505174 11.996472031197483;2 2.0882352941176472 3.8414042199024081 3.9296395140200553 4.536584194535985 4.6248194886536318 5.399135241368298 5.4873705354859448 6.6790148016785986 6.7672500957962454 7.5855286572742315 7.6737639513918783 8.305839663458606 8.3940749575762528 9.0406851658876626 9.1289204600053093 9.6368147478400648 9.7250500419577115 10.71064542960656 10.798880723724206 11.548216648906084 11.636451943023731 13.604115534197014 13.692350828314661 14.662642074395308 14.750877368512954 14.873717164976295 14.961952459093942 15.10664197213792 15.194877266255567 16.032390243403672 16.12062553752132 16.226689870049078 16.314925164166727 16.41815261482359 16.506387908941239 17.016157137918078 17.104392432035727 17.710290557517713 17.798525851635361;
