m;4
n;8
P;39
P1;2 4 6 8 10 12 14 16 18 20 22 24 26 28 30 32 34 36 38
Q;40
M;100
h;1 1 1 1 1 1 1 1 1 1 1 1 1 1 1 1 1 1 1 1 1 1 1 1 1 1 1 1 1 1 1 1 1 1 1 1 1 1 1
Vmin;45 45 45 45 45 45 45 45 45 45 45 45 45 45 45 45 45 45 45 45 45 45 45 45 45 45 45 45 45 45 45 45 45 45 45 45 45 45 45;52 52 52 52 52 52 52 52 52 52 52 52 52 52 52 52 52 52 52 52 52 52 52 52 52 52 52 52 52 52 52 52 52 52 52 52 52 52 52;52 52 52 52 52 52 52 52 52 52 52 52 52 52 52 52 52 52 52 52 52 52 52 52 52 52 52 52 52 52 52 52 52 52 52 52 52 52 52;47 47 47 47 47 47 47 47 47 47 47 47 47 47 47 47 47 47 47 47 47 47 47 47 47 47 47 47 47 47 47 47 47 47 47 47 47 47 47;28 28 28 28 28 28 28 28 28 28 28 28 28 28 28 28 28 28 28 28 28 28 28 28 28 28 28 28 28 28 28 28 28 28 28 28 28 28 28;40 40 40 40 40 40 40 40 40 40 40 40 40 40 40 40 40 40 40 40 40 40 40 40 40 40 40 40 40 40 40 40 40 40 40 40 40 40 40;45 45 45 45 45 45 45 45 45 45 45 45 45 45 45 45 45 45 45 45 45 45 45 45 45 45 45 45 45 45 45 45 45 45 45 45 45 45 45;52 52 52 52 52 52 52 52 52 52 52 52 52 52 52 52 52 52 52 52 52 52 52 52 52 52 52 52 52 52 52 52 52 52 52 52 52 52 52;
Vmax;45 45 45 45 45 45 45 45 45 45 45 45 45 45 45 45 45 45 45 45 45 45 45 45 45 45 45 45 45 45 45 45 45 45 45 45 45 45 45;52 52 52 52 52 52 52 52 52 52 52 52 52 52 52 52 52 52 52 52 52 52 52 52 52 52 52 52 52 52 52 52 52 52 52 52 52 52 52;52 52 52 52 52 52 52 52 52 52 52 52 52 52 52 52 52 52 52 52 52 52 52 52 52 52 52 52 52 52 52 52 52 52 52 52 52 52 52;47 47 47 47 47 47 47 47 47 47 47 47 47 47 47 47 47 47 47 47 47 47 47 47 47 47 47 47 47 47 47 47 47 47 47 47 47 47 47;28 28 28 28 28 28 28 28 28 28 28 28 28 28 28 28 28 28 28 28 28 28 28 28 28 28 28 28 28 28 28 28 28 28 28 28 28 28 28;40 40 40 40 40 40 40 40 40 40 40 40 40 40 40 40 40 40 40 40 40 40 40 40 40 40 40 40 40 40 40 40 40 40 40 40 40 40 40;45 45 45 45 45 45 45 45 45 45 45 45 45 45 45 45 45 45 45 45 45 45 45 45 45 45 45 45 45 45 45 45 45 45 45 45 45 45 45;52 52 52 52 52 52 52 52 52 52 52 52 52 52 52 52 52 52 52 52 52 52 52 52 52 52 52 52 52 52 52 52 52 52 52 52 52 52 52;
d;3.000 18.119 3.000 35.069 3.000 14.036 3.000 10.174 3.000 17.499 3.000 18.978 3.000 9.550 3.000 48.362 3.000 34.133 3.000 56.634 3.000 3.686 3.000 12.574 3.000 20.742 3.000 26.612 3.000 36.927 3.000 25.387 3.000 4.655 3.000 13.186 3.000 17.584 3.000
S;10.753492498567748 10.686825831901082 10.296070592985675 10.229403926319009 9.9363725963255689 9.8697059296589025 9.766250587747157 9.6995839210804906 9.1354230126992491 9.0687563460325826 8.2481598662314717 8.1814931995648053 7.5901174216753882 7.5234507550087217 7.0625199187919758 6.9958532521253094 6.7164363253047483 6.6497696586380819 6.5678485078694662 6.5011818412027997 5.2426380877525185 5.1759714210858521 4.4174651895565056 4.3507985228898391 3.2760799634342588 3.2094132967675919 2.9972002987790098 2.930533632112343 2.5088111989907791 2.4421445323241122 2.053273002404981 1.9866063357383141 1.7605243782333868 1.6938577115667202 1.3819547837640858 1.3152881170974191 0.535967788813701 0.46930112214703429 0.066666666666666666 0;9.6392403032477336 9.5815479955554252 9.2433944234170919 9.1857021157247836 8.9321173109227683 8.8744250032304599 8.78489634196068 8.7272040342683717 8.2389878635538363 8.1812955558615279 7.4711639868028747 7.4134716791105673 6.9017041790139571 6.8440118713216496 6.4451294169033115 6.387437109211004 6.1456339994624418 6.0879416917701343 6.0170483882203705 5.959356080528063 4.8702316785037807 4.8125393708114732 4.1561397473726158 4.0984474396803083 3.1684025324591327 3.1107102247668252 2.9270643611228602 2.8693720534305527 2.5044199478445837 2.4467276401522762 2.1102042007991817 2.0525118931068742 1.8568640452660718 1.7991717375737641 1.5292557423599458 1.4715634346676381 0.79715161211442065 0.73945930442211294 0.39102564102564102 0.33333333333333331;9.9725736365810675 9.9148813288887592 9.5767277567504259 9.5190354490581175 9.2654506442561022 9.2077583365637938 9.118229675294014 9.0605373676017056 8.5723211968871702 8.5146288891948618 7.8044973201362078 7.7468050124439003 7.2350375123472901 7.1773452046549826 6.7784627502366446 6.7207704425443371 6.4789673327957749 6.4212750251034674 6.3503817215537035 6.292689413861396 5.2035650118371137 5.1458727041448062 4.4894730807059489 4.4317807730136414 3.5017358657924658 3.4440435581001583 3.2603976944561932 3.2027053867638857 2.8377532811779171 2.7800609734856097 2.4435375341325152 2.3858452264402077 2.1901973785994051 2.1325050709070976 1.8625890756932793 1.8048967680009715 1.1304849454477541 1.0727926377554464 0.72435897435897434 0.66666666666666663;11.295897073096787 11.232067285862744 10.857939929454377 10.794110142220333 10.513548230524487 10.449718443290443 10.350665456353665 10.286835669119622 9.7466816079035397 9.6828518206694962 8.8971743400088581 8.8333445527748147 8.2671337016040969 8.2033039143700535 7.7619871562901901 7.6981573690561476 7.4306305242279507 7.3668007369939081 7.2883655926409778 7.2245358054069353 6.0195471052949641 5.9557173180609215 5.2294879474477174 5.1656581602136749 4.1366723054157788 4.0728425181817363 3.8696598605330941 3.8058300732990515 3.402053275629469 3.3382234883954265 2.965899683153705 2.9020698959196625 2.6856084472447321 2.6217786600106896 2.3231481972209331 2.2593184099868906 1.5131606488641818 1.4493308616301392 1.0638297872340425 1;0 0.066666666666666666 0.50263445548036767 0.56930112214703432 1.3486214504307523 1.415288117097419 1.7271910449000534 1.79385771156672 2.0199396690716473 2.0866063357383142 2.4754778656574454 2.5421445323241123 2.9638669654456762 3.0305336321123431 3.2427466301009251 3.309413296767592 4.3841318562231724 4.4507985228898388 5.2093047544191853 5.2759714210858517 6.534515174536133 6.6011818412027994 6.6831029919714151 6.7497696586380815 7.0291865854586426 7.095853252125309 7.556784088342055 7.6234507550087214 8.2148265328981385 8.2814931995648049 9.1020896793659158 9.1687563460325823 9.7329172544138238 9.7995839210804903 9.9030392629922357 9.9697059296589021 10.262737259652342 10.329403926319008 10.720159165234415 10.786825831901082;0.33333333333333331 0.39102564102564102 0.76830545826826691 0.82599776596057461 1.5004095885137922 1.5581018962061 1.8280178914199183 1.885710199112226 2.0813580469530284 2.1390503546453359 2.4755737939984304 2.5332661016907378 2.8982182072767069 2.9559105149690144 3.1395563786129794 3.1972486863052869 4.1272935935264625 4.18498590121877 4.8413855246576274 4.8990778323499349 5.9882022343742172 6.0458945420665247 6.1167878456162885 6.174480153308596 6.4162832630571582 6.4739755707494657 6.8728580251678038 6.9305503328601112 7.4423178329567214 7.5000101406490289 8.210141709707683 8.2678340173999914 8.7560501881145267 8.8137424958068351 8.903271157076615 8.9609634647689234 9.2145482695709386 9.272240577263247 9.6103941494015803 9.6680864570938887;0.66666666666666663 0.72435897435897434 1.1016387916016002 1.1593310992939079 1.8337429218471253 1.891435229539433 2.1613512247532514 2.2190435324455589 2.4146913802863614 2.4723836879786689 2.8089071273317634 2.8665994350240709 3.2315515406100399 3.2892438483023474 3.4728897119463125 3.53058201963862 4.4606269268597956 4.518319234552103 5.1747188579909604 5.2324111656832679 6.3215355677075502 6.3792278753998577 6.4501211789496216 6.507813486641929 6.7496165963904913 6.8073089040827988 7.2061913585011368 7.2638836661934443 7.7756511662900545 7.833343473982362 8.5434750430410151 8.6011673507333235 9.0893835214478589 9.1470758291401673 9.2366044904099471 9.2942967981022555 9.5478816029042708 9.6055739105965792 9.9437274827349125 10.001419790427221;1 1.0638297872340425 1.4812457552471605 1.545075542481203 2.2912333036039119 2.3550630908379544 2.6536935536277109 2.7175233408617534 2.9339847895366837 2.9978145767707263 3.3701383820124478 3.4339681692464903 3.8377449669160728 3.9015747541501153 4.104757411798758 4.1685871990328005 5.1975730538306966 5.2614028410647391 5.9876322116779432 6.0514619989119858 7.2564506990239579 7.3202804862580004 7.3987156306109307 7.4625454178449733 7.7300722626731702 7.7939020499072127 8.2352188079870761 8.2990485952211195 8.8652594463918373 8.9290892336258807 9.7147667142865188 9.7785965015205623 10.318750562736644 10.382580349970688 10.481633336907466 10.545463124141509 10.826025035837356 10.889854823071399 11.263982179479767 11.32781196671381;
