m;8
n;16
P;39
P1;2 4 6 8 10 12 14 16 18 20 22 24 26 28 30 32 34 36 38
Q;40
M;100
h;1 1 1 1 1 1 1 1 1 1 1 1 1 1 1 1 1 1 1 1 1 1 1 1 1 1 1 1 1 1 1 1 1 1 1 1 1 1 1
Vmin;50 50 50 50 50 50 50 50 50 50 50 50 50 50 50 50 50 50 50 50 50 50 50 50 50 50 50 50 50 50 50 50 50 50 50 50 50 50 50;50 50 50 50 50 50 50 50 50 50 50 50 50 50 50 50 50 50 50 50 50 50 50 50 50 50 50 50 50 50 50 50 50 50 50 50 50 50 50;40 40 40 40 40 40 40 40 40 40 40 40 40 40 40 40 40 40 40 40 40 40 40 40 40 40 40 40 40 40 40 40 40 40 40 40 40 40 40;44 44 44 44 44 44 44 44 44 44 44 44 44 44 44 44 44 44 44 44 44 44 44 44 44 44 44 44 44 44 44 44 44 44 44 44 44 44 44;52 52 52 52 52 52 52 52 52 52 52 52 52 52 52 52 52 52 52 52 52 52 52 52 52 52 52 52 52 52 52 52 52 52 52 52 52 52 52;48 48 48 48 48 48 48 48 48 48 48 48 48 48 48 48 48 48 48 48 48 48 48 48 48 48 48 48 48 48 48 48 48 48 48 48 48 48 48;43 43 43 43 43 43 43 43 43 43 43 43 43 43 43 43 43 43 43 43 43 43 43 43 43 43 43 43 43 43 43 43 43 43 43 43 43 43 43;44 44 44 44 44 44 44 44 44 44 44 44 44 44 44 44 44 44 44 44 44 44 44 44 44 44 44 44 44 44 44 44 44 44 44 44 44 44 44;49 49 49 49 49 49 49 49 49 49 49 49 49 49 49 49 49 49 49 49 49 49 49 49 49 49 49 49 49 49 49 49 49 49 49 49 49 49 49;42 42 42 42 42 42 42 42 42 42 42 42 42 42 42 42 42 42 42 42 42 42 42 42 42 42 42 42 42 42 42 42 42 42 42 42 42 42 42;38 38 38 38 38 38 38 38 38 38 38 38 38 38 38 38 38 38 38 38 38 38 38 38 38 38 38 38 38 38 38 38 38 38 38 38 38 38 38;40 40 40 40 40 40 40 40 40 40 40 40 40 40 40 40 40 40 40 40 40 40 40 40 40 40 40 40 40 40 40 40 40 40 40 40 40 40 40;35 35 35 35 35 35 35 35 35 35 35 35 35 35 35 35 35 35 35 35 35 35 35 35 35 35 35 35 35 35 35 35 35 35 35 35 35 35 35;41 41 41 41 41 41 41 41 41 41 41 41 41 41 41 41 41 41 41 41 41 41 41 41 41 41 41 41 41 41 41 41 41 41 41 41 41 41 41;28 28 28 28 28 28 28 28 28 28 28 28 28 28 28 28 28 28 28 28 28 28 28 28 28 28 28 28 28 28 28 28 28 28 28 28 28 28 28;47 47 47 47 47 47 47 47 47 47 47 47 47 47 47 47 47 47 47 47 47 47 47 47 47 47 47 47 47 47 47 47 47 47 47 47 47 47 47;
Vmax;50 50 50 50 50 50 50 50 50 50 50 50 50 50 50 50 50 50 50 50 50 50 50 50 50 50 50 50 50 50 50 50 50 50 50 50 50 50 50;50 50 50 50 50 50 50 50 50 50 50 50 50 50 50 50 50 50 50 50 50 50 50 50 50 50 50 50 50 50 50 50 50 50 50 50 50 50 50;40 40 40 40 40 40 40 40 40 40 40 40 40 40 40 40 40 40 40 40 40 40 40 40 40 40 40 40 40 40 40 40 40 40 40 40 40 40 40;44 44 44 44 44 44 44 44 44 44 44 44 44 44 44 44 44 44 44 44 44 44 44 44 44 44 44 44 44 44 44 44 44 44 44 44 44 44 44;52 52 52 52 52 52 52 52 52 52 52 52 52 52 52 52 52 52 52 52 52 52 52 52 52 52 52 52 52 52 52 52 52 52 52 52 52 52 52;48 48 48 48 48 48 48 48 48 48 48 48 48 48 48 48 48 48 48 48 48 48 48 48 48 48 48 48 48 48 48 48 48 48 48 48 48 48 48;43 43 43 43 43 43 43 43 43 43 43 43 43 43 43 43 43 43 43 43 43 43 43 43 43 43 43 43 43 43 43 43 43 43 43 43 43 43 43;44 44 44 44 44 44 44 44 44 44 44 44 44 44 44 44 44 44 44 44 44 44 44 44 44 44 44 44 44 44 44 44 44 44 44 44 44 44 44;49 49 49 49 49 49 49 49 49 49 49 49 49 49 49 49 49 49 49 49 49 49 49 49 49 49 49 49 49 49 49 49 49 49 49 49 49 49 49;42 42 42 42 42 42 42 42 42 42 42 42 42 42 42 42 42 42 42 42 42 42 42 42 42 42 42 42 42 42 42 42 42 42 42 42 42 42 42;38 38 38 38 38 38 38 38 38 38 38 38 38 38 38 38 38 38 38 38 38 38 38 38 38 38 38 38 38 38 38 38 38 38 38 38 38 38 38;40 40 40 40 40 40 40 40 40 40 40 40 40 40 40 40 40 40 40 40 40 40 40 40 40 40 40 40 40 40 40 40 40 40 40 40 40 40 40;35 35 35 35 35 35 35 35 35 35 35 35 35 35 35 35 35 35 35 35 35 35 35 35 35 35 35 35 35 35 35 35 35 35 35 35 35 35 35;41 41 41 41 41 41 41 41 41 41 41 41 41 41 41 41 41 41 41 41 41 41 41 41 41 41 41 41 41 41 41 41 41 41 41 41 41 41 41;28 28 28 28 28 28 28 28 28 28 28 28 28 28 28 28 28 28 28 28 28 28 28 28 28 28 28 28 28 28 28 28 28 28 28 28 28 28 28;47 47 47 47 47 47 47 47 47 47 47 47 47 47 47 47 47 47 47 47 47 47 47 47 47 47 47 47 47 47 47 47 47 47 47 47 47 47 47;
d;3.000 49.273 3.000 42.903 3.000 13.703 3.000 25.664 3.000 21.808 3.000 5.298 3.000 33.434 3.000 82.072 3.000 12.584 3.000 29.841 3.000 3.185 3.000 30.210 3.000 23.599 3.000 37.064 3.000 28.338 3.000 13.717 3.000 6.787 3.000 8.166 3.000 50.438 3.000
S;11.561669728093422 11.501669728093422 10.492908854757907 10.432908854757907 10.269587566681718 10.209587566681718 10.073853546476641 10.013853546476641 9.7395133594766854 9.6795133594766849 9.11276095135789 9.0527609513578895 8.3114839539277021 8.2514839539277016 7.7794993402580355 7.7194993402580359 7.1152923276718152 7.0552923276718156 6.9915888524165561 6.9315888524165565 6.3347744038606102 6.2747744038606106 6.0231027443080176 5.963102744308018 4.3216556881973158 4.2616556881973162 3.5929699793412921 3.5329699793412921 3.4270105925053711 3.367010592505371 2.9308511936312498 2.8708511936312497 2.3575783692716503 2.2975783692716503 2.0235195497084955 1.9635195497084956 1.1054661654995277 1.0454661654995276 0.059999999999999998 0;11.895003061426758 11.835003061426757 10.826242188091243 10.766242188091242 10.602920900015054 10.542920900015053 10.407186879809977 10.347186879809977 10.072846692810021 10.012846692810021 9.4460942846912257 9.3860942846912252 8.644817287261036 8.5848172872610355 8.1128326735913703 8.0528326735913698 7.4486256610051491 7.3886256610051495 7.3249221857498901 7.2649221857498905 6.6681077371939441 6.6081077371939445 6.3564360776413515 6.2964360776413519 4.6549890215306498 4.5949890215306501 3.9263033126746261 3.866303312674626 3.760343925838705 3.700343925838705 3.2641845269645837 3.2041845269645837 2.6909117026049842 2.6309117026049842 2.3568528830418294 2.2968528830418293 1.4387994988328612 1.3787994988328611 0.39333333333333331 0.33333333333333331;15.118753826783436 15.043753826783437 13.782802735114045 13.707802735114045 13.503651125018809 13.42865112501881 13.258983599762464 13.183983599762465 12.841058366012522 12.766058366012523 12.057617855864029 11.98261785586403 11.056021609076295 10.981021609076295 10.391040841989213 10.316040841989214 9.5607820762564373 9.485782076256438 9.4061527321873637 9.3311527321873644 8.5851346714924315 8.5101346714924322 8.1955450970516903 8.120545097051691 6.0687362769133131 5.9937362769133129 5.1578791408432823 5.0828791408432821 4.9504299072983811 4.8754299072983809 4.3302306587057293 4.2552306587057291 3.6136396282562298 3.5386396282562296 3.1960661038022864 3.1210661038022862 2.0484993735410764 1.9734993735410762 0.74166666666666659 0.66666666666666663;14.138261054651618 14.0700792364698 12.923760062224897 12.855578244043079 12.669985871229228 12.60180405304741 12.447560848268914 12.379379030087096 12.067628817587147 11.999446999405329 11.355410171997606 11.287228353815788 10.444868129463302 10.376686311281484 9.8403401593841355 9.7721583412023172 9.0855594632634293 9.017377645081611 8.9449873322915447 8.8768055141097264 8.1986072771143323 8.130425458932514 7.8444349367136583 7.77625311853184 5.9109723729514965 5.8427905547696781 5.0829204310696507 5.0147386128878324 4.894330218756104 4.8261484005742856 4.3305127200355118 4.2623309018536935 3.6790663287177852 3.6108845105359668 3.2994540337596545 3.2312722155778362 2.2562115517040091 2.1880297335221908 1.0681818181818181 1;12.450323456500088 12.39263114880778 11.422668770600556 11.364976462908247 11.207936762834988 11.15024445514268 11.019730974176261 10.962038666483952 10.698250025137842 10.640557717445533 10.095603478869769 10.037911171177461 9.3251448274945883 9.2674525198022799 8.8136211605045247 8.7559288528122163 8.1749605714793105 8.1172682637870022 8.0560149221954074 7.9983226145030999 7.4244625678146896 7.3667702601223821 7.1247782797833503 7.0670859720910428 5.4887714950615214 5.4310791873692139 4.7881121596230365 4.730419851930729 4.6285358261269582 4.5708435184346508 4.1514594810556877 4.0937671733633803 3.6002356114791505 3.542543303786843 3.2790252080530404 3.2213329003607329 2.3962815693905712 2.3385892616982638 1.391025641025641 1.3333333333333333;13.710072633430652 13.647572633430652 12.596780057039492 12.534280057039492 12.364153715293462 12.301653715293462 12.160264110913173 12.097764110913173 11.81199308278822 11.74949308278822 11.159125990997808 11.096625990997808 10.324462452008028 10.261962452008028 9.7703118127687922 9.7078118127687922 9.0784295079914781 9.0159295079914781 8.9495717212672492 8.8870717212672492 8.2653900040214712 8.2028900040214712 7.9407320253208526 7.8782320253208526 6.1683913418722049 6.1058913418722049 5.409343728480513 5.346843728480513 5.2364693671930951 5.1739693671930951 4.7196366600325517 4.6571366600325517 4.1224774679913025 4.0599774679913025 3.7744995309463496 3.7119995309463496 2.8181939223953414 2.7556939223953414 1.7291666666666667 1.6666666666666667;15.443802009410954 15.374034567550488 14.201056807858031 14.131289365997565 13.94138089149037 13.871613449629905 13.713783193577491 13.644015751717026 13.325015534275218 13.255248092414753 12.596233664369642 12.526466222509177 11.66451622549733 11.594748783636865 11.045929465416323 10.976162023555858 10.27359572985095 10.203828287990484 10.129754479554137 10.059987037693672 9.3660167486751291 9.2962493068146639 9.0036078422186261 8.9338404003581608 7.0251810327875779 6.9554135909271126 6.177872069001503 6.1081046271410377 5.9848960377969433 5.9151285959364781 5.4079665042223839 5.3381990623619187 4.7413701968275008 4.6716027549670356 4.3529297089633676 4.2831622671029024 3.2854257738366606 3.2156583319761953 2.0697674418604652 2;15.471594387984952 15.403412569803134 14.257093395558231 14.188911577376413 14.003319204562562 13.935137386380744 13.780894181602248 13.71271236342043 13.400962150920481 13.332780332738663 12.68874350533094 12.620561687149122 11.778201462796636 11.710019644614817 11.173673492717469 11.105491674535651 10.418892796596763 10.350710978414945 10.278320665624879 10.21013884744306 9.5319406104476663 9.4637587922658479 9.1777682700469914 9.109586451865173 7.2443057062848304 7.176123888103012 6.4162537644029847 6.3480719462211663 6.2276635520894379 6.1594817339076195 5.6638460533688457 5.5956642351870274 5.0123996620511191 4.9442178438693007 4.6327873670929884 4.5646055489111701 3.5895448850373426 3.5213630668555242 2.4015151515151518 2.3333333333333335;0 0.059999999999999998 1.0754661654995279 1.1354661654995279 1.9935195497084959 2.0535195497084957 2.3275783692716505 2.3875783692716506 2.90085119363125 2.96085119363125 3.3970105925053713 3.4570105925053713 3.5629699793412923 3.6229699793412924 4.2916556881973165 4.3516556881973161 5.9931027443080183 6.0531027443080179 6.3047744038606108 6.3647744038606104 6.9615888524165568 7.0215888524165564 7.0852923276718158 7.1452923276718154 7.749499340258037 7.8094993402580366 8.2814839539277028 8.3414839539277033 9.0827609513578906 9.1427609513578911 9.709513359476686 9.7695133594766865 10.043853546476642 10.103853546476643 10.239587566681719 10.299587566681719 10.462908854757908 10.522908854757908 11.531669728093423 11.591669728093423;0.33333333333333331 0.39333333333333331 1.4087994988328612 1.4687994988328612 2.3268528830418291 2.3868528830418292 2.6609117026049836 2.7209117026049836 3.234184526964583 3.2941845269645831 3.7303439258387043 3.7903439258387044 3.8963033126746254 3.9563033126746254 4.6249890215306495 4.6849890215306491 6.3264360776413513 6.3864360776413509 6.6381077371939439 6.6981077371939435 7.2949221857498898 7.3549221857498894 7.4186256610051489 7.4786256610051485 8.0828326735913691 8.1428326735913696 8.6148172872610349 8.6748172872610354 9.4160942846912228 9.4760942846912233 10.042846692810018 10.102846692810019 10.377186879809974 10.437186879809975 10.572920900015051 10.632920900015051 10.79624218809124 10.85624218809124 11.865003061426755 11.925003061426755;0.66666666666666663 0.74166666666666659 2.0109993735410763 2.0859993735410765 3.1585661038022863 3.2335661038022865 3.5761396282562297 3.6511396282562298 4.2927306587057288 4.367730658705729 4.9129299072983805 4.9879299072983807 5.1203791408432817 5.1953791408432819 6.0312362769133125 6.1062362769133127 8.1580450970516907 8.23304509705169 8.5476346714924318 8.6226346714924311 9.3686527321873641 9.4436527321873633 9.5232820762564376 9.5982820762564369 10.353540841989213 10.428540841989212 11.018521609076295 11.093521609076294 12.020117855864029 12.095117855864029 12.803558366012522 12.878558366012522 13.221483599762465 13.296483599762464 13.46615112501881 13.541151125018809 13.745302735114045 13.820302735114044 15.081253826783437 15.156253826783436;1 1.0681818181818181 2.2221206426130999 2.2903024607949183 3.2653631246687453 3.3335449428505637 3.644975419626876 3.7131572378086943 4.2964218109446026 4.364603629126421 4.8602393096651948 4.9284211278470131 5.0488295219787416 5.1170113401605599 5.8768814638605873 5.9450632820424056 7.8103440276227492 7.8785258458045675 8.1645163680234241 8.2326981862052424 8.9108964232006365 8.9790782413824548 9.0514685541725211 9.1196503723543394 9.8062492502932272 9.8744310684750456 10.410777220372394 10.478959038554212 11.321319262906698 11.389501081088516 12.033537908496239 12.101719726678057 12.413469939178006 12.481651757359824 12.63589496213832 12.704076780320138 12.889669153133989 12.957850971315807 14.10417014556071 14.172351963742528;1.3333333333333333 1.391025641025641 2.3674354155444175 2.425127723236725 3.2501790542068862 3.3078713618991937 3.5713894576329963 3.6290817653253038 4.1226133272095336 4.180305634901841 4.5996896722808041 4.6573819799731115 4.7592660057768823 4.8169583134691898 5.4599253412153672 5.5176176489076747 7.0959321259371961 7.1536244336295036 7.3956164139685354 7.4533087216608429 8.0271687683492523 8.0848610760415607 8.1461144176331555 8.2038067253254638 8.7847750066583696 8.842467314350678 9.2962986736484332 9.3539909813407416 10.066757325023614 10.124449632715923 10.669403871291687 10.727096178983995 10.990884820330105 11.048577128022414 11.179090608988833 11.236782916681141 11.393822616754401 11.451514924446709 12.421477302653933 12.479169610346242;1.6666666666666667 1.7291666666666667 2.7869439223953414 2.8494439223953414 3.7432495309463496 3.8057495309463496 4.0912274679913025 4.1537274679913025 4.6883866600325517 4.7508866600325517 5.2052193671930951 5.2677193671930951 5.378093728480513 5.440593728480513 6.1371413418722049 6.1996413418722049 7.9094820253208526 7.9719820253208526 8.2341400040214712 8.2966400040214712 8.9183217212672492 8.9808217212672492 9.0471795079914781 9.1096795079914781 9.7390618127687922 9.8015618127687922 10.293212452008028 10.355712452008028 11.127875990997808 11.190375990997808 11.78074308278822 11.84324308278822 12.129014110913173 12.191514110913173 12.332903715293462 12.395403715293462 12.565530057039492 12.628030057039492 13.678822633430652 13.741322633430652;2 2.0697674418604652 3.2505420529064279 3.3203094947668932 4.318045988033135 4.3878134298936002 4.7064864758972682 4.7762539177577334 5.3730827832921513 5.4428502251526165 5.9500123168667107 6.019779758727176 6.1429883480712704 6.2127557899317356 6.9902973118573453 7.0600647537178105 8.9687241212883944 9.0384915631488596 9.3311330277448974 9.4009004696053626 10.094870758623905 10.164638200484371 10.238712008920718 10.308479450781183 11.011045744486092 11.080813186346557 11.629632504567098 11.699399946427564 12.56134994343941 12.631117385299875 13.290131813344987 13.359899255205452 13.678899472647259 13.748666914507725 13.906497170560138 13.976264612420604 14.166173086927799 14.235940528788264 15.408918288480722 15.478685730341187;2.3333333333333335 2.4015151515151518 3.5554539759464334 3.6236357941282518 4.5986964580020793 4.6668782761838976 4.9783087529602099 5.0464905711420283 5.6297551442779366 5.6979369624597549 6.1935726429985287 6.2617544611803471 6.3821628553120755 6.4503446734938938 7.2102147971939212 7.2783966153757396 9.1436773609560831 9.2118591791379014 9.497849701356758 9.5660315195385763 10.24422975653397 10.312411574715789 10.384801887505855 10.452983705687673 11.139582583626561 11.20776440180838 11.744110553705728 11.812292371887546 12.654652596240032 12.72283441442185 13.366871241829573 13.435053060011391 13.74680327251134 13.814985090693158 13.969228295471654 14.037410113653472 14.223002486467323 14.291184304649141 15.437503478894044 15.505685297075862;
