m;5
n;10
P;39
P1;2 4 6 8 10 12 14 16 18 20 22 24 26 28 30 32 34 36 38
Q;40
M;100
h;1 1 1 1 1 1 1 1 1 1 1 1 1 1 1 1 1 1 1 1 1 1 1 1 1 1 1 1 1 1 1 1 1 1 1 1 1 1 1
Vmin;52 52 52 52 52 52 52 52 52 52 52 52 52 52 52 52 52 52 52 52 52 52 52 52 52 52 52 52 52 52 52 52 52 52 52 52 52 52 52;49 49 49 49 49 49 49 49 49 49 49 49 49 49 49 49 49 49 49 49 49 49 49 49 49 49 49 49 49 49 49 49 49 49 49 49 49 49 49;40 40 40 40 40 40 40 40 40 40 40 40 40 40 40 40 40 40 40 40 40 40 40 40 40 40 40 40 40 40 40 40 40 40 40 40 40 40 40;28 28 28 28 28 28 28 28 28 28 28 28 28 28 28 28 28 28 28 28 28 28 28 28 28 28 28 28 28 28 28 28 28 28 28 28 28 28 28;34 34 34 34 34 34 34 34 34 34 34 34 34 34 34 34 34 34 34 34 34 34 34 34 34 34 34 34 34 34 34 34 34 34 34 34 34 34 34;44 44 44 44 44 44 44 44 44 44 44 44 44 44 44 44 44 44 44 44 44 44 44 44 44 44 44 44 44 44 44 44 44 44 44 44 44 44 44;52 52 52 52 52 52 52 52 52 52 52 52 52 52 52 52 52 52 52 52 52 52 52 52 52 52 52 52 52 52 52 52 52 52 52 52 52 52 52;43 43 43 43 43 43 43 43 43 43 43 43 43 43 43 43 43 43 43 43 43 43 43 43 43 43 43 43 43 43 43 43 43 43 43 43 43 43 43;46 46 46 46 46 46 46 46 46 46 46 46 46 46 46 46 46 46 46 46 46 46 46 46 46 46 46 46 46 46 46 46 46 46 46 46 46 46 46;50 50 50 50 50 50 50 50 50 50 50 50 50 50 50 50 50 50 50 50 50 50 50 50 50 50 50 50 50 50 50 50 50 50 50 50 50 50 50;
Vmax;52 52 52 52 52 52 52 52 52 52 52 52 52 52 52 52 52 52 52 52 52 52 52 52 52 52 52 52 52 52 52 52 52 52 52 52 52 52 52;49 49 49 49 49 49 49 49 49 49 49 49 49 49 49 49 49 49 49 49 49 49 49 49 49 49 49 49 49 49 49 49 49 49 49 49 49 49 49;40 40 40 40 40 40 40 40 40 40 40 40 40 40 40 40 40 40 40 40 40 40 40 40 40 40 40 40 40 40 40 40 40 40 40 40 40 40 40;28 28 28 28 28 28 28 28 28 28 28 28 28 28 28 28 28 28 28 28 28 28 28 28 28 28 28 28 28 28 28 28 28 28 28 28 28 28 28;34 34 34 34 34 34 34 34 34 34 34 34 34 34 34 34 34 34 34 34 34 34 34 34 34 34 34 34 34 34 34 34 34 34 34 34 34 34 34;44 44 44 44 44 44 44 44 44 44 44 44 44 44 44 44 44 44 44 44 44 44 44 44 44 44 44 44 44 44 44 44 44 44 44 44 44 44 44;52 52 52 52 52 52 52 52 52 52 52 52 52 52 52 52 52 52 52 52 52 52 52 52 52 52 52 52 52 52 52 52 52 52 52 52 52 52 52;43 43 43 43 43 43 43 43 43 43 43 43 43 43 43 43 43 43 43 43 43 43 43 43 43 43 43 43 43 43 43 43 43 43 43 43 43 43 43;46 46 46 46 46 46 46 46 46 46 46 46 46 46 46 46 46 46 46 46 46 46 46 46 46 46 46 46 46 46 46 46 46 46 46 46 46 46 46;50 50 50 50 50 50 50 50 50 50 50 50 50 50 50 50 50 50 50 50 50 50 50 50 50 50 50 50 50 50 50 50 50 50 50 50 50 50 50;
d;3.000 11.685 3.000 71.316 3.000 47.589 3.000 46.594 3.000 20.351 3.000 48.897 3.000 54.885 3.000 28.585 3.000 39.193 3.000 20.441 3.000 5.968 3.000 11.657 3.000 21.185 3.000 23.897 3.000 35.352 3.000 10.810 3.000 47.432 3.000 71.106 3.000 39.111 3.000
S;13.770245090019056 13.712552782326748 12.960415102376784 12.902722794684475 11.535304760486889 11.477612452794581 10.565449059040814 10.507756751348506 10.299877954972148 10.24218564727984 9.5623477382056414 9.5046554305133331 9.0450915504865996 8.9873992427942913 8.5799969851951357 8.5223046775028273 8.298140917374301 8.2404486096819927 8.1256867437463516 8.0679944360540432 7.6748971293412636 7.6172048216489561 6.8634838708966006 6.8057915632042931 6.2560848861480638 6.1983925784557563 5.1429101816797047 5.0852178739873972 4.1448965422405051 4.0872042345481976 3.6958363872019655 3.638144079509658 2.7421008908325732 2.6844085831402658 1.7692389780194151 1.7115466703271074 0.34009250411356878 0.28240019642126107 0.057692307692307696 0;14.946654653353553 14.885430163557634 14.087243237896448 14.02601874810053 12.574881242421458 12.51365675262554 11.545646620478685 11.484422130682766 11.263816061058877 11.202591571262959 10.481130933061769 10.41990644326585 9.9322059991558476 9.8709815093599289 9.4386362563975599 9.3774117666016412 9.1395236946285117 9.078299204832593 8.9565111022070134 8.8952866124110948 8.4781221236546767 8.416897633858758 7.6170305024480953 7.5558060126521767 6.9724438247557705 6.9112193349598519 5.7911155669526142 5.7298910771566955 4.7319990516293808 4.6707745618334622 4.2554454177109298 4.1942209279150111 3.243317952176064 3.1820934623801458 2.210893065109039 2.1496685753131208 0.69424782749467151 0.63302333769875319 0.39455782312925169 0.33333333333333331;18.567985283691424 18.492985283691425 17.515206299756471 17.440206299756472 15.662562855299608 15.587562855299609 14.401750443419711 14.326750443419712 14.056508008130447 13.981508008130447 13.097718726333991 13.022718726333991 12.425285682299238 12.350285682299239 11.820662747420336 11.745662747420337 11.454249859253254 11.379249859253255 11.230059433536921 11.155059433536922 10.644032934810308 10.569032934810309 9.5891956988322473 9.514195698832248 8.79957701865915 8.7245770186591507 7.3524499028502843 7.2774499028502841 6.0550321715793247 5.9800321715793245 5.4712539700292231 5.3962539700292229 4.2313978247490125 4.1563978247490123 2.9666773380919063 2.8916773380919061 1.1087869220143058 1.0337869220143059 0.74166666666666659 0.66666666666666663;26.57331231003538 26.466169452892522 25.069342332985446 24.962199475842588 22.422708840904214 22.315565983761356 20.621548252504361 20.514405395361504 20.128344773519697 20.021201916376839 18.758645799524757 18.651502942381899 17.798027165189396 17.690884308046538 16.934280115362391 16.827137258219533 16.410833132266557 16.303690275123699 16.090561095528937 15.983418238386081 15.25338038306235 15.146237525919492 13.746470045950831 13.639327188807973 12.618443359989262 12.511300502846405 10.551118908833738 10.44397605169088 8.697665007018081 8.5905221498752233 7.8636961476607929 7.7565532905179362 6.0924730829747791 5.9853302258319223 4.285729530607485 4.1785866734646282 1.631600364782342 1.5244575076394848 1.1071428571428572 1;22.393708176891877 22.305472882774229 21.155144666380167 21.066909372262518 18.975564143489738 18.887328849372089 17.492255423631036 17.404020129513388 17.086087852702487 16.997852558584839 15.958100462353714 15.869865168236068 15.1670027634893 15.078767469371654 14.455681663631768 14.367446369514122 14.024607677552847 13.9363723834352 13.760854235533632 13.672618941415985 13.071411295855265 12.983176001737618 11.830426312351662 11.742191018234015 10.901463159206841 10.813227865089194 9.1989606700199396 9.1107253759022928 7.672586868524693 7.5843515744070462 6.9857889843481029 6.8975536902304562 5.5271346957831504 5.4388994016655037 4.039228240892438 3.9509929467747913 1.8534748102129088 1.7652395160952619 1.4215686274509802 1.3333333333333333;0 0.057692307692307696 0.31124635026741493 0.36893865795972264 1.7403928241732614 1.7980851318655691 2.7132547369864199 2.7709470446787274 3.6669902333558122 3.7246825410481197 4.1160503883943518 4.1737426960866593 5.1140640278335514 5.1717563355258589 6.2272387323019096 6.2849310399942171 6.8346377170504464 6.8923300247427539 7.6460509754951094 7.7037432831874169 8.0968405899001965 8.1545328975925049 8.269294763528146 8.3269870712204543 8.5511508313489806 8.6088431390412889 9.0162453966404446 9.0739377043327529 9.5335015843594864 9.5911938920517947 10.271031801125993 10.328724108818301 10.536602905194659 10.594295212886967 11.506458606640734 11.564150914333043 12.931568948530629 12.989261256222937 13.741398936172901 13.79909124386521;0.33333333333333331 0.39455782312925169 0.6636355825967124 0.72486007239263073 2.1802808202110797 2.2415053100069979 3.2127057072781051 3.2739301970740233 4.2248331728129704 4.2860576626088891 4.7013868067314215 4.7626112965273402 5.7605033220546549 5.8217278118505735 6.9418315798578112 7.0030560696537298 7.586418257550136 7.6476427473460546 8.4475098787567173 8.508734368552636 8.9258988573090541 8.9871233471049727 9.1089114497305523 9.170135939526471 9.4080240114996005 9.4692485012955192 9.9015937542578882 9.9628182440538069 10.450518688163809 10.511743177959728 11.233203816160918 11.294428305956837 11.515034375580726 11.576258865376644 12.544268997523499 12.605493487319418 14.056630992998489 14.117855482794408 14.916042408455594 14.977266898251512;0.66666666666666663 0.74166666666666659 1.071286922014306 1.1462869220143059 2.9291773380919062 3.0041773380919063 4.193897824749012 4.2688978247490121 5.4337539700292226 5.5087539700292227 6.0175321715793242 6.0925321715793244 7.3149499028502838 7.389949902850284 8.7620770186591503 8.8370770186591496 9.5516956988322477 9.626695698832247 10.606532934810309 10.681532934810308 11.192559433536921 11.26755943353692 11.416749859253255 11.491749859253254 11.783162747420338 11.858162747420337 12.38778568229924 12.46278568229924 13.060218726333993 13.135218726333992 14.019008008130449 14.094008008130448 14.364250443419714 14.439250443419713 15.62506285529961 15.70006285529961 17.477706299756473 17.552706299756473 18.530485283691426 18.605485283691426;1 1.1071428571428572 1.5780289362109134 1.6851717933537707 4.2321581020360561 4.3393009591789129 6.0389016544033502 6.146044511546207 7.8101247190893641 7.9172675762322209 8.6440935784466522 8.7512364355895098 10.497547480262309 10.604690337405167 12.564871931417834 12.672014788560691 13.692898617379402 13.80004147452226 15.199808954490921 15.306951811633779 16.03698966695751 16.144132524100367 16.35726170369513 16.464404560837988 16.880708686790964 16.987851543933822 17.744455736617969 17.851598593760826 18.70507437095333 18.812217228096188 20.074773344948269 20.181916202091127 20.567976823932934 20.675119681075792 22.369137412332787 22.476280269475645 25.015770904414019 25.122913761556877 26.519740881463953 26.626883738606811;1.3333333333333333 1.4215686274509802 1.8093571631540852 1.8975924572717322 3.9951105938336147 4.0833458879512614 5.483017048724327 5.5712523428419738 6.9416713372892795 7.0299066314069263 7.6284692214658696 7.7167045155835163 9.1548430229611171 9.2430783170787638 10.857345512148019 10.945580806265665 11.786308665292839 11.874543959410486 13.027293648796441 13.115528942914088 13.716736588474808 13.804971882592454 13.980490030494023 14.06872532461167 14.411564016572944 14.499799310690591 15.122885116430476 15.211120410548123 15.91398281529489 16.002218109412539 17.041970205643665 17.130205499761313 17.448137776572214 17.536373070689862 18.931446496430915 19.019681790548564 21.111027019321345 21.199262313438993 22.349590529833055 22.437825823950703;
