m;3
n;6
P;39
P1;2 4 6 8 10 12 14 16 18 20 22 24 26 28 30 32 34 36 38
Q;40
M;100
h;1 1 1 1 1 1 1 1 1 1 1 1 1 1 1 1 1 1 1 1 1 1 1 1 1 1 1 1 1 1 1 1 1 1 1 1 1 1 1
Vmin;47 47 47 47 47 47 47 47 47 47 47 47 47 47 47 47 47 47 47 47 47 47 47 47 47 47 47 47 47 47 47 47 47 47 47 47 47 47 47;28 28 28 28 28 28 28 28 28 28 28 28 28 28 28 28 28 28 28 28 28 28 28 28 28 28 28 28 28 28 28 28 28 28 28 28 28 28 28;52 52 52 52 52 52 52 52 52 52 52 52 52 52 52 52 52 52 52 52 52 52 52 52 52 52 52 52 52 52 52 52 52 52 52 52 52 52 52;33 33 33 33 33 33 33 33 33 33 33 33 33 33 33 33 33 33 33 33 33 33 33 33 33 33 33 33 33 33 33 33 33 33 33 33 33 33 33;36 36 36 36 36 36 36 36 36 36 36 36 36 36 36 36 36 36 36 36 36 36 36 36 36 36 36 36 36 36 36 36 36 36 36 36 36 36 36;44 44 44 44 44 44 44 44 44 44 44 44 44 44 44 44 44 44 44 44 44 44 44 44 44 44 44 44 44 44 44 44 44 44 44 44 44 44 44;
Vmax;47 47 47 47 47 47 47 47 47 47 47 47 47 47 47 47 47 47 47 47 47 47 47 47 47 47 47 47 47 47 47 47 47 47 47 47 47 47 47;28 28 28 28 28 28 28 28 28 28 28 28 28 28 28 28 28 28 28 28 28 28 28 28 28 28 28 28 28 28 28 28 28 28 28 28 28 28 28;52 52 52 52 52 52 52 52 52 52 52 52 52 52 52 52 52 52 52 52 52 52 52 52 52 52 52 52 52 52 52 52 52 52 52 52 52 52 52;33 33 33 33 33 33 33 33 33 33 33 33 33 33 33 33 33 33 33 33 33 33 33 33 33 33 33 33 33 33 33 33 33 33 33 33 33 33 33;36 36 36 36 36 36 36 36 36 36 36 36 36 36 36 36 36 36 36 36 36 36 36 36 36 36 36 36 36 36 36 36 36 36 36 36 36 36 36;44 44 44 44 44 44 44 44 44 44 44 44 44 44 44 44 44 44 44 44 44 44 44 44 44 44 44 44 44 44 44 44 44 44 44 44 44 44 44;
d;3.000 46.018 3.000 14.405 3.000 25.271 3.000 9.581 3.000 10.673 3.000 33.895 3.000 75.475 3.000 30.537 3.000 23.380 3.000 15.748 3.000 40.622 3.000 48.131 3.000 29.628 3.000 5.966 3.000 25.414 3.000 4.338 3.000 4.089 3.000 35.199 3.000 58.953 3.000
S;12.708986837530748 12.645157050296705 11.390829589349201 11.326999802115157 10.578077679570885 10.514247892336842 10.427252358874927 10.363422571640884 10.271115941243831 10.207286154009788 9.6665724225253697 9.6027426352913263 9.4758168405684966 9.4119870533344532 8.7816050201288167 8.7177752328947733 7.6937110307090109 7.6298812434749683 6.765588784301996 6.7017589970679534 6.3667040657476903 6.3028742785136478 5.8054233303240794 5.7415935430900369 5.0918693495432246 5.028039562309182 3.422190867588196 3.3583610803541535 2.6371924702195342 2.5733626829854916 2.3462682860247024 2.2824384987906599 2.0785959874491846 2.0147662002151421 1.4770850065854493 1.4132552193514067 1.1067687840876925 1.04293899685365 0.063829787234042548 0;21.666275524902805 21.559132667759947 19.453654429740922 19.346511572598065 18.08939229547018 17.982249438327322 17.83622122144482 17.729078364301962 17.574135091849765 17.466992234706908 16.559365614000921 16.452222756858063 16.239168744287596 16.132025887144739 15.073884617120992 14.966741759978134 13.247776849166318 13.14063399202346 11.68985736412597 11.582714506983113 11.020300872266956 10.913158015124099 10.078151066377323 9.9710082092344656 8.8803997414951734 8.7732568843523158 6.0777251467849469 5.9705822896420901 4.7600492654875506 4.6529064083446938 4.2717122420176548 4.164569384874798 3.82240516940875 3.7152623122658928 2.8127260229589086 2.7055831658160514 2.1911237923376743 2.0839809351948171 0.44047619047619047 0.33333333333333331;12.153635539050228 12.09594323135792 10.962224180116905 10.904531872424597 10.227621492432659 10.169929184740351 10.091298606419004 10.033606298726696 9.9501753058678215 9.8924829981755131 9.4037609716415194 9.346068663949211 9.2313472725651149 9.1736549648728065 8.6038865887061728 8.5461942810138645 7.6205977905767321 7.5629054828844247 6.7817180678626992 6.7240257601703917 6.4211876491693847 6.3634953414770772 5.9138762152288136 5.8561839075365061 5.2689331941384259 5.2112408864461184 3.7598007200636894 3.7021084123713819 3.0502829378266298 2.9925906301343224 2.7873322328813011 2.7296399251889936 2.54539765532266 2.4877053476303526 2.0017242687727457 1.944031961080438 1.6670153753613117 1.609323067669004 0.72435897435897434 0.66666666666666663;0 0.063829787234042548 1.0748538904706713 1.1386836777047138 1.445170112968428 1.5089999002024705 2.0466810938321633 2.1105108810662059 2.3143533924076811 2.3781831796417237 2.6052775766025129 2.6691073638365554 3.3902759739711747 3.4541057612052173 5.0599544559262029 5.1237842431602454 5.7735084367070577 5.8373382239411002 6.3347891721306686 6.3986189593647111 6.7336738906849742 6.7975036779190168 7.6617961370919891 7.7256259243260317 8.7496901265117941 8.8135199137458375 9.443901946951474 9.5077317341855174 9.6346575289083471 9.6984873161423906 10.239201047626809 10.303030834860852 10.395337465257905 10.459167252491948 10.546162785953863 10.609992573187906 11.358914695732178 11.422744482966221 12.677071943913726 12.740901731147769;0.33333333333333331 0.44047619047619047 2.1375523637662459 2.2446952209091031 2.7591545943874802 2.8662974515303374 3.7688337408373216 3.8759765979801788 4.2181408134462268 4.3252836705890836 4.7064778369161226 4.8136206940589794 6.024153718213519 6.1312965753563757 8.8268283129237446 8.9339711700666022 10.024579637805894 10.131722494948752 10.966729443695527 11.073872300838385 11.636285935554541 11.743428792697399 13.194205420594889 13.301348277737747 15.020313188549563 15.127456045692421 16.185597315716169 16.292740172859027 16.505794185429494 16.612937042572351 17.520563663278338 17.627706520421196 17.782649792873393 17.889792650016251 18.035820866898753 18.142963724041611 19.400083001169495 19.507225858312353 21.612704096331377 21.719846953474235;0.66666666666666663 0.72435897435897434 1.6381692215151578 1.6958615292074655 1.9728781149265917 2.0305704226188994 2.5165515014765063 2.5742438091688138 2.7584860790351473 2.8161783867274548 3.0214367839804761 3.0791290916727836 3.7309545662175356 3.7886468739098431 5.2400870402922726 5.2977793479845801 5.8850300613826603 5.9427223690749678 6.3923414953232314 6.4500338030155389 6.7528719140165459 6.8105642217088533 7.591751636730578 7.6494439444228854 8.5750404348600178 8.6327327425523261 9.2025011187189598 9.2601934264112682 9.3749148177953643 9.4326071254876727 9.9213291520216664 9.9790214597139748 10.062452452572849 10.120144760265157 10.198775338586504 10.256467646278812 10.93337802627075 10.991070333963059 12.124789385204073 12.182481692896381;
