m;6
n;12
P;39
P1;2 4 6 8 10 12 14 16 18 20 22 24 26 28 30 32 34 36 38
Q;40
M;100
h;1 1 1 1 1 1 1 1 1 1 1 1 1 1 1 1 1 1 1 1 1 1 1 1 1 1 1 1 1 1 1 1 1 1 1 1 1 1 1
Vmin;48 48 48 48 48 48 48 48 48 48 48 48 48 48 48 48 48 48 48 48 48 48 48 48 48 48 48 48 48 48 48 48 48 48 48 48 48 48 48;40 40 40 40 40 40 40 40 40 40 40 40 40 40 40 40 40 40 40 40 40 40 40 40 40 40 40 40 40 40 40 40 40 40 40 40 40 40 40;48 48 48 48 48 48 48 48 48 48 48 48 48 48 48 48 48 48 48 48 48 48 48 48 48 48 48 48 48 48 48 48 48 48 48 48 48 48 48;33 33 33 33 33 33 33 33 33 33 33 33 33 33 33 33 33 33 33 33 33 33 33 33 33 33 33 33 33 33 33 33 33 33 33 33 33 33 33;50 50 50 50 50 50 50 50 50 50 50 50 50 50 50 50 50 50 50 50 50 50 50 50 50 50 50 50 50 50 50 50 50 50 50 50 50 50 50;28 28 28 28 28 28 28 28 28 28 28 28 28 28 28 28 28 28 28 28 28 28 28 28 28 28 28 28 28 28 28 28 28 28 28 28 28 28 28;40 40 40 40 40 40 40 40 40 40 40 40 40 40 40 40 40 40 40 40 40 40 40 40 40 40 40 40 40 40 40 40 40 40 40 40 40 40 40;46 46 46 46 46 46 46 46 46 46 46 46 46 46 46 46 46 46 46 46 46 46 46 46 46 46 46 46 46 46 46 46 46 46 46 46 46 46 46;50 50 50 50 50 50 50 50 50 50 50 50 50 50 50 50 50 50 50 50 50 50 50 50 50 50 50 50 50 50 50 50 50 50 50 50 50 50 50;52 52 52 52 52 52 52 52 52 52 52 52 52 52 52 52 52 52 52 52 52 52 52 52 52 52 52 52 52 52 52 52 52 52 52 52 52 52 52;49 49 49 49 49 49 49 49 49 49 49 49 49 49 49 49 49 49 49 49 49 49 49 49 49 49 49 49 49 49 49 49 49 49 49 49 49 49 49;48 48 48 48 48 48 48 48 48 48 48 48 48 48 48 48 48 48 48 48 48 48 48 48 48 48 48 48 48 48 48 48 48 48 48 48 48 48 48;
Vmax;48 48 48 48 48 48 48 48 48 48 48 48 48 48 48 48 48 48 48 48 48 48 48 48 48 48 48 48 48 48 48 48 48 48 48 48 48 48 48;40 40 40 40 40 40 40 40 40 40 40 40 40 40 40 40 40 40 40 40 40 40 40 40 40 40 40 40 40 40 40 40 40 40 40 40 40 40 40;48 48 48 48 48 48 48 48 48 48 48 48 48 48 48 48 48 48 48 48 48 48 48 48 48 48 48 48 48 48 48 48 48 48 48 48 48 48 48;33 33 33 33 33 33 33 33 33 33 33 33 33 33 33 33 33 33 33 33 33 33 33 33 33 33 33 33 33 33 33 33 33 33 33 33 33 33 33;50 50 50 50 50 50 50 50 50 50 50 50 50 50 50 50 50 50 50 50 50 50 50 50 50 50 50 50 50 50 50 50 50 50 50 50 50 50 50;28 28 28 28 28 28 28 28 28 28 28 28 28 28 28 28 28 28 28 28 28 28 28 28 28 28 28 28 28 28 28 28 28 28 28 28 28 28 28;40 40 40 40 40 40 40 40 40 40 40 40 40 40 40 40 40 40 40 40 40 40 40 40 40 40 40 40 40 40 40 40 40 40 40 40 40 40 40;46 46 46 46 46 46 46 46 46 46 46 46 46 46 46 46 46 46 46 46 46 46 46 46 46 46 46 46 46 46 46 46 46 46 46 46 46 46 46;50 50 50 50 50 50 50 50 50 50 50 50 50 50 50 50 50 50 50 50 50 50 50 50 50 50 50 50 50 50 50 50 50 50 50 50 50 50 50;52 52 52 52 52 52 52 52 52 52 52 52 52 52 52 52 52 52 52 52 52 52 52 52 52 52 52 52 52 52 52 52 52 52 52 52 52 52 52;49 49 49 49 49 49 49 49 49 49 49 49 49 49 49 49 49 49 49 49 49 49 49 49 49 49 49 49 49 49 49 49 49 49 49 49 49 49 49;48 48 48 48 48 48 48 48 48 48 48 48 48 48 48 48 48 48 48 48 48 48 48 48 48 48 48 48 48 48 48 48 48 48 48 48 48 48 48;
d;3.000 3.872 3.000 38.479 3.000 55.486 3.000 52.927 3.000 44.413 3.000 47.122 3.000 23.644 3.000 4.470 3.000 12.689 3.000 28.147 3.000 11.879 3.000 4.945 3.000 69.604 3.000 73.011 3.000 22.046 3.000 21.579 3.000 31.494 3.000 45.331 3.000 72.089 3.000
S;15.067232140467747 15.004732140467747 13.50287606778347 13.44037606778347 12.495983967035832 12.433483967035832 11.777364640404619 11.714864640404619 11.265310112776929 11.202810112776929 10.743508154719278 10.681008154719278 9.1599476482439908 9.0974476482439908 7.6473689871753958 7.5848689871753958 7.4818524534181883 7.4193524534181883 7.171873405370496 7.109373405370496 6.5229715794950618 6.4604715794950618 6.1961079122629279 6.1336079122629279 6.0404750325544327 5.9779750325544327 5.485399148443423 5.422899148443423 4.4411907709755596 4.3786907709755596 3.4534255585890001 3.3909255585890001 2.2882776538751339 2.2257776538751339 1.0698232315315479 1.0073232315315479 0.20567251831604128 0.14317251831604128 0.0625 0;18.414011901894622 18.339011901894622 16.53678461467349 16.461784614673491 15.328514093776324 15.253514093776325 14.466170901818868 14.391170901818869 13.85170546866564 13.776705468665641 13.225543118996461 13.150543118996461 11.325270511226117 11.250270511226118 9.5101761179438036 9.4351761179438043 9.3115562774351552 9.2365562774351559 8.9395814197779249 8.8645814197779256 8.1608992287274056 8.0858992287274063 7.7686628280488463 7.6936628280488462 7.581903372398652 7.5069033723986518 6.91581231146544 6.8408123114654398 5.6627622585040038 5.5877622585040037 4.4774440036401328 4.4024440036401327 3.0792665179834939 3.0042665179834938 1.6171212111711906 1.5421212111711906 0.58014035531258279 0.50514035531258283 0.40833333333333333 0.33333333333333331;15.733898807134413 15.671398807134413 14.169542734450136 14.107042734450136 13.162650633702498 13.100150633702498 12.444031307071285 12.381531307071285 11.931976779443595 11.869476779443595 11.410174821385944 11.347674821385944 9.8266143149106568 9.7641143149106568 8.3140356538420619 8.2515356538420619 8.1485191200848544 8.0860191200848544 7.8385400720371621 7.7760400720371621 7.1896382461617279 7.1271382461617279 6.862774578929594 6.800274578929594 6.7071416992210988 6.6446416992210988 6.1520658151100891 6.0895658151100891 5.1078574376422257 5.0453574376422257 4.1200922252556662 4.0575922252556662 2.9549443205418005 2.8924443205418005 1.7364898981982146 1.6739898981982146 0.8723391849827079 0.8098391849827079 0.72916666666666663 0.66666666666666663;22.915974022498535 22.825064931589445 20.640547007685043 20.549637916775954 19.175976679324844 19.085067588415754 18.130712204224899 18.039803113315809 17.385905618584623 17.294996527675533 16.626920952318951 16.536011861409861 14.323560215627625 14.232651124718533 12.12344579952785 12.032536708618759 11.882694477699184 11.791785386790092 11.431815862357086 11.340906771447994 10.487958661083727 10.397049570174635 10.012520599655168 9.9216115087460768 9.7861455018973569 9.6952364109882652 8.9787623977358884 8.8878533068267966 7.4599138486917216 7.3690047577826308 6.0231644488567264 5.9322553579476356 4.3284038601820125 4.2374947692729217 2.5561065185913421 2.4651974276822513 1.2991600266415144 1.2082509357324236 1.0909090909090908 1;15.79787618818237 15.737876188182369 14.296094358405464 14.236094358405463 13.329477941687731 13.269477941687731 12.639603388121767 12.579603388121766 12.148031041599184 12.088031041599184 11.647101161863839 11.587101161863838 10.126883075647564 10.066883075647564 8.6748075610217121 8.6148075610217116 8.5159116886147928 8.4559116886147923 8.2183318024890077 8.1583318024890072 7.5953860496485914 7.5353860496485918 7.281596929105743 7.2215969291057434 7.1321893645855878 7.0721893645855882 6.5993165158390186 6.539316515839019 5.5968764734698695 5.5368764734698699 4.6486218695787729 4.5886218695787733 3.5300798810534624 3.4700798810534623 2.3603636356036195 2.3003636356036194 1.5307789509167329 1.4707789509167328 1.3933333333333333 1.3333333333333333;27.496207478897098 27.38906462175424 24.814454211438338 24.707311354295481 23.08835346729953 22.981210610156673 21.85643462164602 21.749291764503162 20.978626859998549 20.871484002855691 20.084109217614003 19.976966360471145 17.369434063656367 17.26229120651351 14.776442073253063 14.669299216110206 14.492699443954992 14.385556586812134 13.961306790158947 13.854163933016089 12.848903660086775 12.741760802943917 12.288565944831687 12.181423087688829 12.021766722474267 11.914623865331409 11.070208063998249 10.963065206855392 9.2801365597676249 9.1729937026247672 7.5868247671049511 7.4796819099620944 5.5894283590240388 5.482285501881182 3.5006493492921775 3.3935064921493203 2.0192481266370232 1.912105269494166 1.7738095238095239 1.6666666666666667;0 0.0625 0.17442251831604128 0.23692251831604128 1.0385732315315479 1.1010732315315479 2.2570276538751339 2.3195276538751339 3.4221755585890001 3.4846755585890001 4.4099407709755596 4.4724407709755596 5.454149148443423 5.516649148443423 6.0092250325544327 6.0717250325544327 6.1648579122629279 6.2273579122629279 6.4917215794950618 6.5542215794950618 7.140623405370496 7.203123405370496 7.4506024534181883 7.5131024534181883 7.6161189871753958 7.6786189871753958 9.1286976482439908 9.1911976482439908 10.712258154719278 10.774758154719278 11.234060112776929 11.296560112776929 11.746114640404619 11.808614640404619 12.464733967035832 12.527233967035832 13.47162606778347 13.53412606778347 15.035982140467747 15.098482140467747;0.33333333333333331 0.40833333333333333 0.54264035531258292 0.61764035531258288 1.5796212111711907 1.6546212111711907 3.0417665179834938 3.116766517983494 4.4399440036401332 4.5149440036401334 5.6252622585040051 5.7002622585040053 6.8783123114654412 6.9533123114654414 7.5444033723986532 7.6194033723986534 7.7311628280488476 7.8061628280488478 8.1233992287274077 8.198399228727407 8.902081419777927 8.9770814197779263 9.2740562774351574 9.3490562774351567 9.4726761179438057 9.547676117943805 11.287770511226119 11.362770511226119 13.188043118996463 13.263043118996462 13.814205468665643 13.889205468665642 14.428670901818871 14.50367090181887 15.291014093776326 15.366014093776325 16.499284614673492 16.574284614673491 18.376511901894624 18.451511901894623;0.66666666666666663 0.72916666666666663 0.8410891849827079 0.9035891849827079 1.7052398981982146 1.7677398981982146 2.9236943205418005 2.9861943205418005 4.0888422252556662 4.1513422252556662 5.0766074376422257 5.1391074376422257 6.1208158151100891 6.1833158151100891 6.6758916992210988 6.7383916992210988 6.831524578929594 6.894024578929594 7.1583882461617279 7.2208882461617279 7.8072900720371621 7.8697900720371621 8.1172691200848544 8.1797691200848544 8.2827856538420619 8.3452856538420619 9.7953643149106568 9.8578643149106568 11.378924821385944 11.441424821385944 11.900726779443595 11.963226779443595 12.412781307071285 12.475281307071285 13.131400633702498 13.193900633702498 14.138292734450136 14.200792734450136 15.702648807134413 15.765148807134413;1 1.0909090909090908 1.253705481186969 1.3446145720960598 2.5106519731367967 2.6015610640458875 4.2829493147274675 4.3738584056365584 5.9777099034021814 6.0686189943112723 7.4144593032371766 7.5053683941462674 8.9333078522813416 9.0242169431904333 9.7406909564428119 9.8316000473519036 9.9670660542006235 10.057975145109715 10.442504115629182 10.533413206538274 11.386361316902541 11.477270407811632 11.837239932244639 11.928149023153731 12.077991254073305 12.168900344982397 14.27810567017308 14.369014761082171 16.581466406864408 16.672375497773498 17.34045107313008 17.43136016403917 18.085257658770356 18.176166749679446 19.130522133870301 19.221431224779391 20.5950924622305 20.68600155313959 22.870519477043992 22.961428567953082;1.3333333333333333 1.3933333333333333 1.5007789509167329 1.5607789509167329 2.3303636356036193 2.3903636356036193 3.5000798810534617 3.5600798810534617 4.6186218695787726 4.6786218695787722 5.5668764734698692 5.6268764734698689 6.5693165158390183 6.6293165158390179 7.1021893645855876 7.1621893645855872 7.2515969291057427 7.3115969291057423 7.5653860496485912 7.6253860496485908 8.1883318024890066 8.2483318024890071 8.4859116886147916 8.5459116886147921 8.644807561021711 8.7048075610217115 10.096883075647563 10.156883075647563 11.61710116186384 11.67710116186384 12.118031041599185 12.178031041599185 12.609603388121768 12.669603388121768 13.299477941687732 13.359477941687732 14.266094358405464 14.326094358405465 15.76787618818237 15.827876188182371;1.6666666666666667 1.7738095238095239 1.9656766980655946 2.0728195552084516 3.4470779207207487 3.5542207778636059 5.53585693045261 5.6429997875954667 7.5332533385335223 7.6403961956763791 9.2265651311961943 9.3337079883390519 11.016636635426819 11.123779492569676 11.968195293902836 12.075338151045694 12.234994516260256 12.342137373403114 12.795332231515344 12.902475088658202 13.907735361587516 14.014878218730374 14.439128015383561 14.546270872526419 14.722870644681633 14.830013501824491 17.31586263508494 17.423005492227798 20.030537789042576 20.137680646185434 20.925055431427122 21.03219828856998 21.802863193074593 21.910006050217451 23.034782038728103 23.141924895870961 24.760882782866911 24.868025640009769 27.442636050325671 27.549778907468529;
