m;4
n;8
P;9
P1;2 4 6 8
Q;10
M;100
h;1 1 1 1 1 1 1 1 1
Vmin;40 40 40 40 40 40 40 40 40;40 40 40 40 40 40 40 40 40;40 40 40 40 40 40 40 40 40;40 40 40 40 40 40 40 40 40;40 40 40 40 40 40 40 40 40;40 40 40 40 40 40 40 40 40;40 40 40 40 40 40 40 40 40;40 40 40 40 40 40 40 40 40;
Vmax;40 40 40 40 40 40 40 40 40;40 40 40 40 40 40 40 40 40;40 40 40 40 40 40 40 40 40;40 40 40 40 40 40 40 40 40;40 40 40 40 40 40 40 40 40;40 40 40 40 40 40 40 40 40;40 40 40 40 40 40 40 40 40;40 40 40 40 40 40 40 40 40;
d;3 16.25 3 16.25 3 16.25 3 16.25 3
S;2 1.925 1.51875 1.4437500000000001 1.0375000000000001 0.96250000000000002 0.55625000000000002 0.48125000000000001 0.074999999999999997 0;2.166666666666667 2.0916666666666668 1.6854166666666666 1.6104166666666666 1.2041666666666666 1.1291666666666667 0.72291666666666665 0.6479166666666667 0.24166666666666664 0.16666666666666666;2.3333333333333335 2.2583333333333333 1.8520833333333333 1.7770833333333333 1.3708333333333333 1.2958333333333334 0.88958333333333328 0.81458333333333333 0.40833333333333333 0.33333333333333331;2.5 2.4249999999999998 2.0187499999999998 1.9437499999999999 1.5374999999999999 1.4624999999999999 1.0562499999999999 0.98124999999999996 0.57499999999999996 0.5;0 0.074999999999999997 0.48125000000000001 0.55625000000000002 0.96250000000000002 1.0375000000000001 1.4437500000000001 1.51875 1.925 2;0.16666666666666666 0.24166666666666664 0.6479166666666667 0.72291666666666665 1.1291666666666667 1.2041666666666666 1.6104166666666666 1.6854166666666666 2.0916666666666668 2.166666666666667;0.33333333333333331 0.40833333333333333 0.81458333333333333 0.88958333333333328 1.2958333333333334 1.3708333333333333 1.7770833333333333 1.8520833333333333 2.2583333333333333 2.3333333333333335;0.5 0.57499999999999996 0.98124999999999996 1.0562499999999999 1.4624999999999999 1.5374999999999999 1.9437499999999999 2.0187499999999998 2.4249999999999998 2.5;
