m;2
n;4
P;9
P1;2 4 6 8
Q;10
M;100
h;1 1 1 1 1 1 1 1 1
Vmin;40 40 40 40 40 40 40 40 40;40 40 40 40 40 40 40 40 40;40 40 40 40 40 40 40 40 40;40 40 40 40 40 40 40 40 40;
Vmax;40 40 40 40 40 40 40 40 40;40 40 40 40 40 40 40 40 40;40 40 40 40 40 40 40 40 40;40 40 40 40 40 40 40 40 40;
d;3 16.25 3 16.25 3 16.25 3 16.25 3
S;2 1.925 1.51875 1.4437500000000001 1.0375000000000001 0.96250000000000002 0.55625000000000002 0.48125000000000001 0.074999999999999997 0;2.166666666666667 2.0916666666666668 1.6854166666666666 1.6104166666666666 1.2041666666666666 1.1291666666666667 0.72291666666666665 0.6479166666666667 0.24166666666666664 0.16666666666666666;0 0.074999999999999997 0.48125000000000001 0.55625000000000002 0.96250000000000002 1.0375000000000001 1.4437500000000001 1.51875 1.925 2;0.16666666666666666 0.24166666666666664 0.6479166666666667 0.72291666666666665 1.1291666666666667 1.2041666666666666 1.6104166666666666 1.6854166666666666 2.0916666666666668 2.166666666666667;
