m;8
n;16
P;9
P1;2 4 6 8
Q;10
M;100
h;1 1 1 1 1 1 1 1 1
Vmin;52 52 52 52 52 52 52 52 52;28 28 28 28 28 28 28 28 28;40 40 40 40 40 40 40 40 40;45 45 45 45 45 45 45 45 45;50 50 50 50 50 50 50 50 50;29 29 29 29 29 29 29 29 29;41 41 41 41 41 41 41 41 41;49 49 49 49 49 49 49 49 49;45 45 45 45 45 45 45 45 45;37 37 37 37 37 37 37 37 37;40 40 40 40 40 40 40 40 40;40 40 40 40 40 40 40 40 40;40 40 40 40 40 40 40 40 40;50 50 50 50 50 50 50 50 50;48 48 48 48 48 48 48 48 48;51 51 51 51 51 51 51 51 51;
Vmax;52 52 52 52 52 52 52 52 52;28 28 28 28 28 28 28 28 28;40 40 40 40 40 40 40 40 40;45 45 45 45 45 45 45 45 45;50 50 50 50 50 50 50 50 50;29 29 29 29 29 29 29 29 29;41 41 41 41 41 41 41 41 41;49 49 49 49 49 49 49 49 49;45 45 45 45 45 45 45 45 45;37 37 37 37 37 37 37 37 37;40 40 40 40 40 40 40 40 40;40 40 40 40 40 40 40 40 40;40 40 40 40 40 40 40 40 40;50 50 50 50 50 50 50 50 50;48 48 48 48 48 48 48 48 48;51 51 51 51 51 51 51 51 51;
d;3.000 19.101 3.000 3.237 3.000 8.125 3.000 27.966 3.000
S;0.25686857920436684 0.25590704074282838 0.24694346462920391 0.24598192616766543 0.24337781964049665 0.24241628117895819 0.24137864801391934 0.24041710955238085 0.234295072279913 0.23333353381837452;0.34837491582519059 0.34658920153947631 0.32994256018560236 0.32815684589988803 0.32332064806371741 0.32153493377800313 0.31960790075721673 0.31782218647150245 0.30645268867977643 0.30466697439406215;0.5483893784083852 0.54713937840838511 0.53548672946067333 0.53423672946067324 0.53085139097535383 0.52960139097535386 0.52825246786080338 0.5270024678608034 0.51904381940659516 0.51779381940659519;0.65359068493388828 0.6524795738227771 0.64212166364703327 0.6410105525359221 0.63800136277119368 0.63689025166008251 0.63569120889159325 0.63458009778048208 0.62750574359896361 0.62639463248785243;0.74999731575085837 0.74899731575085826 0.73967519659268888 0.73867519659268888 0.73596692580443335 0.73496692580443335 0.73388778731279281 0.7328877873127928 0.72652086854942632 0.72552086854942621;0.8556847188343556 0.85396058090332105 0.83788796166509794 0.83616382373406339 0.83149439134051939 0.82977025340948485 0.82790966980320824 0.8261855318721737 0.81520808572843817 0.81348394779740363;0.95692720771587503 0.95570769552075308 0.94433925752298553 0.94311974532786358 0.93981697607389347 0.93859746387877152 0.93728144132799052 0.93606192913286868 0.92829739405559231 0.92707788186047035;1.0836729429986733 1.0826525348354079 1.0731401683474799 1.0721197601842147 1.0693562185635457 1.0683358104002805 1.0672346486741167 1.0662142405108515 1.0597173846298653 1.0586969764665999;1.3761741322490857 1.3771356707106241 1.383738477213861 1.3847000156753995 1.3857376488404385 1.3866991873019769 1.3893032938291456 1.3902648322906841 1.3992284084043085 1.400189946865847;1.4873867697509826 1.4891724840366969 1.5014348389712802 1.5032205532569944 1.5051475862777808 1.5069333005634953 1.5117694983996659 1.5135552126853802 1.5302018540392543 1.5319875683249686;1.7207162947645458 1.7219662947645458 1.7305499432187541 1.7317999432187541 1.7331488663333046 1.7343988663333045 1.7377842048186241 1.739034204818624 1.7506868537663358 1.7519368537663358;1.9506003766416289 1.9517114877527399 1.9593413974898142 1.9604525086009252 1.9616515513694144 1.9627626624805254 1.9657718522452539 1.9668829633563649 1.9772408735321085 1.9783519846432196;2.0538648754134039 2.0548648754134038 2.0617317941767705 2.0627317941767704 2.0638109326684111 2.064810932668411 2.0675192034566665 2.0685192034566664 2.077841322614836 2.0788413226148359;2.1258803587348849 2.1276044966659193 2.1394440117751716 2.1411681497062061 2.1430287333124829 2.1447528712435173 2.1494223036370612 2.1511464415680956 2.1672190608063189 2.1689431987373533;2.2625641269364984 2.2637836391316202 2.2721579303064576 2.2733774425015794 2.2746934650523603 2.275912977247482 2.279215746501452 2.2804352586965737 2.2918036966943416 2.2930232088894633;2.3998951613336863 2.4009155694969513 2.4079226294595704 2.4089430376228353 2.4100441993489992 2.4110646075122641 2.4138281491329328 2.4148485572961977 2.4243609237841262 2.4253813319473911;
