m;2
n;4
P;9
P1;2 4 6 8
Q;10
M;100
h;1 1 1 1 1 1 1 1 1
Vmin;52 52 52 52 52 52 52 52 52;37 37 37 37 37 37 37 37 37;28 28 28 28 28 28 28 28 28;41 41 41 41 41 41 41 41 41;
Vmax;52 52 52 52 52 52 52 52 52;37 37 37 37 37 37 37 37 37;28 28 28 28 28 28 28 28 28;41 41 41 41 41 41 41 41 41;
d;3.000 18.565 3.000 29.100 3.000 10.502 3.000 8.852 3.000
S;0.1096615790034917 0.10870004054195324 0.10586285211369123 0.10490131365215277 0.10153544307454827 0.10057390461300982 0.091246919572622071 0.090285381111083612 0.084335133629482709 0.083373595167944251;0.23821048684406834 0.236859135492717 0.2328717355394839 0.23152038418813256 0.22678997148447219 0.22543862013312085 0.21233042494122459 0.21097907358987325 0.20261656361573144 0.2012652122643801;0.36137184051472332 0.36233337897626172 0.36876439568863184 0.3697259341501703 0.379052919190558 0.38001445765209646 0.38338032822970092 0.38434186669123938 0.3871790551195014 0.38814059358103986;0.41511713410800649 0.41646848545935783 0.42550667110917534 0.42685802246052668 0.43996621765242294 0.44131756900377428 0.44604798170743465 0.44739933305878599 0.45138673301201915 0.45273808436337049;
