m;6
n;12
P;9
P1;2 4 6 8
Q;10
M;100
h;1 1 1 1 1 1 1 1 1
Vmin;28 28 28 28 28 28 28 28 28;52 52 52 52 52 52 52 52 52;52 52 52 52 52 52 52 52 52;35 35 35 35 35 35 35 35 35;48 48 48 48 48 48 48 48 48;37 37 37 37 37 37 37 37 37;34 34 34 34 34 34 34 34 34;37 37 37 37 37 37 37 37 37;49 49 49 49 49 49 49 49 49;35 35 35 35 35 35 35 35 35;50 50 50 50 50 50 50 50 50;36 36 36 36 36 36 36 36 36;
Vmax;28 28 28 28 28 28 28 28 28;52 52 52 52 52 52 52 52 52;52 52 52 52 52 52 52 52 52;35 35 35 35 35 35 35 35 35;48 48 48 48 48 48 48 48 48;37 37 37 37 37 37 37 37 37;34 34 34 34 34 34 34 34 34;37 37 37 37 37 37 37 37 37;49 49 49 49 49 49 49 49 49;35 35 35 35 35 35 35 35 35;50 50 50 50 50 50 50 50 50;36 36 36 36 36 36 36 36 36;
d;3.000 3.075 3.000 3.416 3.000 5.321 3.000 20.807 3.000
S;0.3380899186209802 0.33630420433526592 0.32391906304320611 0.32213334875749183 0.3189659915511216 0.31718027726540732 0.31514694056093068 0.3133612262752164 0.31153078942021512 0.30974507513450084;0.56039754509213513 0.55943600663059667 0.55276708439641065 0.55180554593487219 0.55010004590067285 0.5491385074391345 0.54804363382903165 0.54708209536749319 0.54609647552249252 0.54513493706095406;0.63679529672574442 0.63583375826420607 0.62916483603001994 0.62820329756848148 0.62649779753428225 0.62553625907274379 0.62444138546264094 0.62347984700110248 0.62249422715610181 0.62153268869456335;0.71890708832866468 0.71747851690009312 0.70757040386644532 0.70614183243787387 0.70360794667277771 0.70217937524420626 0.7005527058806249 0.69912413445205346 0.69765978496805248 0.69623121353948092;0.95329121839961506 0.95224955173294845 0.94502488597924683 0.94398321931258011 0.94213559427553084 0.94109392760886423 0.93990781453125283 0.93886614786458611 0.93779839303250201 0.9367567263658354;1.0482161773130991 1.0468648259617477 1.0374922866055944 1.036140935254243 1.0337440162872602 1.032392664935909 1.0308539236460346 1.0295025722946833 1.0281173768368446 1.0267660254854933;1.2675331612308536 1.2693188755165679 1.2720421695144262 1.2738278838001407 1.2758612205046171 1.2776469347903316 1.2808142919967018 1.2826000062824161 1.294985147574476 1.2967708618601903;1.3453475951783418 1.3463091336398803 1.34777552271565 1.3487370611771885 1.3498319347872914 1.3507934732488296 1.352498973283029 1.3534605117445675 1.3601294339787533 1.3610909724402918;1.6510225619522321 1.6519841004137705 1.6534504894895403 1.6544120279510788 1.6555069015611816 1.6564684400227201 1.6581739400569193 1.6591354785184578 1.6658044007526438 1.6667659392141823;1.8280902981812654 1.829518869609837 1.8316975048081237 1.8331260762366952 1.8347527456002766 1.8361813170288481 1.8387152027939444 1.8401437742225157 1.8500518872561638 1.8514804586847353;1.9415759165156972 1.942617583182364 1.9442061713477812 1.945247838014448 1.9464339510920594 1.947475617758726 1.9493232427957752 1.950364909462442 1.9575895752161434 1.95863124188281;2.0203713882480194 2.0217227395993707 2.0237836107328855 2.0251349620842367 2.0266737033741107 2.0280250547254624 2.0304219736924449 2.0317733250437962 2.0411458643999496 2.0424972157513013;
