m;7
n;14
P;9
P1;2 4 6 8
Q;10
M;100
h;1 1 1 1 1 1 1 1 1
Vmin;49 49 49 49 49 49 49 49 49;41 41 41 41 41 41 41 41 41;49 49 49 49 49 49 49 49 49;49 49 49 49 49 49 49 49 49;40 40 40 40 40 40 40 40 40;42 42 42 42 42 42 42 42 42;46 46 46 46 46 46 46 46 46;35 35 35 35 35 35 35 35 35;50 50 50 50 50 50 50 50 50;52 52 52 52 52 52 52 52 52;28 28 28 28 28 28 28 28 28;48 48 48 48 48 48 48 48 48;38 38 38 38 38 38 38 38 38;48 48 48 48 48 48 48 48 48;
Vmax;49 49 49 49 49 49 49 49 49;41 41 41 41 41 41 41 41 41;49 49 49 49 49 49 49 49 49;49 49 49 49 49 49 49 49 49;40 40 40 40 40 40 40 40 40;42 42 42 42 42 42 42 42 42;46 46 46 46 46 46 46 46 46;35 35 35 35 35 35 35 35 35;50 50 50 50 50 50 50 50 50;52 52 52 52 52 52 52 52 52;28 28 28 28 28 28 28 28 28;48 48 48 48 48 48 48 48 48;38 38 38 38 38 38 38 38 38;48 48 48 48 48 48 48 48 48;
d;3.000 4.740 3.000 5.938 3.000 8.299 3.000 5.473 3.000
S;0.092175155500206218 0.091154747336940914 0.089293318241576575 0.08827291007831127 0.085450149817864945 0.084429741654599627 0.082409862607116927 0.081389454443851608 0.079777361559709714 0.07875695339644441;0.33535061644404068 0.33413110424891873 0.33190646947641012 0.33068695728128816 0.32731341453099866 0.32609390233587665 0.32367990054742174 0.32246038835229979 0.320533740759057 0.31931422856393504;0.74067944326665047 0.73965903510338515 0.73779760600802091 0.73677719784475559 0.73395443758430923 0.73293402942104391 0.73091415037356122 0.7298937422102959 0.72828164932615402 0.72726124116288871;0.93606377532147456 0.93504336715820924 0.93318193806284488 0.93216152989957957 0.9293387696391332 0.92831836147586799 0.92629848242838519 0.92527807426511999 0.923665981380978 0.92264557321771268;1.0213760615569689 1.0201260615569689 1.0178458109151476 1.0165958109151476 1.0131379295961009 1.0118879295961007 1.0094135777629345 1.0081635777629345 1.0061887639798606 1.0049387639798606;1.0854337351396679 1.0842432589491919 1.0820715916712667 1.0808811154807905 1.0775878951769364 1.0763974189864602 1.0740408934310639 1.0728504172405877 1.0709696422090889 1.0697791660186127;1.4533078484293072 1.4522208919075681 1.4502380652625062 1.4491511087407671 1.4461442554198569 1.4450572988981178 1.4429056886084082 1.4418187320866691 1.440101502710083 1.4390145461883439;1.7691581845373434 1.7701785927006088 1.7723008896663832 1.7733212978296486 1.7753411768771312 1.7763615850403967 1.7791843453008427 1.7802047534641081 1.7820661825594724 1.7830865907227378;1.9228040566410247 1.9240235688361469 1.9265599725269504 1.9277794847220726 1.9301934865105277 1.9314129987056496 1.9347865414559391 1.936006053651061 1.9382306884235698 1.9394502006186918;2.1443165414220813 2.1453369495853467 2.1474592465511213 2.1484796547143863 2.1504995337618689 2.1515199419251343 2.1543427021855805 2.1553631103488455 2.15722453944421 2.1582449476074754;2.3716550573330935 2.3726754654963584 2.374797762462133 2.3758181706253985 2.377838049672881 2.378858457836146 2.3816812180965927 2.3827016262598577 2.3845630553552222 2.3855834635184872;2.652167889312159 2.6534178893121587 2.6560177030952326 2.6572677030952323 2.6597420549283988 2.6609920549283985 2.6644499362474452 2.6656999362474449 2.6679801868892663 2.6692301868892661;2.7434714563138729 2.7446619325043495 2.7471379456310867 2.7483284218215629 2.7506849473769597 2.7518754235674359 2.7551686438712903 2.7563591200617665 2.7585307873396916 2.7597212635301678;2.826792242667818 2.8278791991895571 2.8301399068270126 2.8312268633487516 2.8333784736384615 2.8344654301602006 2.837472283481111 2.8385592400028501 2.8405420666479122 2.8416290231696513;
