m;1
n;2
P;9
P1;2 4 6 8
Q;10
M;100
h;1 1 1 1 1 1 1 1 1
Vmin;28 28 28 28 28 28 28 28 28;52 52 52 52 52 52 52 52 52;
Vmax;28 28 28 28 28 28 28 28 28;52 52 52 52 52 52 52 52 52;
d;3.000 27.034 3.000 10.922 3.000 4.361 3.000 5.631 3.000
S;0.41147618976672767 0.40969047548101334 0.40633847976226367 0.40455276547654939 0.40195704388388021 0.40017132959816593 0.39367033388330536 0.39188461959759108 0.37579277618265888 0.37400706189694455;0.56785319446508609 0.56963890875080037 0.58662360930858981 0.58840932359430398 0.59491031930916449 0.59669603359487877 0.59929175518754785 0.60107746947326213 0.60442946519201179 0.60621517947772596;
