m;7
n;14
P;9
P1;2 4 6 8
Q;10
M;100
h;1 1 1 1 1 1 1 1 1
Vmin;48 48 48 48 48 48 48 48 48;37 37 37 37 37 37 37 37 37;50 50 50 50 50 50 50 50 50;43 43 43 43 43 43 43 43 43;49 49 49 49 49 49 49 49 49;47 47 47 47 47 47 47 47 47;38 38 38 38 38 38 38 38 38;52 52 52 52 52 52 52 52 52;28 28 28 28 28 28 28 28 28;44 44 44 44 44 44 44 44 44;44 44 44 44 44 44 44 44 44;48 48 48 48 48 48 48 48 48;50 50 50 50 50 50 50 50 50;45 45 45 45 45 45 45 45 45;
Vmax;48 48 48 48 48 48 48 48 48;37 37 37 37 37 37 37 37 37;50 50 50 50 50 50 50 50 50;43 43 43 43 43 43 43 43 43;49 49 49 49 49 49 49 49 49;47 47 47 47 47 47 47 47 47;38 38 38 38 38 38 38 38 38;52 52 52 52 52 52 52 52 52;28 28 28 28 28 28 28 28 28;44 44 44 44 44 44 44 44 44;44 44 44 44 44 44 44 44 44;48 48 48 48 48 48 48 48 48;50 50 50 50 50 50 50 50 50;45 45 45 45 45 45 45 45 45;
d;3.000 19.718 3.000 18.206 3.000 11.582 3.000 9.450 3.000
S;1.5407352761826043 1.4782352761826043 1.2813635374888148 1.2188635374888148 0.97757831325317368 0.91507831325317368 0.53578189100892581 0.47328189100892576 0.0625 0;2.1654583763089645 2.0843772952278834 1.8289761207062103 1.7478950396251292 1.4348763703464595 1.3537952892653784 0.86173506581338111 0.78065398473230008 0.24774774774774774 0.16666666666666666;1.8124391984686337 1.7524391984686336 1.5634423293225956 1.5034423293225956 1.2718085140563802 1.2118085140563801 0.84768394870190211 0.78768394870190206 0.39333333333333331 0.33333333333333331;2.2198905408549998 2.1501230989945346 1.9303592976619324 1.8605918558014674 1.5912502101430774 1.5214827682826124 1.0980821108936845 1.0283146690332194 0.56976744186046513 0.5;2.1759583657843198 2.1147338759884016 1.9218799278801997 1.8606554380842812 1.6242944020983472 1.5630699123024288 1.1915142333692879 1.1302897435733694 0.72789115646258495 0.66666666666666663;2.4068502111368444 2.3430204239028019 2.141959924811272 2.0781301375772294 1.8317111851663619 1.7678813979323194 1.3805148390445767 1.3166850518105342 0.8971631205673759 0.83333333333333337;2.9461919278096054 2.8672445593885527 2.618564468406924 2.5396170999858714 2.2348357641092722 2.1558883956882195 1.6767771254849588 1.5978297570639062 1.0789473684210527 1;0 0.0625 0.50453189100892581 0.56703189100892581 0.94632831325317368 1.0088283132531737 1.2501135374888148 1.3126135374888148 1.5094852761826043 1.5719852761826043;0.16666666666666666 0.24774774774774774 0.82119452527284065 0.90227560635392168 1.394335829805919 1.4754169108870001 1.7884355801656695 1.8695166612467506 2.1249178357684237 2.2059989168495049;0.33333333333333331 0.39333333333333331 0.81768394870190209 0.87768394870190214 1.2418085140563802 1.3018085140563802 1.5334423293225956 1.5934423293225957 1.7824391984686336 1.8424391984686337;0.5 0.56976744186046513 1.0631983899634521 1.1329658318239171 1.556366489212845 1.6261339310733101 1.8954755767317 1.965243018592165 2.1850068199247672 2.2547742617852324;0.66666666666666663 0.72789115646258495 1.1609019884713285 1.222126478267247 1.5936821572003879 1.6549066469963063 1.8912676829822404 1.9524921727781588 2.1453461208863609 2.2065706106822791;0.83333333333333337 0.8971631205673759 1.3485999454275555 1.412429732661598 1.7997962915493406 1.8636260787833832 2.1100450311942507 2.1738748184282932 2.3749353175198231 2.4387651047538657;1 1.0789473684210527 1.6373034412744325 1.7162508096954852 2.1953620798987457 2.2743094483197983 2.5790907841963975 2.6580381526174501 2.9067182435990793 2.9856656120201319;
