m;2
n;4
P;9
P1;2 4 6 8
Q;10
M;100
h;1 1 1 1 1 1 1 1 1
Vmin;28 28 28 28 28 28 28 28 28;34 34 34 34 34 34 34 34 34;41 41 41 41 41 41 41 41 41;52 52 52 52 52 52 52 52 52;
Vmax;28 28 28 28 28 28 28 28 28;34 34 34 34 34 34 34 34 34;41 41 41 41 41 41 41 41 41;52 52 52 52 52 52 52 52 52;
d;3.000 22.779 3.000 18.226 3.000 4.845 3.000 5.015 3.000
S;2.35228771217042 2.2451448550275628 2.0660420728706712 1.958899215727814 1.7858758656175935 1.6787330084747363 1.0278186927869173 0.92067583564406008 0.10714285714285714 0;2.1038447825717181 2.015609488454071 1.8681130796189838 1.7798777855013368 1.6373879677635081 1.5491526736458612 1.0131055901382455 0.92487029602059856 0.25490196078431371 0.16666666666666666;0 0.10714285714285714 0.97424726421548868 1.0813901213583459 1.7323044370461649 1.8394472941890221 2.0124706442992424 2.1196135014420996 2.2987162835989912 2.4058591407418484;0.16666666666666666 0.25490196078431371 0.96898794307942204 1.0572232371970691 1.5932703207046848 1.6815056148223317 1.8239954325601604 1.9122307266778074 2.0597271355128948 2.147962429630542;
