m;3
n;6
P;9
P1;2 4 6 8
Q;10
M;100
h;1 1 1 1 1 1 1 1 1
Vmin;28 28 28 28 28 28 28 28 28;43 43 43 43 43 43 43 43 43;34 34 34 34 34 34 34 34 34;48 48 48 48 48 48 48 48 48;49 49 49 49 49 49 49 49 49;52 52 52 52 52 52 52 52 52;
Vmax;28 28 28 28 28 28 28 28 28;43 43 43 43 43 43 43 43 43;34 34 34 34 34 34 34 34 34;48 48 48 48 48 48 48 48 48;49 49 49 49 49 49 49 49 49;52 52 52 52 52 52 52 52 52;
d;3.000 4.312 3.000 14.119 3.000 28.457 3.000 31.383 3.000
S;3.3311252108201947 3.2239823536773375 2.1031575684077839 1.9960147112649267 0.97969813381419502 0.87255527667133792 0.36829219104118993 0.26114933389833278 0.10714285714285714 0;2.3357714551077238 2.2660040132472585 1.5361646181880142 1.4663971763275492 0.80460963752242154 0.73484219566195641 0.40648483757720894 0.33671739571674381 0.23643410852713176 0.16666666666666666;3.0766129187146705 2.9883776245970233 2.065345448492685 1.9771101543750378 1.1401435611803175 1.0519082670626705 0.63663278477901919 0.54839749066137211 0.42156862745098039 0.33333333333333331;0 0.10714285714285714 0.31472076246976138 0.42186361961261853 0.92612670524276652 1.0332695623856236 2.0495861398363555 2.1567289969792127 3.2775537822487664 3.3846966393916236;0.16666666666666666 0.23643410852713176 0.37160111664697637 0.4413685585074415 0.76972591659218903 0.83949335845265416 1.5012808972577818 1.5710483391182468 2.3008877341774912 2.3706551760379564;0.33333333333333331 0.42156862745098039 0.59251513772019559 0.68075043183784267 1.0960259141214939 1.1842612082391408 2.0212278014338612 2.1094630955515083 3.0324952716558466 3.1207305657734938;
