m;6
n;12
P;9
P1;2 4 6 8
Q;10
M;100
h;1 1 1 1 1 1 1 1 1
Vmin;51 51 51 51 51 51 51 51 51;41 41 41 41 41 41 41 41 41;45 45 45 45 45 45 45 45 45;51 51 51 51 51 51 51 51 51;51 51 51 51 51 51 51 51 51;52 52 52 52 52 52 52 52 52;49 49 49 49 49 49 49 49 49;41 41 41 41 41 41 41 41 41;50 50 50 50 50 50 50 50 50;28 28 28 28 28 28 28 28 28;48 48 48 48 48 48 48 48 48;41 41 41 41 41 41 41 41 41;
Vmax;51 51 51 51 51 51 51 51 51;41 41 41 41 41 41 41 41 41;45 45 45 45 45 45 45 45 45;51 51 51 51 51 51 51 51 51;51 51 51 51 51 51 51 51 51;52 52 52 52 52 52 52 52 52;49 49 49 49 49 49 49 49 49;41 41 41 41 41 41 41 41 41;50 50 50 50 50 50 50 50 50;28 28 28 28 28 28 28 28 28;48 48 48 48 48 48 48 48 48;41 41 41 41 41 41 41 41 41;
d;3.000 3.805 3.000 37.135 3.000 13.026 3.000 12.385 3.000
S;1.5951078325156844 1.5362843031039197 1.2934354853873224 1.2346119559755577 0.979200355439939 0.92037682602817428 0.19224542182386017 0.13342189241209546 0.058823529411764705 0;2.1508251900398352 2.0776544583325181 1.7755742216606532 1.702403489953336 1.3846963770919567 1.3115256453846396 0.40580121576463901 0.33263048405732193 0.23983739837398371 0.16666666666666666;2.1411222101844425 2.0744555435177756 1.7992268834389655 1.7325602167722989 1.4430937361652643 1.3764270694985976 0.55121147806704152 0.48454481140037481 0.39999999999999997 0.33333333333333331;2.0951078325156844 2.0362843031039199 1.7934354853873227 1.734611955975558 1.4792003554399391 1.4203768260281744 0.69224542182386017 0.63342189241209546 0.55882352941176472 0.5;2.261774499182351 2.2029509697705865 1.9601021520539892 1.9012786226422245 1.6458670221066056 1.5870434926948409 0.8589120884905268 0.80008855907876208 0.72549019607843135 0.66666666666666663;2.3977660152237155 2.340073707531408 2.1018950593862837 2.0442027516939762 1.7937029127071196 1.7360106050148119 1.021881727814427 0.96418942012211928 0.89102564102564108 0.83333333333333337;0 0.058823529411764705 0.16283365711797781 0.22165718652974253 0.94978859073405664 1.0086121201458214 1.2640237206814402 1.3228472500932049 1.5656960678098022 1.6245195972215669;0.16666666666666666 0.23983739837398371 0.3692158499109805 0.44238658161829758 1.3481110112382981 1.4212817429456153 1.7389888558069946 1.8121595875143117 2.1142398241861766 2.1874105558934938;0.33333333333333331 0.39999999999999997 0.51787814473370819 0.58454481140037484 1.4097604028319308 1.4764270694985975 1.7658935501056321 1.8325602167722987 2.1077888768511088 2.1744555435177757;0.5 0.55882352941176472 0.66283365711797781 0.72165718652974253 1.4497885907340566 1.5086121201458214 1.7640237206814402 1.8228472500932049 2.0656960678098022 2.1245195972215667;0.66666666666666663 0.72549019607843135 0.82950032378464444 0.88832385319640916 1.6164552574007232 1.6752787868124879 1.9306903873481067 1.9895139167598714 2.2323627344764687 2.2911862638882332;0.83333333333333337 0.89102564102564108 0.99303557396827313 1.0507278816605807 1.7648567588609656 1.8225490665532733 2.07304890554013 2.1307412132324375 2.3689198613775617 2.4266121690698692;
