m;4
n;8
P;9
P1;2 4 6 8
Q;10
M;100
h;1 1 1 1 1 1 1 1 1
Vmin;51 51 51 51 51 51 51 51 51;45 45 45 45 45 45 45 45 45;41 41 41 41 41 41 41 41 41;37 37 37 37 37 37 37 37 37;49 49 49 49 49 49 49 49 49;50 50 50 50 50 50 50 50 50;52 52 52 52 52 52 52 52 52;28 28 28 28 28 28 28 28 28;
Vmax;51 51 51 51 51 51 51 51 51;45 45 45 45 45 45 45 45 45;41 41 41 41 41 41 41 41 41;37 37 37 37 37 37 37 37 37;49 49 49 49 49 49 49 49 49;50 50 50 50 50 50 50 50 50;52 52 52 52 52 52 52 52 52;28 28 28 28 28 28 28 28 28;
d;3.000 24.541 3.000 13.871 3.000 22.466 3.000 4.710 3.000
S;1.5801397035262505 1.5213161741144858 1.4289659441833875 1.3701424147716228 0.92963670383504082 0.8708131744232761 0.59883548155085464 0.54001195213908992 0.058823529411764705 0;1.9574916639964173 1.8908249973297506 1.7861614034078392 1.7194947367411726 1.2202549310130464 1.1535882643463797 0.84534687909096862 0.77868021242430197 0.23333333333333334 0.16666666666666666;2.2988729645489134 2.2257022328415963 2.1108275565858401 2.037656824878523 1.4897106966403355 1.4165399649330184 1.0782262494087866 1.0050555177014695 0.4065040650406504 0.33333333333333331;2.678030402157805 2.5969493210767238 2.4696557609014262 2.3885746798203451 1.7813911323131646 1.7003100512320835 1.3254218799755024 1.2443407988944213 0.58108108108108114 0.5;0 0.058823529411764705 0.56942371684497228 0.628247246256737 0.90022493912915857 0.95904846854092329 1.3995541794775053 1.45837770888927 1.5507279388203683 1.609551468232133;0.16666666666666666 0.23333333333333334 0.81201354575763518 0.87868021242430183 1.1869215976797129 1.2535882643463796 1.7528280700745058 1.8194947367411725 1.9241583306630838 1.9908249973297505;0.33333333333333331 0.4065040650406504 1.0416408835551281 1.1148116152624452 1.4531253307866769 1.5262960624939941 2.0742421907321815 2.1474129224394987 2.2622875986952549 2.335458330402572;0.5 0.58108108108108114 1.2848813394349619 1.365962420516043 1.740850591772624 1.8219316728537052 2.4291152203608855 2.5101963014419666 2.6374898616172642 2.7185709426983453;
