m;5
n;10
P;9
P1;2 4 6 8
Q;10
M;100
h;1 1 1 1 1 1 1 1 1
Vmin;44 44 44 44 44 44 44 44 44;42 42 42 42 42 42 42 42 42;52 52 52 52 52 52 52 52 52;34 34 34 34 34 34 34 34 34;50 50 50 50 50 50 50 50 50;50 50 50 50 50 50 50 50 50;50 50 50 50 50 50 50 50 50;47 47 47 47 47 47 47 47 47;28 28 28 28 28 28 28 28 28;40 40 40 40 40 40 40 40 40;
Vmax;44 44 44 44 44 44 44 44 44;42 42 42 42 42 42 42 42 42;52 52 52 52 52 52 52 52 52;34 34 34 34 34 34 34 34 34;50 50 50 50 50 50 50 50 50;50 50 50 50 50 50 50 50 50;50 50 50 50 50 50 50 50 50;47 47 47 47 47 47 47 47 47;28 28 28 28 28 28 28 28 28;40 40 40 40 40 40 40 40 40;
d;3.000 12.026 3.000 4.535 3.000 4.639 3.000 9.687 3.000
S;1.0428852665739865 0.97470344839216838 0.75453667924767154 0.68635486106585331 0.5809186025729931 0.51273678439117498 0.40967905567847057 0.34149723749665239 0.068181818181818177 0;1.259213136410843 1.1877845649822716 0.9571336639737511 0.88570509254517971 0.77524805983837375 0.70381948840980235 0.59585424880601678 0.52442567737744539 0.23809523809523808 0.16666666666666666;1.2157747127420913 1.1580824050497835 0.97178744654290172 0.91409513885059401 0.82487984320278918 0.76718753551048147 0.67998484198434694 0.62229253429203923 0.39102564102564102 0.33333333333333331;1.849616227331041 1.7613809332133941 1.4764592319675747 1.3882239378499277 1.2517770150944616 1.1635417209768146 1.0301728955839031 0.94193760146625605 0.58823529411764708 0.5;1.5844057012517749 1.5244057012517749 1.3306589444046177 1.2706589444046177 1.1778750369309006 1.1178750369309005 1.0271842356637206 0.96718423566372069 0.72666666666666657 0.66666666666666663;0 0.068181818181818177 0.37558814658756146 0.44376996476937963 0.54682769348208404 0.61500951166390228 0.72044577015676248 0.78862758833858071 1.0087943574830776 1.0769761756648957;0.16666666666666666 0.23809523809523808 0.56013996309173097 0.63156853452030237 0.73953377412408794 0.81096234555265934 0.92141937825946529 0.99284794968803669 1.2234988506965572 1.2949274221251286;0.33333333333333331 0.39102564102564102 0.65113868813819309 0.7088309958305008 0.79603368935663532 0.85372599704894303 0.94294129269674787 1.0006336003890555 1.1869285588959373 1.244620866588245;0.5 0.58823529411764708 0.98605524852507953 1.0742905426427265 1.207659368035638 1.295894662153285 1.4323415849087511 1.520576879026398 1.8054985802722174 1.8937338743898644;0.66666666666666663 0.72666666666666657 0.99718423566372061 1.0571842356637207 1.1478750369309005 1.2078750369309006 1.3006589444046175 1.3606589444046175 1.5544057012517747 1.6144057012517747;
