Vermelho 1 2 0 10 2020-01-01T01:25:38 110 46
Azul 1 2 0 10 2020-01-01T01:52:53 40 52
Verde 1 2 0 10 2020-01-01T02:34:24 110 46
Amarelo 1 2 0 10 2020-01-01T03:17:26 70 49
Laranja 1 2 0 10 2020-01-01T04:27:18 320 36
Preto 1 2 0 10 2020-01-01T05:38:36 140 44
Roxo 10 9 0 1 2020-01-01T06:01:52 410 33
Rosa 10 9 0 1 2020-01-01T06:38:10 190 40
Branco 10 9 0 1 2020-01-01T07:39:16 160 43
Abobora 10 9 0 1 2020-01-01T07:54:11 60 50
Acafrao 10 9 0 1 2020-01-01T08:20:14 180 41
Ambar 10 9 0 1 2020-01-01T09:47:35 540 28
