Vermelho 1 2 0 10 2020-01-01T00:08:07 60 49
Azul 1 2 0 10 2020-01-01T00:11:12 90 47
Verde 1 2 0 10 2020-01-01T01:21:55 60 49
Amarelo 1 2 0 10 2020-01-01T01:46:17 60 49
Laranja 1 2 0 10 2020-01-01T02:25:46 390 31
Preto 1 2 0 10 2020-01-01T04:07:07 80 48
Roxo 1 2 0 10 2020-01-01T04:42:38 150 43
Rosa 10 9 0 1 2020-01-01T05:36:12 150 43
Branco 10 9 0 1 2020-01-01T06:09:24 90 47
Abobora 10 9 0 1 2020-01-01T08:05:48 60 49
Acafrao 10 9 0 1 2020-01-01T08:59:02 280 36
Ambar 10 9 0 1 2020-01-01T10:38:26 430 28
Ameixa 10 9 0 1 2020-01-01T12:00:39 20 52
Amendoa 10 9 0 1 2020-01-01T12:13:24 50 50
