Vermelho 1 2 0 10 2020-01-01T00:09:00 180 41
Azul 1 2 0 10 2020-01-01T02:17:36 280 32
Verde 1 2 0 10 2020-01-01T02:23:46 210 39
Amarelo 1 2 0 10 2020-01-01T02:55:03 280 32
Laranja 1 2 0 10 2020-01-01T03:18:26 240 36
Preto 1 2 0 10 2020-01-01T04:18:44 300 30
Roxo 1 2 0 10 2020-01-01T04:51:42 120 45
Rosa 1 2 0 10 2020-01-01T06:43:19 100 46
Branco 10 9 0 1 2020-01-01T08:18:02 320 28
Abobora 10 9 0 1 2020-01-01T08:57:39 310 29
Acafrao 10 9 0 1 2020-01-01T09:09:57 120 45
Ambar 10 9 0 1 2020-01-01T09:43:29 170 42
Ameixa 10 9 0 1 2020-01-01T09:55:11 140 44
Amendoa 10 9 0 1 2020-01-01T11:29:19 20 52
Ametista 10 9 0 1 2020-01-01T12:57:04 20 52
Anil 10 9 0 1 2020-01-01T13:37:51 250 35
