Vermelho 1 2 0 10 2020-01-01T00:00:00 50 50
Azul 1 2 0 10 2020-01-01T01:00:00 60 49
Verde 1 2 0 10 2020-01-01T02:00:00 90 47
Amarelo 1 2 0 10 2020-01-01T03:00:00 380 28
Laranja 1 2 0 10 2020-01-01T04:00:00 320 32
Preto 1 2 0 10 2020-01-01T05:00:00 90 47
Roxo 1 2 0 10 2020-01-01T06:00:00 230 38
Rosa 1 2 0 10 2020-01-01T07:00:00 220 39
Branco 10 9 0 1 2020-01-01T00:00:00 140 44
Abobora 10 9 0 1 2020-01-01T01:00:00 40 50
Acafrao 10 9 0 1 2020-01-01T02:00:00 40 50
Ambar 10 9 0 1 2020-01-01T03:00:00 130 44
Ameixa 10 9 0 1 2020-01-01T04:00:00 20 52
Amendoa 10 9 0 1 2020-01-01T05:00:00 50 50
Ametista 10 9 0 1 2020-01-01T06:00:00 190 40
Anil 10 9 0 1 2020-01-01T07:00:00 190 40
