Vermelho 1 2 0 10 2020-01-01T00:00:00 220 39
Azul 1 2 0 10 2020-01-01T01:00:00 400 28
Verde 1 2 0 10 2020-01-01T02:00:00 70 49
Amarelo 1 2 0 10 2020-01-01T03:00:00 90 47
Laranja 1 2 0 10 2020-01-01T04:00:00 170 42
Preto 1 2 0 10 2020-01-01T05:00:00 390 29
Roxo 1 2 0 10 2020-01-01T06:00:00 250 37
Rosa 10 9 0 1 2020-01-01T00:00:00 110 46
Branco 10 9 0 1 2020-01-01T01:00:00 150 43
Abobora 10 9 0 1 2020-01-01T02:00:00 60 49
Acafrao 10 9 0 1 2020-01-01T03:00:00 30 52
Ambar 10 9 0 1 2020-01-01T04:00:00 80 48
Ameixa 10 9 0 1 2020-01-01T05:00:00 300 34
Amendoa 10 9 0 1 2020-01-01T06:00:00 290 35
