Vermelho 1 2 0 5 2020-01-01T00:25:23 240 37
Azul 1 2 0 5 2020-01-01T00:33:34 90 47
Verde 1 2 0 5 2020-01-01T00:46:48 250 37
Amarelo 1 2 0 5 2020-01-01T00:50:46 360 28
Laranja 1 2 0 5 2020-01-01T00:57:44 330 31
Preto 1 2 0 5 2020-01-01T01:09:15 220 39
Roxo 1 2 0 5 2020-01-01T01:22:27 160 42
Rosa 5 4 0 1 2020-01-01T01:36:33 220 39
Branco 5 4 0 1 2020-01-01T01:51:47 210 40
Abobora 5 4 0 1 2020-01-01T01:55:24 120 45
Acafrao 5 4 0 1 2020-01-01T02:02:18 30 52
Ambar 5 4 0 1 2020-01-01T02:08:39 100 47
Ameixa 5 4 0 1 2020-01-01T02:28:41 130 44
Amendoa 5 4 0 1 2020-01-01T02:40:21 200 40
