Vermelho 1 2 0 5 2020-01-01T00:05:57 140 44
Azul 1 2 0 5 2020-01-01T00:13:32 90 47
Verde 1 2 0 5 2020-01-01T00:22:16 110 46
Amarelo 1 2 0 5 2020-01-01T00:27:23 130 44
Laranja 1 2 0 5 2020-01-01T00:56:57 350 30
Preto 1 2 0 5 2020-01-01T01:12:35 60 49
Roxo 1 2 0 5 2020-01-01T01:17:42 180 41
Rosa 1 2 0 5 2020-01-01T01:21:47 110 46
Branco 5 4 0 1 2020-01-01T01:27:35 20 52
Abobora 5 4 0 1 2020-01-01T01:32:56 40 50
Acafrao 5 4 0 1 2020-01-01T01:55:38 160 42
Ambar 5 4 0 1 2020-01-01T02:11:11 120 45
Ameixa 5 4 0 1 2020-01-01T02:35:10 40 50
Amendoa 5 4 0 1 2020-01-01T02:40:44 370 28
Ametista 5 4 0 1 2020-01-01T02:46:50 240 38
Anil 5 4 0 1 2020-01-01T02:51:12 40 50
