Vermelho 1 2 0 5 2020-01-01T00:00:00 250 35
Azul 1 2 0 5 2020-01-01T00:10:00 30 51
Verde 1 2 0 5 2020-01-01T00:20:00 160 42
Amarelo 1 2 0 5 2020-01-01T00:30:00 60 49
Laranja 1 2 0 5 2020-01-01T00:40:00 290 31
Preto 1 2 0 5 2020-01-01T00:50:00 60 49
Roxo 1 2 0 5 2020-01-01T01:00:00 20 52
Rosa 1 2 0 5 2020-01-01T01:10:00 220 38
Branco 5 4 0 1 2020-01-01T00:00:00 310 28
Abobora 5 4 0 1 2020-01-01T00:10:00 180 41
Acafrao 5 4 0 1 2020-01-01T00:20:00 260 34
Ambar 5 4 0 1 2020-01-01T00:30:00 30 51
Ameixa 5 4 0 1 2020-01-01T00:40:00 260 34
Amendoa 5 4 0 1 2020-01-01T00:50:00 50 50
Ametista 5 4 0 1 2020-01-01T01:00:00 170 42
Anil 5 4 0 1 2020-01-01T01:10:00 90 47
