Vermelho 1 2 0 5 2020-01-01T00:00:00 130 44
Azul 1 2 0 5 2020-01-01T00:10:00 270 37
Verde 1 2 0 5 2020-01-01T00:20:00 440 28
Amarelo 1 2 0 5 2020-01-01T00:30:00 110 46
Laranja 1 2 0 5 2020-01-01T00:40:00 50 50
Preto 1 2 0 5 2020-01-01T00:50:00 20 52
Roxo 1 2 0 5 2020-01-01T01:00:00 180 41
Rosa 5 4 0 1 2020-01-01T00:00:00 80 48
Branco 5 4 0 1 2020-01-01T00:10:00 190 40
Abobora 5 4 0 1 2020-01-01T00:20:00 130 44
Acafrao 5 4 0 1 2020-01-01T00:30:00 370 32
Ambar 5 4 0 1 2020-01-01T00:40:00 30 51
Ameixa 5 4 0 1 2020-01-01T00:50:00 140 44
Amendoa 5 4 0 1 2020-01-01T01:00:00 180 41
