m;8
n;16
P;9
P1;2 4 6 8
Q;10
M;100
h;1 1 1 1 1 1 1 1 1
Vmin;40 40 40 40 40 40 40 40 40;40 40 40 40 40 40 40 40 40;40 40 40 40 40 40 40 40 40;40 40 40 40 40 40 40 40 40;40 40 40 40 40 40 40 40 40;40 40 40 40 40 40 40 40 40;40 40 40 40 40 40 40 40 40;40 40 40 40 40 40 40 40 40;40 40 40 40 40 40 40 40 40;40 40 40 40 40 40 40 40 40;40 40 40 40 40 40 40 40 40;40 40 40 40 40 40 40 40 40;40 40 40 40 40 40 40 40 40;40 40 40 40 40 40 40 40 40;40 40 40 40 40 40 40 40 40;40 40 40 40 40 40 40 40 40;
Vmax;40 40 40 40 40 40 40 40 40;40 40 40 40 40 40 40 40 40;40 40 40 40 40 40 40 40 40;40 40 40 40 40 40 40 40 40;40 40 40 40 40 40 40 40 40;40 40 40 40 40 40 40 40 40;40 40 40 40 40 40 40 40 40;40 40 40 40 40 40 40 40 40;40 40 40 40 40 40 40 40 40;40 40 40 40 40 40 40 40 40;40 40 40 40 40 40 40 40 40;40 40 40 40 40 40 40 40 40;40 40 40 40 40 40 40 40 40;40 40 40 40 40 40 40 40 40;40 40 40 40 40 40 40 40 40;40 40 40 40 40 40 40 40 40;
d;3 16.25 3 16.25 3 16.25 3 16.25 3
S;2 1.925 1.51875 1.4437500000000001 1.0375000000000001 0.96250000000000002 0.55625000000000002 0.48125000000000001 0.074999999999999997 0;3.0000000000000004 2.9250000000000003 2.5187500000000003 2.4437500000000001 2.0375000000000001 1.9624999999999999 1.5562499999999999 1.48125 1.075 1;4.0000000000000009 3.9250000000000007 3.5187500000000007 3.4437500000000005 3.0375000000000005 2.9625000000000004 2.5562500000000004 2.4812500000000002 2.0750000000000002 2;5.0000000000000009 4.9250000000000007 4.5187500000000007 4.4437500000000005 4.0375000000000005 3.9625000000000004 3.5562500000000004 3.4812500000000002 3.0750000000000002 3;6.0000000000000009 5.9250000000000007 5.5187500000000007 5.4437500000000005 5.0375000000000005 4.9625000000000004 4.5562500000000004 4.4812500000000002 4.0750000000000002 4;7.0000000000000009 6.9250000000000007 6.5187500000000007 6.4437500000000005 6.0375000000000005 5.9625000000000004 5.5562500000000004 5.4812500000000002 5.0750000000000002 5;8 7.9250000000000007 7.5187500000000007 7.4437500000000005 7.0375000000000005 6.9625000000000004 6.5562500000000004 6.4812500000000002 6.0750000000000002 6;8.9999999999999982 8.9249999999999989 8.5187499999999989 8.4437499999999996 8.0374999999999996 7.9625000000000004 7.5562500000000004 7.4812500000000002 7.0750000000000002 7;0 0.074999999999999997 0.48125000000000001 0.55625000000000002 0.96250000000000002 1.0375000000000001 1.4437500000000001 1.51875 1.925 2;1 1.075 1.48125 1.5562499999999999 1.9624999999999999 2.0375000000000001 2.4437500000000001 2.5187500000000003 2.9250000000000003 3.0000000000000004;2 2.0750000000000002 2.4812500000000002 2.5562500000000004 2.9625000000000004 3.0375000000000005 3.4437500000000005 3.5187500000000007 3.9250000000000007 4.0000000000000009;3 3.0750000000000002 3.4812500000000002 3.5562500000000004 3.9625000000000004 4.0375000000000005 4.4437500000000005 4.5187500000000007 4.9250000000000007 5.0000000000000009;4 4.0750000000000002 4.4812500000000002 4.5562500000000004 4.9625000000000004 5.0375000000000005 5.4437500000000005 5.5187500000000007 5.9250000000000007 6.0000000000000009;5 5.0750000000000002 5.4812500000000002 5.5562500000000004 5.9625000000000004 6.0375000000000005 6.4437500000000005 6.5187500000000007 6.9250000000000007 7.0000000000000009;6 6.0750000000000002 6.4812500000000002 6.5562500000000004 6.9625000000000004 7.0375000000000005 7.4437500000000005 7.5187500000000007 7.9250000000000007 8;7 7.0750000000000002 7.4812500000000002 7.5562500000000004 7.9625000000000004 8.0374999999999996 8.4437499999999996 8.5187499999999989 8.9249999999999989 8.9999999999999982;
