m;8
n;16
P;9
P1;2 4 6 8
Q;10
M;100
h;1 1 1 1 1 1 1 1 1
Vmin;38 38 38 38 38 38 38 38 38;46 46 46 46 46 46 46 46 46;40 40 40 40 40 40 40 40 40;39 39 39 39 39 39 39 39 39;48 48 48 48 48 48 48 48 48;49 49 49 49 49 49 49 49 49;46 46 46 46 46 46 46 46 46;39 39 39 39 39 39 39 39 39;39 39 39 39 39 39 39 39 39;42 42 42 42 42 42 42 42 42;52 52 52 52 52 52 52 52 52;40 40 40 40 40 40 40 40 40;46 46 46 46 46 46 46 46 46;40 40 40 40 40 40 40 40 40;37 37 37 37 37 37 37 37 37;28 28 28 28 28 28 28 28 28;
Vmax;38 38 38 38 38 38 38 38 38;46 46 46 46 46 46 46 46 46;40 40 40 40 40 40 40 40 40;39 39 39 39 39 39 39 39 39;48 48 48 48 48 48 48 48 48;49 49 49 49 49 49 49 49 49;46 46 46 46 46 46 46 46 46;39 39 39 39 39 39 39 39 39;39 39 39 39 39 39 39 39 39;42 42 42 42 42 42 42 42 42;52 52 52 52 52 52 52 52 52;40 40 40 40 40 40 40 40 40;46 46 46 46 46 46 46 46 46;40 40 40 40 40 40 40 40 40;37 37 37 37 37 37 37 37 37;28 28 28 28 28 28 28 28 28;
d;3.000 11.984 3.000 7.872 3.000 21.573 3.000 21.144 3.000
S;0.8627338063562493 0.86141801688256503 0.85214415038309899 0.85082836090941472 0.84136669276981491 0.84005090329613064 0.83659815135730142 0.83528236188361715 0.83002638415640595 0.82871059468272168;1.9486218554756174 1.9475348989538783 1.9398738788021455 1.9387869222804064 1.9309707616433454 1.9298838051216063 1.9270315317808344 1.9259445752590953 1.9216026806148776 1.9205157240931385;2.4215465683655677 2.4202965683655675 2.411486395191075 2.4102363951910752 2.4012478104584551 2.3999978104584554 2.3967176961165673 2.3954676961165675 2.3904745172757171 2.3892245172757169;3.319949878730196 3.3186678274481447 3.3096317523973826 3.3083497011153318 3.2991306398511062 3.2978485885690549 3.2944843687312213 3.2932023174491705 3.2880811083816313 3.28679905709958;3.7886396889758158 3.7875980223091492 3.7802562113304052 3.7792145446637386 3.7717240573865554 3.7706823907198888 3.7679489621016486 3.766907295434982 3.7627463130676064 3.7617046464009394;5.6431473163386361 5.6421269081753707 5.6349349300737437 5.6339145219104791 5.6265769017205844 5.6255564935573199 5.6228788491965949 5.6218584410333294 5.6177823766734516 5.6167619685101871;7.5901667010274503 7.5890797445057103 7.5814187243539779 7.5803317678322379 7.5725156071951769 7.5714286506734378 7.5685763773326657 7.5674894208109267 7.5631475261667083 7.5620605696449692;8.6857255002607285 8.6844434489786764 8.6754073739279161 8.6741253226458639 8.6649062613816383 8.6636242100995862 8.6602599902617516 8.6589779389796995 8.6538567299121603 8.6525746786301099;9.469884398804794 9.4712001882784786 9.4771140607425313 9.4784298502162141 9.4818826021550446 9.4831983916287275 9.4926600597683279 9.4939758492420125 9.5032497157414788 9.5045655052151634;9.6382934863204195 9.6393804428421603 9.6442658157472465 9.6453527722689856 9.6482050456097586 9.6492920021314976 9.6571081627685587 9.6581951192902977 9.665856139442031 9.6669430959637701;10.577617017493713 10.578867017493714 10.584485196334564 10.585735196334564 10.589015310676452 10.590265310676452 10.599253895409072 10.600503895409073 10.609314068583565 10.610564068583566;10.784125899104176 10.785407950386228 10.791170185094792 10.792452236376844 10.795816456214679 10.797098507496731 10.806317568760957 10.807599620043009 10.816635695093769 10.817917746375821;11.926694439388367 11.927736106055033 11.932417921755741 11.933459588422409 11.936193017040647 11.937234683707315 11.944725170984498 11.945766837651165 11.953108648629909 11.954150315296575;12.420939899796712 12.421960307959978 12.426546576401488 12.427566984564754 12.430244628925481 12.431265037088744 12.438602657278638 12.439623065441904 12.446815043543529 12.447835451706794;12.69031119428899 12.691398150810729 12.696283523715815 12.697370480237556 12.700222753578327 12.701309710100068 12.709125870737127 12.710212827258866 12.717873847410599 12.718960803932339;14.164889730565495 14.166171781847545 14.171934016556111 14.173216067838162 14.176580287675996 14.177862338958048 14.187081400222274 14.188363451504326 14.197399526555087 14.198681577837139;
