m;6
n;12
P;9
P1;2 4 6 8
Q;10
M;100
h;1 1 1 1 1 1 1 1 1
Vmin;40 40 40 40 40 40 40 40 40;48 48 48 48 48 48 48 48 48;28 28 28 28 28 28 28 28 28;36 36 36 36 36 36 36 36 36;52 52 52 52 52 52 52 52 52;48 48 48 48 48 48 48 48 48;36 36 36 36 36 36 36 36 36;33 33 33 33 33 33 33 33 33;35 35 35 35 35 35 35 35 35;39 39 39 39 39 39 39 39 39;40 40 40 40 40 40 40 40 40;48 48 48 48 48 48 48 48 48;
Vmax;40 40 40 40 40 40 40 40 40;48 48 48 48 48 48 48 48 48;28 28 28 28 28 28 28 28 28;36 36 36 36 36 36 36 36 36;52 52 52 52 52 52 52 52 52;48 48 48 48 48 48 48 48 48;36 36 36 36 36 36 36 36 36;33 33 33 33 33 33 33 33 33;35 35 35 35 35 35 35 35 35;39 39 39 39 39 39 39 39 39;40 40 40 40 40 40 40 40 40;48 48 48 48 48 48 48 48 48;
d;3.000 11.926 3.000 11.187 3.000 24.774 3.000 6.357 3.000
S;1.8342630867674585 1.8330130867674586 1.8303641866591738 1.8291141866591736 1.8187916230561079 1.8175416230561079 1.8128803499186823 1.8116303499186823 1.8066610071814024 1.8054110071814022;2.8691014671411859 2.8680598004745192 2.8658523837176153 2.8648107170509487 2.8562085807150606 2.855166914048394 2.8512825197672056 2.850240853100539 2.8460997341528063 2.8450580674861397;3.6686900406316734 3.6669043263459589 3.6631201833341231 3.6613344690484086 3.6465879496154576 3.6448022353297431 3.6381432737048494 3.6363575594191349 3.629258498365878 3.6274727840801635;4.9249773036575411 4.9235884147686528 4.9206451924261136 4.9192563035372254 4.9077867884227082 4.9063978995338191 4.9012187071589022 4.8998298182700131 4.8943083263397025 4.8929194374508143;6.2224232244874722 6.2214616860259335 6.2194240705580217 6.218462532096483 6.2105220985556633 6.2095605600941246 6.205974965373029 6.2050134269114903 6.2011908555751214 6.2002293171135827;6.565096318269469 6.5640546516028024 6.5618472348458985 6.5608055681792319 6.5522034318433429 6.5511617651766763 6.5472773708954888 6.5462357042288222 6.542094585281089 6.5410529186144224;6.8418902652932623 6.843140265293262 6.8487346080305418 6.8499846080305415 6.8546458811679676 6.8558958811679673 6.8662184447710333 6.867468444771033 6.8701173448793176 6.8713673448793173;8.5381788452964358 8.5392205119631015 8.5438824642441684 8.5449241309108341 8.5488085251920225 8.54985019185869 8.5584523281945781 8.5594939948612438 8.5617014116181487 8.5627430782848162;10.317894635685608 10.319680349971323 10.327672268167438 10.329457982453153 10.336116944078046 10.337902658363761 10.352649177796712 10.354434892082427 10.358219035094264 10.360004749379979;10.867270111273509 10.868659000162399 10.874874936537152 10.876263825426042 10.88144301780096 10.88283190668985 10.894301421804366 10.895690310693256 10.898633533035795 10.900022421924685;12.613556506128758 12.614518044590294 12.618821385157434 12.61978292361897 12.623368518340067 12.624330056801604 12.632270490342425 12.633232028803963 12.635269644271874 12.636231182733411;14.785011603854221 14.786053270520886 14.790715222801953 14.791756889468619 14.795641283749807 14.796682950416475 14.805285086752361 14.806326753419029 14.808534170175934 14.809575836842601;
