m;4
n;8
P;9
P1;2 4 6 8
Q;10
M;100
h;1 1 1 1 1 1 1 1 1
Vmin;50 50 50 50 50 50 50 50 50;48 48 48 48 48 48 48 48 48;38 38 38 38 38 38 38 38 38;28 28 28 28 28 28 28 28 28;39 39 39 39 39 39 39 39 39;42 42 42 42 42 42 42 42 42;38 38 38 38 38 38 38 38 38;52 52 52 52 52 52 52 52 52;
Vmax;50 50 50 50 50 50 50 50 50;48 48 48 48 48 48 48 48 48;38 38 38 38 38 38 38 38 38;28 28 28 28 28 28 28 28 28;39 39 39 39 39 39 39 39 39;42 42 42 42 42 42 42 42 42;38 38 38 38 38 38 38 38 38;52 52 52 52 52 52 52 52 52;
d;3.000 18.930 3.000 19.265 3.000 7.316 3.000 14.668 3.000
S;0.49929065517739307 0.49829065517739307 0.49340130550755101 0.49240130550755101 0.48996273491119946 0.48896273491119946 0.48254090825611229 0.48154090825611229 0.47523095625783007 0.47423095625783007;1.3609184128369649 1.3598767461702981 1.354783673597546 1.3537420069308794 1.3512018292263466 1.3501601625596797 1.3434707597939639 1.3424290931272973 1.3358562264624199 1.3348145597957533;2.2053665835432623 2.2040507940695786 2.197617439240839 2.1963016497671553 2.19309300424564 2.1917772147719559 2.1833274428573679 2.1820116533836837 2.1737090849648912 2.1723932954912071;2.4671456768179145 2.4653599625322 2.4566289809789108 2.4548432666931963 2.4504886763425686 2.4487029620568546 2.4372354144584847 2.4354497001727702 2.4241819287472661 2.4223962144615516;3.5557845568123354 3.5567845568123357 3.5635945088106178 3.5645945088106177 3.5710163354657052 3.5720163354657051 3.5744549060620567 3.5754549060620566 3.580344255731899 3.5813442557318989;5.6404809618990308 5.6415226285656974 5.6486163285639082 5.6496579952305748 5.6563473979962904 5.657389064662957 5.6599292423674905 5.6609709090341571 5.6660639816069089 5.6671056482735755;6.0314304508057379 6.0327462402794216 6.0417067034350556 6.0430224929087393 6.0514722648233281 6.0527880542970118 6.0559966998185271 6.0573124892922117 6.0637458441209509 6.0650616335946355;6.9610411165072357 6.9628268307929497 6.9749874593613113 6.9767731736470244 6.9882407212453943 6.9900264355311084 6.9943810258817365 6.9961667401674505 7.0048977217207398 7.0066834360064538;
