m;1
n;2
P;9
P1;2 4 6 8
Q;10
M;100
h;1 1 1 1 1 1 1 1 1
Vmin;52 52 52 52 52 52 52 52 52;50 50 50 50 50 50 50 50 50;
Vmax;52 52 52 52 52 52 52 52 52;50 50 50 50 50 50 50 50 50;
d;3.000 2.162 3.000 46.127 3.000 6.707 3.000 3.407 3.000
S;0.25022982686804857 0.24926828840651011 0.24817634832231128 0.24721480986077279 0.24506510985206162 0.24410357139052316 0.22931925665668501 0.22835771819514653 0.22766470523465457 0.22670316677311611;0.36571506993720354 0.366676608398742 0.36785039059000318 0.36881192905154164 0.38359624378537982 0.38455778224691822 0.38670748225562945 0.38766902071716791 0.38876096080136674 0.3897224992629052;
