m;5
n;10
P;9
P1;2 4 6 8
Q;10
M;100
h;1 1 1 1 1 1 1 1 1
Vmin;47 47 47 47 47 47 47 47 47;46 46 46 46 46 46 46 46 46;28 28 28 28 28 28 28 28 28;48 48 48 48 48 48 48 48 48;42 42 42 42 42 42 42 42 42;49 49 49 49 49 49 49 49 49;46 46 46 46 46 46 46 46 46;49 49 49 49 49 49 49 49 49;52 52 52 52 52 52 52 52 52;46 46 46 46 46 46 46 46 46;
Vmax;47 47 47 47 47 47 47 47 47;46 46 46 46 46 46 46 46 46;28 28 28 28 28 28 28 28 28;48 48 48 48 48 48 48 48 48;42 42 42 42 42 42 42 42 42;49 49 49 49 49 49 49 49 49;46 46 46 46 46 46 46 46 46;49 49 49 49 49 49 49 49 49;52 52 52 52 52 52 52 52 52;46 46 46 46 46 46 46 46 46;
d;3.000 61.340 3.000 5.101 3.000 31.968 3.000 4.930 3.000
S;0.22776928592537463 0.22670545613814055 0.22495713472709047 0.2238933049398564 0.21255726408518288 0.21149343429794881 0.20968451279561756 0.20862068300838349 0.18686890385720192 0.18580507406996785;1.088070595992384 1.0869836394706449 1.085197311072398 1.084110354550659 1.0725278780252314 1.0714409215034923 1.0695926756206757 1.0685057190989367 1.0462810751835989 1.0451941186618599;2.7177920392802908 2.7160063249945763 2.7130716426260282 2.7112859283403141 2.6922575740485404 2.6904718597628259 2.6874354558124844 2.6856497415267699 2.6491378265230012 2.6473521122372867;4.0512720575275445 4.0502303908608779 4.0485184928125575 4.0474768261458909 4.0363769528090234 4.0353352861423568 4.0335640505046566 4.03252238383799 4.0112237667524582 4.0101821000857916;5.0457184631561152 5.0445279869656385 5.0425715320532731 5.0413810558627974 5.0286954863349482 5.0275050101444716 5.0254807408442446 5.0242902646537688 4.99994898798459 4.9987585117941133;5.0660915302128995 5.0671553600001333 5.0894390540449326 5.0905028838321673 5.0923118053344982 5.0933756351217321 5.1047116759764055 5.1057755057636403 5.1075238271746901 5.1085876569619248;6.1761966507844157 6.1772836073061548 6.2000517294823627 6.2011386860041018 6.202986931886918 6.2040738884086579 6.2156563649340857 6.2167433214558248 6.2185296498540721 6.2196166063758112;6.4431052915754607 6.4448910058611748 6.4822957780078001 6.4840814922935142 6.4871178962438565 6.4889036105295705 6.507931964821343 6.509717679107057 6.5126523614756051 6.5144380757613192;6.9725194260758041 6.9735610927424707 6.9953805431613354 6.996422209828002 6.9981934454657013 6.9992351121323679 7.0103349854692363 7.0113766521359029 7.0130885501842224 7.014130216850889;7.1109632257973621 7.1121537019878378 7.1370902167522559 7.1382806929427316 7.1403049622429595 7.1414954384334353 7.1541810079612844 7.1553714841517602 7.1573279390641265 7.1585184152546022;
