m;7
n;14
P;9
P1;2 4 6 8
Q;10
M;100
h;1 1 1 1 1 1 1 1 1
Vmin;46 46 46 46 46 46 46 46 46;52 52 52 52 52 52 52 52 52;51 51 51 51 51 51 51 51 51;31 31 31 31 31 31 31 31 31;42 42 42 42 42 42 42 42 42;43 43 43 43 43 43 43 43 43;46 46 46 46 46 46 46 46 46;47 47 47 47 47 47 47 47 47;36 36 36 36 36 36 36 36 36;48 48 48 48 48 48 48 48 48;28 28 28 28 28 28 28 28 28;47 47 47 47 47 47 47 47 47;46 46 46 46 46 46 46 46 46;48 48 48 48 48 48 48 48 48;
Vmax;46 46 46 46 46 46 46 46 46;52 52 52 52 52 52 52 52 52;51 51 51 51 51 51 51 51 51;31 31 31 31 31 31 31 31 31;42 42 42 42 42 42 42 42 42;43 43 43 43 43 43 43 43 43;46 46 46 46 46 46 46 46 46;47 47 47 47 47 47 47 47 47;36 36 36 36 36 36 36 36 36;48 48 48 48 48 48 48 48 48;28 28 28 28 28 28 28 28 28;47 47 47 47 47 47 47 47 47;46 46 46 46 46 46 46 46 46;48 48 48 48 48 48 48 48 48;
d;3.000 5.195 3.000 13.512 3.000 11.556 3.000 17.034 3.000
S;1.3542630653680354 1.2890456740636875 0.91875187996987984 0.85353448866553205 0.60230991194604477 0.53709252064169699 0.24336275349674236 0.17814536219239452 0.065217391304347824 0;2.1980019424409543 2.1403096347486468 1.8127420476656633 1.7550497399733556 1.532812614413809 1.4751203067215013 1.2152824357855798 1.1575901280932721 1.0576923076923077 1;3.2214921766064624 3.1626686471946979 2.8286781662473421 2.7698546368355776 2.5432599205787851 2.4844363911670206 2.2195036600166693 2.1606801306049048 2.0588235294117645 2;5.0095516453848266 4.9127774518364395 4.363309241245628 4.266535047697241 3.8937501919199375 3.7969759983715505 3.3611189245435531 3.2643447309951661 3.096774193548387 3;5.4832405001649889 5.4118119287364177 5.0062520590146287 4.9348234875860575 4.6596727607028097 4.5882441892742385 4.2665401585916696 4.1951115871630984 4.0714285714285712 4;6.4487465350448758 6.3789790931844106 5.9828508483398721 5.9130834064794069 5.6443315337097228 5.5745640918492576 5.2603415502523294 5.1905741083918642 5.0697674418604652 5;7.3542630653680341 7.2890456740636864 6.9187518799698786 6.8535344886655309 6.602309911946044 6.5370925206416963 6.2433627534967417 6.1781453621923941 6.0652173913043477 6;0 0.065217391304347824 0.21075405784456847 0.2759714491489163 0.56970121629387094 0.63491860759821872 0.88614318431770611 0.95136057562205389 1.3216543697158616 1.3868717610202095;1 1.0576923076923077 1.1864362819394261 1.2441285896317338 1.5039664605676553 1.561658768259963 1.7838958938195095 1.8415882015118172 2.169155788594801 2.2268480962871084;2 2.0588235294117645 2.1900918953107871 2.2489154247225516 2.5138481558729029 2.5726716852846674 2.7992664015414599 2.8580899309532244 3.1920804119005801 3.2509039413123446;3 3.096774193548387 3.3127318277693596 3.4095060213177466 3.8453630951457436 3.9421372886941306 4.3149221444714341 4.4116963380198211 4.9611645486106326 5.0579387421590196;4 4.0714285714285712 4.230825872877384 4.3022544443059552 4.623958474988525 4.6953870464170961 4.970537773300344 5.0419663447289151 5.4475262144507042 5.5189547858792753;5 5.0697674418604652 5.2254578293220968 5.295225271182562 5.6094478127794902 5.6792152546399555 5.9479671274096395 6.0177345692701047 6.4138628141146432 6.4836302559751084;6 6.0652173913043477 6.2107540578445679 6.2759714491489156 6.5697012162938702 6.6349186075982178 6.8861431843177048 6.9513605756220525 7.3216543697158603 7.3868717610202079;
