m;5
n;10
P;9
P1;2 4 6 8
Q;10
M;100
h;1 1 1 1 1 1 1 1 1
Vmin;49 49 49 49 49 49 49 49 49;51 51 51 51 51 51 51 51 51;28 28 28 28 28 28 28 28 28;51 51 51 51 51 51 51 51 51;47 47 47 47 47 47 47 47 47;52 52 52 52 52 52 52 52 52;47 47 47 47 47 47 47 47 47;47 47 47 47 47 47 47 47 47;44 44 44 44 44 44 44 44 44;44 44 44 44 44 44 44 44 44;
Vmax;49 49 49 49 49 49 49 49 49;51 51 51 51 51 51 51 51 51;28 28 28 28 28 28 28 28 28;51 51 51 51 51 51 51 51 51;47 47 47 47 47 47 47 47 47;52 52 52 52 52 52 52 52 52;47 47 47 47 47 47 47 47 47;47 47 47 47 47 47 47 47 47;44 44 44 44 44 44 44 44 44;44 44 44 44 44 44 44 44 44;
d;3.000 12.959 3.000 22.400 3.000 4.145 3.000 24.051 3.000
S;1.6031665011684557 1.5419420113725373 1.0511068005372119 0.98988231074129363 0.90528586471808137 0.84406137492216304 0.38691078235992754 0.32568629256400916 0.061224489795918366 0;2.5402972266128296 2.4814736972010651 2.0098869260063408 1.9510633965945763 1.8697844582585488 1.8109609288467841 1.3717378105026754 1.3129142810909107 1.0588235294117647 1;4.805541377044797 4.6983985199019402 3.8394369009401212 3.732294043797264 3.5842502632566426 3.4771074061137854 2.6770938691298731 2.5699510119870159 2.1071428571428572 2;4.5402972266128296 4.4814736972010651 4.0098869260063408 3.9510633965945758 3.8697844582585486 3.8109609288467841 3.3717378105026752 3.3129142810909107 3.0588235294117645 3;5.6713863522820063 5.6075565650479637 5.0958347494962419 5.0320049622621994 4.9438086674720418 4.8799788802379993 4.4033750709709878 4.3395452837369453 4.0638297872340425 4;0 0.061224489795918366 0.35629853746196832 0.4175230272578867 0.87467361982012226 0.93589810961604059 1.0204945556392528 1.0817190454351713 1.5725542562704966 1.633778746066415;1 1.0588235294117647 1.3423260457967932 1.4011495752085579 1.8403726935526665 1.8991962229644312 1.9804751613004588 2.0392986907122235 2.5108854619069478 2.5697089913187123;2 2.1071428571428572 2.6235224405584447 2.730665297701302 3.5306788346852143 3.6378216918280715 3.7858654723686929 3.8930083295115501 4.7519699484733691 4.8591128056162258;3 3.0588235294117645 3.3423260457967929 3.4011495752085574 3.8403726935526663 3.8991962229644308 3.9804751613004581 4.039298690712223 4.5108854619069474 4.5697089913187119;4 4.0638297872340425 4.371460177353967 4.4352899645880095 4.911893773855021 4.9757235610890636 5.0639198558792211 5.1277496431132636 5.6394714586649854 5.703301245899028;
