m;3
n;6
P;9
P1;2 4 6 8
Q;10
M;100
h;1 1 1 1 1 1 1 1 1
Vmin;48 48 48 48 48 48 48 48 48;46 46 46 46 46 46 46 46 46;52 52 52 52 52 52 52 52 52;36 36 36 36 36 36 36 36 36;51 51 51 51 51 51 51 51 51;28 28 28 28 28 28 28 28 28;
Vmax;48 48 48 48 48 48 48 48 48;46 46 46 46 46 46 46 46 46;52 52 52 52 52 52 52 52 52;36 36 36 36 36 36 36 36 36;51 51 51 51 51 51 51 51 51;28 28 28 28 28 28 28 28 28;
d;3.000 4.036 3.000 5.031 3.000 22.404 3.000 5.884 3.000
S;1.0907361087957734 1.0282361087957734 0.90564944847523454 0.84314944847523454 0.37639030885110841 0.31389030885110841 0.20907548323916814 0.14657548323916814 0.0625 0;2.1381594178738506 2.0729420265695029 1.9450255114524189 1.879808120148071 1.3927551048881133 1.3275377135837654 1.2181657216408712 1.1529483303365233 1.0652173913043479 1;3.0068333311960975 2.94914102350379 2.835984106284831 2.7782917985925235 2.3474372081702533 2.2897449004779458 2.1929927537592317 2.1353004460669243 2.0576923076923075 2;0 0.0625 0.17782548323916814 0.24032548323916814 0.34514030885110841 0.40764030885110841 0.87439944847523454 0.93689944847523454 1.0594861087957734 1.1219861087957734;1 1.0652173913043479 1.1855570259886972 1.2507744172930451 1.3601464092359392 1.4253638005402871 1.9124168158002448 1.9776342071045927 2.1055507222216767 2.1707681135260244;2 2.0576923076923075 2.164146599913078 2.2218389076053855 2.3185910543240995 2.376283362016407 2.8071379524386773 2.8648302601309847 2.9779871773499438 3.0356794850422513;
