m;1
n;2
P;9
P1;2 4 6 8
Q;10
M;100
h;1 1 1 1 1 1 1 1 1
Vmin;28 28 28 28 28 28 28 28 28;52 52 52 52 52 52 52 52 52;
Vmax;28 28 28 28 28 28 28 28 28;52 52 52 52 52 52 52 52 52;
d;3.000 3.459 3.000 15.830 3.000 28.587 3.000 14.308 3.000
S;2.7565681873630345 2.6494253302201773 2.1384219398790116 2.0312790827361544 1.0103261635960368 0.90318330645317957 0.33783309977339504 0.23069024263053789 0.10714285714285714 0;0 0.10714285714285714 0.28426167120196649 0.39140452834482364 0.95675473502460817 1.0638975921674654 2.0848505113075828 2.19199336845044 2.7029967587916057 2.8101396159344629;
