m;4
n;8
P;9
P1;2 4 6 8
Q;10
M;100
h;1 1 1 1 1 1 1 1 1
Vmin;52 52 52 52 52 52 52 52 52;28 28 28 28 28 28 28 28 28;40 40 40 40 40 40 40 40 40;38 38 38 38 38 38 38 38 38;40 40 40 40 40 40 40 40 40;43 43 43 43 43 43 43 43 43;46 46 46 46 46 46 46 46 46;52 52 52 52 52 52 52 52 52;
Vmax;52 52 52 52 52 52 52 52 52;28 28 28 28 28 28 28 28 28;40 40 40 40 40 40 40 40 40;38 38 38 38 38 38 38 38 38;40 40 40 40 40 40 40 40 40;43 43 43 43 43 43 43 43 43;46 46 46 46 46 46 46 46 46;52 52 52 52 52 52 52 52 52;
d;3.000 12.398 3.000 10.368 3.000 40.243 3.000 5.076 3.000
S;1.5977949789845458 1.5401026712922381 1.4424860002081406 1.3847936925158328 0.61089061882940854 0.55319831113710083 0.35381412946553137 0.29612182177322366 0.057692307692307696 0;3.9673335323998709 3.8601906752570136 3.6789025718151183 3.5717597146722611 2.134511149254616 2.0273682921117588 1.6570833832931298 1.5499405261502726 1.1071428571428572 1;4.0771334726799102 4.00213347267991 3.8752318002705834 3.8002318002705833 2.7941578044782314 2.7191578044782312 2.4599583683051911 2.3849583683051909 2.0750000000000002 2;5.1864562870314828 5.1075089186104305 4.9739282108111391 4.8949808423900869 3.835955583661296 3.7570082152402433 3.4841667034791484 3.4052193350580957 3.0789473684210527 3;0 0.057692307692307696 0.32496797561937751 0.38266028331168522 0.58204446498325457 0.63973677267556228 1.4136398463619866 1.4713321540542943 1.5689488251383918 1.6266411328306996;1 1.1071428571428572 1.6035119547217012 1.7106548118645584 2.0809397206831872 2.1880825778260444 3.6253311432436899 3.7324740003865471 3.9137621038284425 4.0209049609712997;2 2.0750000000000002 2.422458368305191 2.4974583683051912 2.7566578044782313 2.8316578044782315 3.8377318002705829 3.9127318002705831 4.0396334726799097 4.1146334726799099;3 3.0789473684210527 3.4446930192686218 3.5236403876896745 3.7964818994507694 3.8754292678718221 4.9344545266006135 5.0134018950216657 5.1469826028209571 5.2259299712420093;
