m;8
n;16
P;9
P1;2 4 6 8
Q;10
M;100
h;1 1 1 1 1 1 1 1 1
Vmin;28 28 28 28 28 28 28 28 28;45 45 45 45 45 45 45 45 45;37 37 37 37 37 37 37 37 37;50 50 50 50 50 50 50 50 50;52 52 52 52 52 52 52 52 52;48 48 48 48 48 48 48 48 48;45 45 45 45 45 45 45 45 45;45 45 45 45 45 45 45 45 45;47 47 47 47 47 47 47 47 47;51 51 51 51 51 51 51 51 51;43 43 43 43 43 43 43 43 43;49 49 49 49 49 49 49 49 49;40 40 40 40 40 40 40 40 40;44 44 44 44 44 44 44 44 44;32 32 32 32 32 32 32 32 32;43 43 43 43 43 43 43 43 43;
Vmax;28 28 28 28 28 28 28 28 28;45 45 45 45 45 45 45 45 45;37 37 37 37 37 37 37 37 37;50 50 50 50 50 50 50 50 50;52 52 52 52 52 52 52 52 52;48 48 48 48 48 48 48 48 48;45 45 45 45 45 45 45 45 45;45 45 45 45 45 45 45 45 45;47 47 47 47 47 47 47 47 47;51 51 51 51 51 51 51 51 51;43 43 43 43 43 43 43 43 43;49 49 49 49 49 49 49 49 49;40 40 40 40 40 40 40 40 40;44 44 44 44 44 44 44 44 44;32 32 32 32 32 32 32 32 32;43 43 43 43 43 43 43 43 43;
d;3.000 20.476 3.000 31.163 3.000 10.079 3.000 18.229 3.000
S;3.3909763581746271 3.2838335010317699 2.6327819651169109 2.5256391079740537 2.1656796586024094 2.0585368014595522 0.94557737616119197 0.83843451901833488 0.10714285714285714 0;3.1099408450864354 3.0432741784197685 2.6381754449616341 2.5715087782949673 2.3475340097970552 2.2808673431303883 1.5883592562780751 1.5216925896114084 1.0666666666666667 1;4.5661442710510691 4.4850631899699884 3.992375541169555 3.9112944600884738 3.6388927146180401 3.557811633536959 2.7155720684463076 2.6344909873652265 2.0810810810810811 2;4.8989467605777905 4.8389467605777909 4.4743579004654697 4.4143579004654701 4.2127806088173489 4.1527806088173493 3.5295233306502678 3.4695233306502677 3.0600000000000001 3;5.8259103467094135 5.7682180390171061 5.4176518273706433 5.3599595196783358 5.166135200785912 5.1084428930936046 4.5091570487021801 4.4514647410098727 4.0576923076923075 4;6.9780695422685319 6.9155695422685319 6.5357894796515312 6.4732894796515312 6.263313134184739 6.200813134184739 5.5515868027606956 5.4890868027606956 5.0625 5;8.1099408450864328 8.0432741784197663 7.6381754449616324 7.5715087782949659 7.3475340097970543 7.2808673431303879 6.5883592562780748 6.5216925896114084 6.0666666666666664 6;9.1099408450864345 9.0432741784197681 8.6381754449616341 8.5715087782949677 8.3475340097970552 8.2808673431303887 7.5883592562780748 7.5216925896114084 7.0666666666666664 7;0 0.10714285714285714 0.89200594758976348 0.99914880473262058 2.112108230030981 2.2192510871738382 2.5792105365454825 2.6863533936883397 3.3374049296031987 3.4445477867460559;1 1.0666666666666667 1.5550259229447416 1.6216925896114083 2.3142006764637215 2.3808673431303884 2.6048421116283005 2.6715087782949674 3.0766075117531018 3.1432741784197686;2 2.0810810810810811 2.6750315279057668 2.756112608986848 3.5983521740774993 3.6794332551585804 3.9518350006290142 4.0329160817100949 4.5256037305105288 4.6066848115916095;3 3.0600000000000001 3.4995233306502675 3.5595233306502676 4.1827806088173496 4.2427806088173492 4.4443579004654703 4.5043579004654699 4.8689467605777912 4.9289467605777908;4 4.0576923076923075 4.480310894856026 4.5380032025483334 5.1372890469397579 5.1949813546320653 5.3888056735244891 5.4464979812167966 5.7970641928632594 5.8547565005555668;5 5.0625 5.5203368027606956 5.5828368027606956 6.232063134184739 6.294563134184739 6.5045394796515312 6.5670394796515312 6.9468195422685319 7.0093195422685319;6 6.0666666666666664 6.5550259229447416 6.6216925896114081 7.3142006764637211 7.3808673431303875 7.6048421116282992 7.6715087782949656 8.0766075117530995 8.143274178419766;7 7.0666666666666664 7.5550259229447416 7.6216925896114081 8.314200676463722 8.3808673431303884 8.6048421116283009 8.6715087782949674 9.0766075117531013 9.1432741784197678;
