m;6
n;12
P;9
P1;2 4 6 8
Q;10
M;100
h;1 1 1 1 1 1 1 1 1
Vmin;47 47 47 47 47 47 47 47 47;28 28 28 28 28 28 28 28 28;40 40 40 40 40 40 40 40 40;50 50 50 50 50 50 50 50 50;50 50 50 50 50 50 50 50 50;40 40 40 40 40 40 40 40 40;39 39 39 39 39 39 39 39 39;37 37 37 37 37 37 37 37 37;50 50 50 50 50 50 50 50 50;44 44 44 44 44 44 44 44 44;52 52 52 52 52 52 52 52 52;52 52 52 52 52 52 52 52 52;
Vmax;47 47 47 47 47 47 47 47 47;28 28 28 28 28 28 28 28 28;40 40 40 40 40 40 40 40 40;50 50 50 50 50 50 50 50 50;50 50 50 50 50 50 50 50 50;40 40 40 40 40 40 40 40 40;39 39 39 39 39 39 39 39 39;37 37 37 37 37 37 37 37 37;50 50 50 50 50 50 50 50 50;44 44 44 44 44 44 44 44 44;52 52 52 52 52 52 52 52 52;52 52 52 52 52 52 52 52 52;
d;3.000 5.638 3.000 32.403 3.000 26.551 3.000 16.721 3.000
S;2.0492021226511072 1.9853723354170645 1.6296112866014556 1.5657814993674131 1.0008704131310375 0.93704062589699499 0.24761931182750974 0.1837895245934672 0.063829787234042548 0;4.4397321344500726 4.3325892773072159 3.7354189453667295 3.6282760882238723 2.6800324791842418 2.5728896220413846 1.4156467019961771 1.3085038448533199 1.1071428571428572 1;4.4078124941150518 4.3328124941150516 3.9147932617567109 3.8397932617567108 3.1760227354289694 3.1010227354289692 2.2909526913973242 2.215952691397324 2.0750000000000002 2;4.9262499952920402 4.8662499952920406 4.5318346094053679 4.4718346094053683 3.9408181883431754 3.8808181883431754 3.2327621531178594 3.1727621531178594 3.0600000000000001 3;5.9262499952920393 5.8662499952920397 5.531834609405367 5.4718346094053674 4.9408181883431741 4.8808181883431745 4.2327621531178581 4.1727621531178585 4.0599999999999996 4;7.4078124941150527 7.3328124941150525 6.9147932617567118 6.8397932617567117 6.1760227354289698 6.1010227354289697 5.2909526913973242 5.215952691397324 5.0750000000000002 5;0 0.063829787234042548 0.21570441821048847 0.279534205444531 0.96895551951401626 1.0327853067480588 1.5976963929844343 1.6615261802184769 2.017287229034086 2.0811170162681285;1 1.1071428571428572 1.3620752734247485 1.4692181305676058 2.6264610506128134 2.7336039077556706 3.6818475167953011 3.7889903739381583 4.3861607058786447 4.4933035630215015;2 2.0750000000000002 2.2534526913973241 2.3284526913973242 3.1385227354289693 3.2135227354289695 3.8772932617567109 3.952293261756711 4.3703124941150513 4.4453124941150515;3 3.0600000000000001 3.2027621531178592 3.2627621531178592 3.9108181883431752 3.9708181883431752 4.5018346094053685 4.5618346094053681 4.8962499952920409 4.9562499952920405;4 4.0599999999999996 4.2027621531178587 4.2627621531178583 4.9108181883431747 4.9708181883431743 5.5018346094053676 5.5618346094053672 5.89624999529204 5.9562499952920396;5 5.0750000000000002 5.2534526913973245 5.3284526913973247 6.1385227354289702 6.2135227354289704 6.8772932617567122 6.9522932617567124 7.3703124941150531 7.4453124941150532;
