Vermelho 1 2 0 5 2020-01-01T00:56:32 150 43
Azul 1 2 0 5 2020-01-01T01:37:03 130 44
Verde 1 2 0 5 2020-01-01T01:48:02 240 38
Amarelo 1 2 0 5 2020-01-01T01:51:11 30 52
Laranja 1 2 0 5 2020-01-01T01:55:06 260 37
Preto 1 2 0 5 2020-01-01T02:02:41 50 50
Roxo 1 2 0 5 2020-01-01T02:15:20 120 45
Rosa 5 4 0 1 2020-01-01T02:24:16 240 38
Branco 5 4 0 1 2020-01-01T02:37:15 440 28
Abobora 5 4 0 1 2020-01-01T02:43:23 180 41
Acafrao 5 4 0 1 2020-01-01T02:49:27 40 51
Ambar 5 4 0 1 2020-01-01T03:32:02 30 52
Ameixa 5 4 0 1 2020-01-01T03:37:59 90 47
Amendoa 5 4 0 1 2020-01-01T03:50:09 90 47
