Vermelho 1 2 0 5 2020-01-01T00:06:08 20 52
Azul 1 2 0 5 2020-01-01T00:22:11 410 33
Verde 1 2 0 5 2020-01-01T00:28:45 140 44
Amarelo 1 2 0 5 2020-01-01T00:32:41 50 50
Laranja 1 2 0 5 2020-01-01T00:48:59 130 44
Preto 1 2 0 5 2020-01-01T01:23:11 190 40
Roxo 1 2 0 5 2020-01-01T01:36:53 540 28
Rosa 1 2 0 5 2020-01-01T01:45:53 200 40
Branco 5 4 0 1 2020-01-01T02:20:38 210 40
Abobora 5 4 0 1 2020-01-01T02:23:52 40 50
Acafrao 5 4 0 1 2020-01-01T02:33:23 200 40
Ambar 5 4 0 1 2020-01-01T02:58:57 60 49
Ameixa 5 4 0 1 2020-01-01T03:02:01 100 46
Amendoa 5 4 0 1 2020-01-01T03:21:20 90 47
Ametista 5 4 0 1 2020-01-01T03:55:10 20 52
Anil 5 4 0 1 2020-01-01T04:08:26 100 46
