Vermelho 1 2 0 5 2020-01-01T00:00:00 40 51
Azul 1 2 0 5 2020-01-01T00:20:00 340 29
Verde 1 2 0 5 2020-01-01T00:40:00 100 47
Amarelo 1 2 0 5 2020-01-01T01:00:00 130 44
Laranja 1 2 0 5 2020-01-01T01:20:00 180 41
Preto 1 2 0 5 2020-01-01T01:40:00 110 46
Roxo 1 2 0 5 2020-01-01T02:00:00 30 52
Rosa 1 2 0 5 2020-01-01T02:20:00 30 52
Branco 5 4 0 1 2020-01-01T00:00:00 290 33
Abobora 5 4 0 1 2020-01-01T00:20:00 180 41
Acafrao 5 4 0 1 2020-01-01T00:40:00 160 42
Ambar 5 4 0 1 2020-01-01T01:00:00 40 51
Ameixa 5 4 0 1 2020-01-01T01:20:00 290 33
Amendoa 5 4 0 1 2020-01-01T01:40:00 350 28
Ametista 5 4 0 1 2020-01-01T02:00:00 50 50
Anil 5 4 0 1 2020-01-01T02:20:00 240 37
