Vermelho 1 2 0 5 2020-01-01T00:00:00 220 38
Azul 1 2 0 5 2020-01-01T00:20:00 130 44
Verde 1 2 0 5 2020-01-01T00:40:00 130 44
Amarelo 1 2 0 5 2020-01-01T01:00:00 230 37
Laranja 1 2 0 5 2020-01-01T01:20:00 40 51
Preto 1 2 0 5 2020-01-01T01:40:00 70 49
Roxo 1 2 0 5 2020-01-01T02:00:00 130 44
Rosa 5 4 0 1 2020-01-01T00:00:00 110 46
Branco 5 4 0 1 2020-01-01T00:20:00 80 48
Abobora 5 4 0 1 2020-01-01T00:40:00 40 51
Acafrao 5 4 0 1 2020-01-01T01:00:00 320 28
Ambar 5 4 0 1 2020-01-01T01:20:00 30 52
Ameixa 5 4 0 1 2020-01-01T01:40:00 140 44
Amendoa 5 4 0 1 2020-01-01T02:00:00 210 39
