Vermelho 1 2 0 20 2020-01-01T00:00:00 200 40
Azul 1 2 0 20 2020-01-01T00:30:00 200 40
Verde 1 2 0 20 2020-01-01T01:00:00 200 40
Amarelo 1 2 0 20 2020-01-01T01:30:00 200 40
Laranja 1 2 0 20 2020-01-01T02:00:00 200 40
Preto 1 2 0 20 2020-01-01T02:30:00 200 40
Roxo 20 19 0 1 2020-01-01T00:00:00 200 40
Rosa 20 19 0 1 2020-01-01T00:30:00 200 40
Branco 20 19 0 1 2020-01-01T01:00:00 200 40
Abobora 20 19 0 1 2020-01-01T01:30:00 200 40
Acafrao 20 19 0 1 2020-01-01T02:00:00 200 40
Ambar 20 19 0 1 2020-01-01T02:30:00 200 40
