Vermelho 1 2 0 20 2020-01-01T00:34:27 170 42
Azul 1 2 0 20 2020-01-01T01:00:05 330 28
Verde 1 2 0 20 2020-01-01T01:39:21 30 52
Amarelo 1 2 0 20 2020-01-01T01:48:18 50 50
Laranja 1 2 0 20 2020-01-01T02:15:33 260 35
Preto 1 2 0 20 2020-01-01T02:30:40 70 49
Roxo 1 2 0 20 2020-01-01T03:00:20 80 48
Rosa 20 19 0 1 2020-01-01T03:37:59 210 40
Branco 20 19 0 1 2020-01-01T03:47:20 60 49
Abobora 20 19 0 1 2020-01-01T04:05:18 270 34
Acafrao 20 19 0 1 2020-01-01T04:13:58 170 42
Ambar 20 19 0 1 2020-01-01T04:22:16 100 47
Ameixa 20 19 0 1 2020-01-01T05:07:08 120 45
Amendoa 20 19 0 1 2020-01-01T05:22:16 70 49
