Vermelho 1 2 0 20 2020-01-01T00:13:04 320 34
Azul 1 2 0 20 2020-01-01T00:56:33 420 28
Verde 1 2 0 20 2020-01-01T00:59:39 90 49
Amarelo 1 2 0 20 2020-01-01T01:13:24 190 40
Laranja 1 2 0 20 2020-01-01T01:56:40 60 52
Preto 1 2 0 20 2020-01-01T02:18:23 270 37
Roxo 20 19 0 1 2020-01-01T02:52:36 160 43
Rosa 20 19 0 1 2020-01-01T03:28:49 170 42
Branco 20 19 0 1 2020-01-01T03:46:52 70 51
Abobora 20 19 0 1 2020-01-01T04:16:28 100 48
Acafrao 20 19 0 1 2020-01-01T04:47:11 200 40
Ambar 20 19 0 1 2020-01-01T05:03:51 140 45
