Vermelho 1 2 0 20 2020-01-01T00:35:00 140 44
Azul 1 2 0 20 2020-01-01T01:21:18 110 46
Verde 1 2 0 20 2020-01-01T01:53:16 150 43
Amarelo 1 2 0 20 2020-01-01T02:27:09 170 42
Laranja 1 2 0 20 2020-01-01T02:37:35 150 43
Preto 1 2 0 20 2020-01-01T02:57:14 40 50
Roxo 1 2 0 20 2020-01-01T03:26:40 230 39
Rosa 1 2 0 20 2020-01-01T03:32:30 220 40
Branco 20 19 0 1 2020-01-01T03:36:22 20 52
Abobora 20 19 0 1 2020-01-01T04:15:39 180 41
Acafrao 20 19 0 1 2020-01-01T05:11:20 70 48
Ambar 20 19 0 1 2020-01-01T05:34:37 270 37
Ameixa 20 19 0 1 2020-01-01T05:50:06 460 28
Amendoa 20 19 0 1 2020-01-01T06:12:13 110 46
Ametista 20 19 0 1 2020-01-01T06:53:04 30 51
Anil 20 19 0 1 2020-01-01T07:12:15 120 45
