Vermelho 1 2 0 20 2020-01-01T00:00:00 150 43
Azul 1 2 0 20 2020-01-01T00:30:00 30 52
Verde 1 2 0 20 2020-01-01T01:00:00 90 47
Amarelo 1 2 0 20 2020-01-01T01:30:00 110 46
Laranja 1 2 0 20 2020-01-01T02:00:00 100 47
Preto 1 2 0 20 2020-01-01T02:30:00 300 36
Roxo 1 2 0 20 2020-01-01T03:00:00 120 45
Rosa 1 2 0 20 2020-01-01T03:30:00 480 28
Branco 20 19 0 1 2020-01-01T00:00:00 250 38
Abobora 20 19 0 1 2020-01-01T00:30:00 30 52
Acafrao 20 19 0 1 2020-01-01T01:00:00 390 32
Ambar 20 19 0 1 2020-01-01T01:30:00 50 50
Ameixa 20 19 0 1 2020-01-01T02:00:00 180 41
Amendoa 20 19 0 1 2020-01-01T02:30:00 150 43
Ametista 20 19 0 1 2020-01-01T03:00:00 70 49
Anil 20 19 0 1 2020-01-01T03:30:00 200 40
