Vermelho 1 2 0 20 2020-01-01T00:00:00 210 39
Azul 1 2 0 20 2020-01-01T00:30:00 80 48
Verde 1 2 0 20 2020-01-01T01:00:00 30 51
Amarelo 1 2 0 20 2020-01-01T01:30:00 100 46
Laranja 1 2 0 20 2020-01-01T02:00:00 50 50
Preto 1 2 0 20 2020-01-01T02:30:00 190 40
Roxo 1 2 0 20 2020-01-01T03:00:00 290 28
Rosa 20 19 0 1 2020-01-01T00:00:00 280 30
Branco 20 19 0 1 2020-01-01T00:30:00 100 46
Abobora 20 19 0 1 2020-01-01T01:00:00 20 52
Acafrao 20 19 0 1 2020-01-01T01:30:00 190 40
Ambar 20 19 0 1 2020-01-01T02:00:00 80 48
Ameixa 20 19 0 1 2020-01-01T02:30:00 50 50
Amendoa 20 19 0 1 2020-01-01T03:00:00 100 46
