Vermelho 1 2 0 5 2020-01-01T00:00:00 200 50
Azul 1 2 0 5 2020-01-01T00:30:00 200 50
Verde 1 2 0 5 2020-01-01T01:00:00 200 50
Amarelo 1 2 0 5 2020-01-01T01:30:00 200 50
Laranja 1 2 0 5 2020-01-01T02:00:00 200 50
Preto 1 2 0 5 2020-01-01T02:30:00 200 50
Roxo 1 2 0 5 2020-01-01T03:00:00 200 50
Rosa 5 4 0 1 2020-01-01T00:00:00 200 50
Branco 5 4 0 1 2020-01-01T00:30:00 200 50
Abobora 5 4 0 1 2020-01-01T01:00:00 200 50
Acafrao 5 4 0 1 2020-01-01T01:30:00 200 50
Ambar 5 4 0 1 2020-01-01T02:00:00 200 50
Ameixa 5 4 0 1 2020-01-01T02:30:00 200 50
Amendoa 5 4 0 1 2020-01-01T03:00:00 200 50
