Vermelho 1 2 0 10 2020-01-01T00:19:08 120 45
Azul 1 2 0 10 2020-01-01T00:32:02 90 47
Verde 1 2 0 10 2020-01-01T00:50:29 180 41
Amarelo 1 2 0 10 2020-01-01T00:56:01 120 45
Laranja 1 2 0 10 2020-01-01T01:01:33 210 38
Preto 1 2 0 10 2020-01-01T01:11:43 60 49
Roxo 1 2 0 10 2020-01-01T01:17:44 180 41
Rosa 10 9 0 1 2020-01-01T01:29:40 50 50
Branco 10 9 0 1 2020-01-01T01:40:51 230 34
Abobora 10 9 0 1 2020-01-01T01:46:36 260 28
Acafrao 10 9 0 1 2020-01-01T01:52:00 220 36
Ambar 10 9 0 1 2020-01-01T01:55:37 250 30
Ameixa 10 9 0 1 2020-01-01T02:01:20 90 47
Amendoa 10 9 0 1 2020-01-01T02:10:53 20 52
