Vermelho 1 2 0 10 2020-01-01T00:08:51 50 52
Azul 1 2 0 10 2020-01-01T00:19:54 290 37
Verde 1 2 0 10 2020-01-01T00:34:23 270 38
Amarelo 1 2 0 10 2020-01-01T00:44:55 110 47
Laranja 1 2 0 10 2020-01-01T00:51:17 240 39
Preto 1 2 0 10 2020-01-01T01:01:44 50 52
Roxo 1 2 0 10 2020-01-01T01:15:09 140 44
Rosa 1 2 0 10 2020-01-01T01:28:26 160 43
Branco 10 9 0 1 2020-01-01T01:43:16 90 48
Abobora 10 9 0 1 2020-01-01T02:01:48 260 38
Acafrao 10 9 0 1 2020-01-01T02:19:31 170 42
Ambar 10 9 0 1 2020-01-01T02:35:46 140 44
Ameixa 10 9 0 1 2020-01-01T02:43:04 140 44
Amendoa 10 9 0 1 2020-01-01T02:47:06 500 28
Ametista 10 9 0 1 2020-01-01T02:53:11 140 44
Anil 10 9 0 1 2020-01-01T03:06:25 160 43
