Vermelho 1 2 0 10 2020-01-01T00:00:00 90 47
Azul 1 2 0 10 2020-01-01T00:10:00 30 51
Verde 1 2 0 10 2020-01-01T00:20:00 100 46
Amarelo 1 2 0 10 2020-01-01T00:30:00 220 34
Laranja 1 2 0 10 2020-01-01T00:40:00 80 48
Preto 1 2 0 10 2020-01-01T00:50:00 60 49
Roxo 1 2 0 10 2020-01-01T01:00:00 90 47
Rosa 1 2 0 10 2020-01-01T01:10:00 240 28
Branco 10 9 0 1 2020-01-01T00:00:00 90 47
Abobora 10 9 0 1 2020-01-01T00:10:00 180 41
Acafrao 10 9 0 1 2020-01-01T00:20:00 20 52
Ambar 10 9 0 1 2020-01-01T00:30:00 140 44
Ameixa 10 9 0 1 2020-01-01T00:40:00 130 44
Amendoa 10 9 0 1 2020-01-01T00:50:00 130 44
Ametista 10 9 0 1 2020-01-01T01:00:00 240 28
Anil 10 9 0 1 2020-01-01T01:10:00 140 44
