Vermelho 1 2 0 10 2020-01-01T00:00:00 160 42
Azul 1 2 0 10 2020-01-01T00:10:00 370 28
Verde 1 2 0 10 2020-01-01T00:20:00 220 39
Amarelo 1 2 0 10 2020-01-01T00:30:00 330 31
Laranja 1 2 0 10 2020-01-01T00:40:00 30 52
Preto 1 2 0 10 2020-01-01T00:50:00 190 40
Roxo 10 9 0 1 2020-01-01T00:00:00 60 49
Rosa 10 9 0 1 2020-01-01T00:10:00 130 44
Branco 10 9 0 1 2020-01-01T00:20:00 120 45
Abobora 10 9 0 1 2020-01-01T00:30:00 120 45
Acafrao 10 9 0 1 2020-01-01T00:40:00 140 44
Ambar 10 9 0 1 2020-01-01T00:50:00 160 42
