Vermelho 1 2 0 10 2020-01-01T00:16:40 90 47
Azul 1 2 0 10 2020-01-01T00:21:29 20 52
Verde 1 2 0 10 2020-01-01T00:28:34 310 31
Amarelo 1 2 0 10 2020-01-01T00:34:08 340 28
Laranja 1 2 0 10 2020-01-01T00:52:42 260 35
Preto 1 2 0 10 2020-01-01T00:59:50 200 40
Roxo 10 9 0 1 2020-01-01T01:07:09 150 43
Rosa 10 9 0 1 2020-01-01T01:14:30 90 47
Branco 10 9 0 1 2020-01-01T01:18:18 130 44
Abobora 10 9 0 1 2020-01-01T01:24:28 90 47
Acafrao 10 9 0 1 2020-01-01T01:38:47 150 43
Ambar 10 9 0 1 2020-01-01T01:54:06 100 46
