Vermelho 1 2 0 10 2020-01-01T00:09:18 100 46
Azul 1 2 0 10 2020-01-01T00:13:40 260 34
Verde 1 2 0 10 2020-01-01T00:17:07 160 42
Amarelo 1 2 0 10 2020-01-01T00:34:22 40 50
Laranja 1 2 0 10 2020-01-01T00:48:46 220 38
Preto 1 2 0 10 2020-01-01T00:59:47 70 48
Roxo 1 2 0 10 2020-01-01T01:09:03 120 45
Rosa 1 2 0 10 2020-01-01T01:15:41 100 46
Branco 10 9 0 1 2020-01-01T01:22:26 310 28
Abobora 10 9 0 1 2020-01-01T01:41:56 40 50
Acafrao 10 9 0 1 2020-01-01T02:04:16 250 35
Ambar 10 9 0 1 2020-01-01T02:13:24 110 46
Ameixa 10 9 0 1 2020-01-01T02:17:23 70 48
Amendoa 10 9 0 1 2020-01-01T02:26:30 20 52
Ametista 10 9 0 1 2020-01-01T02:36:48 50 50
Anil 10 9 0 1 2020-01-01T02:40:00 50 50
