Vermelho 1 2 0 10 2020-01-01T00:09:42 70 48
Azul 1 2 0 10 2020-01-01T00:40:45 200 40
Verde 1 2 0 10 2020-01-01T00:47:20 60 49
Amarelo 1 2 0 10 2020-01-01T00:52:19 250 37
Laranja 1 2 0 10 2020-01-01T00:56:15 310 34
Preto 1 2 0 10 2020-01-01T01:09:53 110 46
Roxo 1 2 0 10 2020-01-01T01:13:06 60 49
Rosa 10 9 0 1 2020-01-01T01:19:52 330 32
Branco 10 9 0 1 2020-01-01T01:28:20 80 48
Abobora 10 9 0 1 2020-01-01T01:39:32 150 43
Acafrao 10 9 0 1 2020-01-01T01:47:42 160 42
Ambar 10 9 0 1 2020-01-01T01:56:49 390 28
Ameixa 10 9 0 1 2020-01-01T02:01:22 20 52
Amendoa 10 9 0 1 2020-01-01T02:17:14 180 41
