Vermelho 1 2 0 10 2020-01-01T00:00:00 100 47
Azul 1 2 0 10 2020-01-01T00:10:00 520 28
Verde 1 2 0 10 2020-01-01T00:20:00 60 49
Amarelo 1 2 0 10 2020-01-01T00:30:00 160 42
Laranja 1 2 0 10 2020-01-01T00:40:00 270 38
Preto 1 2 0 10 2020-01-01T00:50:00 30 52
Roxo 10 9 0 1 2020-01-01T00:00:00 170 42
Rosa 10 9 0 1 2020-01-01T00:10:00 440 31
Branco 10 9 0 1 2020-01-01T00:20:00 450 31
Abobora 10 9 0 1 2020-01-01T00:30:00 160 42
Acafrao 10 9 0 1 2020-01-01T00:40:00 90 47
Ambar 10 9 0 1 2020-01-01T00:50:00 30 52
