Vermelho 1 2 0 10 2020-01-01T00:00:00 90 47
Azul 1 2 0 10 2020-01-01T00:10:00 260 36
Verde 1 2 0 10 2020-01-01T00:20:00 320 31
Amarelo 1 2 0 10 2020-01-01T00:30:00 90 47
Laranja 1 2 0 10 2020-01-01T00:40:00 80 48
Preto 1 2 0 10 2020-01-01T00:50:00 110 46
Roxo 1 2 0 10 2020-01-01T01:00:00 180 41
Rosa 1 2 0 10 2020-01-01T01:10:00 20 52
Branco 10 9 0 1 2020-01-01T00:00:00 40 50
Abobora 10 9 0 1 2020-01-01T00:10:00 210 40
Acafrao 10 9 0 1 2020-01-01T00:20:00 350 28
Ambar 10 9 0 1 2020-01-01T00:30:00 250 36
Ameixa 10 9 0 1 2020-01-01T00:40:00 80 48
Amendoa 10 9 0 1 2020-01-01T00:50:00 210 40
Ametista 10 9 0 1 2020-01-01T01:00:00 20 52
Anil 10 9 0 1 2020-01-01T01:10:00 110 46
