Vermelho 1 2 0 10 2020-01-01T00:00:00 50 50
Azul 1 2 0 10 2020-01-01T00:10:00 340 34
Verde 1 2 0 10 2020-01-01T00:20:00 250 38
Amarelo 1 2 0 10 2020-01-01T00:30:00 30 52
Laranja 1 2 0 10 2020-01-01T00:40:00 120 45
Preto 1 2 0 10 2020-01-01T00:50:00 70 49
Roxo 1 2 0 10 2020-01-01T01:00:00 220 40
Rosa 10 9 0 1 2020-01-01T00:00:00 160 42
Branco 10 9 0 1 2020-01-01T00:10:00 480 28
Abobora 10 9 0 1 2020-01-01T00:20:00 210 40
Acafrao 10 9 0 1 2020-01-01T00:30:00 110 46
Ambar 10 9 0 1 2020-01-01T00:40:00 130 44
Ameixa 10 9 0 1 2020-01-01T00:50:00 100 47
Amendoa 10 9 0 1 2020-01-01T01:00:00 60 49
