m;7
n;14
P;19
P1;2 4 6 8 10 12 14 16 18
Q;20
M;100
h;1 1 1 1 1 1 1 1 1 1 1 1 1 1 1 1 1 1 1
Vmin;40 40 40 40 40 40 40 40 40 40 40 40 40 40 40 40 40 40 40;40 40 40 40 40 40 40 40 40 40 40 40 40 40 40 40 40 40 40;40 40 40 40 40 40 40 40 40 40 40 40 40 40 40 40 40 40 40;40 40 40 40 40 40 40 40 40 40 40 40 40 40 40 40 40 40 40;40 40 40 40 40 40 40 40 40 40 40 40 40 40 40 40 40 40 40;40 40 40 40 40 40 40 40 40 40 40 40 40 40 40 40 40 40 40;40 40 40 40 40 40 40 40 40 40 40 40 40 40 40 40 40 40 40;40 40 40 40 40 40 40 40 40 40 40 40 40 40 40 40 40 40 40;40 40 40 40 40 40 40 40 40 40 40 40 40 40 40 40 40 40 40;40 40 40 40 40 40 40 40 40 40 40 40 40 40 40 40 40 40 40;40 40 40 40 40 40 40 40 40 40 40 40 40 40 40 40 40 40 40;40 40 40 40 40 40 40 40 40 40 40 40 40 40 40 40 40 40 40;40 40 40 40 40 40 40 40 40 40 40 40 40 40 40 40 40 40 40;40 40 40 40 40 40 40 40 40 40 40 40 40 40 40 40 40 40 40;
Vmax;40 40 40 40 40 40 40 40 40 40 40 40 40 40 40 40 40 40 40;40 40 40 40 40 40 40 40 40 40 40 40 40 40 40 40 40 40 40;40 40 40 40 40 40 40 40 40 40 40 40 40 40 40 40 40 40 40;40 40 40 40 40 40 40 40 40 40 40 40 40 40 40 40 40 40 40;40 40 40 40 40 40 40 40 40 40 40 40 40 40 40 40 40 40 40;40 40 40 40 40 40 40 40 40 40 40 40 40 40 40 40 40 40 40;40 40 40 40 40 40 40 40 40 40 40 40 40 40 40 40 40 40 40;40 40 40 40 40 40 40 40 40 40 40 40 40 40 40 40 40 40 40;40 40 40 40 40 40 40 40 40 40 40 40 40 40 40 40 40 40 40;40 40 40 40 40 40 40 40 40 40 40 40 40 40 40 40 40 40 40;40 40 40 40 40 40 40 40 40 40 40 40 40 40 40 40 40 40 40;40 40 40 40 40 40 40 40 40 40 40 40 40 40 40 40 40 40 40;40 40 40 40 40 40 40 40 40 40 40 40 40 40 40 40 40 40 40;40 40 40 40 40 40 40 40 40 40 40 40 40 40 40 40 40 40 40;
d;3 36.6666666666667 3 36.6666666666667 3 36.6666666666667 3 36.6666666666667 3 36.6666666666667 3 36.6666666666667 3 36.6666666666667 3 36.6666666666667 3 36.6666666666667 3
S;9 8.9250000000000007 8.0083333333333346 7.9333333333333353 7.0166666666666684 6.9416666666666682 6.0250000000000012 5.9500000000000011 5.0333333333333341 4.9583333333333339 4.041666666666667 3.9666666666666668 3.0500000000000003 2.9750000000000001 2.0583333333333336 1.9833333333333334 1.0666666666666667 0.99166666666666659 0.074999999999999997 0;9.9999999999999982 9.9249999999999989 9.0083333333333329 8.9333333333333336 8.0166666666666675 7.9416666666666682 7.0250000000000012 6.9500000000000011 6.0333333333333341 5.9583333333333339 5.041666666666667 4.9666666666666668 4.0499999999999998 3.9750000000000001 3.0583333333333336 2.9833333333333334 2.0666666666666669 1.9916666666666667 1.075 1;10.999999999999998 10.924999999999999 10.008333333333333 9.9333333333333336 9.0166666666666675 8.9416666666666682 8.0250000000000021 7.950000000000002 7.033333333333335 6.9583333333333348 6.0416666666666679 5.9666666666666677 5.0500000000000007 4.9750000000000005 4.0583333333333336 3.9833333333333334 3.0666666666666669 2.9916666666666667 2.0750000000000002 2;11.999999999999996 11.924999999999997 11.008333333333331 10.933333333333332 10.016666666666666 9.9416666666666664 9.0250000000000004 8.9500000000000011 8.033333333333335 7.9583333333333348 7.0416666666666679 6.9666666666666677 6.0500000000000007 5.9750000000000005 5.0583333333333336 4.9833333333333334 4.0666666666666664 3.9916666666666667 3.0750000000000002 3;12.999999999999995 12.924999999999995 12.008333333333329 11.93333333333333 11.016666666666664 10.941666666666665 10.024999999999999 9.9499999999999993 9.0333333333333332 8.9583333333333339 8.0416666666666679 7.9666666666666686 7.0500000000000016 6.9750000000000014 6.0583333333333345 5.9833333333333343 5.0666666666666673 4.9916666666666671 4.0750000000000002 4;13.999999999999993 13.924999999999994 13.008333333333328 12.933333333333328 12.016666666666662 11.941666666666663 11.024999999999997 10.949999999999998 10.033333333333331 9.9583333333333321 9.0416666666666661 8.9666666666666668 8.0500000000000007 7.9750000000000014 7.0583333333333345 6.9833333333333343 6.0666666666666673 5.9916666666666671 5.0750000000000002 5;14.999999999999991 14.924999999999992 14.008333333333326 13.933333333333326 13.01666666666666 12.941666666666661 12.024999999999995 11.949999999999996 11.03333333333333 10.95833333333333 10.041666666666664 9.966666666666665 9.0499999999999989 8.9749999999999996 8.0583333333333336 7.9833333333333343 7.0666666666666673 6.9916666666666671 6.0750000000000002 6;0 0.074999999999999997 0.99166666666666659 1.0666666666666667 1.9833333333333334 2.0583333333333336 2.9750000000000001 3.0500000000000003 3.9666666666666668 4.041666666666667 4.9583333333333339 5.0333333333333341 5.9500000000000011 6.0250000000000012 6.9416666666666682 7.0166666666666684 7.9333333333333353 8.0083333333333346 8.9250000000000007 9;1 1.075 1.9916666666666667 2.0666666666666669 2.9833333333333334 3.0583333333333336 3.9750000000000001 4.0499999999999998 4.9666666666666668 5.041666666666667 5.9583333333333339 6.0333333333333341 6.9500000000000011 7.0250000000000012 7.9416666666666682 8.0166666666666675 8.9333333333333336 9.0083333333333329 9.9249999999999989 9.9999999999999982;2 2.0750000000000002 2.9916666666666667 3.0666666666666669 3.9833333333333334 4.0583333333333336 4.9750000000000005 5.0500000000000007 5.9666666666666677 6.0416666666666679 6.9583333333333348 7.033333333333335 7.950000000000002 8.0250000000000021 8.9416666666666682 9.0166666666666675 9.9333333333333336 10.008333333333333 10.924999999999999 10.999999999999998;3 3.0750000000000002 3.9916666666666667 4.0666666666666664 4.9833333333333334 5.0583333333333336 5.9750000000000005 6.0500000000000007 6.9666666666666677 7.0416666666666679 7.9583333333333348 8.033333333333335 8.9500000000000011 9.0250000000000004 9.9416666666666664 10.016666666666666 10.933333333333332 11.008333333333331 11.924999999999997 11.999999999999996;4 4.0750000000000002 4.9916666666666671 5.0666666666666673 5.9833333333333343 6.0583333333333345 6.9750000000000014 7.0500000000000016 7.9666666666666686 8.0416666666666679 8.9583333333333339 9.0333333333333332 9.9499999999999993 10.024999999999999 10.941666666666665 11.016666666666664 11.93333333333333 12.008333333333329 12.924999999999995 12.999999999999995;5 5.0750000000000002 5.9916666666666671 6.0666666666666673 6.9833333333333343 7.0583333333333345 7.9750000000000014 8.0500000000000007 8.9666666666666668 9.0416666666666661 9.9583333333333321 10.033333333333331 10.949999999999998 11.024999999999997 11.941666666666663 12.016666666666662 12.933333333333328 13.008333333333328 13.924999999999994 13.999999999999993;6 6.0750000000000002 6.9916666666666671 7.0666666666666673 7.9833333333333343 8.0583333333333336 8.9749999999999996 9.0499999999999989 9.966666666666665 10.041666666666664 10.95833333333333 11.03333333333333 11.949999999999996 12.024999999999995 12.941666666666661 13.01666666666666 13.933333333333326 14.008333333333326 14.924999999999992 14.999999999999991;
