m;3
n;6
P;19
P1;2 4 6 8 10 12 14 16 18
Q;20
M;100
h;1 1 1 1 1 1 1 1 1 1 1 1 1 1 1 1 1 1 1
Vmin;40 40 40 40 40 40 40 40 40 40 40 40 40 40 40 40 40 40 40;40 40 40 40 40 40 40 40 40 40 40 40 40 40 40 40 40 40 40;40 40 40 40 40 40 40 40 40 40 40 40 40 40 40 40 40 40 40;40 40 40 40 40 40 40 40 40 40 40 40 40 40 40 40 40 40 40;40 40 40 40 40 40 40 40 40 40 40 40 40 40 40 40 40 40 40;40 40 40 40 40 40 40 40 40 40 40 40 40 40 40 40 40 40 40;
Vmax;40 40 40 40 40 40 40 40 40 40 40 40 40 40 40 40 40 40 40;40 40 40 40 40 40 40 40 40 40 40 40 40 40 40 40 40 40 40;40 40 40 40 40 40 40 40 40 40 40 40 40 40 40 40 40 40 40;40 40 40 40 40 40 40 40 40 40 40 40 40 40 40 40 40 40 40;40 40 40 40 40 40 40 40 40 40 40 40 40 40 40 40 40 40 40;40 40 40 40 40 40 40 40 40 40 40 40 40 40 40 40 40 40 40;
d;3 36.6666666666667 3 36.6666666666667 3 36.6666666666667 3 36.6666666666667 3 36.6666666666667 3 36.6666666666667 3 36.6666666666667 3 36.6666666666667 3 36.6666666666667 3
S;9 8.9250000000000007 8.0083333333333346 7.9333333333333353 7.0166666666666684 6.9416666666666682 6.0250000000000012 5.9500000000000011 5.0333333333333341 4.9583333333333339 4.041666666666667 3.9666666666666668 3.0500000000000003 2.9750000000000001 2.0583333333333336 1.9833333333333334 1.0666666666666667 0.99166666666666659 0.074999999999999997 0;9.9999999999999982 9.9249999999999989 9.0083333333333329 8.9333333333333336 8.0166666666666675 7.9416666666666682 7.0250000000000012 6.9500000000000011 6.0333333333333341 5.9583333333333339 5.041666666666667 4.9666666666666668 4.0499999999999998 3.9750000000000001 3.0583333333333336 2.9833333333333334 2.0666666666666669 1.9916666666666667 1.075 1;10.999999999999998 10.924999999999999 10.008333333333333 9.9333333333333336 9.0166666666666675 8.9416666666666682 8.0250000000000021 7.950000000000002 7.033333333333335 6.9583333333333348 6.0416666666666679 5.9666666666666677 5.0500000000000007 4.9750000000000005 4.0583333333333336 3.9833333333333334 3.0666666666666669 2.9916666666666667 2.0750000000000002 2;0 0.074999999999999997 0.99166666666666659 1.0666666666666667 1.9833333333333334 2.0583333333333336 2.9750000000000001 3.0500000000000003 3.9666666666666668 4.041666666666667 4.9583333333333339 5.0333333333333341 5.9500000000000011 6.0250000000000012 6.9416666666666682 7.0166666666666684 7.9333333333333353 8.0083333333333346 8.9250000000000007 9;1 1.075 1.9916666666666667 2.0666666666666669 2.9833333333333334 3.0583333333333336 3.9750000000000001 4.0499999999999998 4.9666666666666668 5.041666666666667 5.9583333333333339 6.0333333333333341 6.9500000000000011 7.0250000000000012 7.9416666666666682 8.0166666666666675 8.9333333333333336 9.0083333333333329 9.9249999999999989 9.9999999999999982;2 2.0750000000000002 2.9916666666666667 3.0666666666666669 3.9833333333333334 4.0583333333333336 4.9750000000000005 5.0500000000000007 5.9666666666666677 6.0416666666666679 6.9583333333333348 7.033333333333335 7.950000000000002 8.0250000000000021 8.9416666666666682 9.0166666666666675 9.9333333333333336 10.008333333333333 10.924999999999999 10.999999999999998;
