m;8
n;16
P;19
P1;2 4 6 8 10 12 14 16 18
Q;20
M;100
h;1 1 1 1 1 1 1 1 1 1 1 1 1 1 1 1 1 1 1
Vmin;41 41 41 41 41 41 41 41 41 41 41 41 41 41 41 41 41 41 41;32 32 32 32 32 32 32 32 32 32 32 32 32 32 32 32 32 32 32;39 39 39 39 39 39 39 39 39 39 39 39 39 39 39 39 39 39 39;32 32 32 32 32 32 32 32 32 32 32 32 32 32 32 32 32 32 32;36 36 36 36 36 36 36 36 36 36 36 36 36 36 36 36 36 36 36;30 30 30 30 30 30 30 30 30 30 30 30 30 30 30 30 30 30 30;45 45 45 45 45 45 45 45 45 45 45 45 45 45 45 45 45 45 45;46 46 46 46 46 46 46 46 46 46 46 46 46 46 46 46 46 46 46;28 28 28 28 28 28 28 28 28 28 28 28 28 28 28 28 28 28 28;29 29 29 29 29 29 29 29 29 29 29 29 29 29 29 29 29 29 29;45 45 45 45 45 45 45 45 45 45 45 45 45 45 45 45 45 45 45;42 42 42 42 42 42 42 42 42 42 42 42 42 42 42 42 42 42 42;44 44 44 44 44 44 44 44 44 44 44 44 44 44 44 44 44 44 44;52 52 52 52 52 52 52 52 52 52 52 52 52 52 52 52 52 52 52;52 52 52 52 52 52 52 52 52 52 52 52 52 52 52 52 52 52 52;35 35 35 35 35 35 35 35 35 35 35 35 35 35 35 35 35 35 35;
Vmax;41 41 41 41 41 41 41 41 41 41 41 41 41 41 41 41 41 41 41;32 32 32 32 32 32 32 32 32 32 32 32 32 32 32 32 32 32 32;39 39 39 39 39 39 39 39 39 39 39 39 39 39 39 39 39 39 39;32 32 32 32 32 32 32 32 32 32 32 32 32 32 32 32 32 32 32;36 36 36 36 36 36 36 36 36 36 36 36 36 36 36 36 36 36 36;30 30 30 30 30 30 30 30 30 30 30 30 30 30 30 30 30 30 30;45 45 45 45 45 45 45 45 45 45 45 45 45 45 45 45 45 45 45;46 46 46 46 46 46 46 46 46 46 46 46 46 46 46 46 46 46 46;28 28 28 28 28 28 28 28 28 28 28 28 28 28 28 28 28 28 28;29 29 29 29 29 29 29 29 29 29 29 29 29 29 29 29 29 29 29;45 45 45 45 45 45 45 45 45 45 45 45 45 45 45 45 45 45 45;42 42 42 42 42 42 42 42 42 42 42 42 42 42 42 42 42 42 42;44 44 44 44 44 44 44 44 44 44 44 44 44 44 44 44 44 44 44;52 52 52 52 52 52 52 52 52 52 52 52 52 52 52 52 52 52 52;52 52 52 52 52 52 52 52 52 52 52 52 52 52 52 52 52 52 52;35 35 35 35 35 35 35 35 35 35 35 35 35 35 35 35 35 35 35;
d;3.000 32.407 3.000 52.673 3.000 16.341 3.000 6.312 3.000 8.608 3.000 13.764 3.000 45.101 3.000 14.584 3.000 31.867 3.000
S;0.25252904147584748 0.25130952928072553 0.23835526850299646 0.23713575630787451 0.23120711124898261 0.22998759905386068 0.21165372593128753 0.21043421373616558 0.20483928227521325 0.20361977008009133 0.20012052120656262 0.1989010090114407 0.19633516883463256 0.19511565663951064 0.18847279453206672 0.18725328233694477 0.1658413734673124 0.16462186127219045 0.15144810029705044 0.15022858810192849;2.4248913607048994 2.4233288607048995 2.4067312140834343 2.4051687140834344 2.3975726376017286 2.3960101376017287 2.3725198626634318 2.3709573626634319 2.3637888567290868 2.3622263567290869 2.3577429441098783 2.3561804441098784 2.3528929613833425 2.3513304613833426 2.34281929430818 2.3412567943081801 2.3138227860689633 2.3122602860689634 2.2953814048195653 2.2938189048195654;2.5041778405978312 2.5028957893157799 2.4892772074725262 2.487995156190475 2.4817624780516403 2.480480426769589 2.4612063550253453 2.4599243037432941 2.454042452720242 2.4527604014381907 2.449081703904481 2.4477996526224297 2.445102230898093 2.4438201796160417 2.4368366579133447 2.4355546066312934 2.4130446511529624 2.4117625998709111 2.3979132614098666 2.3966312101278153;3.0492405017655431 3.0476780017655427 3.0310803551440775 3.0295178551440776 3.0219217786623722 3.0203592786623719 2.9968690037240751 2.9953065037240751 2.98813799778973 2.9865754977897301 2.9820920851705215 2.9805295851705216 2.9772421024439861 2.9756796024439862 2.9671684353688237 2.9656059353688233 2.938171927129607 2.9366094271296066 2.9197305458802085 2.9181680458802086;3.4246416886479127 3.4232527997590241 3.4084993360954994 3.4071104472066103 3.400358379222872 3.3989694903339829 3.3780892459443859 3.3767003570554968 3.3703283517805231 3.368939462891634 3.3649542072301153 3.3635653183412262 3.3606431114731947 3.3592542225843056 3.3516887407397169 3.3502998518508278 3.3259140667493017 3.324525177860413 3.3095217278609477 3.3081328389720586;4.4530609993874286 4.4513943327207617 4.4336901763245313 4.4320235096578644 4.4239210280773786 4.4222543614107117 4.3971980681431955 4.3955314014765285 4.3878849951465604 4.3862183284798935 4.3814360216860706 4.3797693550194037 4.3762627067777657 4.3745960401110988 4.3655174618975927 4.3638507952309258 4.3345878531090944 4.3329211864424275 4.3149170464430693 4.3132503797764024;4.9560404316729123 4.954929320561801 4.9431265496309811 4.9420154385198707 4.9366137841328799 4.9355026730217695 4.9187984775100917 4.9176873663989804 4.9125897621790013 4.9114786510678909 4.9082904465386754 4.907179335427565 4.9048415699331391 4.9037304588220278 4.8976780733463565 4.8965669622352452 4.8770583341540252 4.8759472230429139 4.8639444630433415 4.8628333519322302;6.8144078162990063 6.8133208597772663 6.8017746708232041 6.8006877143014641 6.7954034871837568 6.7943165306620168 6.7779754698353747 6.7768885133136356 6.7719017265766999 6.7708147700549599 6.7676958743198581 6.766608917798119 6.7643219732927031 6.7632350167709632 6.7573142048925892 6.7562272483708492 6.7371427209000903 6.7360557643783503 6.7243139339439866 6.7232269774222466;8.3021100517391737 8.3033295639342963 8.3171130810069975 8.3183325932021184 8.3397445020717509 8.3409640142668717 8.3476068763743161 8.3488263885694387 8.3513922287462456 8.3526117409413683 8.3561109898148977 8.3573305020100186 8.3629254334709717 8.3641449456660926 8.3824788187886661 8.3836983309837869 8.3896269760426794 8.390846488237802 8.4038007490155291 8.4050202612106517;8.9624209630581131 8.9639834630581117 8.9816435943075117 8.983206094307512 9.0106401025467271 9.0122026025467274 9.0207137696218904 9.0222762696218908 9.0255637523484253 9.0271262523484257 9.0316096649676343 9.0331721649676329 9.040340670901978 9.0419031709019784 9.0653934458402752 9.0669559458402755 9.0745520223219795 9.0761145223219799 9.0927121689434465 9.0942746689434468;9.1676311999386471 9.1689132512206974 9.1834036153227672 9.1846856666048193 9.2071956220831517 9.2084776733652021 9.2154611950678991 9.2167432463499512 9.219440668074288 9.2207227193563384 9.2244014168900499 9.2256834681721003 9.2315653191951519 9.2328473704772041 9.2521214422214477 9.2534034935034999 9.2596361716423363 9.2609182229243867 9.2745368047676422 9.2758188560496926;9.7266306119559811 9.7281931119559815 9.7458532432053797 9.7474157432053801 9.7748497514445969 9.7764122514445955 9.7849234185197584 9.7864859185197588 9.7897734012462934 9.7913359012462937 9.7958193138655023 9.7973818138655027 9.8045503197998478 9.8061128197998464 9.8296030947381432 9.8311655947381436 9.8387616712198493 9.8403241712198497 9.8569218178413145 9.8584843178413148;9.9216916133344366 9.9230805022233248 9.9387783966672352 9.9401672855561252 9.9645530706576508 9.9659419595465408 9.9735074413911295 9.9748963302800195 9.9778185371480497 9.9792074260369397 9.9831926816984584 9.9845815705873484 9.9909535758623225 9.9923424647512107 10.013222709140809 10.014611598029697 10.021363666013436 10.022752554902326 10.037506018565852 10.03889490745474;11.49082596099514 11.492492627661807 11.511330100994497 11.512996767661166 11.542259709782996 11.543926376449663 11.553004954663171 11.554671621329838 11.558178269571474 11.559844936238141 11.564627243031964 11.566293909698631 11.573940316028599 11.575606982695266 11.600663275962782 11.602329942629449 11.610432424209936 11.612099090876603 11.629803247272832 11.631469913939499;12.953384366065915 12.954495477177028 12.967053792732155 12.968164903843268 12.987673531924489 12.988784643035602 12.994837028511274 12.995948139622385 12.998285905116809 12.999397016227922 13.002585220757137 13.003696331868248 13.008793936088228 13.009905047199339 13.026609242711016 13.027720353822129 13.033122008209119 13.034233119320231 13.046035890251051 13.047147001362163;13.633364353336001 13.634451309857742 13.646736618552975 13.647823575074714 13.666908102545474 13.667995059067213 13.673915870945587 13.675002827467326 13.677289771972742 13.678376728494481 13.681495624229582 13.682582580751323 13.687569367488258 13.688656324009997 13.70499738483664 13.706084341358379 13.711368568476086 13.712455524997827 13.724001713951889 13.72508867047363;
