m;1
n;2
P;19
P1;2 4 6 8 10 12 14 16 18
Q;20
M;100
h;1 1 1 1 1 1 1 1 1 1 1 1 1 1 1 1 1 1 1
Vmin;52 52 52 52 52 52 52 52 52 52 52 52 52 52 52 52 52 52 52;40 40 40 40 40 40 40 40 40 40 40 40 40 40 40 40 40 40 40;
Vmax;52 52 52 52 52 52 52 52 52 52 52 52 52 52 52 52 52 52 52;40 40 40 40 40 40 40 40 40 40 40 40 40 40 40 40 40 40 40;
d;3.000 83.139 3.000 33.058 3.000 44.786 3.000 8.674 3.000 17.599 3.000 20.949 3.000 48.603 3.000 49.576 3.000 9.283 3.000
S;0.29952309429819118 0.29856155583665273 0.29558623655394389 0.29462469809240549 0.27873506664617798 0.27777352818463957 0.26219575152666663 0.26123421306512817 0.2545198677854979 0.25355832932395939 0.2479176108776287 0.24695607241609024 0.24417580824920859 0.24321426978767011 0.22885990813044804 0.22789836966890956 0.21730301663144619 0.2163414781699077 0.1896944050160734 0.18873286655453494;1.4699548351189535 1.470916373580492 1.4980442159650953 1.4990057544266338 1.5096011074640971 1.5105626459256356 1.5249170075828578 1.5258785460443962 1.5286588102112779 1.5296203486728162 1.5352610671191471 1.5362226055806856 1.5429369508603159 1.5438984893218544 1.5594762659798274 1.5604378044413658 1.5763274358875932 1.5772889743491316 1.5802642936318407 1.5812258320933792;
