m;2
n;4
P;19
P1;2 4 6 8 10 12 14 16 18
Q;20
M;100
h;1 1 1 1 1 1 1 1 1 1 1 1 1 1 1 1 1 1 1
Vmin;42 42 42 42 42 42 42 42 42 42 42 42 42 42 42 42 42 42 42;28 28 28 28 28 28 28 28 28 28 28 28 28 28 28 28 28 28 28;42 42 42 42 42 42 42 42 42 42 42 42 42 42 42 42 42 42 42;52 52 52 52 52 52 52 52 52 52 52 52 52 52 52 52 52 52 52;
Vmax;42 42 42 42 42 42 42 42 42 42 42 42 42 42 42 42 42 42 42;28 28 28 28 28 28 28 28 28 28 28 28 28 28 28 28 28 28 28;42 42 42 42 42 42 42 42 42 42 42 42 42 42 42 42 42 42 42;52 52 52 52 52 52 52 52 52 52 52 52 52 52 52 52 52 52 52;
d;3.000 4.761 3.000 46.269 3.000 30.620 3.000 33.123 3.000 5.962 3.000 7.792 3.000 5.752 3.000 23.360 3.000 31.280 3.000
S;0.3420510302904497 0.34086055409997346 0.3284479201947833 0.32725744400430712 0.31798753004869479 0.31679705385821855 0.31451437917276043 0.31332390298228419 0.31023188236517796 0.30904140617470172 0.30667549899371888 0.30548502280324269 0.29234100714332389 0.29115053095284771 0.27899980528422408 0.27780932909374789 0.2594486711135261 0.25825819492304991 0.25636877581877093 0.25517829962829475;0.61133012852964863 0.60954441424393446 0.59092546338614926 0.58913974910043498 0.57523487816701657 0.57344916388130229 0.57002515185311509 0.56823943756740092 0.56360140664174152 0.56181569235602735 0.55826683158455315 0.55648111729883887 0.53676509380896076 0.53497937952324648 0.51675329102031109 0.51496757673459681 0.48742658976426417 0.48564087547854989 0.48280674682213148 0.4810210325364172;1.1307380080581717 1.1319284842486479 1.1344131414481649 1.135603617638641 1.1539642756188628 1.155154751809339 1.1673054774779628 1.1684959536684389 1.1816399693283577 1.1828304455188339 1.1851963526998166 1.1863868288902928 1.1894788495073991 1.1906693256978753 1.1929520003833334 1.1941424765738096 1.2034123905294218 1.204602866719898 1.217015500625088 1.2182059768155642;2.2569503829960684 2.2587360972817829 2.2624630830810584 2.2642487973667729 2.2917897843371056 2.2935754986228201 2.3118015871257556 2.3135873014114696 2.3333033249013484 2.3350890391870625 2.3386378999585369 2.3404236142442514 2.3450616451699111 2.3468473594556252 2.3502713714838128 2.3520570857695273 2.3659619567029457 2.3677476709886602 2.3863666218464457 2.3881523361321597;
