m;3
n;6
P;19
P1;2 4 6 8 10 12 14 16 18
Q;20
M;100
h;1 1 1 1 1 1 1 1 1 1 1 1 1 1 1 1 1 1 1
Vmin;44 44 44 44 44 44 44 44 44 44 44 44 44 44 44 44 44 44 44;52 52 52 52 52 52 52 52 52 52 52 52 52 52 52 52 52 52 52;33 33 33 33 33 33 33 33 33 33 33 33 33 33 33 33 33 33 33;39 39 39 39 39 39 39 39 39 39 39 39 39 39 39 39 39 39 39;28 28 28 28 28 28 28 28 28 28 28 28 28 28 28 28 28 28 28;37 37 37 37 37 37 37 37 37 37 37 37 37 37 37 37 37 37 37;
Vmax;44 44 44 44 44 44 44 44 44 44 44 44 44 44 44 44 44 44 44;52 52 52 52 52 52 52 52 52 52 52 52 52 52 52 52 52 52 52;33 33 33 33 33 33 33 33 33 33 33 33 33 33 33 33 33 33 33;39 39 39 39 39 39 39 39 39 39 39 39 39 39 39 39 39 39 39;28 28 28 28 28 28 28 28 28 28 28 28 28 28 28 28 28 28 28;37 37 37 37 37 37 37 37 37 37 37 37 37 37 37 37 37 37 37;
d;3.000 19.310 3.000 46.190 3.000 4.781 3.000 15.107 3.000 38.553 3.000 21.992 3.000 6.316 3.000 34.768 3.000 5.603 3.000
S;0.84733778562997186 0.84620142199360826 0.84407904509220688 0.84294268145584328 0.82977297657704674 0.82863661294068303 0.82624403212331543 0.82510766848695183 0.81677718831830548 0.81564082468194188 0.80103734583708897 0.79990098220072525 0.79417870561235515 0.79304234197599155 0.79123128120435915 0.79009491756799544 0.7725985904147612 0.7714622267783976 0.7641479157339639 0.76301155209760019;2.0447565334436977 2.043794994982159 2.0419991376040501 2.0410375991425118 2.029894002706607 2.0289324642450688 2.0269079727842194 2.0259464343226807 2.0188975664876723 2.017936028026134 2.0055792382343354 2.0046176997727967 1.9997757734287913 1.9988142349672529 1.9972817989297178 1.9963202604681796 1.9815156759539043 1.9805541374923659 1.9743651050701527 1.9734035666086143;3.856290130087809 3.8547749785726575 3.8519451427041225 3.8504299911889706 3.8328703846839085 3.831355233168757 3.8281651254122671 3.8266499738971151 3.815542667005587 3.8140275154904355 3.794556210363965 3.7930410588488135 3.7854113567309868 3.7838962052158349 3.7814814575203255 3.7799663060051736 3.7566378698008616 3.7551227182857101 3.7453703035597981 3.7438551520446466;4.9545915886051315 4.955727952241495 4.963610445104111 4.9647468087404745 4.9822431358937092 4.9833794995300726 4.9851905603017048 4.9863269239380683 4.9920492005264387 4.9931855641628022 5.0077890430076559 5.0089254066440194 5.0172558868126655 5.018392250449029 5.020784831266397 5.0219211949027605 5.0350908997815562 5.0362272634179197 5.0383496403193213 5.0394860039556848;5.7336090848771315 5.7345706233386702 5.7412404249916529 5.7422019634531916 5.7570065479674657 5.7579680864290044 5.7595005224665394 5.7604620609280781 5.765303987272083 5.7662655257336217 5.7786223155254213 5.77958385398696 5.7866327218219684 5.7875942602835071 5.7896187517443565 5.7905802902058952 5.8017238866417999 5.8026854251033386 5.804481282481448 5.8054428209429867;5.9224100416879013 5.9239251932030523 5.9344351836865403 5.9359503352016914 5.9592787714060034 5.9607939229211544 5.9632086706166643 5.9647238221318153 5.9723535242496419 5.973868675764793 5.993339980891264 5.994855132406415 6.005962439297944 6.0074775908130951 6.010667698569585 6.0121828500847361 6.0297424565897977 6.0312576081049487 6.0340874439734842 6.0356025954886352;
