m;6
n;12
P;19
P1;2 4 6 8 10 12 14 16 18
Q;20
M;100
h;1 1 1 1 1 1 1 1 1 1 1 1 1 1 1 1 1 1 1
Vmin;46 46 46 46 46 46 46 46 46 46 46 46 46 46 46 46 46 46 46;52 52 52 52 52 52 52 52 52 52 52 52 52 52 52 52 52 52 52;46 46 46 46 46 46 46 46 46 46 46 46 46 46 46 46 46 46 46;49 49 49 49 49 49 49 49 49 49 49 49 49 49 49 49 49 49 49;36 36 36 36 36 36 36 36 36 36 36 36 36 36 36 36 36 36 36;44 44 44 44 44 44 44 44 44 44 44 44 44 44 44 44 44 44 44;33 33 33 33 33 33 33 33 33 33 33 33 33 33 33 33 33 33 33;40 40 40 40 40 40 40 40 40 40 40 40 40 40 40 40 40 40 40;43 43 43 43 43 43 43 43 43 43 43 43 43 43 43 43 43 43 43;50 50 50 50 50 50 50 50 50 50 50 50 50 50 50 50 50 50 50;41 41 41 41 41 41 41 41 41 41 41 41 41 41 41 41 41 41 41;28 28 28 28 28 28 28 28 28 28 28 28 28 28 28 28 28 28 28;
Vmax;46 46 46 46 46 46 46 46 46 46 46 46 46 46 46 46 46 46 46;52 52 52 52 52 52 52 52 52 52 52 52 52 52 52 52 52 52 52;46 46 46 46 46 46 46 46 46 46 46 46 46 46 46 46 46 46 46;49 49 49 49 49 49 49 49 49 49 49 49 49 49 49 49 49 49 49;36 36 36 36 36 36 36 36 36 36 36 36 36 36 36 36 36 36 36;44 44 44 44 44 44 44 44 44 44 44 44 44 44 44 44 44 44 44;33 33 33 33 33 33 33 33 33 33 33 33 33 33 33 33 33 33 33;40 40 40 40 40 40 40 40 40 40 40 40 40 40 40 40 40 40 40;43 43 43 43 43 43 43 43 43 43 43 43 43 43 43 43 43 43 43;50 50 50 50 50 50 50 50 50 50 50 50 50 50 50 50 50 50 50;41 41 41 41 41 41 41 41 41 41 41 41 41 41 41 41 41 41 41;28 28 28 28 28 28 28 28 28 28 28 28 28 28 28 28 28 28 28;
d;3.000 20.794 3.000 47.250 3.000 27.815 3.000 33.511 3.000 75.170 3.000 8.439 3.000 34.113 3.000 94.279 3.000 32.570 3.000
S;1.5737234965681295 1.5726365400463904 1.5608357763337923 1.5597488198120533 1.5255898708665128 1.5245029143447737 1.5121431984385636 1.5110562419168245 1.5079986514956591 1.5069116949739201 1.4796760877715118 1.4785891312497728 1.466447464030779 1.4653605075090399 1.4552827643240476 1.4541958078023085 1.4370764097359683 1.4359894532142292 1.4284553943086915 1.4273684377869524;2.011177150130373 2.0102156116688348 1.9997764745384594 1.998814936076921 1.9685974043174044 1.9676358658558659 1.9567022710157569 1.9557407325542184 1.9530359410278029 1.9520744025662644 1.9279813654256726 1.9270198269641341 1.916279121347332 1.9153175828857936 1.9064026562221463 1.9054411177606079 1.8902970348557682 1.8893354963942299 1.8826707519777925 1.8817092135162541;2.7201972846119911 2.719110328090252 2.7073095643776539 2.7062226078559148 2.6720636589103748 2.6709767023886357 2.6586169864824258 2.6575300299606868 2.6544724395395209 2.6533854830177819 2.6261498758153738 2.6250629192936348 2.6129212520746412 2.6118342955529021 2.6017565523679096 2.6006695958461705 2.5835501977798301 2.582463241258091 2.5749291823525535 2.5738422258308145;3.4286682856600637 3.4276478774967982 3.4165696095217064 3.415549201358441 3.3834816166340564 3.3824612084707915 3.3708582098649615 3.3698378017016966 3.3669674106940719 3.3659470025308069 3.3403788814836477 3.3393584733203827 3.3279601734821442 3.3269397653188788 3.317479026818682 3.316458618655417 3.3003873470013017 3.2993669388380362 3.2922941488450825 3.2912737406818176;4.6428832956031671 4.641494406714278 4.6264156530815139 4.6250267641926257 4.5813792183177684 4.5799903294288802 4.5641973591042788 4.5628084702153897 4.5589015491216793 4.5575126602327902 4.5227116065852693 4.5213227176963802 4.505808365138777 4.5044194762498888 4.4915423599579531 4.4901534710690649 4.4682786846509641 4.466889795762075 4.4572629427161106 4.4558740538272215;5.7974662477378303 5.7963298841014668 5.7839927220382954 5.7828563584019319 5.7471447299588672 5.7460083663225037 5.7330868451478292 5.7319504815114657 5.7287539097075202 5.7276175460711567 5.6991439567231845 5.6980075930868201 5.6853140319033271 5.6841776682669636 5.6736418458462898 5.6725054822099263 5.6546079296860245 5.6534715660496611 5.6455950499211447 5.6444586862847812;6.0324732145981699 6.0335601711199098 6.0416377082863164 6.0427246648080564 6.0598440628743964 6.0609310193961363 6.0710087625811289 6.0720957191028679 6.0842373863218615 6.0853243428436015 6.112559950046009 6.113646906567749 6.1167044969889144 6.1177914535106535 6.1301511694168642 6.1312381259386042 6.1653970748841438 6.1664840314058837 6.1782847951184818 6.1793717516402209;6.6374900398779291 6.6384515783394678 6.6455970919866738 6.6465586304482125 6.6617027133530522 6.6626642518145909 6.6715791784782379 6.6725407169397766 6.6832814225565782 6.6842429610181169 6.7083359981587085 6.7092975366202472 6.7120023281466636 6.7129638666082023 6.7238974614483116 6.7248589999098503 6.7550765316693662 6.7560380701309048 6.7664772072612802 6.7674387457228189;7.6559965619684416 7.6570835184901815 7.6651610556565881 7.6662480121783281 7.683367410244669 7.684454366766408 7.6945321099514006 7.6956190664731405 7.7077607336921341 7.7088476902138732 7.7360832974162816 7.7371702539380207 7.7402278443591861 7.7413148008809261 7.7536745167871368 7.7547614733088759 7.7889204222544164 7.7900073787761555 7.8018081424887535 7.8028950990104935;7.9046340673477813 7.9056544755110458 7.9132374695856331 7.9142578777488977 7.930329149403013 7.9313495575662785 7.9408102960664753 7.9418307042297407 7.9532290040679792 7.9542494122312446 7.9798175332784034 7.9808379414416679 7.983708332449293 7.9847287406125576 7.9963317392183884 7.9973521473816529 8.0294197321060388 8.0304401402693024 8.0415184082443947 8.0425388164076601;8.3389227816310481 8.3403116705199363 8.3506329680103466 8.3520218568992348 8.3738966433173356 8.3752855322062256 8.3881626484981595 8.3895515373870477 8.4050658899446518 8.40645477883354 8.4412558324810618 8.44264472136995 8.4465516424636622 8.4479405313525504 8.4637335016771509 8.4651223905660409 8.5087699364408973 8.5101588253297855 8.5252375789625496 8.5266264678514379;9.7949049199759983 9.7960412836123627 9.8044859815590613 9.8056223451954256 9.8235198977193274 9.8246562613556918 9.8351920837763664 9.8363284474127308 9.8490220085962239 9.8501583722325883 9.8786319615805613 9.8797683252169257 9.8829648970208712 9.8841012606572356 9.8970227818319092 9.8981591454682736 9.9338707739113392 9.9350071375477036 9.9473442996108741 9.9484806632472385;
