m;5
n;10
P;19
P1;2 4 6 8 10 12 14 16 18
Q;20
M;100
h;1 1 1 1 1 1 1 1 1 1 1 1 1 1 1 1 1 1 1
Vmin;44 44 44 44 44 44 44 44 44 44 44 44 44 44 44 44 44 44 44;35 35 35 35 35 35 35 35 35 35 35 35 35 35 35 35 35 35 35;44 44 44 44 44 44 44 44 44 44 44 44 44 44 44 44 44 44 44;49 49 49 49 49 49 49 49 49 49 49 49 49 49 49 49 49 49 49;48 48 48 48 48 48 48 48 48 48 48 48 48 48 48 48 48 48 48;39 39 39 39 39 39 39 39 39 39 39 39 39 39 39 39 39 39 39;51 51 51 51 51 51 51 51 51 51 51 51 51 51 51 51 51 51 51;28 28 28 28 28 28 28 28 28 28 28 28 28 28 28 28 28 28 28;52 52 52 52 52 52 52 52 52 52 52 52 52 52 52 52 52 52 52;50 50 50 50 50 50 50 50 50 50 50 50 50 50 50 50 50 50 50;
Vmax;44 44 44 44 44 44 44 44 44 44 44 44 44 44 44 44 44 44 44;35 35 35 35 35 35 35 35 35 35 35 35 35 35 35 35 35 35 35;44 44 44 44 44 44 44 44 44 44 44 44 44 44 44 44 44 44 44;49 49 49 49 49 49 49 49 49 49 49 49 49 49 49 49 49 49 49;48 48 48 48 48 48 48 48 48 48 48 48 48 48 48 48 48 48 48;39 39 39 39 39 39 39 39 39 39 39 39 39 39 39 39 39 39 39;51 51 51 51 51 51 51 51 51 51 51 51 51 51 51 51 51 51 51;28 28 28 28 28 28 28 28 28 28 28 28 28 28 28 28 28 28 28;52 52 52 52 52 52 52 52 52 52 52 52 52 52 52 52 52 52 52;50 50 50 50 50 50 50 50 50 50 50 50 50 50 50 50 50 50 50;
d;3.000 49.676 3.000 17.419 3.000 6.668 3.000 59.732 3.000 7.514 3.000 44.943 3.000 26.795 3.000 11.250 3.000 62.221 3.000
S;7.1867656607650714 7.1185838425832531 5.7044711091868336 5.6362892910050153 5.3806011327175387 5.3124193145357204 4.7034490562731417 4.6352672380913233 3.6138314917507266 3.5456496735689083 3.3748859782564566 3.3067041600746383 1.9491476172895263 1.8809657991077082 1.7294230856064021 1.661241267424584 1.2653549132193631 1.197173095037545 0.068181818181818177 0;10.034791116390373 9.9490768306760877 8.1713351086920181 8.0856208229777327 7.7641842811306194 7.678469995416334 6.9129073850290919 6.8271930993148064 5.5431024467723411 5.4573881610580557 5.2427138012366878 5.1569995155224024 3.450357004592548 3.3646427188782622 3.1741318790480491 3.0884175933337632 2.5907318909043426 2.5050176051900568 1.0857142857142856 1;9.1867656607650705 9.1185838425832522 7.7044711091868336 7.6362892910050153 7.3806011327175387 7.3124193145357204 6.7034490562731417 6.6352672380913233 5.6138314917507266 5.5456496735689083 5.3748859782564571 5.3067041600746387 3.949147617289527 3.8809657991077087 3.7294230856064026 3.6612412674245842 3.2653549132193636 3.1971730950375452 2.0681818181818183 2;9.453422225993128 9.3921977361972093 8.1223822204943019 8.0611577306983833 7.8315602008075871 7.7703357110116684 7.2235052750207815 7.1622807852248629 6.2450731762659597 6.183848686470041 6.0305098580262069 5.9692853682302882 4.7502550032803921 4.6890305134844734 4.5529513421771783 4.4917268523812597 4.1362370649316738 4.0750125751357551 3.0612244897959182 3;10.587868522367982 10.525368522367982 9.2290985167545969 9.1665985167545969 8.9322177049910767 8.8697177049910767 8.3114949682503791 8.2489949682503791 7.3126788674381658 7.2501788674381658 7.0936454800684183 7.0311454800684183 5.7867186491820659 5.7242186491820659 5.5853044951392024 5.5228044951392024 5.1599086704510828 5.0974086704510828 4.0625 4;0 0.068181818181818177 1.2312640041284542 1.2994458223102723 1.6953321765154932 1.7635139946973113 1.9150567081986174 1.9832385263804355 3.3407950691655475 3.4089768873473658 3.5797405826598174 3.6479224008416358 4.6693581471822325 4.7375399653640509 5.3465102236266295 5.4146920418084479 5.6703802000959245 5.7385620182777428 7.1526747516741622 7.2208565698559806;1 1.0857142857142856 2.5478747480471995 2.6335890337614853 3.1312747361909059 3.2169890219051918 3.4074998617354049 3.4932141474496907 5.1998566583795451 5.2855709440938305 5.5002453039151984 5.5859595896294838 6.8700502421719492 6.9557645278862346 7.7213271382734767 7.8070414239877621 8.1284779658348754 8.2141922515491608 9.9919339735332304 10.077648259247516;2 2.0681818181818183 3.2312640041284544 3.2994458223102727 3.6953321765154934 3.7635139946973117 3.9150567081986178 3.9832385263804362 5.3407950691655479 5.4089768873473663 5.5797405826598174 5.6479224008416358 6.6693581471822325 6.7375399653640509 7.3465102236266295 7.4146920418084479 7.6703802000959245 7.7385620182777428 9.1526747516741622 9.2208565698559806;3 3.0612244897959182 4.1056248200337135 4.1668493098296322 4.5223390972792181 4.5835635870751368 4.7196427583824319 4.7808672481783505 5.9998976131282467 6.0611221029241653 6.2144609313679995 6.2756854211639181 7.1928930301228213 7.25411751991874 7.8009479559096269 7.8621724457055455 8.0917699755963408 8.1529944653922595 9.4228099810951669 9.4840344708910855;4 4.0625 5.1286586704510828 5.1911586704510828 5.5540544951392024 5.6165544951392024 5.7554686491820659 5.8179686491820659 7.0623954800684183 7.1248954800684183 7.2814288674381658 7.3439288674381658 8.2802449682503791 8.3427449682503791 8.9009677049910767 8.9634677049910767 9.1978485167545969 9.2603485167545969 10.556618522367982 10.619118522367982;
