m;1
n;2
P;19
P1;2 4 6 8 10 12 14 16 18
Q;20
M;100
h;1 1 1 1 1 1 1 1 1 1 1 1 1 1 1 1 1 1 1
Vmin;28 28 28 28 28 28 28 28 28 28 28 28 28 28 28 28 28 28 28;52 52 52 52 52 52 52 52 52 52 52 52 52 52 52 52 52 52 52;
Vmax;28 28 28 28 28 28 28 28 28 28 28 28 28 28 28 28 28 28 28;52 52 52 52 52 52 52 52 52 52 52 52 52 52 52 52 52 52 52;
d;3.000 31.283 3.000 52.080 3.000 35.134 3.000 15.333 3.000 91.409 3.000 5.735 3.000 50.719 3.000 3.471 3.000 19.125 3.000
S;11.938915842175923 11.831772985033066 11.148723992896073 11.041581135753216 10.917603461884397 10.810460604741539 8.9990505808992651 8.8919077237564075 8.687092179160345 8.5799493220174874 5.3153524926510674 5.2082096355082106 4.6605925957305399 4.5534497385876831 3.2986733102689314 3.1915304531260742 1.3315302188948202 1.2243873617519629 0.10714285714285714 0;0 0.10714285714285714 1.2779587903233915 1.3851016474662488 3.2451018816975026 3.3522447388403598 4.607021167159111 4.7141640243019678 5.2617810640796385 5.3689239212224953 8.6335207505889162 8.7406636077317739 8.9454791523278363 9.052622009470694 10.864032033312968 10.971174890455826 11.095152564324644 11.202295421467502 11.885344413604495 11.992487270747352;
