m;8
n;16
P;19
P1;2 4 6 8 10 12 14 16 18
Q;20
M;100
h;1 1 1 1 1 1 1 1 1 1 1 1 1 1 1 1 1 1 1
Vmin;50 50 50 50 50 50 50 50 50 50 50 50 50 50 50 50 50 50 50;49 49 49 49 49 49 49 49 49 49 49 49 49 49 49 49 49 49 49;47 47 47 47 47 47 47 47 47 47 47 47 47 47 47 47 47 47 47;28 28 28 28 28 28 28 28 28 28 28 28 28 28 28 28 28 28 28;32 32 32 32 32 32 32 32 32 32 32 32 32 32 32 32 32 32 32;47 47 47 47 47 47 47 47 47 47 47 47 47 47 47 47 47 47 47;38 38 38 38 38 38 38 38 38 38 38 38 38 38 38 38 38 38 38;39 39 39 39 39 39 39 39 39 39 39 39 39 39 39 39 39 39 39;44 44 44 44 44 44 44 44 44 44 44 44 44 44 44 44 44 44 44;50 50 50 50 50 50 50 50 50 50 50 50 50 50 50 50 50 50 50;50 50 50 50 50 50 50 50 50 50 50 50 50 50 50 50 50 50 50;44 44 44 44 44 44 44 44 44 44 44 44 44 44 44 44 44 44 44;52 52 52 52 52 52 52 52 52 52 52 52 52 52 52 52 52 52 52;50 50 50 50 50 50 50 50 50 50 50 50 50 50 50 50 50 50 50;40 40 40 40 40 40 40 40 40 40 40 40 40 40 40 40 40 40 40;40 40 40 40 40 40 40 40 40 40 40 40 40 40 40 40 40 40 40;
Vmax;50 50 50 50 50 50 50 50 50 50 50 50 50 50 50 50 50 50 50;49 49 49 49 49 49 49 49 49 49 49 49 49 49 49 49 49 49 49;47 47 47 47 47 47 47 47 47 47 47 47 47 47 47 47 47 47 47;28 28 28 28 28 28 28 28 28 28 28 28 28 28 28 28 28 28 28;32 32 32 32 32 32 32 32 32 32 32 32 32 32 32 32 32 32 32;47 47 47 47 47 47 47 47 47 47 47 47 47 47 47 47 47 47 47;38 38 38 38 38 38 38 38 38 38 38 38 38 38 38 38 38 38 38;39 39 39 39 39 39 39 39 39 39 39 39 39 39 39 39 39 39 39;44 44 44 44 44 44 44 44 44 44 44 44 44 44 44 44 44 44 44;50 50 50 50 50 50 50 50 50 50 50 50 50 50 50 50 50 50 50;50 50 50 50 50 50 50 50 50 50 50 50 50 50 50 50 50 50 50;44 44 44 44 44 44 44 44 44 44 44 44 44 44 44 44 44 44 44;52 52 52 52 52 52 52 52 52 52 52 52 52 52 52 52 52 52 52;50 50 50 50 50 50 50 50 50 50 50 50 50 50 50 50 50 50 50;40 40 40 40 40 40 40 40 40 40 40 40 40 40 40 40 40 40 40;40 40 40 40 40 40 40 40 40 40 40 40 40 40 40 40 40 40 40;
d;3.000 7.299 3.000 29.828 3.000 10.694 3.000 49.333 3.000 60.877 3.000 17.729 3.000 9.558 3.000 56.450 3.000 4.830 3.000
S;5.5319527863931786 5.4719527863931789 5.3753440363937228 5.3153440363937232 4.1863477194909828 4.1263477194909832 3.9351948991825032 3.8751948991825031 3.5206240436275755 3.4606240436275755 2.2430932764556983 2.1830932764556983 1.1964250925481668 1.1364250925481667 0.92255283474718874 0.86255283474718869 0.26598437383411055 0.20598437383411053 0.059999999999999998 0;6.644849782033857 6.5836252922379384 6.4850449350956358 6.4238204452997172 5.2717833872356969 5.2105588974397783 5.0155049991658194 4.9542805093699007 4.5924735139056887 4.53124902410977 3.2888706902609162 3.2276462004649979 2.2208419311715986 2.1596174413756803 1.9413804436195805 1.8801559538236621 1.2714126263613375 1.210188136565419 1.0612244897959184 1;7.8850561557374244 7.8212263685033818 7.7184511025465135 7.6546213153124709 6.4535614037138114 6.3897316164797688 6.1863775523218116 6.1225477650877691 5.7453447272633777 5.6815149400293352 4.3862694430379765 4.322439655803934 3.2727926516469856 3.2089628644129431 2.9814391859012646 2.917609398667222 2.2829620998235218 2.2191323125894793 2.0638297872340425 2;12.878487118559251 12.771344261416393 12.598828636417364 12.491685779274507 10.475620927662471 10.368478070519613 10.027133748540184 9.919990891397326 9.2868286493349554 9.1796857921920978 7.0055237079566028 6.8983808508137461 5.1364733795502975 5.0293305224074407 4.6474157763342658 4.5402729191914091 3.4749720961323405 3.3678292389894833 3.1071428571428572 3;12.643676228739343 12.549926228739343 12.398975056865192 12.305225056865192 10.541168311704661 10.447418311704661 10.148742029972661 10.054992029972661 9.5009750681680867 9.4072250681680867 7.5048332444620289 7.4110832444620289 5.8694142071065114 5.7756642071065114 5.4414888042924829 5.3477388042924829 4.4156005841157979 4.3218505841157979 4.09375 4;10.885056155737427 10.821226368503384 10.718451102546515 10.654621315312472 9.4535614037138131 9.3897316164797697 9.1863775523218116 9.1225477650877682 8.7453447272633777 8.6815149400293343 7.3862694430379756 7.3224396558039331 6.2727926516469852 6.2089628644129427 5.9814391859012641 5.9176093986672216 5.2829620998235214 5.2191323125894789 5.0638297872340425 5;13.278885245254182 13.199937876833129 13.072821100518055 12.993873732097002 11.508352262488135 11.429404894067082 11.177888025240135 11.098940656819082 10.632400057404704 10.553452688983651 8.9514385216522339 8.8724911532311808 7.5742435428265331 7.4952961744054809 7.2138853088778783 7.1349379404568261 6.3499794392554074 6.2710320708343552 6.0789473684210522 6;14.092247162042536 14.01532408511946 13.891466713325284 13.814543636402208 12.367112460885874 12.290189383962797 12.045121665618591 11.968198588695515 11.5136205687533 11.436697491830223 9.8757606108406364 9.7988375339175597 8.5338783237796996 8.4569552468566229 8.1827600445476776 8.1058369676246009 7.3410056074796284 7.2640825305565517 7.0769230769230766 7;0 0.059999999999999998 0.23598437383411053 0.29598437383411053 0.89255283474718872 0.95255283474718877 1.1664250925481667 1.2264250925481668 2.2130932764556981 2.2730932764556981 3.4906240436275753 3.5506240436275753 3.905194899182503 3.965194899182503 4.1563477194909835 4.2163477194909831 5.3453440363937226 5.4053440363937222 5.5019527863931783 5.5619527863931779;1 1.0612244897959184 1.2408003814633781 1.3020248712592966 1.9107681987216212 1.9719926885175396 2.1902296862736397 2.2514541760695579 3.2582584453629573 3.3194829351588755 4.5618612690077294 4.623085758803648 4.98489275426786 5.0461172440637787 5.2411711423377376 5.3023956321336563 6.4544326901976765 6.5156571799935952 6.6142375371358977 6.6754620269318163;2 2.0638297872340425 2.2510472062065006 2.3148769934405431 2.9495242922842433 3.0133540795182858 3.2408777580299644 3.3047075452640069 4.3543545494209557 4.4181843366549982 5.7134298336463569 5.7772596208803995 6.1544626587047908 6.2182924459388333 6.4216465100967905 6.4854762973308331 7.6865362089294926 7.7503659961635352 7.8531412621204035 7.9169710493544461;3 3.1071428571428572 3.4214006675609117 3.5285435247037689 4.593844347762837 4.7009872049056938 5.0829019509788687 5.1900448081217254 6.9519522793851749 7.0590951365280317 9.2332572207635266 9.3404000779063843 9.9735623199687549 10.080705177111613 10.422049499091042 10.529192356233899 12.545257207845935 12.652400064988793 12.824915689987822 12.93205854713068;4 4.09375 4.3687255841157979 4.4624755841157979 5.3946138042924829 5.4883638042924829 5.8225392071065114 5.9162892071065114 7.4579582444620289 7.5517082444620289 9.4541000681680867 9.5478500681680867 10.101867029972661 10.195617029972661 10.494293311704661 10.588043311704661 12.352100056865192 12.445850056865192 12.596801228739343 12.690551228739343;5 5.0638297872340425 5.2510472062065006 5.3148769934405431 5.9495242922842433 6.0133540795182858 6.2408777580299644 6.3047075452640069 7.3543545494209557 7.4181843366549982 8.7134298336463569 8.7772596208804003 9.1544626587047908 9.2182924459388342 9.4216465100967923 9.4854762973308357 10.686536208929496 10.75036599616354 10.853141262120408 10.916971049354451;6 6.0789473684210522 6.3105057550448818 6.389453123465934 7.1744116246673526 7.2533589930884048 7.5347698586160075 7.6137172270370597 8.9119648374417064 8.9909122058627595 10.592926373194176 10.671873741615229 11.138414341029607 11.21736170945066 11.468878578277607 11.54782594669866 13.033347416307528 13.112294784728581 13.239411561043655 13.318358929464708;7 7.0769230769230766 7.3025440690180901 7.3794671459411667 8.1442985060861393 8.2212215830092159 8.4954167853181612 8.5723398622412379 9.8372990723790981 9.9142221493021747 11.47515903029176 11.552082107214837 12.006660127157051 12.083583204080128 12.328650922424334 12.405573999347411 13.853005174863744 13.929928251786821 14.053785623580996 14.130708700504073;
