m;7
n;14
P;19
P1;2 4 6 8 10 12 14 16 18
Q;20
M;100
h;1 1 1 1 1 1 1 1 1 1 1 1 1 1 1 1 1 1 1
Vmin;39 39 39 39 39 39 39 39 39 39 39 39 39 39 39 39 39 39 39;28 28 28 28 28 28 28 28 28 28 28 28 28 28 28 28 28 28 28;49 49 49 49 49 49 49 49 49 49 49 49 49 49 49 49 49 49 49;47 47 47 47 47 47 47 47 47 47 47 47 47 47 47 47 47 47 47;42 42 42 42 42 42 42 42 42 42 42 42 42 42 42 42 42 42 42;29 29 29 29 29 29 29 29 29 29 29 29 29 29 29 29 29 29 29;37 37 37 37 37 37 37 37 37 37 37 37 37 37 37 37 37 37 37;46 46 46 46 46 46 46 46 46 46 46 46 46 46 46 46 46 46 46;43 43 43 43 43 43 43 43 43 43 43 43 43 43 43 43 43 43 43;49 49 49 49 49 49 49 49 49 49 49 49 49 49 49 49 49 49 49;52 52 52 52 52 52 52 52 52 52 52 52 52 52 52 52 52 52 52;48 48 48 48 48 48 48 48 48 48 48 48 48 48 48 48 48 48 48;34 34 34 34 34 34 34 34 34 34 34 34 34 34 34 34 34 34 34;35 35 35 35 35 35 35 35 35 35 35 35 35 35 35 35 35 35 35;
Vmax;39 39 39 39 39 39 39 39 39 39 39 39 39 39 39 39 39 39 39;28 28 28 28 28 28 28 28 28 28 28 28 28 28 28 28 28 28 28;49 49 49 49 49 49 49 49 49 49 49 49 49 49 49 49 49 49 49;47 47 47 47 47 47 47 47 47 47 47 47 47 47 47 47 47 47 47;42 42 42 42 42 42 42 42 42 42 42 42 42 42 42 42 42 42 42;29 29 29 29 29 29 29 29 29 29 29 29 29 29 29 29 29 29 29;37 37 37 37 37 37 37 37 37 37 37 37 37 37 37 37 37 37 37;46 46 46 46 46 46 46 46 46 46 46 46 46 46 46 46 46 46 46;43 43 43 43 43 43 43 43 43 43 43 43 43 43 43 43 43 43 43;49 49 49 49 49 49 49 49 49 49 49 49 49 49 49 49 49 49 49;52 52 52 52 52 52 52 52 52 52 52 52 52 52 52 52 52 52 52;48 48 48 48 48 48 48 48 48 48 48 48 48 48 48 48 48 48 48;34 34 34 34 34 34 34 34 34 34 34 34 34 34 34 34 34 34 34;35 35 35 35 35 35 35 35 35 35 35 35 35 35 35 35 35 35 35;
d;3.000 2.989 3.000 3.449 3.000 15.454 3.000 36.811 3.000 34.959 3.000 36.695 3.000 4.604 3.000 33.028 3.000 6.321 3.000
S;5.2387349598267408 5.1618118829036641 4.9997427932898972 4.9228197163668206 4.0759388126417893 3.9990157357187126 3.8809545233884433 3.8040314464653662 2.8631262508887589 2.7862031739656818 1.8898215483571656 1.8128984714340888 0.86902568537248426 0.79210260844940739 0.39583898925351563 0.3189159123304387 0.23047865739294099 0.15355558046986406 0.076923076923076927 0;8.2968094083301036 8.189666551187246 7.9639274620823572 7.8567846049395005 6.6772004890367773 6.5700576318939206 6.4056152290053312 6.2984723718624744 4.9879258494521999 4.8807829923093431 3.6322514423546242 3.525108585211767 2.210428633197389 2.1032857760545318 1.5513471636031111 1.4442043064602539 1.3210238442258821 1.2138809870830249 1.1071428571428572 1;6.169605376188632 6.1083808863927134 5.9793871211899194 5.9181626313940008 5.2441145651638736 5.182890075367955 5.0889229880030467 5.027698498207128 4.2788147711155426 4.217590281319624 3.5041436813454987 3.4429191915495805 2.6916735046842217 2.6304490148883035 2.3150555220589202 2.253831032263002 2.1834421967005038 2.1222177069045856 2.0612244897959182 2;7.3470353921966582 7.2832056049626157 7.1487227433682135 7.0848929561341709 6.3821619934687188 6.3183322062346763 6.220366519407432 6.1565367321733895 5.3757856124396088 5.3119558252055663 4.5681497954453079 4.5043200082112653 3.7211064197771679 3.6572766325431254 3.3284621400188747 3.2646323527848322 3.1912482476239297 3.1274184603898871 3.0638297872340425 3;8.8645396055533983 8.7931110341248271 8.6426183080549013 8.5711897366263301 7.7848003260245155 7.7133717545959444 7.6037434860035518 7.5323149145749806 6.6586172329681306 6.5871886615395594 5.7548342949030804 5.6834057234745092 4.8069524221315909 4.7355238507030197 4.3675647757354064 4.2961362043068352 4.2140158961505874 4.1425873247220162 4.0714285714285712 4;12.045195290801484 11.941747014939414 11.723792032355384 11.620343756493314 10.481434954932064 10.377986679069995 10.21921470386722 10.11576642800515 8.8504111649883335 8.7469628891262641 7.541484151238949 7.4380358753768796 6.1686897148112729 6.0652414389492035 5.5323351924443838 5.4288869165823144 5.3099540564939556 5.2065057806318862 5.1034482758620694 5;11.521909822520074 11.440828741438994 11.269999160494752 11.188918079413671 10.296259829541341 10.215178748460261 10.090735848977005 10.009654767895924 9.0178898320178789 8.9368087509367982 7.9919740644845785 7.9108929834034978 6.9160000467439691 6.8349189656628884 6.4172356913753266 6.3361546102942459 6.2429369631979643 6.1618558821168836 6.0810810810810807 6;0 0.076923076923076927 0.1920171189314025 0.26894019585447942 0.35737745079197714 0.43430052771505406 0.83056414691094571 0.90748722383402258 1.8513600098956271 1.928283086818704 2.8246647124272202 2.9015877893502973 3.8424929849269045 3.9194160618499816 4.0374772741802509 4.1144003511033276 4.9612812548283589 5.0382043317514356 5.2002734213652024 5.2771964982882791;1 1.1071428571428572 1.2674524156544535 1.3745952727973108 1.4977757350316825 1.6049185921745397 2.1568572046259602 2.2640000617688174 3.5786800137831953 3.6858228709260525 4.9343544208807719 5.0414972780236287 6.3520438004339033 6.45918665757676 6.6236290604653494 6.7307719176082061 7.9103560335109293 8.017498890653787 8.2432379797586766 8.3503808369015342;2 2.0612244897959182 2.1528299518025449 2.2140544415984631 2.2844432771609613 2.3456677669568795 2.6610612597862628 2.7222857495821811 3.4735314364475398 3.534755926243458 4.2482025262175833 4.309427016013502 5.0583107431050873 5.119535232901006 5.2135023202659143 5.274726810061833 5.9487748762919601 6.0099993660878788 6.1389931312906727 6.2002176210865914;3 3.0638297872340425 3.1593333540069084 3.2231631412409509 3.2965472464018535 3.360377033635896 3.6891915261601467 3.7530213133941892 4.536234901828287 4.6000646890623296 5.343870718822588 5.4077005060566306 6.1884516257904112 6.2522814130244537 6.350247099851698 6.4140768870857405 7.1168078497511926 7.1806376369852352 7.3151204985796374 7.37895028581368;4 4.0714285714285712 4.1783016104363018 4.2497301818648729 4.3318504900211208 4.4032790614496919 4.7712381364173053 4.8426667078458765 5.7191200091887948 5.790548580617366 6.622902947253845 6.6943315186824162 7.5680292002892662 7.6394577717178374 7.74908604031023 7.8205146117388011 8.6069040223406166 8.6783325937691878 8.8288253198391136 8.9002538912676847;5 5.1034482758620694 5.2582299185629209 5.3616781944249903 5.4806110545133491 5.5840593303754185 6.1169655768802382 6.2204138527423076 7.4897600133079134 7.5932082891699828 8.7986870270572979 8.9021353029193673 10.167490565936184 10.270938841798253 10.429710817001029 10.533159092863098 11.672067894424348 11.775516170286418 11.993471152870448 12.096919428732518;6 6.0810810810810807 6.202396422657424 6.2834775037385047 6.3766951508347862 6.4577762319158669 6.8754595062034287 6.9565405872845094 7.9514335239440381 8.0325146050251188 8.9773492914773385 9.0584303725584192 10.050195308436464 10.131276389517545 10.255719289000801 10.336800370081882 11.229458619954212 11.310539701035292 11.481369281979534 11.562450363060615;
