m;6
n;12
P;19
P1;2 4 6 8 10 12 14 16 18
Q;20
M;100
h;1 1 1 1 1 1 1 1 1 1 1 1 1 1 1 1 1 1 1
Vmin;40 40 40 40 40 40 40 40 40 40 40 40 40 40 40 40 40 40 40;45 45 45 45 45 45 45 45 45 45 45 45 45 45 45 45 45 45 45;39 39 39 39 39 39 39 39 39 39 39 39 39 39 39 39 39 39 39;49 49 49 49 49 49 49 49 49 49 49 49 49 49 49 49 49 49 49;52 52 52 52 52 52 52 52 52 52 52 52 52 52 52 52 52 52 52;50 50 50 50 50 50 50 50 50 50 50 50 50 50 50 50 50 50 50;34 34 34 34 34 34 34 34 34 34 34 34 34 34 34 34 34 34 34;37 37 37 37 37 37 37 37 37 37 37 37 37 37 37 37 37 37 37;28 28 28 28 28 28 28 28 28 28 28 28 28 28 28 28 28 28 28;49 49 49 49 49 49 49 49 49 49 49 49 49 49 49 49 49 49 49;50 50 50 50 50 50 50 50 50 50 50 50 50 50 50 50 50 50 50;32 32 32 32 32 32 32 32 32 32 32 32 32 32 32 32 32 32 32;
Vmax;40 40 40 40 40 40 40 40 40 40 40 40 40 40 40 40 40 40 40;45 45 45 45 45 45 45 45 45 45 45 45 45 45 45 45 45 45 45;39 39 39 39 39 39 39 39 39 39 39 39 39 39 39 39 39 39 39;49 49 49 49 49 49 49 49 49 49 49 49 49 49 49 49 49 49 49;52 52 52 52 52 52 52 52 52 52 52 52 52 52 52 52 52 52 52;50 50 50 50 50 50 50 50 50 50 50 50 50 50 50 50 50 50 50;34 34 34 34 34 34 34 34 34 34 34 34 34 34 34 34 34 34 34;37 37 37 37 37 37 37 37 37 37 37 37 37 37 37 37 37 37 37;28 28 28 28 28 28 28 28 28 28 28 28 28 28 28 28 28 28 28;49 49 49 49 49 49 49 49 49 49 49 49 49 49 49 49 49 49 49;50 50 50 50 50 50 50 50 50 50 50 50 50 50 50 50 50 50 50;32 32 32 32 32 32 32 32 32 32 32 32 32 32 32 32 32 32 32;
d;3.000 10.117 3.000 29.256 3.000 26.880 3.000 7.695 3.000 19.678 3.000 67.526 3.000 4.463 3.000 7.937 3.000 19.044 3.000
S;5.5649050736129171 5.4899050736129169 5.0137988879899114 4.9387988879899112 4.7403796168216497 4.6653796168216495 4.5538120589641453 4.4788120589641451 2.7906555005253861 2.715655500525386 2.2237060479692818 2.1487060479692817 1.9563277223874798 1.8813277223874798 1.2093183695717646 1.1343183695717647 0.40292212430792573 0.32792212430792572 0.074999999999999997 0;5.9465822876559251 5.8799156209892587 5.4567101226576984 5.390043455991032 5.2136707705081333 5.1470041038414669 5.0478329413014631 4.9811662746347967 3.4805826671336773 3.4139160004670104 2.9766275981949177 2.9099609315282509 2.7389579754555382 2.6722913087888713 2.0749496618415688 2.0082829951749019 1.3581529993848227 1.291486332718156 1.0666666666666667 1;7.7075949472952967 7.6306718703722201 7.1423578338358036 7.0654347569127269 6.8619278121247671 6.7850047352016905 6.6705764707324553 6.5936533938093786 4.862210769769626 4.7852876928465493 4.2807241517633656 4.203801074840289 4.0064899716794669 3.9295668947563902 3.2403265328941182 3.1634034559710411 2.413253460828642 2.3363303839055649 2.0769230769230771 2;7.5427796519289139 7.4815551621329952 7.0928970514203371 7.0316725616244184 6.8696976463850215 6.8084731565891028 6.7173975991544053 6.6561731093584866 5.278086122877867 5.2168616330819484 4.8152702432402306 4.7540457534443119 4.5970022223571263 4.5357777325612076 3.9871986690381749 3.9259741792422567 3.3289160198432044 3.2676915300472862 3.0612244897959182 3;8.2806962104714703 8.2230039027791619 7.8567683753768502 7.7990760676845428 7.6464458590935731 7.5887535514012656 7.5029323530493395 7.445240045357032 6.1466580773272179 6.0889657696349104 5.7105431138225224 5.652850806130215 5.5048674787595981 5.4471751710672907 4.930244899670587 4.8725525919782795 4.3099400956214806 4.2522477879291731 4.0576923076923075 4;9.4519240588903326 9.3919240588903321 9.011039110391927 8.9510391103919265 8.7923036934573169 8.7323036934573164 8.6430496471713134 8.5830496471713129 7.2325244004203064 7.1725244004203068 6.7789648383754235 6.7189648383754239 6.565062177909982 6.5050621779099824 5.9674546956574108 5.9074546956574112 5.3223376994463401 5.2623376994463404 5.0599999999999996 5;0 0.074999999999999997 0.3654221243079257 0.44042212430792571 1.1718183695717648 1.2468183695717647 1.9188277223874799 1.9938277223874799 2.1862060479692818 2.2612060479692819 2.753155500525386 2.8281555005253862 4.5163120589641448 4.591312058964145 4.7028796168216491 4.7778796168216493 4.9762988879899108 5.051298887989911 5.5274050736129166 5.6024050736129167;1 1.0666666666666667 1.3248196660514895 1.3914863327181561 2.0416163285082352 2.108282995174902 2.7056246421222045 2.7722913087888714 2.9432942648615841 3.0099609315282509 3.4472493338003436 3.5139160004670105 5.0144996079681299 5.0811662746347963 5.1803374371748001 5.2470041038414665 5.4233767893243652 5.4900434559910316 5.9132489543225919 5.9799156209892583;2 2.0769230769230771 2.3747919223671037 2.4517149992901808 3.2018649944325794 3.2787880713556565 3.9680284332179285 4.0449515101410052 4.2422626133018273 4.319185690224904 4.8237492313080876 4.9006723082311643 6.632114932270917 6.7090380091939936 6.8234662736632288 6.9003893505863054 7.1038962953742653 7.1808193722973419 7.6691334088337584 7.746056485756835;3 3.0612244897959182 3.2983037749452455 3.3595282647411637 3.956586424140216 4.0178109139361347 4.566389977459167 4.6276144672550856 4.7846579983422712 4.8458824881381899 5.2474738779799077 5.3086983677758264 6.6867853542564459 6.7480098440523646 6.8390854014870621 6.9003098912829808 7.0622848065223778 7.1235092963182964 7.5121674070309545 7.5733918968268732;4 4.0576923076923075 4.2810939417753273 4.3387862494676348 4.9013987458244337 4.9590910535167412 5.4760213249134448 5.5337136326057523 5.6816969599763691 5.7393892676686766 6.1178119234810646 6.1755042311733721 7.4740861992031871 7.5317785068954946 7.6175997052474207 7.6752920129397282 7.8279222215306978 7.8856145292230053 8.251850056625317 8.3095423643176254;5 5.0599999999999996 5.2923376994463398 5.3523376994463394 5.9374546956574106 5.9974546956574102 6.5350621779099818 6.5950621779099814 6.7489648383754233 6.8089648383754229 7.2025244004203062 7.2625244004203058 8.6130496471713123 8.6730496471713128 8.7623036934573157 8.8223036934573162 8.9810391103919258 9.0410391103919263 9.4219240588903315 9.481924058890332;
