m;3
n;6
P;19
P1;2 4 6 8 10 12 14 16 18
Q;20
M;100
h;1 1 1 1 1 1 1 1 1 1 1 1 1 1 1 1 1 1 1
Vmin;37 37 37 37 37 37 37 37 37 37 37 37 37 37 37 37 37 37 37;28 28 28 28 28 28 28 28 28 28 28 28 28 28 28 28 28 28 28;41 41 41 41 41 41 41 41 41 41 41 41 41 41 41 41 41 41 41;41 41 41 41 41 41 41 41 41 41 41 41 41 41 41 41 41 41 41;52 52 52 52 52 52 52 52 52 52 52 52 52 52 52 52 52 52 52;46 46 46 46 46 46 46 46 46 46 46 46 46 46 46 46 46 46 46;
Vmax;37 37 37 37 37 37 37 37 37 37 37 37 37 37 37 37 37 37 37;28 28 28 28 28 28 28 28 28 28 28 28 28 28 28 28 28 28 28;41 41 41 41 41 41 41 41 41 41 41 41 41 41 41 41 41 41 41;41 41 41 41 41 41 41 41 41 41 41 41 41 41 41 41 41 41 41;52 52 52 52 52 52 52 52 52 52 52 52 52 52 52 52 52 52 52;46 46 46 46 46 46 46 46 46 46 46 46 46 46 46 46 46 46 46;
d;3.000 15.368 3.000 4.186 3.000 10.272 3.000 10.360 3.000 76.864 3.000 5.404 3.000 65.599 3.000 26.579 3.000 8.205 3.000
S;6.8333909711619549 6.7523098900808742 6.530550500581854 6.4494694195007733 5.7311273496804063 5.6500462685993256 3.8771062313742064 3.7960251502931253 3.6499777333173666 3.5688966522362855 1.4915037152734385 1.4104226341923574 1.1304138038448812 1.0493327227638001 0.77172060880355575 0.69063952772247461 0.5775053388532988 0.49642425777221771 0.081081081081081086 0;10.029838069035442 9.9226952118925844 9.6296560186260223 9.5225131614831646 8.5732754263633932 8.4661325692205356 6.1233189486016286 6.0161760914587719 5.8231848618836626 5.7160420047408058 2.9709156237541867 2.8637727666113295 2.4937610979378788 2.3866182407950216 2.0197736616332702 1.912630804490413 1.7631320549132878 1.6559891977704306 1.1071428571428572 1;8.1667186812924957 8.0935479495851794 7.8934236224763081 7.820252890768991 7.1719929741018307 7.0988222423945135 5.498851964898674 5.4256812331913569 5.2938823447010384 5.2207116129937212 3.3459911576857859 3.2728204259784688 3.0201295302990392 2.9469587985917221 2.696430793310526 2.6232600616032089 2.5211633545749281 2.447992622867611 2.0731707317073171 2;0 0.081081081081081086 0.53696479831275834 0.61804587939383948 0.73118006826301529 0.81226114934409632 1.0898732633043406 1.1709543443854218 1.4509631747328979 1.5320442558139791 3.6094371927768263 3.6905182738579074 3.8365656908336661 3.9176467719147472 5.6905868091398659 5.7716678902209466 6.4900099600413137 6.5710910411223944 6.7928504306214146 6.8739315117024953;1 1.1071428571428572 1.7095606263418592 1.8167034834847164 1.9662022330618416 2.0733450902046986 2.44018966936645 2.5473325265093072 2.9173441951827579 3.0244870523256151 5.7696134333122338 5.8767562904550905 6.0697475200301998 6.1768903771730566 8.5197039977919644 8.6268468549348221 9.5760845900545934 9.6832274471974511 9.9762666404640132 10.083409497606871;2 2.0731707317073171 2.4845779887212696 2.5577487204285867 2.6598454274568675 2.7330161591641846 2.9835441644453806 3.0567148961526978 3.3094057918321274 3.3825765235394445 5.2572969788473793 5.3304677105546965 5.462266599045015 5.5354373307523321 7.1354076082481708 7.2085783399554879 7.8568382566226482 7.9300089883299654 8.1301333154388367 8.2033040471461529;
