Vermelho 1 2 0 20 2020-01-01T01:05:07 370 34
Azul 1 2 0 20 2020-01-01T01:38:10 510 28
Verde 1 2 0 20 2020-01-01T02:23:39 170 42
Amarelo 1 2 0 20 2020-01-01T02:49:35 200 40
Laranja 1 2 0 20 2020-01-01T02:53:30 70 48
Preto 1 2 0 20 2020-01-01T03:16:14 90 47
Roxo 1 2 0 20 2020-01-01T04:10:45 50 50
Rosa 1 2 0 20 2020-01-01T06:26:40 200 40
Branco 20 19 0 1 2020-01-01T07:31:54 390 33
Abobora 20 19 0 1 2020-01-01T07:42:51 210 40
Acafrao 20 19 0 1 2020-01-01T07:58:45 150 43
Ambar 20 19 0 1 2020-01-01T08:04:47 90 47
Ameixa 20 19 0 1 2020-01-01T08:39:53 60 49
Amendoa 20 19 0 1 2020-01-01T10:32:51 110 46
Ametista 20 19 0 1 2020-01-01T11:20:39 40 50
Anil 20 19 0 1 2020-01-01T11:50:22 20 52
