Vermelho 1 2 0 20 2020-01-01T00:36:04 80 51
Azul 1 2 0 20 2020-01-01T02:16:10 70 52
Verde 1 2 0 20 2020-01-01T03:00:41 70 52
Amarelo 1 2 0 20 2020-01-01T05:11:38 150 44
Laranja 1 2 0 20 2020-01-01T05:37:12 330 33
Preto 1 2 0 20 2020-01-01T05:41:58 200 40
Roxo 20 19 0 1 2020-01-01T06:45:57 180 41
Rosa 20 19 0 1 2020-01-01T07:02:12 210 40
Branco 20 19 0 1 2020-01-01T08:05:56 110 48
Abobora 20 19 0 1 2020-01-01T08:19:23 70 52
Acafrao 20 19 0 1 2020-01-01T10:38:04 420 28
Ambar 20 19 0 1 2020-01-01T11:21:42 150 44
