Vermelho 1 2 0 20 2020-01-01T00:00:00 110 47
Azul 1 2 0 20 2020-01-01T01:00:00 260 36
Verde 1 2 0 20 2020-01-01T02:00:00 60 52
Amarelo 1 2 0 20 2020-01-01T03:00:00 70 51
Laranja 1 2 0 20 2020-01-01T04:00:00 230 38
Preto 1 2 0 20 2020-01-01T05:00:00 100 48
Roxo 1 2 0 20 2020-01-01T06:00:00 170 42
Rosa 20 19 0 1 2020-01-01T00:00:00 190 40
Branco 20 19 0 1 2020-01-01T01:00:00 110 47
Abobora 20 19 0 1 2020-01-01T02:00:00 110 47
Acafrao 20 19 0 1 2020-01-01T03:00:00 350 28
Ambar 20 19 0 1 2020-01-01T04:00:00 260 36
Ameixa 20 19 0 1 2020-01-01T05:00:00 60 52
Amendoa 20 19 0 1 2020-01-01T06:00:00 140 45
