Vermelho 1 2 0 20 2020-01-01T00:00:00 380 30
Azul 1 2 0 20 2020-01-01T01:00:00 280 36
Verde 1 2 0 20 2020-01-01T02:00:00 350 31
Amarelo 1 2 0 20 2020-01-01T03:00:00 50 50
Laranja 1 2 0 20 2020-01-01T04:00:00 400 28
Preto 1 2 0 20 2020-01-01T05:00:00 90 47
Roxo 20 19 0 1 2020-01-01T00:00:00 280 36
Rosa 20 19 0 1 2020-01-01T01:00:00 30 52
Branco 20 19 0 1 2020-01-01T02:00:00 120 45
Abobora 20 19 0 1 2020-01-01T03:00:00 300 34
Acafrao 20 19 0 1 2020-01-01T04:00:00 240 38
Ambar 20 19 0 1 2020-01-01T05:00:00 360 31
