Vermelho 1 2 0 20 2020-01-01T00:00:00 80 48
Azul 1 2 0 20 2020-01-01T01:00:00 70 48
Verde 1 2 0 20 2020-01-01T02:00:00 100 46
Amarelo 1 2 0 20 2020-01-01T03:00:00 440 28
Laranja 1 2 0 20 2020-01-01T04:00:00 130 44
Preto 1 2 0 20 2020-01-01T05:00:00 110 46
Roxo 1 2 0 20 2020-01-01T06:00:00 220 39
Rosa 1 2 0 20 2020-01-01T07:00:00 20 52
Branco 20 19 0 1 2020-01-01T00:00:00 180 41
Abobora 20 19 0 1 2020-01-01T01:00:00 390 31
Acafrao 20 19 0 1 2020-01-01T02:00:00 170 42
Ambar 20 19 0 1 2020-01-01T03:00:00 130 44
Ameixa 20 19 0 1 2020-01-01T04:00:00 130 44
Amendoa 20 19 0 1 2020-01-01T05:00:00 60 49
Ametista 20 19 0 1 2020-01-01T06:00:00 50 50
Anil 20 19 0 1 2020-01-01T07:00:00 110 46
