Vermelho 1 2 0 5 2020-01-01T00:09:51 100 46
Azul 1 2 0 5 2020-01-01T01:29:24 270 28
Verde 1 2 0 5 2020-01-01T01:49:58 130 44
Amarelo 1 2 0 5 2020-01-01T03:05:11 180 41
Laranja 1 2 0 5 2020-01-01T03:44:31 180 41
Preto 1 2 0 5 2020-01-01T03:53:22 120 45
Roxo 1 2 0 5 2020-01-01T04:24:31 60 49
Rosa 1 2 0 5 2020-01-01T04:52:33 120 45
Branco 5 4 0 1 2020-01-01T05:05:20 130 44
Abobora 5 4 0 1 2020-01-01T05:21:26 40 50
Acafrao 5 4 0 1 2020-01-01T06:02:25 30 51
Ambar 5 4 0 1 2020-01-01T06:55:28 120 45
Ameixa 5 4 0 1 2020-01-01T07:02:14 200 40
Amendoa 5 4 0 1 2020-01-01T08:09:22 180 41
Ametista 5 4 0 1 2020-01-01T08:13:42 20 52
Anil 5 4 0 1 2020-01-01T08:41:41 130 44
