Vermelho 1 2 0 5 2020-01-01T00:12:27 140 44
Azul 1 2 0 5 2020-01-01T00:32:32 140 44
Verde 1 2 0 5 2020-01-01T01:11:33 40 51
Amarelo 1 2 0 5 2020-01-01T02:08:37 310 30
Laranja 1 2 0 5 2020-01-01T03:12:30 250 36
Preto 1 2 0 5 2020-01-01T03:26:33 30 52
Roxo 1 2 0 5 2020-01-01T03:43:54 210 40
Rosa 5 4 0 1 2020-01-01T04:55:22 230 38
Branco 5 4 0 1 2020-01-01T05:32:49 60 49
Abobora 5 4 0 1 2020-01-01T06:19:06 170 42
Acafrao 5 4 0 1 2020-01-01T07:36:00 90 47
Ambar 5 4 0 1 2020-01-01T08:31:10 270 34
Ameixa 5 4 0 1 2020-01-01T10:27:31 40 51
Amendoa 5 4 0 1 2020-01-01T12:53:06 330 28
