m;7
n;14
P;39
P1;2 4 6 8 10 12 14 16 18 20 22 24 26 28 30 32 34 36 38
Q;40
M;100
h;1 1 1 1 1 1 1 1 1 1 1 1 1 1 1 1 1 1 1 1 1 1 1 1 1 1 1 1 1 1 1 1 1 1 1 1 1 1 1
Vmin;40 40 40 40 40 40 40 40 40 40 40 40 40 40 40 40 40 40 40 40 40 40 40 40 40 40 40 40 40 40 40 40 40 40 40 40 40 40 40;40 40 40 40 40 40 40 40 40 40 40 40 40 40 40 40 40 40 40 40 40 40 40 40 40 40 40 40 40 40 40 40 40 40 40 40 40 40 40;40 40 40 40 40 40 40 40 40 40 40 40 40 40 40 40 40 40 40 40 40 40 40 40 40 40 40 40 40 40 40 40 40 40 40 40 40 40 40;40 40 40 40 40 40 40 40 40 40 40 40 40 40 40 40 40 40 40 40 40 40 40 40 40 40 40 40 40 40 40 40 40 40 40 40 40 40 40;40 40 40 40 40 40 40 40 40 40 40 40 40 40 40 40 40 40 40 40 40 40 40 40 40 40 40 40 40 40 40 40 40 40 40 40 40 40 40;40 40 40 40 40 40 40 40 40 40 40 40 40 40 40 40 40 40 40 40 40 40 40 40 40 40 40 40 40 40 40 40 40 40 40 40 40 40 40;40 40 40 40 40 40 40 40 40 40 40 40 40 40 40 40 40 40 40 40 40 40 40 40 40 40 40 40 40 40 40 40 40 40 40 40 40 40 40;40 40 40 40 40 40 40 40 40 40 40 40 40 40 40 40 40 40 40 40 40 40 40 40 40 40 40 40 40 40 40 40 40 40 40 40 40 40 40;40 40 40 40 40 40 40 40 40 40 40 40 40 40 40 40 40 40 40 40 40 40 40 40 40 40 40 40 40 40 40 40 40 40 40 40 40 40 40;40 40 40 40 40 40 40 40 40 40 40 40 40 40 40 40 40 40 40 40 40 40 40 40 40 40 40 40 40 40 40 40 40 40 40 40 40 40 40;40 40 40 40 40 40 40 40 40 40 40 40 40 40 40 40 40 40 40 40 40 40 40 40 40 40 40 40 40 40 40 40 40 40 40 40 40 40 40;40 40 40 40 40 40 40 40 40 40 40 40 40 40 40 40 40 40 40 40 40 40 40 40 40 40 40 40 40 40 40 40 40 40 40 40 40 40 40;40 40 40 40 40 40 40 40 40 40 40 40 40 40 40 40 40 40 40 40 40 40 40 40 40 40 40 40 40 40 40 40 40 40 40 40 40 40 40;40 40 40 40 40 40 40 40 40 40 40 40 40 40 40 40 40 40 40 40 40 40 40 40 40 40 40 40 40 40 40 40 40 40 40 40 40 40 40;
Vmax;40 40 40 40 40 40 40 40 40 40 40 40 40 40 40 40 40 40 40 40 40 40 40 40 40 40 40 40 40 40 40 40 40 40 40 40 40 40 40;40 40 40 40 40 40 40 40 40 40 40 40 40 40 40 40 40 40 40 40 40 40 40 40 40 40 40 40 40 40 40 40 40 40 40 40 40 40 40;40 40 40 40 40 40 40 40 40 40 40 40 40 40 40 40 40 40 40 40 40 40 40 40 40 40 40 40 40 40 40 40 40 40 40 40 40 40 40;40 40 40 40 40 40 40 40 40 40 40 40 40 40 40 40 40 40 40 40 40 40 40 40 40 40 40 40 40 40 40 40 40 40 40 40 40 40 40;40 40 40 40 40 40 40 40 40 40 40 40 40 40 40 40 40 40 40 40 40 40 40 40 40 40 40 40 40 40 40 40 40 40 40 40 40 40 40;40 40 40 40 40 40 40 40 40 40 40 40 40 40 40 40 40 40 40 40 40 40 40 40 40 40 40 40 40 40 40 40 40 40 40 40 40 40 40;40 40 40 40 40 40 40 40 40 40 40 40 40 40 40 40 40 40 40 40 40 40 40 40 40 40 40 40 40 40 40 40 40 40 40 40 40 40 40;40 40 40 40 40 40 40 40 40 40 40 40 40 40 40 40 40 40 40 40 40 40 40 40 40 40 40 40 40 40 40 40 40 40 40 40 40 40 40;40 40 40 40 40 40 40 40 40 40 40 40 40 40 40 40 40 40 40 40 40 40 40 40 40 40 40 40 40 40 40 40 40 40 40 40 40 40 40;40 40 40 40 40 40 40 40 40 40 40 40 40 40 40 40 40 40 40 40 40 40 40 40 40 40 40 40 40 40 40 40 40 40 40 40 40 40 40;40 40 40 40 40 40 40 40 40 40 40 40 40 40 40 40 40 40 40 40 40 40 40 40 40 40 40 40 40 40 40 40 40 40 40 40 40 40 40;40 40 40 40 40 40 40 40 40 40 40 40 40 40 40 40 40 40 40 40 40 40 40 40 40 40 40 40 40 40 40 40 40 40 40 40 40 40 40;40 40 40 40 40 40 40 40 40 40 40 40 40 40 40 40 40 40 40 40 40 40 40 40 40 40 40 40 40 40 40 40 40 40 40 40 40 40 40;40 40 40 40 40 40 40 40 40 40 40 40 40 40 40 40 40 40 40 40 40 40 40 40 40 40 40 40 40 40 40 40 40 40 40 40 40 40 40;
d;3 16.8421052631579 3 16.8421052631579 3 16.8421052631579 3 16.8421052631579 3 16.8421052631579 3 16.8421052631579 3 16.8421052631579 3 16.8421052631579 3 16.8421052631579 3 16.8421052631579 3 16.8421052631579 3 16.8421052631579 3 16.8421052631579 3 16.8421052631579 3 16.8421052631579 3 16.8421052631579 3 16.8421052631579 3 16.8421052631579 3 16.8421052631579 3
S;9.5 9.4250000000000007 9.0039473684210538 8.9289473684210545 8.5078947368421076 8.4328947368421083 8.0118421052631614 7.9368421052631621 7.5157894736842144 7.4407894736842142 7.0197368421052664 6.9447368421052662 6.5236842105263184 6.4486842105263182 6.0276315789473704 5.9526315789473703 5.5315789473684225 5.4565789473684223 5.0355263157894745 4.9605263157894743 4.5394736842105265 4.4644736842105264 4.0434210526315795 3.9684210526315793 3.5473684210526319 3.4723684210526318 3.0513157894736844 2.9763157894736842 2.5552631578947369 2.4802631578947367 2.0592105263157894 1.9842105263157894 1.5631578947368421 1.4881578947368421 1.0671052631578948 0.99210526315789471 0.57105263157894737 0.49605263157894736 0.074999999999999997 0;9.8333333333333339 9.7583333333333346 9.3372807017543877 9.2622807017543884 8.8412280701754415 8.7662280701754423 8.3451754385964954 8.2701754385964961 7.8491228070175483 7.7741228070175481 7.3530701754386003 7.2780701754386001 6.8570175438596523 6.7820175438596522 6.3609649122807044 6.2859649122807042 5.8649122807017564 5.7899122807017562 5.3688596491228084 5.2938596491228083 4.8728070175438605 4.7978070175438603 4.3767543859649125 4.3017543859649123 3.8807017543859654 3.8057017543859653 3.3846491228070179 3.3096491228070177 2.8885964912280704 2.8135964912280702 2.3925438596491229 2.3175438596491227 1.8964912280701753 1.8214912280701754 1.400438596491228 1.3254385964912281 0.90438596491228063 0.82938596491228067 0.40833333333333333 0.33333333333333331;10.166666666666666 10.091666666666667 9.6706140350877199 9.5956140350877206 9.1745614035087737 9.0995614035087744 8.6785087719298275 8.6035087719298282 8.1824561403508813 8.107456140350882 7.6864035087719342 7.6114035087719341 7.1903508771929863 7.1153508771929861 6.6942982456140383 6.6192982456140381 6.1982456140350903 6.1232456140350902 5.7021929824561424 5.6271929824561422 5.2061403508771944 5.1311403508771942 4.7100877192982464 4.6350877192982463 4.2140350877192985 4.1390350877192983 3.7179824561403514 3.6429824561403512 3.2219298245614039 3.1469298245614037 2.7258771929824563 2.6508771929824562 2.2298245614035088 2.1548245614035086 1.7337719298245613 1.6587719298245613 1.237719298245614 1.162719298245614 0.74166666666666659 0.66666666666666663;10.499999999999998 10.424999999999999 10.003947368421052 9.9289473684210527 9.5078947368421058 9.4328947368421066 9.0118421052631597 8.9368421052631604 8.5157894736842135 8.4407894736842142 8.0197368421052673 7.944736842105268 7.5236842105263202 7.44868421052632 7.0276315789473722 6.952631578947372 6.5315789473684243 6.4565789473684241 6.0355263157894763 5.9605263157894761 5.5394736842105283 5.4644736842105281 5.0434210526315804 4.9684210526315802 4.5473684210526324 4.4723684210526322 4.0513157894736844 3.9763157894736847 3.5552631578947373 3.4802631578947372 3.0592105263157898 2.9842105263157896 2.5631578947368423 2.4881578947368421 2.0671052631578948 1.9921052631578946 1.5710526315789473 1.4960526315789473 1.075 1;10.833333333333332 10.758333333333333 10.337280701754386 10.262280701754387 9.8412280701754398 9.7662280701754405 9.3451754385964936 9.2701754385964943 8.8491228070175474 8.7741228070175481 8.3530701754386012 8.2780701754386019 7.8570175438596541 7.7820175438596539 7.3609649122807062 7.285964912280706 6.8649122807017582 6.789912280701758 6.3688596491228102 6.29385964912281 5.8728070175438623 5.7978070175438621 5.3767543859649143 5.3017543859649141 4.8807017543859663 4.8057017543859661 4.3846491228070184 4.3096491228070182 3.8885964912280708 3.8135964912280707 3.3925438596491233 3.3175438596491231 2.8964912280701758 2.8214912280701756 2.4004385964912283 2.3254385964912281 1.9043859649122805 1.8293859649122806 1.4083333333333332 1.3333333333333333;11.166666666666664 11.091666666666665 10.670614035087718 10.595614035087719 10.174561403508772 10.099561403508773 9.6785087719298257 9.6035087719298264 9.1824561403508795 9.1074561403508802 8.6864035087719333 8.6114035087719341 8.1903508771929872 8.1153508771929879 7.6942982456140401 7.6192982456140399 7.1982456140350921 7.1232456140350919 6.7021929824561441 6.627192982456144 6.2061403508771962 6.131140350877196 5.7100877192982482 5.635087719298248 5.2140350877193002 5.1390350877193001 4.7179824561403523 4.6429824561403521 4.2219298245614043 4.1469298245614041 3.7258771929824568 3.6508771929824566 3.2298245614035093 3.1548245614035091 2.7337719298245617 2.6587719298245616 2.2377192982456142 2.162719298245614 1.7416666666666667 1.6666666666666667;11.499999999999996 11.424999999999997 11.00394736842105 10.928947368421051 10.507894736842104 10.432894736842105 10.011842105263158 9.9368421052631586 9.5157894736842117 9.4407894736842124 9.0197368421052655 8.9447368421052662 8.5236842105263193 8.44868421052632 8.0276315789473731 7.9526315789473738 7.531578947368426 7.4565789473684259 7.0355263157894781 6.9605263157894779 6.5394736842105301 6.4644736842105299 6.0434210526315821 5.968421052631582 5.5473684210526342 5.472368421052634 5.0513157894736862 4.976315789473686 4.5552631578947382 4.4802631578947381 4.0592105263157903 3.9842105263157901 3.5631578947368427 3.4881578947368426 3.0671052631578952 2.992105263157895 2.5710526315789477 2.4960526315789475 2.0750000000000002 2;0 0.074999999999999997 0.49605263157894736 0.57105263157894737 0.99210526315789471 1.0671052631578948 1.4881578947368421 1.5631578947368421 1.9842105263157894 2.0592105263157894 2.4802631578947367 2.5552631578947369 2.9763157894736842 3.0513157894736844 3.4723684210526318 3.5473684210526319 3.9684210526315793 4.0434210526315795 4.4644736842105264 4.5394736842105265 4.9605263157894743 5.0355263157894745 5.4565789473684223 5.5315789473684225 5.9526315789473703 6.0276315789473704 6.4486842105263182 6.5236842105263184 6.9447368421052662 7.0197368421052664 7.4407894736842142 7.5157894736842144 7.9368421052631621 8.0118421052631614 8.4328947368421083 8.5078947368421076 8.9289473684210545 9.0039473684210538 9.4250000000000007 9.5;0.33333333333333331 0.40833333333333333 0.82938596491228067 0.90438596491228063 1.3254385964912281 1.400438596491228 1.8214912280701754 1.8964912280701753 2.3175438596491227 2.3925438596491229 2.8135964912280702 2.8885964912280704 3.3096491228070177 3.3846491228070179 3.8057017543859653 3.8807017543859654 4.3017543859649123 4.3767543859649125 4.7978070175438603 4.8728070175438605 5.2938596491228083 5.3688596491228084 5.7899122807017562 5.8649122807017564 6.2859649122807042 6.3609649122807044 6.7820175438596522 6.8570175438596523 7.2780701754386001 7.3530701754386003 7.7741228070175481 7.8491228070175483 8.2701754385964961 8.3451754385964954 8.7662280701754423 8.8412280701754415 9.2622807017543884 9.3372807017543877 9.7583333333333346 9.8333333333333339;0.66666666666666663 0.74166666666666659 1.162719298245614 1.237719298245614 1.6587719298245613 1.7337719298245613 2.1548245614035086 2.2298245614035088 2.6508771929824562 2.7258771929824563 3.1469298245614037 3.2219298245614039 3.6429824561403512 3.7179824561403514 4.1390350877192983 4.2140350877192985 4.6350877192982463 4.7100877192982464 5.1311403508771942 5.2061403508771944 5.6271929824561422 5.7021929824561424 6.1232456140350902 6.1982456140350903 6.6192982456140381 6.6942982456140383 7.1153508771929861 7.1903508771929863 7.6114035087719341 7.6864035087719342 8.107456140350882 8.1824561403508813 8.6035087719298282 8.6785087719298275 9.0995614035087744 9.1745614035087737 9.5956140350877206 9.6706140350877199 10.091666666666667 10.166666666666666;1 1.075 1.4960526315789473 1.5710526315789473 1.9921052631578946 2.0671052631578948 2.4881578947368421 2.5631578947368423 2.9842105263157896 3.0592105263157898 3.4802631578947372 3.5552631578947373 3.9763157894736847 4.0513157894736844 4.4723684210526322 4.5473684210526324 4.9684210526315802 5.0434210526315804 5.4644736842105281 5.5394736842105283 5.9605263157894761 6.0355263157894763 6.4565789473684241 6.5315789473684243 6.952631578947372 7.0276315789473722 7.44868421052632 7.5236842105263202 7.944736842105268 8.0197368421052673 8.4407894736842142 8.5157894736842135 8.9368421052631604 9.0118421052631597 9.4328947368421066 9.5078947368421058 9.9289473684210527 10.003947368421052 10.424999999999999 10.499999999999998;1.3333333333333333 1.4083333333333332 1.8293859649122806 1.9043859649122805 2.3254385964912281 2.4004385964912283 2.8214912280701756 2.8964912280701758 3.3175438596491231 3.3925438596491233 3.8135964912280707 3.8885964912280708 4.3096491228070182 4.3846491228070184 4.8057017543859661 4.8807017543859663 5.3017543859649141 5.3767543859649143 5.7978070175438621 5.8728070175438623 6.29385964912281 6.3688596491228102 6.789912280701758 6.8649122807017582 7.285964912280706 7.3609649122807062 7.7820175438596539 7.8570175438596541 8.2780701754386019 8.3530701754386012 8.7741228070175481 8.8491228070175474 9.2701754385964943 9.3451754385964936 9.7662280701754405 9.8412280701754398 10.262280701754387 10.337280701754386 10.758333333333333 10.833333333333332;1.6666666666666667 1.7416666666666667 2.162719298245614 2.2377192982456142 2.6587719298245616 2.7337719298245617 3.1548245614035091 3.2298245614035093 3.6508771929824566 3.7258771929824568 4.1469298245614041 4.2219298245614043 4.6429824561403521 4.7179824561403523 5.1390350877193001 5.2140350877193002 5.635087719298248 5.7100877192982482 6.131140350877196 6.2061403508771962 6.627192982456144 6.7021929824561441 7.1232456140350919 7.1982456140350921 7.6192982456140399 7.6942982456140401 8.1153508771929879 8.1903508771929872 8.6114035087719341 8.6864035087719333 9.1074561403508802 9.1824561403508795 9.6035087719298264 9.6785087719298257 10.099561403508773 10.174561403508772 10.595614035087719 10.670614035087718 11.091666666666665 11.166666666666664;2 2.0750000000000002 2.4960526315789475 2.5710526315789477 2.992105263157895 3.0671052631578952 3.4881578947368426 3.5631578947368427 3.9842105263157901 4.0592105263157903 4.4802631578947381 4.5552631578947382 4.976315789473686 5.0513157894736862 5.472368421052634 5.5473684210526342 5.968421052631582 6.0434210526315821 6.4644736842105299 6.5394736842105301 6.9605263157894779 7.0355263157894781 7.4565789473684259 7.531578947368426 7.9526315789473738 8.0276315789473731 8.44868421052632 8.5236842105263193 8.9447368421052662 9.0197368421052655 9.4407894736842124 9.5157894736842117 9.9368421052631586 10.011842105263158 10.432894736842105 10.507894736842104 10.928947368421051 11.00394736842105 11.424999999999997 11.499999999999996;
