m;1
n;2
P;39
P1;2 4 6 8 10 12 14 16 18 20 22 24 26 28 30 32 34 36 38
Q;40
M;100
h;1 1 1 1 1 1 1 1 1 1 1 1 1 1 1 1 1 1 1 1 1 1 1 1 1 1 1 1 1 1 1 1 1 1 1 1 1 1 1
Vmin;40 40 40 40 40 40 40 40 40 40 40 40 40 40 40 40 40 40 40 40 40 40 40 40 40 40 40 40 40 40 40 40 40 40 40 40 40 40 40;40 40 40 40 40 40 40 40 40 40 40 40 40 40 40 40 40 40 40 40 40 40 40 40 40 40 40 40 40 40 40 40 40 40 40 40 40 40 40;
Vmax;40 40 40 40 40 40 40 40 40 40 40 40 40 40 40 40 40 40 40 40 40 40 40 40 40 40 40 40 40 40 40 40 40 40 40 40 40 40 40;40 40 40 40 40 40 40 40 40 40 40 40 40 40 40 40 40 40 40 40 40 40 40 40 40 40 40 40 40 40 40 40 40 40 40 40 40 40 40;
d;3 16.8421052631579 3 16.8421052631579 3 16.8421052631579 3 16.8421052631579 3 16.8421052631579 3 16.8421052631579 3 16.8421052631579 3 16.8421052631579 3 16.8421052631579 3 16.8421052631579 3 16.8421052631579 3 16.8421052631579 3 16.8421052631579 3 16.8421052631579 3 16.8421052631579 3 16.8421052631579 3 16.8421052631579 3 16.8421052631579 3 16.8421052631579 3
S;9.5 9.4250000000000007 9.0039473684210538 8.9289473684210545 8.5078947368421076 8.4328947368421083 8.0118421052631614 7.9368421052631621 7.5157894736842144 7.4407894736842142 7.0197368421052664 6.9447368421052662 6.5236842105263184 6.4486842105263182 6.0276315789473704 5.9526315789473703 5.5315789473684225 5.4565789473684223 5.0355263157894745 4.9605263157894743 4.5394736842105265 4.4644736842105264 4.0434210526315795 3.9684210526315793 3.5473684210526319 3.4723684210526318 3.0513157894736844 2.9763157894736842 2.5552631578947369 2.4802631578947367 2.0592105263157894 1.9842105263157894 1.5631578947368421 1.4881578947368421 1.0671052631578948 0.99210526315789471 0.57105263157894737 0.49605263157894736 0.074999999999999997 0;0 0.074999999999999997 0.49605263157894736 0.57105263157894737 0.99210526315789471 1.0671052631578948 1.4881578947368421 1.5631578947368421 1.9842105263157894 2.0592105263157894 2.4802631578947367 2.5552631578947369 2.9763157894736842 3.0513157894736844 3.4723684210526318 3.5473684210526319 3.9684210526315793 4.0434210526315795 4.4644736842105264 4.5394736842105265 4.9605263157894743 5.0355263157894745 5.4565789473684223 5.5315789473684225 5.9526315789473703 6.0276315789473704 6.4486842105263182 6.5236842105263184 6.9447368421052662 7.0197368421052664 7.4407894736842142 7.5157894736842144 7.9368421052631621 8.0118421052631614 8.4328947368421083 8.5078947368421076 8.9289473684210545 9.0039473684210538 9.4250000000000007 9.5;
