m;3
n;6
P;39
P1;2 4 6 8 10 12 14 16 18 20 22 24 26 28 30 32 34 36 38
Q;40
M;100
h;1 1 1 1 1 1 1 1 1 1 1 1 1 1 1 1 1 1 1 1 1 1 1 1 1 1 1 1 1 1 1 1 1 1 1 1 1 1 1
Vmin;40 40 40 40 40 40 40 40 40 40 40 40 40 40 40 40 40 40 40 40 40 40 40 40 40 40 40 40 40 40 40 40 40 40 40 40 40 40 40;40 40 40 40 40 40 40 40 40 40 40 40 40 40 40 40 40 40 40 40 40 40 40 40 40 40 40 40 40 40 40 40 40 40 40 40 40 40 40;40 40 40 40 40 40 40 40 40 40 40 40 40 40 40 40 40 40 40 40 40 40 40 40 40 40 40 40 40 40 40 40 40 40 40 40 40 40 40;40 40 40 40 40 40 40 40 40 40 40 40 40 40 40 40 40 40 40 40 40 40 40 40 40 40 40 40 40 40 40 40 40 40 40 40 40 40 40;40 40 40 40 40 40 40 40 40 40 40 40 40 40 40 40 40 40 40 40 40 40 40 40 40 40 40 40 40 40 40 40 40 40 40 40 40 40 40;40 40 40 40 40 40 40 40 40 40 40 40 40 40 40 40 40 40 40 40 40 40 40 40 40 40 40 40 40 40 40 40 40 40 40 40 40 40 40;
Vmax;40 40 40 40 40 40 40 40 40 40 40 40 40 40 40 40 40 40 40 40 40 40 40 40 40 40 40 40 40 40 40 40 40 40 40 40 40 40 40;40 40 40 40 40 40 40 40 40 40 40 40 40 40 40 40 40 40 40 40 40 40 40 40 40 40 40 40 40 40 40 40 40 40 40 40 40 40 40;40 40 40 40 40 40 40 40 40 40 40 40 40 40 40 40 40 40 40 40 40 40 40 40 40 40 40 40 40 40 40 40 40 40 40 40 40 40 40;40 40 40 40 40 40 40 40 40 40 40 40 40 40 40 40 40 40 40 40 40 40 40 40 40 40 40 40 40 40 40 40 40 40 40 40 40 40 40;40 40 40 40 40 40 40 40 40 40 40 40 40 40 40 40 40 40 40 40 40 40 40 40 40 40 40 40 40 40 40 40 40 40 40 40 40 40 40;40 40 40 40 40 40 40 40 40 40 40 40 40 40 40 40 40 40 40 40 40 40 40 40 40 40 40 40 40 40 40 40 40 40 40 40 40 40 40;
d;3 16.8421052631579 3 16.8421052631579 3 16.8421052631579 3 16.8421052631579 3 16.8421052631579 3 16.8421052631579 3 16.8421052631579 3 16.8421052631579 3 16.8421052631579 3 16.8421052631579 3 16.8421052631579 3 16.8421052631579 3 16.8421052631579 3 16.8421052631579 3 16.8421052631579 3 16.8421052631579 3 16.8421052631579 3 16.8421052631579 3 16.8421052631579 3
S;9.5 9.4250000000000007 9.0039473684210538 8.9289473684210545 8.5078947368421076 8.4328947368421083 8.0118421052631614 7.9368421052631621 7.5157894736842144 7.4407894736842142 7.0197368421052664 6.9447368421052662 6.5236842105263184 6.4486842105263182 6.0276315789473704 5.9526315789473703 5.5315789473684225 5.4565789473684223 5.0355263157894745 4.9605263157894743 4.5394736842105265 4.4644736842105264 4.0434210526315795 3.9684210526315793 3.5473684210526319 3.4723684210526318 3.0513157894736844 2.9763157894736842 2.5552631578947369 2.4802631578947367 2.0592105263157894 1.9842105263157894 1.5631578947368421 1.4881578947368421 1.0671052631578948 0.99210526315789471 0.57105263157894737 0.49605263157894736 0.074999999999999997 0;9.8333333333333339 9.7583333333333346 9.3372807017543877 9.2622807017543884 8.8412280701754415 8.7662280701754423 8.3451754385964954 8.2701754385964961 7.8491228070175483 7.7741228070175481 7.3530701754386003 7.2780701754386001 6.8570175438596523 6.7820175438596522 6.3609649122807044 6.2859649122807042 5.8649122807017564 5.7899122807017562 5.3688596491228084 5.2938596491228083 4.8728070175438605 4.7978070175438603 4.3767543859649125 4.3017543859649123 3.8807017543859654 3.8057017543859653 3.3846491228070179 3.3096491228070177 2.8885964912280704 2.8135964912280702 2.3925438596491229 2.3175438596491227 1.8964912280701753 1.8214912280701754 1.400438596491228 1.3254385964912281 0.90438596491228063 0.82938596491228067 0.40833333333333333 0.33333333333333331;10.166666666666666 10.091666666666667 9.6706140350877199 9.5956140350877206 9.1745614035087737 9.0995614035087744 8.6785087719298275 8.6035087719298282 8.1824561403508813 8.107456140350882 7.6864035087719342 7.6114035087719341 7.1903508771929863 7.1153508771929861 6.6942982456140383 6.6192982456140381 6.1982456140350903 6.1232456140350902 5.7021929824561424 5.6271929824561422 5.2061403508771944 5.1311403508771942 4.7100877192982464 4.6350877192982463 4.2140350877192985 4.1390350877192983 3.7179824561403514 3.6429824561403512 3.2219298245614039 3.1469298245614037 2.7258771929824563 2.6508771929824562 2.2298245614035088 2.1548245614035086 1.7337719298245613 1.6587719298245613 1.237719298245614 1.162719298245614 0.74166666666666659 0.66666666666666663;0 0.074999999999999997 0.49605263157894736 0.57105263157894737 0.99210526315789471 1.0671052631578948 1.4881578947368421 1.5631578947368421 1.9842105263157894 2.0592105263157894 2.4802631578947367 2.5552631578947369 2.9763157894736842 3.0513157894736844 3.4723684210526318 3.5473684210526319 3.9684210526315793 4.0434210526315795 4.4644736842105264 4.5394736842105265 4.9605263157894743 5.0355263157894745 5.4565789473684223 5.5315789473684225 5.9526315789473703 6.0276315789473704 6.4486842105263182 6.5236842105263184 6.9447368421052662 7.0197368421052664 7.4407894736842142 7.5157894736842144 7.9368421052631621 8.0118421052631614 8.4328947368421083 8.5078947368421076 8.9289473684210545 9.0039473684210538 9.4250000000000007 9.5;0.33333333333333331 0.40833333333333333 0.82938596491228067 0.90438596491228063 1.3254385964912281 1.400438596491228 1.8214912280701754 1.8964912280701753 2.3175438596491227 2.3925438596491229 2.8135964912280702 2.8885964912280704 3.3096491228070177 3.3846491228070179 3.8057017543859653 3.8807017543859654 4.3017543859649123 4.3767543859649125 4.7978070175438603 4.8728070175438605 5.2938596491228083 5.3688596491228084 5.7899122807017562 5.8649122807017564 6.2859649122807042 6.3609649122807044 6.7820175438596522 6.8570175438596523 7.2780701754386001 7.3530701754386003 7.7741228070175481 7.8491228070175483 8.2701754385964961 8.3451754385964954 8.7662280701754423 8.8412280701754415 9.2622807017543884 9.3372807017543877 9.7583333333333346 9.8333333333333339;0.66666666666666663 0.74166666666666659 1.162719298245614 1.237719298245614 1.6587719298245613 1.7337719298245613 2.1548245614035086 2.2298245614035088 2.6508771929824562 2.7258771929824563 3.1469298245614037 3.2219298245614039 3.6429824561403512 3.7179824561403514 4.1390350877192983 4.2140350877192985 4.6350877192982463 4.7100877192982464 5.1311403508771942 5.2061403508771944 5.6271929824561422 5.7021929824561424 6.1232456140350902 6.1982456140350903 6.6192982456140381 6.6942982456140383 7.1153508771929861 7.1903508771929863 7.6114035087719341 7.6864035087719342 8.107456140350882 8.1824561403508813 8.6035087719298282 8.6785087719298275 9.0995614035087744 9.1745614035087737 9.5956140350877206 9.6706140350877199 10.091666666666667 10.166666666666666;
