m;1
n;2
P;39
P1;2 4 6 8 10 12 14 16 18 20 22 24 26 28 30 32 34 36 38
Q;40
M;100
h;1 1 1 1 1 1 1 1 1 1 1 1 1 1 1 1 1 1 1 1 1 1 1 1 1 1 1 1 1 1 1 1 1 1 1 1 1 1 1
Vmin;31 31 31 31 31 31 31 31 31 31 31 31 31 31 31 31 31 31 31 31 31 31 31 31 31 31 31 31 31 31 31 31 31 31 31 31 31 31 31;28 28 28 28 28 28 28 28 28 28 28 28 28 28 28 28 28 28 28 28 28 28 28 28 28 28 28 28 28 28 28 28 28 28 28 28 28 28 28;
Vmax;31 31 31 31 31 31 31 31 31 31 31 31 31 31 31 31 31 31 31 31 31 31 31 31 31 31 31 31 31 31 31 31 31 31 31 31 31 31 31;28 28 28 28 28 28 28 28 28 28 28 28 28 28 28 28 28 28 28 28 28 28 28 28 28 28 28 28 28 28 28 28 28 28 28 28 28 28 28;
d;3.000 5.616 3.000 20.811 3.000 4.696 3.000 7.158 3.000 4.535 3.000 12.661 3.000 10.089 3.000 39.577 3.000 13.484 3.000 3.312 3.000 16.677 3.000 26.151 3.000 10.921 3.000 4.908 3.000 14.490 3.000 20.457 3.000 19.824 3.000 9.760 3.000 32.281 3.000
S;0.57270720830923205 0.57109430508342562 0.55373891835255129 0.55212601512674497 0.54687845343239105 0.54526555020658463 0.53460752865526173 0.5329946254294553 0.52199607334153775 0.52038317011573132 0.51259278689956245 0.51097988367375602 0.5083412661621638 0.50672836293635737 0.50085689907938213 0.49924399585357571 0.48518447360639705 0.48357157038059057 0.47460536647515988 0.4729924632493534 0.47121172601552325 0.46959882278971676 0.46234927399873882 0.46073637077293234 0.439458183926206 0.43784528070039952 0.43242086060387969 0.43080795737807326 0.42400088614758985 0.42238798292178342 0.41995001308962537 0.41833710986381889 0.41448865272137081 0.41287574949556433 0.41035126050394666 0.40873835727814017 0.39754943753813576 0.39593653431232928 0.39291723414150748 0.39130433091570099;0.46995209496486046 0.47156499819066694 0.47539074997439201 0.4770036532001985 0.48819257294020291 0.48980547616600939 0.49232996515762711 0.49394286838343354 0.49779132552588162 0.49940422875168811 0.50184219858384616 0.50345510180965258 0.51026217304013599 0.51187507626594242 0.51729949636246231 0.51891239958826874 0.54019058643499518 0.54180348966080161 0.54905303845177955 0.55066594167758598 0.55244667891141619 0.55405958213722262 0.5630257860426533 0.56463868926845973 0.57869821151563838 0.58031111474144481 0.58618257859841993 0.58779548182422636 0.59043409933581847 0.5920470025616249 0.59983738577779377 0.60145028900360009 0.61244884109151765 0.61406174431732408 0.62471976586864697 0.6263326690944534 0.63158023078880732 0.63319313401461363 0.65054852074548797 0.6521614239712944;
