m;7
n;14
P;39
P1;2 4 6 8 10 12 14 16 18 20 22 24 26 28 30 32 34 36 38
Q;40
M;100
h;1 1 1 1 1 1 1 1 1 1 1 1 1 1 1 1 1 1 1 1 1 1 1 1 1 1 1 1 1 1 1 1 1 1 1 1 1 1 1
Vmin;33 33 33 33 33 33 33 33 33 33 33 33 33 33 33 33 33 33 33 33 33 33 33 33 33 33 33 33 33 33 33 33 33 33 33 33 33 33 33;35 35 35 35 35 35 35 35 35 35 35 35 35 35 35 35 35 35 35 35 35 35 35 35 35 35 35 35 35 35 35 35 35 35 35 35 35 35 35;29 29 29 29 29 29 29 29 29 29 29 29 29 29 29 29 29 29 29 29 29 29 29 29 29 29 29 29 29 29 29 29 29 29 29 29 29 29 29;40 40 40 40 40 40 40 40 40 40 40 40 40 40 40 40 40 40 40 40 40 40 40 40 40 40 40 40 40 40 40 40 40 40 40 40 40 40 40;39 39 39 39 39 39 39 39 39 39 39 39 39 39 39 39 39 39 39 39 39 39 39 39 39 39 39 39 39 39 39 39 39 39 39 39 39 39 39;28 28 28 28 28 28 28 28 28 28 28 28 28 28 28 28 28 28 28 28 28 28 28 28 28 28 28 28 28 28 28 28 28 28 28 28 28 28 28;48 48 48 48 48 48 48 48 48 48 48 48 48 48 48 48 48 48 48 48 48 48 48 48 48 48 48 48 48 48 48 48 48 48 48 48 48 48 48;49 49 49 49 49 49 49 49 49 49 49 49 49 49 49 49 49 49 49 49 49 49 49 49 49 49 49 49 49 49 49 49 49 49 49 49 49 49 49;40 40 40 40 40 40 40 40 40 40 40 40 40 40 40 40 40 40 40 40 40 40 40 40 40 40 40 40 40 40 40 40 40 40 40 40 40 40 40;44 44 44 44 44 44 44 44 44 44 44 44 44 44 44 44 44 44 44 44 44 44 44 44 44 44 44 44 44 44 44 44 44 44 44 44 44 44 44;35 35 35 35 35 35 35 35 35 35 35 35 35 35 35 35 35 35 35 35 35 35 35 35 35 35 35 35 35 35 35 35 35 35 35 35 35 35 35;52 52 52 52 52 52 52 52 52 52 52 52 52 52 52 52 52 52 52 52 52 52 52 52 52 52 52 52 52 52 52 52 52 52 52 52 52 52 52;42 42 42 42 42 42 42 42 42 42 42 42 42 42 42 42 42 42 42 42 42 42 42 42 42 42 42 42 42 42 42 42 42 42 42 42 42 42 42;38 38 38 38 38 38 38 38 38 38 38 38 38 38 38 38 38 38 38 38 38 38 38 38 38 38 38 38 38 38 38 38 38 38 38 38 38 38 38;
Vmax;33 33 33 33 33 33 33 33 33 33 33 33 33 33 33 33 33 33 33 33 33 33 33 33 33 33 33 33 33 33 33 33 33 33 33 33 33 33 33;35 35 35 35 35 35 35 35 35 35 35 35 35 35 35 35 35 35 35 35 35 35 35 35 35 35 35 35 35 35 35 35 35 35 35 35 35 35 35;29 29 29 29 29 29 29 29 29 29 29 29 29 29 29 29 29 29 29 29 29 29 29 29 29 29 29 29 29 29 29 29 29 29 29 29 29 29 29;40 40 40 40 40 40 40 40 40 40 40 40 40 40 40 40 40 40 40 40 40 40 40 40 40 40 40 40 40 40 40 40 40 40 40 40 40 40 40;39 39 39 39 39 39 39 39 39 39 39 39 39 39 39 39 39 39 39 39 39 39 39 39 39 39 39 39 39 39 39 39 39 39 39 39 39 39 39;28 28 28 28 28 28 28 28 28 28 28 28 28 28 28 28 28 28 28 28 28 28 28 28 28 28 28 28 28 28 28 28 28 28 28 28 28 28 28;48 48 48 48 48 48 48 48 48 48 48 48 48 48 48 48 48 48 48 48 48 48 48 48 48 48 48 48 48 48 48 48 48 48 48 48 48 48 48;49 49 49 49 49 49 49 49 49 49 49 49 49 49 49 49 49 49 49 49 49 49 49 49 49 49 49 49 49 49 49 49 49 49 49 49 49 49 49;40 40 40 40 40 40 40 40 40 40 40 40 40 40 40 40 40 40 40 40 40 40 40 40 40 40 40 40 40 40 40 40 40 40 40 40 40 40 40;44 44 44 44 44 44 44 44 44 44 44 44 44 44 44 44 44 44 44 44 44 44 44 44 44 44 44 44 44 44 44 44 44 44 44 44 44 44 44;35 35 35 35 35 35 35 35 35 35 35 35 35 35 35 35 35 35 35 35 35 35 35 35 35 35 35 35 35 35 35 35 35 35 35 35 35 35 35;52 52 52 52 52 52 52 52 52 52 52 52 52 52 52 52 52 52 52 52 52 52 52 52 52 52 52 52 52 52 52 52 52 52 52 52 52 52 52;42 42 42 42 42 42 42 42 42 42 42 42 42 42 42 42 42 42 42 42 42 42 42 42 42 42 42 42 42 42 42 42 42 42 42 42 42 42 42;38 38 38 38 38 38 38 38 38 38 38 38 38 38 38 38 38 38 38 38 38 38 38 38 38 38 38 38 38 38 38 38 38 38 38 38 38 38 38;
d;3.000 9.107 3.000 18.722 3.000 16.544 3.000 17.561 3.000 14.825 3.000 19.252 3.000 3.724 3.000 36.106 3.000 12.411 3.000 43.715 3.000 7.475 3.000 22.664 3.000 6.948 3.000 6.583 3.000 48.480 3.000 5.941 3.000 21.116 3.000 9.937 3.000 22.567 3.000
S;0.94261548767854775 0.94110033616339617 0.92970300271639605 0.92818785120124447 0.92316897633586981 0.92165382482071823 0.91098910720485471 0.90947395568970313 0.90647324394502382 0.90495809242987224 0.88047314387350761 0.87895799235835603 0.87563327634506838 0.8741181248299168 0.87060904636379854 0.86909389484864696 0.85764747422357746 0.85613232270842587 0.85235711086717525 0.85084195935202378 0.82876366635916443 0.82724851484401296 0.8209803197423502 0.81946516822719861 0.80122997925184325 0.79971482773669167 0.79783376840261133 0.79631861688745975 0.78659530700594893 0.78508015549079735 0.77759256872074156 0.77607741720558998 0.76720833341373795 0.76569318189858637 0.75733758568113774 0.75582243416598627 0.74636668944411921 0.74485153792896763 0.74025181843060628 0.73873666691545481;1.0176788975674571 1.0162503261388856 1.0055042688888569 1.0040756974602856 0.99934361544436079 0.99791504401578934 0.98785973883511791 0.98643116740654646 0.98360192490442022 0.98217335347584878 0.95908754483699066 0.95765897340841921 0.95452424116731938 0.95309566973874782 0.94978711004212202 0.94835853861355057 0.9375661991670563 0.93613762773848486 0.93257814228816283 0.93114957085959138 0.91033289460918121 0.90890432318060965 0.90299431065618485 0.90156573922761341 0.8843725610508496 0.88294398962227816 0.88117041939300245 0.87974184796443089 0.87057415579043484 0.8691455843618634 0.8620858596929537 0.86065728826438226 0.85229500926063606 0.8508664378320645 0.842988304255613 0.84155973282704155 0.83264431637499547 0.83121574494642403 0.82687886656225484 0.82545029513368329;1.6144078874859109 1.6126837495548765 1.5997143701151868 1.5979902321841524 1.5922790987166571 1.5905549607856229 1.5784192476365364 1.576695109705502 1.5732805066856945 1.5715563687546601 1.5436941859146591 1.5419700479836247 1.5381867504512627 1.5364626125202283 1.5324695232311971 1.5307453853001627 1.5177201480371525 1.5159960101061181 1.5117000793902122 1.5099759414591778 1.4848523666742002 1.4831282287431657 1.4759954550067911 1.4742713170757566 1.4535209296210418 1.4517967916900074 1.4496562758960538 1.4479321379650194 1.4368676818929553 1.4351435439619209 1.426623186602892 1.4248990486718576 1.4148066429776811 1.4130825050466467 1.4035744127992051 1.4018502748681707 1.3910902894950117 1.3893661515639772 1.3841319879968765 1.3824078500658421;2.0454505531737053 2.0442005531737051 2.0347977530799302 2.03354775307993 2.029407181315996 2.0281571813159958 2.0193587892829084 2.0181087892829082 2.0156332020935479 2.0143832020935482 1.9941831195345472 1.9929331195345472 1.9901902288235849 1.9889402288235847 1.9860452390890371 1.9847952390890371 1.9753519420733547 1.9741019420733545 1.9709873923043228 1.9697373923043229 1.9515228005852139 1.9502728005852139 1.9451015396263422 1.9438515396263421 1.9288075087216741 1.9275575087216739 1.9260056347710577 1.9247556347710575 1.9167339041188109 1.915483904118811 1.9093066450335148 1.9080566450335148 1.900739650905237 1.899489650905237 1.8925962840258419 1.8913462840258419 1.8835452946303015 1.8822952946303013 1.8785005260441534 1.8772505260441534;2.5631183968826865 2.5618363456006352 2.5521924480685585 2.5509103967865072 2.5466636565158054 2.5453816052337546 2.5363576134049466 2.5350755621228958 2.5325364983389362 2.5312544470568854 2.5105364136630381 2.5092543623809869 2.506441141138974 2.5051590898569231 2.5021898696163611 2.5009078183343103 2.4912223854977129 2.4899403342156616 2.4867459241961423 2.485463872914091 2.4667822403816717 2.4655001890996209 2.4601963317059061 2.4589142804238548 2.4434845051370155 2.4422024538549647 2.4406107882645887 2.4393287369825378 2.4311013209289518 2.4298192696469005 2.4234836193030072 2.4222015680209563 2.4146969586586198 2.4134149073765689 2.4063447875002661 2.4050627362182149 2.3970617214535586 2.3957796701715073 2.3918875998267399 2.3906055485446891;3.2805399621592368 3.2787542478735223 3.2653216763109865 3.263535962025272 3.2576208595053662 3.2558351452196517 3.2432660137438125 3.241480299458098 3.2379437463304401 3.2361580320447261 3.2073007712461532 3.2055150569604387 3.201596641659064 3.1998109273733495 3.1956752277525671 3.1938895134668526 3.180399089158735 3.178613374873021 3.1741640180601185 3.172378303774404 3.1463574584613911 3.1445717441756771 3.1371842285201459 3.1353985142344314 3.1139070415134769 3.1121213272277624 3.1099043644411681 3.1081186501554536 3.0966590349379586 3.0948733206522445 3.086048664816107 3.0842629505303929 3.0738101017757105 3.072024387489996 3.0621767205194317 3.0603910062337172 3.0492467356686599 3.0474610213829454 3.0420399234027338 3.0402542091170193;3.7242210902910768 3.7231794236244102 3.7153437568795979 3.7143020902129313 3.7108516137429866 3.7098099470763199 3.7024779537154138 3.7014362870487472 3.6993732977242799 3.6983316310576133 3.681498228925113 3.6804565622584464 3.6781708199993108 3.6771291533326442 3.6747166618871878 3.6736749952205212 3.6658055810407859 3.6647639143741193 3.6621684562332595 3.6611267895665929 3.6459479631340019 3.6449062964673353 3.6405969123349422 3.6395552456682756 3.6270185532477184 3.6259768865810518 3.624683658288872 3.6236419916222053 3.6169572160786667 3.6159155494120001 3.6107678335075866 3.60972616684092 3.6036286717340218 3.6025870050673552 3.5968425326678592 3.5958008660011926 3.589300041504909 3.5882583748382424 3.5850960676831192 3.5840544010164526;3.7372616784024606 3.7387768299176121 3.7441341251735492 3.7456492766887006 3.7551050214105675 3.7566201729257194 3.764975769143168 3.7664909206583195 3.7753600044501714 3.7768751559653229 3.7843627427353792 3.7858778942505307 3.7956012041320415 3.797116355647193 3.7989974149812733 3.8005125664964248 3.8187477554717804 3.8202629069869318 3.8265311020885946 3.8280462536037461 3.8501245465966054 3.8516396981117569 3.8554149099530073 3.8569300614681592 3.8683764820932285 3.8698916336083804 3.8734007120744987 3.8749158635896501 3.878240579602938 3.8797557311180895 3.9042406796744542 3.9057558311896061 3.9087565429342854 3.9102716944494369 3.9209364120653007 3.9224515635804522 3.9274704384458272 3.9289855899609787 3.940382923407979 3.9418980749231305;3.8464669593904901 3.8478955308190614 3.8529466949175162 3.854375266346088 3.8632906827981341 3.8647192542267055 3.872597387803157 3.8740259592317288 3.8823882382354751 3.8838168096640464 3.8908765343329561 3.8923051057615279 3.9014727979355239 3.9029013693640953 3.9046749395933711 3.9061035110219424 3.9232966891987062 3.9247252606272776 3.9306352731517022 3.932063844580274 3.9528805208306839 3.9543090922592556 3.9578685777095775 3.9592971491381492 3.9700894885846432 3.9715180600132149 3.9748266197098405 3.9762551911384123 3.9793899233795123 3.9808184948080836 4.0039043034469417 4.0053328748755126 4.0081621173776396 4.0095906888062105 4.0196459939868818 4.0210745654154536 4.0258066474313781 4.0272352188599498 4.0379812761099787 4.0394098475385496;3.9650219836274658 3.9667461215585003 3.9728423540911182 3.9745664920221526 3.9853264773953114 3.9870506153263459 3.9965587075737874 3.9982828455048218 4.0083752511989976 4.0100993891300325 4.0186197464890618 4.0203438844200958 4.0314083404921597 4.0331324784231946 4.0352729942171477 4.0369971321481826 4.0577475196028967 4.0594716575339316 4.0666044312703065 4.0683285692013404 4.0934521439863181 4.0951762819173529 4.0994722126332581 4.101196350564293 4.114221587827303 4.1159457257583378 4.1199388150473686 4.1216629529784026 4.1254462505107652 4.1271703884417992 4.1550325712817999 4.1567567092128348 4.1601713122326425 4.1618954501636765 4.1740311633127627 4.1757553012437976 4.1814664347112922 4.1831905726423271 4.1961599520820165 4.1978840900130514;4.1675059255631774 4.1687559255631772 4.1731756941493252 4.174425694149325 4.1822266835448652 4.1834766835448649 4.19037005042426 4.1916200504242598 4.1989370445525376 4.2001870445525373 4.2063643036378329 4.2076143036378335 4.21563603429008 4.2168860342900798 4.2184379082406958 4.2196879082406955 4.2347319391453642 4.2359819391453639 4.2411532001042351 4.2424032001042358 4.2606177918233445 4.2618677918233443 4.2649823415923755 4.2662323415923753 4.2756756386080585 4.2769256386080583 4.2798206283426055 4.2810706283426052 4.2838135190535676 4.2850635190535673 4.3052636016125678 4.3065136016125676 4.3089891888019283 4.310239188801928 4.3190375808350154 4.3202875808350152 4.3244281525989496 4.3256781525989494 4.3350809526927243 4.3363309526927241;4.3551305525132866 4.3564126037953379 4.3609456997811309 4.3622277510631831 4.3702287658278403 4.3715108171098915 4.3785809369861939 4.3798629882682452 4.3873675976305817 4.388649648912633 4.3949852992565264 4.3962673505385776 4.4044947665921637 4.4057768178742149 4.407368483464591 4.4086505347466423 4.4240803100334807 4.4253623613155328 4.4306662187092476 4.4319482699912989 4.4506299025237182 4.4519119538057703 4.4551063638252897 4.456388415107341 4.4660738479439379 4.4673558992259901 4.4703251194665512 4.4716071707486025 4.4744203919906154 4.4757024432726666 4.4964204766665139 4.4977025279485652 4.5002415917325242 4.5015236430145764 4.5105476348433831 4.5118296861254352 4.516076426396137 4.5173584776781883 4.5270023752102651 4.5282844264923172;4.4304540649263267 4.4322397792120407 4.4385537343351098 4.440339448620823 4.4514837191858811 4.4532694334715943 4.463117100442159 4.4649028147278731 4.4753556634825555 4.4771413777682687 4.4859660336044067 4.4877517478901199 4.4992113631076158 4.5009970773933299 4.5032140401799241 4.5049997544656382 4.5264912271865931 4.5282769414723072 4.5356644571278375 4.5374501714135516 4.563471016726564 4.565256731012278 4.5697060878251801 4.5714918021108941 4.5849822264190117 4.5867679407047257 4.5909036403255072 4.5926893546112213 4.5966077699125956 4.5983934841983096 4.627250744996882 4.6290364592825961 4.6325730124102531 4.6343587266959672 4.6469278581718063 4.6487135724575204 4.6546286749774266 4.6564143892631398 4.6698469608256765 4.6716326751113906;4.5298652756196622 4.5309069422863297 4.5345900827747858 4.5356317494414524 4.5421325739377361 4.5431742406044027 4.5489187130038991 4.5499603796705657 4.5560578747774638 4.5570995414441304 4.5622472573485435 4.5632889240152101 4.5699736995587488 4.5710153662254154 4.5723085945175956 4.5733502611842622 4.5858869536048186 4.5869286202714852 4.5912380044038787 4.5922796710705454 4.6074584975031359 4.6085001641698025 4.6110956223106623 4.6121372889773289 4.6200067031570642 4.6210483698237308 4.6234608612691881 4.6245025279358547 4.6267882701949903 4.6278299368616569 4.6446633389941576 4.6457050056608242 4.6477679949852906 4.6488096616519572 4.6561416550128634 4.65718332167953 4.6606337981494752 4.6616754648161418 4.6695111315609541 4.6705527982276207;
