m;6
n;12
P;39
P1;2 4 6 8 10 12 14 16 18 20 22 24 26 28 30 32 34 36 38
Q;40
M;100
h;1 1 1 1 1 1 1 1 1 1 1 1 1 1 1 1 1 1 1 1 1 1 1 1 1 1 1 1 1 1 1 1 1 1 1 1 1 1 1
Vmin;49 49 49 49 49 49 49 49 49 49 49 49 49 49 49 49 49 49 49 49 49 49 49 49 49 49 49 49 49 49 49 49 49 49 49 49 49 49 49;45 45 45 45 45 45 45 45 45 45 45 45 45 45 45 45 45 45 45 45 45 45 45 45 45 45 45 45 45 45 45 45 45 45 45 45 45 45 45;43 43 43 43 43 43 43 43 43 43 43 43 43 43 43 43 43 43 43 43 43 43 43 43 43 43 43 43 43 43 43 43 43 43 43 43 43 43 43;29 29 29 29 29 29 29 29 29 29 29 29 29 29 29 29 29 29 29 29 29 29 29 29 29 29 29 29 29 29 29 29 29 29 29 29 29 29 29;49 49 49 49 49 49 49 49 49 49 49 49 49 49 49 49 49 49 49 49 49 49 49 49 49 49 49 49 49 49 49 49 49 49 49 49 49 49 49;40 40 40 40 40 40 40 40 40 40 40 40 40 40 40 40 40 40 40 40 40 40 40 40 40 40 40 40 40 40 40 40 40 40 40 40 40 40 40;51 51 51 51 51 51 51 51 51 51 51 51 51 51 51 51 51 51 51 51 51 51 51 51 51 51 51 51 51 51 51 51 51 51 51 51 51 51 51;46 46 46 46 46 46 46 46 46 46 46 46 46 46 46 46 46 46 46 46 46 46 46 46 46 46 46 46 46 46 46 46 46 46 46 46 46 46 46;44 44 44 44 44 44 44 44 44 44 44 44 44 44 44 44 44 44 44 44 44 44 44 44 44 44 44 44 44 44 44 44 44 44 44 44 44 44 44;39 39 39 39 39 39 39 39 39 39 39 39 39 39 39 39 39 39 39 39 39 39 39 39 39 39 39 39 39 39 39 39 39 39 39 39 39 39 39;28 28 28 28 28 28 28 28 28 28 28 28 28 28 28 28 28 28 28 28 28 28 28 28 28 28 28 28 28 28 28 28 28 28 28 28 28 28 28;52 52 52 52 52 52 52 52 52 52 52 52 52 52 52 52 52 52 52 52 52 52 52 52 52 52 52 52 52 52 52 52 52 52 52 52 52 52 52;
Vmax;49 49 49 49 49 49 49 49 49 49 49 49 49 49 49 49 49 49 49 49 49 49 49 49 49 49 49 49 49 49 49 49 49 49 49 49 49 49 49;45 45 45 45 45 45 45 45 45 45 45 45 45 45 45 45 45 45 45 45 45 45 45 45 45 45 45 45 45 45 45 45 45 45 45 45 45 45 45;43 43 43 43 43 43 43 43 43 43 43 43 43 43 43 43 43 43 43 43 43 43 43 43 43 43 43 43 43 43 43 43 43 43 43 43 43 43 43;29 29 29 29 29 29 29 29 29 29 29 29 29 29 29 29 29 29 29 29 29 29 29 29 29 29 29 29 29 29 29 29 29 29 29 29 29 29 29;49 49 49 49 49 49 49 49 49 49 49 49 49 49 49 49 49 49 49 49 49 49 49 49 49 49 49 49 49 49 49 49 49 49 49 49 49 49 49;40 40 40 40 40 40 40 40 40 40 40 40 40 40 40 40 40 40 40 40 40 40 40 40 40 40 40 40 40 40 40 40 40 40 40 40 40 40 40;51 51 51 51 51 51 51 51 51 51 51 51 51 51 51 51 51 51 51 51 51 51 51 51 51 51 51 51 51 51 51 51 51 51 51 51 51 51 51;46 46 46 46 46 46 46 46 46 46 46 46 46 46 46 46 46 46 46 46 46 46 46 46 46 46 46 46 46 46 46 46 46 46 46 46 46 46 46;44 44 44 44 44 44 44 44 44 44 44 44 44 44 44 44 44 44 44 44 44 44 44 44 44 44 44 44 44 44 44 44 44 44 44 44 44 44 44;39 39 39 39 39 39 39 39 39 39 39 39 39 39 39 39 39 39 39 39 39 39 39 39 39 39 39 39 39 39 39 39 39 39 39 39 39 39 39;28 28 28 28 28 28 28 28 28 28 28 28 28 28 28 28 28 28 28 28 28 28 28 28 28 28 28 28 28 28 28 28 28 28 28 28 28 28 28;52 52 52 52 52 52 52 52 52 52 52 52 52 52 52 52 52 52 52 52 52 52 52 52 52 52 52 52 52 52 52 52 52 52 52 52 52 52 52;
d;3.000 7.728 3.000 16.140 3.000 26.250 3.000 51.251 3.000 13.609 3.000 13.373 3.000 8.676 3.000 4.717 3.000 22.740 3.000 12.817 3.000 22.800 3.000 19.492 3.000 35.042 3.000 10.601 3.000 23.813 3.000 8.064 3.000 6.588 3.000 3.868 3.000 4.077 3.000
S;0.41162284001277555 0.41060243184951023 0.40921577635697931 0.40819536819371399 0.40687977600278952 0.40585936783952425 0.40361853977797751 0.4025981316147122 0.3998553525715417 0.39883494440827644 0.39073518572165711 0.38971477755839179 0.3861090809840162 0.38508867282075088 0.37316955294477733 0.37214914478151206 0.36551905182315714 0.36449864365989182 0.35674370543370121 0.35572329727043589 0.35136369652402022 0.35034328836075496 0.34260865175785316 0.34158824359458784 0.33998385024768396 0.33896344208441864 0.33601258376103543 0.33499217559777011 0.33044370440861254 0.32942329624534727 0.32479431402697412 0.3237739058637088 0.30634166085846176 0.30532125269519644 0.29639278393357549 0.29537237577031017 0.28988258873643219 0.28886218057316687 0.28623353374888449 0.28521312558561918;0.91011923124655192 0.90900812013544074 0.90749820637690704 0.90638709526579586 0.90495456154678922 0.90384345043567804 0.90140343765754938 0.9002923265464382 0.8973057449216526 0.89619463381054143 0.88737489657400048 0.88626378546288931 0.88233758252634698 0.8812264714152358 0.86824787421695349 0.86713676310584231 0.85991732855118919 0.85880621744007801 0.85036195137155934 0.84925084026044817 0.84450371944768454 0.84339260833657337 0.83497044848008029 0.83385933736896911 0.83211233128011819 0.83100122016900702 0.82778806332798982 0.82667695221687865 0.82172417247757368 0.8206130613664625 0.81557261406201176 0.81446150295090058 0.79547972505629827 0.7943686139451871 0.78464650351586651 0.78353539240475534 0.77755762430119935 0.77644651319008817 0.77358420887031409 0.77247309775920292;1.1096323562819164 1.1084695655842418 1.1068894232787998 1.1057266325811252 1.1042274693868162 1.1030646786891416 1.1005111769445886 1.099348386246914 1.0962228938488825 1.0950601031512082 1.0858301455780837 1.0846673548804093 1.0805585378537954 1.0793957471561209 1.0658134942741975 1.0646507035765231 1.0570954813681652 1.0559326906704909 1.0470956680406458 1.0459328773429712 1.0409649602133348 1.0398021695156605 1.0309882812937492 1.0298254905960749 1.027997228410068 1.0268344377123937 1.0234718317159801 1.0223090410183058 1.0171258994306611 1.0159631087329868 1.0106882220190267 1.0095254313213524 0.98966078003630331 0.98849798933862898 0.97832368772654921 0.97716089702887488 0.97090509319957208 0.96974230250189764 0.9667468677486456 0.96558407705097127;1.3972954047995712 1.3955712668685367 1.3932282972432259 1.3915041593121915 1.3892812621620088 1.3875571242309743 1.3837708975062919 1.3820467595752575 1.3774124087781765 1.3756882708471421 1.3620024716869923 1.3602783337559579 1.3541859498889095 1.3524618119578753 1.3323226094088165 1.3305984714777821 1.3193959006171134 1.317671762686079 1.3045685912004465 1.3028444532694121 1.295478231318572 1.2937540933875376 1.2806852246447036 1.2789610867136691 1.2762502151964867 1.2745260772654523 1.2695401442362877 1.2678160063052533 1.2601306584339182 1.2584065205028838 1.2505851367545981 1.2488609988235637 1.2194065158836636 1.2176823779526293 1.2025963445278214 1.200872206596787 1.1915963595395449 1.1898722216085105 1.1854307149054126 1.1837065769743782;1.8806511731017928 1.8796307649385275 1.8782441094459965 1.8772237012827311 1.8759081090918066 1.8748877009285414 1.8726468728669945 1.8716264647037293 1.8688836856605588 1.8678632774972934 1.8597635188106743 1.858743110647409 1.8551374140730335 1.854117005909768 1.8421978860337946 1.8411774778705294 1.8345473849121743 1.8335269767489091 1.8257720385227183 1.8247516303594531 1.8203920296130371 1.8193716214497719 1.8116369848468703 1.8106165766836049 1.809012183336701 1.8079917751734356 1.8050409168500525 1.8040205086867871 1.7994720374976296 1.7984516293343644 1.7938226471159913 1.7928022389527258 1.775369993947479 1.7743495857842138 1.7654211170225929 1.7644007088593274 1.7589109218254495 1.7578905136621841 1.7552618668379019 1.7542414586746367;2.3384367922594893 2.3371867922594896 2.3354881392811393 2.3342381392811395 2.3326265388472569 2.3313765388472572 2.3286315244718621 2.3273815244718623 2.324021620143979 2.3227716201439792 2.3128494157528703 2.3115994157528705 2.3071824374492604 2.3059324374492602 2.2913315156011929 2.2900815156011931 2.2819596517272083 2.2807096517272085 2.2712098524001254 2.2699598524001257 2.2646193414857665 2.2633693414857663 2.2538944116472117 2.252644411647212 2.2506790297972548 2.249429029797255 2.2458142283511102 2.2445642283511105 2.2389923511443923 2.2377423511443926 2.232071847926886 2.2308218479268858 2.2094673477954583 2.2082173477954585 2.1972799735624728 2.1960299735624731 2.1893049844459727 2.1880549844459725 2.1848348920862271 2.1835848920862273;2.255218242500995 2.25623865066426 2.2593775015701754 2.2603979097334403 2.2658876967673178 2.2669081049305833 2.2758365736922039 2.2768569818554689 2.2942892268607165 2.2953096350239814 2.2999386172423546 2.3009590254056196 2.3055074965947773 2.3065279047580423 2.3094787630814251 2.3104991712446905 2.3121035645915944 2.3131239727548594 2.3208586093577614 2.3218790175210264 2.3262386182674417 2.3272590264307071 2.3350139646568975 2.3360343728201629 2.3426644657785176 2.3436848739417826 2.3556039938177564 2.3566244019810214 2.3602300985553968 2.3612505067186618 2.3693502654052812 2.3703706735685461 2.373113452611717 2.374133860774982 2.3763746888365285 2.3773950969997935 2.3787106891907182 2.3797310973539831 2.3811177528465142 2.3821381610097792;2.5186620493360934 2.5197731604472042 2.5231910203225341 2.5243021314336449 2.5302798995372009 2.5313910106483122 2.541113121077633 2.5422242321887438 2.561206010083346 2.5623171211944569 2.5673575684989078 2.5684686796100191 2.5734214593493241 2.5745325704604349 2.5777457273014526 2.5788568384125634 2.5806038445014141 2.5817149556125254 2.5901371154690183 2.5912482265801291 2.5959953473928929 2.5971064585040038 2.6055507245725229 2.6066618356836337 2.613881270238287 2.6149923813493978 2.6279709785476801 2.6290820896587914 2.6330082925953335 2.6341194037064444 2.6429391409429854 2.6440502520540963 2.6470368336788823 2.6481479447899932 2.6505879575681219 2.6516990686792332 2.6531316023982399 2.6542427135093507 2.6557526272678849 2.6568637383789957;2.6233937524336421 2.6245565431313169 2.628133373233406 2.6292961639310808 2.6355519677603838 2.6367147584580581 2.646889060070138 2.6480518507678128 2.6679165020528615 2.6690792927505362 2.6743541794644963 2.675516970162171 2.6807001117498155 2.6818629024474903 2.6852255084439038 2.6863882991415782 2.688216561327585 2.6893793520252598 2.6981932402471709 2.6993560309448457 2.7043239480744821 2.7054867387721568 2.7143237614020017 2.7154865520996765 2.7230417743080344 2.7242045650057087 2.7377868178876321 2.7389496085853069 2.7430584256119208 2.7442212163095956 2.7534511738827194 2.7546139645803942 2.7577394569784257 2.7589022476761 2.7614557494206537 2.7626185401183281 2.7641177033126376 2.7652804940103124 2.7668606363157546 2.7680234270134294;3.1927996879961853 3.1945238259272197 3.1998274015958348 3.2015515395268692 3.2108273865841115 3.2125515245151459 3.2276375579399539 3.2293616958709879 3.2588161788108883 3.2605403167419227 3.2683617004902086 3.270085838421243 3.2777711862925778 3.2794953242236122 3.2844812572527773 3.2862053951838117 3.2889162667009941 3.2906404046320286 3.3037092733748628 3.3054334113058972 3.3127996332567373 3.3145237711877718 3.3276269426734042 3.3293510806044386 3.3405536514651071 3.3422777893961415 3.3624169919452003 3.3641411298762347 3.3702335137432828 3.3719576516743173 3.385643450834467 3.3873675887655015 3.3920019395625829 3.3937260774936173 3.3975123042182998 3.3992364421493337 3.4014593392995165 3.4031834772305509 3.4055264468558617 3.4072505847868961;3.3019836510127818 3.3030040591760468 3.3061429100819617 3.3071633182452271 3.3126531052791046 3.3136735134423696 3.3226019822039907 3.3236223903672557 3.3410546353725028 3.3420750435357678 3.3467040257541414 3.3477244339174064 3.3522729051065641 3.353293313269829 3.3562441715932119 3.3572645797564769 3.3588689731033812 3.3598893812666462 3.3676240178695478 3.3686444260328132 3.3730040267792285 3.3740244349424935 3.3817793731686843 3.3827997813319493 3.3894298742903044 3.3904502824535694 3.4023694023295428 3.4033898104928082 3.4069955070671836 3.4080159152304486 3.4161156739170679 3.4171360820803329 3.4198788611235034 3.4208992692867688 3.4231400973483153 3.4241605055115802 3.4254760977025049 3.4264965058657699 3.427883161358301 3.4289035695215659;3.475017479618181 3.4762674796181807 3.4801125719779269 3.4813625719779266 3.4880875610944271 3.4893375610944273 3.5002749353274125 3.5015249353274123 3.5228794354588402 3.5241294354588399 3.529799938676347 3.5310499386763468 3.5366218158830649 3.5378718158830647 3.5414866173292094 3.5427366173292092 3.5447019991791664 3.5459519991791661 3.5554269290177207 3.5566769290177205 3.5620174399320796 3.5632674399320794 3.572767239259163 3.5740172392591627 3.5821391031331471 3.5833891031331473 3.5979900249812147 3.5992400249812144 3.6036570032848245 3.6049070032848243 3.6148292076759332 3.6160792076759329 3.6194391120038167 3.6206891120038165 3.6234341263792111 3.6246841263792109 3.6262957268130935 3.6275457268130937 3.629244379791444 3.6304943797914437;
