m;5
n;10
P;39
P1;2 4 6 8 10 12 14 16 18 20 22 24 26 28 30 32 34 36 38
Q;40
M;100
h;1 1 1 1 1 1 1 1 1 1 1 1 1 1 1 1 1 1 1 1 1 1 1 1 1 1 1 1 1 1 1 1 1 1 1 1 1 1 1
Vmin;48 48 48 48 48 48 48 48 48 48 48 48 48 48 48 48 48 48 48 48 48 48 48 48 48 48 48 48 48 48 48 48 48 48 48 48 48 48 48;48 48 48 48 48 48 48 48 48 48 48 48 48 48 48 48 48 48 48 48 48 48 48 48 48 48 48 48 48 48 48 48 48 48 48 48 48 48 48;42 42 42 42 42 42 42 42 42 42 42 42 42 42 42 42 42 42 42 42 42 42 42 42 42 42 42 42 42 42 42 42 42 42 42 42 42 42 42;44 44 44 44 44 44 44 44 44 44 44 44 44 44 44 44 44 44 44 44 44 44 44 44 44 44 44 44 44 44 44 44 44 44 44 44 44 44 44;52 52 52 52 52 52 52 52 52 52 52 52 52 52 52 52 52 52 52 52 52 52 52 52 52 52 52 52 52 52 52 52 52 52 52 52 52 52 52;28 28 28 28 28 28 28 28 28 28 28 28 28 28 28 28 28 28 28 28 28 28 28 28 28 28 28 28 28 28 28 28 28 28 28 28 28 28 28;45 45 45 45 45 45 45 45 45 45 45 45 45 45 45 45 45 45 45 45 45 45 45 45 45 45 45 45 45 45 45 45 45 45 45 45 45 45 45;40 40 40 40 40 40 40 40 40 40 40 40 40 40 40 40 40 40 40 40 40 40 40 40 40 40 40 40 40 40 40 40 40 40 40 40 40 40 40;43 43 43 43 43 43 43 43 43 43 43 43 43 43 43 43 43 43 43 43 43 43 43 43 43 43 43 43 43 43 43 43 43 43 43 43 43 43 43;28 28 28 28 28 28 28 28 28 28 28 28 28 28 28 28 28 28 28 28 28 28 28 28 28 28 28 28 28 28 28 28 28 28 28 28 28 28 28;
Vmax;48 48 48 48 48 48 48 48 48 48 48 48 48 48 48 48 48 48 48 48 48 48 48 48 48 48 48 48 48 48 48 48 48 48 48 48 48 48 48;48 48 48 48 48 48 48 48 48 48 48 48 48 48 48 48 48 48 48 48 48 48 48 48 48 48 48 48 48 48 48 48 48 48 48 48 48 48 48;42 42 42 42 42 42 42 42 42 42 42 42 42 42 42 42 42 42 42 42 42 42 42 42 42 42 42 42 42 42 42 42 42 42 42 42 42 42 42;44 44 44 44 44 44 44 44 44 44 44 44 44 44 44 44 44 44 44 44 44 44 44 44 44 44 44 44 44 44 44 44 44 44 44 44 44 44 44;52 52 52 52 52 52 52 52 52 52 52 52 52 52 52 52 52 52 52 52 52 52 52 52 52 52 52 52 52 52 52 52 52 52 52 52 52 52 52;28 28 28 28 28 28 28 28 28 28 28 28 28 28 28 28 28 28 28 28 28 28 28 28 28 28 28 28 28 28 28 28 28 28 28 28 28 28 28;45 45 45 45 45 45 45 45 45 45 45 45 45 45 45 45 45 45 45 45 45 45 45 45 45 45 45 45 45 45 45 45 45 45 45 45 45 45 45;40 40 40 40 40 40 40 40 40 40 40 40 40 40 40 40 40 40 40 40 40 40 40 40 40 40 40 40 40 40 40 40 40 40 40 40 40 40 40;43 43 43 43 43 43 43 43 43 43 43 43 43 43 43 43 43 43 43 43 43 43 43 43 43 43 43 43 43 43 43 43 43 43 43 43 43 43 43;28 28 28 28 28 28 28 28 28 28 28 28 28 28 28 28 28 28 28 28 28 28 28 28 28 28 28 28 28 28 28 28 28 28 28 28 28 28 28;
d;3.000 9.088 3.000 25.164 3.000 18.288 3.000 15.877 3.000 35.038 3.000 7.731 3.000 21.582 3.000 14.426 3.000 22.120 3.000 4.876 3.000 19.092 3.000 5.053 3.000 25.858 3.000 30.022 3.000 12.129 3.000 4.157 3.000 9.231 3.000 22.290 3.000 22.722 3.000
S;0.61837320060736267 0.61733153394069606 0.60944181417054222 0.6084001475038755 0.60066047006780832 0.59961880340114171 0.59641346087565439 0.59537179420898778 0.59392846612498751 0.59288679945832079 0.58867525211471849 0.58763358544805178 0.5772093446568104 0.57616767799014379 0.56718931647086024 0.56614764980419352 0.56439318269393868 0.56335151602727196 0.55672242668562144 0.55568076001895483 0.55398780006154902 0.55294613339488241 0.54526566621729122 0.5442239995506245 0.53921512719145737 0.53817346052479065 0.53067985304042053 0.52963818637375382 0.52695386202701155 0.52591219536034495 0.51374630282309364 0.51270463615642692 0.50719179084199151 0.5061501241753249 0.49979995984919257 0.4987582931825259 0.49002092050740942 0.48897925384074276 0.48582359170884187 0.48478192504217521;0.97287267510432285 0.97183100843765613 0.96394128866750228 0.96289962200083556 0.95515994456476838 0.95411827789810177 0.95091293537261445 0.94987126870594785 0.94842794062194757 0.94738627395528097 0.94317472661167856 0.94213305994501195 0.93170881915377057 0.93066715248710385 0.9216887909678203 0.92064712430115359 0.91889265719089874 0.91785099052423214 0.91122190118258162 0.9101802345159149 0.90848727455850908 0.90744560789184248 0.89976514071425129 0.89872347404758457 0.89371460168841743 0.89267293502175071 0.8851793275373806 0.88413766087071388 0.88145333652397162 0.8804116698573049 0.8682457773200537 0.86720411065338709 0.86169126533895157 0.86064959867228497 0.85429943434615263 0.85325776767948591 0.84452039500436948 0.84347872833770277 0.84032306620580188 0.83928139953913528;1.2859854916046118 1.2847950154141357 1.2757781928196741 1.2745877166291979 1.2657423709879783 1.2645518947975021 1.2608886461969451 1.2596981700064689 1.2580486521961829 1.2568581760057067 1.2520449790415895 1.2508545028511133 1.2389410848039804 1.2377506086135042 1.2274896240200373 1.2262991478295611 1.2242940425606983 1.2231035663702223 1.2155274642654788 1.2143369880750028 1.2124021766951103 1.2112117005046341 1.2024340237302442 1.201243547539768 1.1955191219864338 1.1943286457959579 1.1857645229566776 1.1845740467662014 1.1815062475127818 1.1803157713223056 1.1664118941368755 1.1652214179463993 1.1589210233013305 1.1577305471108543 1.1504732164524174 1.1492827402619412 1.1392971714903795 1.1381066952999033 1.1345002242920164 1.1333097481015402;2.0168048961342615 2.0156685324978976 2.0070615654759116 2.0059252018395481 1.9974819173638383 1.9963455537274748 1.9928488164269431 1.9917124527905796 1.9901379130625794 1.9890015494262159 1.984407134142286 1.9832707705059223 1.9718988714609318 1.9707625078245681 1.9609679316217132 1.9598315679853497 1.9579176038650714 1.9567812402287079 1.9495495064014527 1.9484131427650893 1.94656627735701 1.9454299137206463 1.9370512222541834 1.9359148586178199 1.930450634226001 1.9293142705896373 1.9211394260612336 1.9200030624248698 1.9170747085920603 1.9159383449556968 1.9026664621877862 1.9015300985514227 1.8955160854811297 1.8943797218447662 1.8874522698526219 1.8863159062162582 1.8767842269343129 1.8756478632979494 1.8722053227904212 1.8710689591540577;2.0624875256264734 2.0615259871649352 2.0542431689155625 2.0532816304540238 2.046137312820731 2.0451757743591927 2.0422169966433583 2.0412554581818196 2.0399231553350505 2.0389616168735119 2.0350740347101866 2.0341124962486483 2.0244901201336565 2.0235285816721178 2.0152408633466252 2.0142793248850865 2.0126598167833132 2.0116982783217745 2.0055791189294818 2.0046175804679431 2.0030548481995689 2.0020933097380302 1.995003647727946 1.9940421092664076 1.9894185347810227 1.9884569963194842 1.9815398201800656 1.9805782817185273 1.9781004438599961 1.9771389053984576 1.965908850748687 1.9649473122871486 1.9598585319969006 1.9588969935353622 1.9530353033881631 1.9520737649266247 1.9440084978419019 1.9430469593803634 1.9401340404893781 1.9391725020278396;2.3131910563740177 2.3142327230406843 2.3179092185059185 2.3189508851725851 2.3276882578477021 2.3287299245143687 2.3350800888405008 2.3361217555071674 2.3416346008216027 2.3426762674882697 2.3548421600255209 2.3558838266921875 2.3585681510389302 2.3596098177055969 2.367103425189967 2.3681450918566336 2.3731539642158008 2.3741956308824674 2.3818760980600588 2.3829177647267255 2.3846107246841313 2.3856523913507979 2.3922814806924486 2.3933231473591152 2.3950776144693706 2.3961192811360372 2.405097642655321 2.4061393093219876 2.4165635501132292 2.4176052167798958 2.421816764123498 2.4228584307901646 2.4243017588741647 2.4253434255408313 2.4285487680663187 2.4295904347329853 2.4373301121690525 2.4383717788357191 2.4462614986058728 2.4473031652725394;2.8461828699762317 2.8472245366428983 2.8509010321081325 2.8519426987747991 2.8606800714499152 2.8617217381165818 2.8680719024427144 2.869113569109381 2.8746264144238163 2.8756680810904829 2.8878339736277345 2.8888756402944011 2.8915599646411438 2.8926016313078105 2.9000952387921806 2.9011369054588472 2.906145777818014 2.907187444484681 2.914867911662272 2.9159095783289386 2.9176025382863449 2.9186442049530115 2.9252732942946622 2.9263149609613288 2.9280694280715838 2.9291110947382508 2.9380894562575346 2.9391311229242012 2.9495553637154424 2.950597030382109 2.9548085777257116 2.9558502443923782 2.9572935724763783 2.9583352391430449 2.9615405816685318 2.9625822483351985 2.9703219257712661 2.9713635924379327 2.9792533122080864 2.980294978874753;3.4771727543400512 3.4783632305305274 3.4825649396336527 3.4837554158241288 3.4937409845956906 3.4949314607861672 3.5021887914446039 3.5033792676350806 3.5096796622801496 3.5108701384706262 3.5247740156560563 3.5259644918465325 3.5290322910999525 3.5302227672904292 3.538786890129709 3.5399773663201857 3.5457017918735194 3.546892268063996 3.5556699448383857 3.5568604210288624 3.5587952324087544 3.5599857085992306 3.5675618107039742 3.5687522868944508 3.5707573921633138 3.57194786835379 3.5822088529472569 3.5833993291377335 3.5953127471848663 3.5965032233753429 3.6013164203394599 3.6025068965299365 3.6041564143402223 3.6053468905306985 3.6090101391312555 3.6102006153217316 3.6190459609629513 3.6202364371534279 3.6292532597478893 3.6304437359383654;4.0722739308448341 4.0734102944811976 4.077421016806908 4.0785573804432715 4.0880890597252169 4.0892254233615803 4.0961528753537246 4.0972892389900881 4.1033032520603818 4.1044396156967453 4.1177114984646552 4.1188478621010187 4.1217762159338287 4.1229125795701922 4.1310874240985962 4.1322237877349597 4.1376880121267785 4.138824375763142 4.1472030672296052 4.1483394308659687 4.1501862962740477 4.1513226599104112 4.1585543937376661 4.1596907573740296 4.1616047214943075 4.162741085130671 4.1725356613335256 4.17367202496989 4.18504392401488 4.1861802876512435 4.1907747029351734 4.1919110665715369 4.1934856062995367 4.1946219699359002 4.1981187072364321 4.1992550708727956 4.2076983553485059 4.2088347189848694 4.2174416860068549 4.2185780496432184;4.4052806126742814 4.4062421511358201 4.4096358392575752 4.4105973777191139 4.4186626448038364 4.4196241832653751 4.4254858734125744 4.4264474118741131 4.4315361921643612 4.4324977306258999 4.4437277852756703 4.4446893237372089 4.4471671615957407 4.4481287000572793 4.4550458761966976 4.4560074146582362 4.4606309891436222 4.4615925276051609 4.4686821896152455 4.4696437280767842 4.471206460345158 4.4721679988066967 4.4782871581989898 4.4792486966605285 4.4808682047623023 4.481829743223841 4.4901174615493336 4.4910790000108722 4.5007013761258641 4.5016629145874028 4.5055504967507281 4.5065120352122667 4.5078443380590354 4.5088058765205741 4.5117646542364094 4.5127261926979481 4.5198705103312404 4.5208320487927791 4.5281148670421514 4.5290764055036901;
