m;8
n;16
P;39
P1;2 4 6 8 10 12 14 16 18 20 22 24 26 28 30 32 34 36 38
Q;40
M;100
h;1 1 1 1 1 1 1 1 1 1 1 1 1 1 1 1 1 1 1 1 1 1 1 1 1 1 1 1 1 1 1 1 1 1 1 1 1 1 1
Vmin;36 36 36 36 36 36 36 36 36 36 36 36 36 36 36 36 36 36 36 36 36 36 36 36 36 36 36 36 36 36 36 36 36 36 36 36 36 36 36;42 42 42 42 42 42 42 42 42 42 42 42 42 42 42 42 42 42 42 42 42 42 42 42 42 42 42 42 42 42 42 42 42 42 42 42 42 42 42;52 52 52 52 52 52 52 52 52 52 52 52 52 52 52 52 52 52 52 52 52 52 52 52 52 52 52 52 52 52 52 52 52 52 52 52 52 52 52;42 42 42 42 42 42 42 42 42 42 42 42 42 42 42 42 42 42 42 42 42 42 42 42 42 42 42 42 42 42 42 42 42 42 42 42 42 42 42;39 39 39 39 39 39 39 39 39 39 39 39 39 39 39 39 39 39 39 39 39 39 39 39 39 39 39 39 39 39 39 39 39 39 39 39 39 39 39;49 49 49 49 49 49 49 49 49 49 49 49 49 49 49 49 49 49 49 49 49 49 49 49 49 49 49 49 49 49 49 49 49 49 49 49 49 49 49;28 28 28 28 28 28 28 28 28 28 28 28 28 28 28 28 28 28 28 28 28 28 28 28 28 28 28 28 28 28 28 28 28 28 28 28 28 28 28;36 36 36 36 36 36 36 36 36 36 36 36 36 36 36 36 36 36 36 36 36 36 36 36 36 36 36 36 36 36 36 36 36 36 36 36 36 36 36;52 52 52 52 52 52 52 52 52 52 52 52 52 52 52 52 52 52 52 52 52 52 52 52 52 52 52 52 52 52 52 52 52 52 52 52 52 52 52;50 50 50 50 50 50 50 50 50 50 50 50 50 50 50 50 50 50 50 50 50 50 50 50 50 50 50 50 50 50 50 50 50 50 50 50 50 50 50;42 42 42 42 42 42 42 42 42 42 42 42 42 42 42 42 42 42 42 42 42 42 42 42 42 42 42 42 42 42 42 42 42 42 42 42 42 42 42;39 39 39 39 39 39 39 39 39 39 39 39 39 39 39 39 39 39 39 39 39 39 39 39 39 39 39 39 39 39 39 39 39 39 39 39 39 39 39;37 37 37 37 37 37 37 37 37 37 37 37 37 37 37 37 37 37 37 37 37 37 37 37 37 37 37 37 37 37 37 37 37 37 37 37 37 37 37;30 30 30 30 30 30 30 30 30 30 30 30 30 30 30 30 30 30 30 30 30 30 30 30 30 30 30 30 30 30 30 30 30 30 30 30 30 30 30;51 51 51 51 51 51 51 51 51 51 51 51 51 51 51 51 51 51 51 51 51 51 51 51 51 51 51 51 51 51 51 51 51 51 51 51 51 51 51;44 44 44 44 44 44 44 44 44 44 44 44 44 44 44 44 44 44 44 44 44 44 44 44 44 44 44 44 44 44 44 44 44 44 44 44 44 44 44;
Vmax;36 36 36 36 36 36 36 36 36 36 36 36 36 36 36 36 36 36 36 36 36 36 36 36 36 36 36 36 36 36 36 36 36 36 36 36 36 36 36;42 42 42 42 42 42 42 42 42 42 42 42 42 42 42 42 42 42 42 42 42 42 42 42 42 42 42 42 42 42 42 42 42 42 42 42 42 42 42;52 52 52 52 52 52 52 52 52 52 52 52 52 52 52 52 52 52 52 52 52 52 52 52 52 52 52 52 52 52 52 52 52 52 52 52 52 52 52;42 42 42 42 42 42 42 42 42 42 42 42 42 42 42 42 42 42 42 42 42 42 42 42 42 42 42 42 42 42 42 42 42 42 42 42 42 42 42;39 39 39 39 39 39 39 39 39 39 39 39 39 39 39 39 39 39 39 39 39 39 39 39 39 39 39 39 39 39 39 39 39 39 39 39 39 39 39;49 49 49 49 49 49 49 49 49 49 49 49 49 49 49 49 49 49 49 49 49 49 49 49 49 49 49 49 49 49 49 49 49 49 49 49 49 49 49;28 28 28 28 28 28 28 28 28 28 28 28 28 28 28 28 28 28 28 28 28 28 28 28 28 28 28 28 28 28 28 28 28 28 28 28 28 28 28;36 36 36 36 36 36 36 36 36 36 36 36 36 36 36 36 36 36 36 36 36 36 36 36 36 36 36 36 36 36 36 36 36 36 36 36 36 36 36;52 52 52 52 52 52 52 52 52 52 52 52 52 52 52 52 52 52 52 52 52 52 52 52 52 52 52 52 52 52 52 52 52 52 52 52 52 52 52;50 50 50 50 50 50 50 50 50 50 50 50 50 50 50 50 50 50 50 50 50 50 50 50 50 50 50 50 50 50 50 50 50 50 50 50 50 50 50;42 42 42 42 42 42 42 42 42 42 42 42 42 42 42 42 42 42 42 42 42 42 42 42 42 42 42 42 42 42 42 42 42 42 42 42 42 42 42;39 39 39 39 39 39 39 39 39 39 39 39 39 39 39 39 39 39 39 39 39 39 39 39 39 39 39 39 39 39 39 39 39 39 39 39 39 39 39;37 37 37 37 37 37 37 37 37 37 37 37 37 37 37 37 37 37 37 37 37 37 37 37 37 37 37 37 37 37 37 37 37 37 37 37 37 37 37;30 30 30 30 30 30 30 30 30 30 30 30 30 30 30 30 30 30 30 30 30 30 30 30 30 30 30 30 30 30 30 30 30 30 30 30 30 30 30;51 51 51 51 51 51 51 51 51 51 51 51 51 51 51 51 51 51 51 51 51 51 51 51 51 51 51 51 51 51 51 51 51 51 51 51 51 51 51;44 44 44 44 44 44 44 44 44 44 44 44 44 44 44 44 44 44 44 44 44 44 44 44 44 44 44 44 44 44 44 44 44 44 44 44 44 44 44;
d;3.000 8.603 3.000 37.042 3.000 4.649 3.000 3.515 3.000 4.409 3.000 7.840 3.000 5.741 3.000 31.257 3.000 5.768 3.000 14.223 3.000 8.854 3.000 4.525 3.000 9.275 3.000 22.815 3.000 3.232 3.000 5.815 3.000 15.246 3.000 29.495 3.000 26.318 3.000
S;0.28842090493608818 0.2870320160471993 0.27484761560231458 0.27345872671342575 0.25980368421686822 0.25841479532797934 0.2513563526237203 0.24996746373483139 0.24727526827445478 0.24588637938556587 0.24439010044754558 0.2430012115586567 0.23243893687576475 0.23105004798687587 0.22675628524076666 0.22536739635187777 0.2232726392726338 0.22188375038374492 0.21778486876290343 0.21639597987401454 0.20981124570163329 0.20842235681274437 0.20575210478902944 0.20436321590014056 0.18989239252394075 0.18850350363505183 0.18584571591593646 0.18445682702704758 0.18082723800221515 0.17943834911332626 0.17739710228976976 0.17600821340088088 0.17438092468402744 0.17299203579513855 0.17083972557953617 0.16945083669064728 0.15230154959479367 0.15091266070590476 0.14692987647345232 0.14554098758456344;0.48840509000913251 0.48721461381865627 0.47677084200875508 0.47558036581827884 0.46387604367837248 0.46268556748789624 0.45663547374138852 0.45544499755091228 0.45313740144201808 0.45194692525154184 0.45066440044752448 0.44947392425704824 0.44042054595742658 0.43923006976695039 0.43554970169885682 0.43435922550838058 0.43256371944045718 0.43137324324998094 0.42785991614640256 0.42666943995592632 0.42102538209388524 0.41983490590340899 0.41754611845451051 0.41635564226403426 0.40395207937014871 0.40276160317967247 0.40048349942043071 0.39929302322995447 0.39618194692295527 0.39499147073247903 0.39324183059800205 0.39205135440752586 0.39065653550736573 0.38946605931688955 0.38762122198923038 0.38643074579875414 0.37173135685945102 0.37054088066897484 0.36712706561258701 0.36593658942211077;0.86115660685978646 0.860195068398248 0.85175971424409702 0.85079817578255867 0.84134468482340341 0.84038314636186506 0.83549653218199338 0.83453499372045492 0.83267116609404035 0.83170962763250189 0.83067374221387236 0.82971220375233401 0.82239985974110108 0.82143832127956273 0.81846571630148712 0.81750417783994866 0.81605396140047215 0.81509242293893369 0.81225473566296646 0.81129319720142801 0.80673453508208715 0.80577299662054869 0.80392436060413064 0.80296282214259229 0.79294455980522316 0.7919830213436847 0.79014301446122026 0.7891814759996818 0.78666868359787467 0.78570714513633633 0.78429397425848946 0.783332435796951 0.78220585130066789 0.78124431283912943 0.77975425192063552 0.77879271345909706 0.76692013008504456 0.76595859162350621 0.76320127946257754 0.76223974100103908;1.1084466769467878 1.1072562007563116 1.0968124289464105 1.0956219527559343 1.0839176306160279 1.0827271544255517 1.0766770606790439 1.0754865844885679 1.0731789883796736 1.0719885121891974 1.0707059873851799 1.0695155111947039 1.0604621328950821 1.0592716567046059 1.0555912886365124 1.0544008124460362 1.0526053063781129 1.0514148301876367 1.0479015030840582 1.046711026893582 1.0410669690315411 1.0398764928410649 1.0375877053921663 1.0363972292016901 1.0239936663078046 1.0228031901173285 1.0205250863580866 1.0193346101676104 1.0162235338606114 1.0150330576701352 1.0132834175356582 1.012092941345182 1.010698122445022 1.0095076462545458 1.0076628089268866 1.0064723327364105 0.99177294379710745 0.99058246760663127 0.98716865255024355 0.98597817635976737;1.7091818104585002 1.7078997591764489 1.6966526203042476 1.6953705690221961 1.6827659144099891 1.6814838631279379 1.6749683775547757 1.6736863262727242 1.6712012227708384 1.6699191714887869 1.6685379909306142 1.6672559396485629 1.6575061476335857 1.6562240963515342 1.6522606230474335 1.6509785717653822 1.64904494984608 1.6477628985640287 1.6439793155294058 1.6426972642473543 1.6366190480882332 1.6353369968061819 1.6328721487842912 1.6315900975022399 1.6182324143857478 1.6169503631036966 1.6144970205937439 1.6132149693116924 1.6098645794426163 1.608582528160565 1.6066983003234361 1.6054162490413846 1.6039141363796738 1.6026320850976223 1.6006453372062972 1.5993632859242457 1.5835331747588424 1.5822511234767911 1.5785747072622196 1.5772926559801683;2.44277737349198 2.441756965328715 2.4328051609202279 2.4317847527569629 2.4217524766370433 2.4207320684737779 2.4155462738339142 2.4145258656706492 2.4125479261487399 2.4115275179854749 2.4104282110106028 2.4094078028473378 2.4016477643048049 2.4006273561415399 2.3974727549403165 2.3964523467770515 2.394913341575974 2.393892933412709 2.3908815101810701 2.3898611020178051 2.3850233381360559 2.3840029299727905 2.3820411121594489 2.3810207039961839 2.3703890786585675 2.3693686704953025 2.3674160101302379 2.366395601966973 2.3637289651324025 2.3627085569691375 2.3612088654252998 2.3601884572620349 2.3589928982047548 2.3579724900414898 2.356391200903496 2.355370792740231 2.3427713165065427 2.3417509083432777 2.3388247811520881 2.3378043729888227;2.6635263386557706 2.6617406243700561 2.6460749666552044 2.6442892523694899 2.6267327691596303 2.6249470548739158 2.6158719142541544 2.6140861999684399 2.6106248058050983 2.6088390915193842 2.6069153043133584 2.6051295900276439 2.5915495225782115 2.589763808292497 2.5842432561903563 2.5824575419046423 2.5797642828027567 2.5779785685170422 2.572708577861675 2.5709228635759604 2.562456776782899 2.5606710624971845 2.5572378813238368 2.5554521670381223 2.536846822697294 2.5350611084115799 2.531643952772717 2.5298582384870025 2.5251916240265038 2.5234059097407893 2.5207814495390739 2.5189957352533598 2.5169035069031196 2.5151177926174051 2.5123505366259167 2.5105648223402022 2.4885157389312478 2.4867300246455333 2.481609302060952 2.4798235877752375;3.0089397526689918 3.0075508637801027 2.9953664633352179 2.9939775744463288 2.9803225319497715 2.9789336430608824 2.9718752003566231 2.970486311467734 2.9677941160073575 2.9664052271184689 2.9649089481804487 2.9635200592915596 2.9529577846086679 2.9515688957197788 2.9472751329736697 2.9458862440847806 2.9437914870055364 2.9424025981166477 2.9383037164958057 2.936914827606917 2.9303300934345353 2.9289412045456462 2.9262709525219313 2.9248820636330422 2.9104112402568423 2.9090223513679532 2.9063645636488378 2.9049756747599487 2.9013460857351161 2.8999571968462274 2.897915950022671 2.8965270611337819 2.8948997724169283 2.8935108835280392 2.891358573312437 2.8899696844235478 2.8728203973276942 2.8714315084388051 2.8674487242063531 2.866059835317464;2.9299986037823795 2.9313874926712686 2.9360647213481657 2.9374536102370548 2.9546028973329084 2.955991786221797 2.9581440964373997 2.9595329853262888 2.9611602740431424 2.9625491629320311 2.9645904097555875 2.9659792986444766 2.9696088876693092 2.9709977765581983 2.9736555642773137 2.9750444531662028 2.9895152765424027 2.9909041654312913 2.9935744174550067 2.9949633063438958 3.0015480405162771 3.0029369294051662 3.0070358110260078 3.0084246999148969 3.0105194569941407 3.0119083458830298 3.0162021086291388 3.017590997518028 3.0281532722009197 3.0295421610898088 3.031038440027829 3.0324273289167181 3.0351195243770945 3.0365084132659836 3.0435668559702425 3.0449557448591316 3.0586107873556894 3.0599996762445785 3.0721840766894628 3.0735729655783519;3.2305726142132429 3.2317630904037191 3.2357721435553453 3.2369626197458219 3.2516620086851247 3.2528524848756013 3.2546973222032607 3.2558877983937369 3.2572826172938969 3.2584730934843735 3.2602227336188507 3.2614132098093269 3.2645242861163264 3.2657147623068026 3.2679928660660447 3.2691833422565209 3.2815869051504065 3.2827773813408831 3.2850661687897817 3.2862566449802579 3.2919007028422991 3.2930911790327757 3.296604506136354 3.2977949823268302 3.2995904883947538 3.30078096458523 3.3044613326533239 3.3056518088438001 3.3147051871434221 3.3158956633338983 3.3171781881379157 3.3183686643283918 3.3206762604372866 3.3218667366277628 3.3279168303742708 3.329107306564747 3.3408116287046536 3.3420021048951298 3.3524458767050311 3.3536363528955073;3.5583523381221087 3.5593138765836474 3.5625519579753453 3.563513496436884 3.5753860798109369 3.5763476182724756 3.5778376791909694 3.5787992176525081 3.5799258021487912 3.5808873406103299 3.5823005114881767 3.5832620499497154 3.5857748423515221 3.5867363808130608 3.5885763876955257 3.5895379261570644 3.5995561884944336 3.6005177269559723 3.6023663629723903 3.603327901433929 3.60788656355327 3.6088481020148087 3.6116857892907754 3.6126473277523141 3.6140975441917909 3.6150590826533295 3.6180316876314054 3.618993226092944 3.6263055701041771 3.6272671085657158 3.6283029939843447 3.6292645324458834 3.6311283600722981 3.6320898985338368 3.6369765127137086 3.6379380511752473 3.6473915421344025 3.6483530805959412 3.6567884347500921 3.6577499732116308;3.6132724626150017 3.6144629388054783 3.618471991957104 3.6196624681475806 3.6343618570868839 3.63555233327736 3.6373971706050194 3.6385876467954956 3.6399824656956556 3.6411729418861323 3.6429225820206095 3.6441130582110857 3.6472241345180851 3.6484146107085618 3.6506927144678034 3.65188319065828 3.6642867535521657 3.6654772297426419 3.6677660171915405 3.6689564933820171 3.6746005512440578 3.6757910274345345 3.6793043545381128 3.6804948307285894 3.6822903367965125 3.6834808129869887 3.6871611810550826 3.6883516572455592 3.6974050355451809 3.698595511735657 3.6998780365396744 3.701068512730151 3.7033761088390453 3.704566585029522 3.7106166787760295 3.7118071549665062 3.7235114771064124 3.7247019532968886 3.7351457251067899 3.7363362012972661;3.6646189314323938 3.6659009827144451 3.6702184245700424 3.6715004758520933 3.6873305870174966 3.6886126382995474 3.6905993861908728 3.6918814374729236 3.6933835501346346 3.6946656014166859 3.6965498292538146 3.6978318805358659 3.7011822704049422 3.7024643216869935 3.7049176641969459 3.7061997154789967 3.7195573985954891 3.7208394498775399 3.7233042978994306 3.7245863491814815 3.7306645653406028 3.7319466166226536 3.7357301996572767 3.737012250939328 3.73894587285863 3.7402279241406813 3.7441913974447818 3.7454734487268331 3.7552232407418105 3.7565052920238613 3.757886472582034 3.7591685238640848 3.7616536273659711 3.7629356786480219 3.7694511642211839 3.7707332155032351 3.7833378701154419 3.7846199213974931 3.7958670602696944 3.7971491115517457;3.8575899876837534 3.8586103958470184 3.8620467271198407 3.8630671352831056 3.8756666115167939 3.8766870196800594 3.8782683088180527 3.8792887169813182 3.8804842760385982 3.8815046842018632 3.8830043757457005 3.8840247839089654 3.8866914207435364 3.8877118289068013 3.8896644892718655 3.8906848974351305 3.9013165227727469 3.9023369309360119 3.9042987487493539 3.9053191569126189 3.9101569207943685 3.9111773289576335 3.9141887521892724 3.9152091603525374 3.9167481655536145 3.9177685737168795 3.9209231749181028 3.9219435830813678 3.9297036216239007 3.9307240297871657 3.9318233367620379 3.9328437449253029 3.9348216844472126 3.9358420926104776 3.9410278872503413 3.9420482954136062 3.9520805715335263 3.9531009796967913 3.9620527841052779 3.9630731922685434;4.2597218044577145 4.2615075187434286 4.2675210984708674 4.2693068127565814 4.2913558961655367 4.2931416104512499 4.2959088664427396 4.2976945807284528 4.2997868090786939 4.301572523364408 4.3041969835661238 4.305982697851837 4.3106493123123357 4.3124350265980498 4.3158521822369122 4.3176378965226263 4.3362432408634541 4.3380289551491682 4.3414621363225159 4.3432478506082299 4.351713937401291 4.353499651687005 4.3587696423423727 4.3605553566280868 4.3632486157299724 4.3650343300156864 4.3705548821178271 4.3723405964035411 4.3859206638529731 4.3877063781386871 4.3896301653447134 4.3914158796304275 4.3948772737937682 4.3966629880794823 4.4057381286992436 4.4075238429849577 4.4250803261948173 4.4268660404805313 4.4425316981953831 4.4443174124810971;4.9753283662359706 4.9767172551248589 4.9813944838017559 4.982783372690645 4.9999326597864986 5.0013215486753877 5.0034738588909891 5.0048627477798782 5.0064900364967313 5.0078789253856204 5.0099201722091768 5.0113090610980651 5.0149386501228976 5.0163275390117859 5.0189853267309008 5.0203742156197899 5.0348450389959885 5.0362339278848776 5.0389041799085925 5.0402930687974807 5.0468778029698615 5.0482666918587507 5.0523655734795918 5.05375446236848 5.0558492194477243 5.0572381083366134 5.061531871082722 5.0629207599716102 5.0734830346545028 5.0748719235433919 5.0763682024814125 5.0777570913703007 5.0804492868306772 5.0818381757195663 5.088896618423826 5.0902855073127142 5.1039405498092716 5.1053294386981607 5.1175138391430455 5.1189027280319346;
