m;3
n;6
P;39
P1;2 4 6 8 10 12 14 16 18 20 22 24 26 28 30 32 34 36 38
Q;40
M;100
h;1 1 1 1 1 1 1 1 1 1 1 1 1 1 1 1 1 1 1 1 1 1 1 1 1 1 1 1 1 1 1 1 1 1 1 1 1 1 1
Vmin;52 52 52 52 52 52 52 52 52 52 52 52 52 52 52 52 52 52 52 52 52 52 52 52 52 52 52 52 52 52 52 52 52 52 52 52 52 52 52;40 40 40 40 40 40 40 40 40 40 40 40 40 40 40 40 40 40 40 40 40 40 40 40 40 40 40 40 40 40 40 40 40 40 40 40 40 40 40;28 28 28 28 28 28 28 28 28 28 28 28 28 28 28 28 28 28 28 28 28 28 28 28 28 28 28 28 28 28 28 28 28 28 28 28 28 28 28;38 38 38 38 38 38 38 38 38 38 38 38 38 38 38 38 38 38 38 38 38 38 38 38 38 38 38 38 38 38 38 38 38 38 38 38 38 38 38;46 46 46 46 46 46 46 46 46 46 46 46 46 46 46 46 46 46 46 46 46 46 46 46 46 46 46 46 46 46 46 46 46 46 46 46 46 46 46;51 51 51 51 51 51 51 51 51 51 51 51 51 51 51 51 51 51 51 51 51 51 51 51 51 51 51 51 51 51 51 51 51 51 51 51 51 51 51;
Vmax;52 52 52 52 52 52 52 52 52 52 52 52 52 52 52 52 52 52 52 52 52 52 52 52 52 52 52 52 52 52 52 52 52 52 52 52 52 52 52;40 40 40 40 40 40 40 40 40 40 40 40 40 40 40 40 40 40 40 40 40 40 40 40 40 40 40 40 40 40 40 40 40 40 40 40 40 40 40;28 28 28 28 28 28 28 28 28 28 28 28 28 28 28 28 28 28 28 28 28 28 28 28 28 28 28 28 28 28 28 28 28 28 28 28 28 28 28;38 38 38 38 38 38 38 38 38 38 38 38 38 38 38 38 38 38 38 38 38 38 38 38 38 38 38 38 38 38 38 38 38 38 38 38 38 38 38;46 46 46 46 46 46 46 46 46 46 46 46 46 46 46 46 46 46 46 46 46 46 46 46 46 46 46 46 46 46 46 46 46 46 46 46 46 46 46;51 51 51 51 51 51 51 51 51 51 51 51 51 51 51 51 51 51 51 51 51 51 51 51 51 51 51 51 51 51 51 51 51 51 51 51 51 51 51;
d;3.000 11.944 3.000 33.747 3.000 25.230 3.000 25.746 3.000 44.422 3.000 16.631 3.000 5.746 3.000 17.513 3.000 6.222 3.000 12.894 3.000 5.664 3.000 25.860 3.000 13.641 3.000 18.431 3.000 47.757 3.000 31.112 3.000 17.551 3.000 7.144 3.000 7.213 3.000
S;0.49348327653593843 0.49252173807439997 0.49021003332042662 0.48924849485888816 0.48695872750143737 0.48599718903989891 0.48037193604771533 0.47941039758617687 0.46943872537512504 0.46847718691358664 0.45317050460493058 0.45220896614339218 0.4463015204382425 0.44533998197670405 0.44096779367510436 0.44000625521356596 0.43171777790997257 0.43075623944843411 0.42894076931992969 0.42797923085839129 0.42384654437019831 0.42288500590865991 0.42089066661671409 0.41992912815517569 0.41431591097738774 0.41335437251584928 0.41151283846307918 0.41055130000154072 0.40522084092629501 0.40425930246475661 0.39002140012429654 0.38905986166275813 0.3808078384987692 0.3798463000372308 0.37175986926722598 0.37079833080568753 0.35998192636127496 0.3590203878997365 0.35519209354107478 0.35423055507953632;0.73334629512911487 0.73209629512911478 0.72909107894894942 0.72784107894894945 0.72486438138426335 0.72361438138426337 0.71630155249442462 0.71505155249442454 0.70208837862005724 0.70083837862005716 0.68093969161880419 0.67968969161880421 0.67201001220210965 0.67076001220210957 0.66507616741003006 0.66382616741002998 0.6530511469153587 0.65180114691535862 0.64944103574830292 0.64819103574830284 0.64281854331365207 0.64156854331365198 0.63897590223412248 0.6377259022341224 0.63042871990299809 0.62917871990299801 0.62678472563439691 0.62553472563439683 0.61860512883657748 0.61735512883657739 0.59884585579397931 0.59759585579397934 0.58686822568079378 0.58561822568079369 0.5751058656797875 0.57385586567978741 0.55979453990205097 0.558544539902051 0.55356775723579077 0.55231775723579069;1.1678259551633217 1.1660402408776072 1.1617470749059424 1.1599613606202281 1.1557089355278194 1.1539232212421051 1.1434763228280498 1.1416906085423355 1.1231717887218104 1.1213860744360962 1.0929593787200207 1.0911736644343064 1.0802026938390283 1.0784169795533141 1.0702972012789147 1.0685114869932002 1.0531186005722413 1.051332886286527 1.0479612989050187 1.0461755846193046 1.0385005954269464 1.0367148811412321 1.0330111081704756 1.0312253938847613 1.0208008476974408 1.0190151334117266 1.0155951415994393 1.013809427313725 1.0039100033168402 1.0021242890311259 0.97568247039884304 0.97389675611312887 0.95857157023714945 0.95678585595143528 0.94176819880714058 0.9399824845214263 0.9198948762675172 0.91810916198180303 0.91099947245857404 0.90921375817285977;1.2904622744306928 1.2914238128922313 1.2957328764816622 1.2966944149432007 1.3075108193876133 1.3084723578491517 1.3165587886191568 1.3175203270806952 1.3257723502446841 1.3267338887062226 1.3409717910466827 1.3419333295082212 1.3472637885834666 1.3482253270450051 1.3500668610977753 1.3510283995593138 1.3566416167371016 1.3576031551986401 1.359597494490586 1.3605590329521244 1.3646917194403172 1.3656532579018557 1.3674687280303601 1.3684302664918986 1.376718743795492 1.3776802822570304 1.3820524705586299 1.3830140090201684 1.3889214547253179 1.3898829931868564 1.4051896754955127 1.4061512139570511 1.416122886168103 1.4170844246296415 1.4227096776218249 1.4236712160833633 1.425960983440814 1.4269225219023525 1.4292342266563258 1.4301957651178643;1.8244822987615659 1.8257322987615658 1.8313340814278263 1.8325840814278263 1.8466454072055627 1.8478954072055627 1.8584077672065689 1.8596577672065691 1.8703853973197546 1.8716353973197546 1.8901446703623528 1.8913946703623528 1.8983242671601723 1.8995742671601723 1.9019682614287734 1.9032182614287734 1.9105154437598979 1.9117654437598979 1.9143580848394275 1.9156080848394275 1.9209805772740784 1.9222305772740784 1.9245906884411341 1.9258406884411341 1.9366157089358054 1.9378657089358056 1.9435495537278851 1.9447995537278853 1.9524792331445797 1.9537292331445797 1.9736279201458327 1.9748779201458326 1.9878410940202 1.9890910940202 1.9964039229100385 1.9976539229100387 2.0006306204747246 2.0018806204747248 2.0048858366548901 2.0061358366548903;1.9031344237970318 1.9049201380827463 1.9129226847488323 1.9147083990345466 1.9347960072884558 1.9365817215741703 1.9515993787184649 1.9533850930041792 1.9687102788801587 1.970495993165873 1.9969378117981558 1.9987235260838703 2.0086229500807549 2.0104086643664694 2.0138286561787568 2.0156143704644709 2.0260389166517916 2.0278246309375061 2.0315284039082622 2.0333141181939767 2.0409891073863351 2.0427748216720492 2.0461464090535575 2.0479321233392715 2.0633250097602311 2.0651107240459452 2.0732305023203446 2.0750162166060591 2.0859871872013369 2.0877729014870514 2.1161995972031269 2.1179853114888414 2.136504131309366 2.1382898455950805 2.1487367440091356 2.1505224582948501 2.1547748833872591 2.1565605976729731 2.1608537636446381 2.1626394779303526;
