m;7
n;14
P;39
P1;2 4 6 8 10 12 14 16 18 20 22 24 26 28 30 32 34 36 38
Q;40
M;100
h;1 1 1 1 1 1 1 1 1 1 1 1 1 1 1 1 1 1 1 1 1 1 1 1 1 1 1 1 1 1 1 1 1 1 1 1 1 1 1
Vmin;46 46 46 46 46 46 46 46 46 46 46 46 46 46 46 46 46 46 46 46 46 46 46 46 46 46 46 46 46 46 46 46 46 46 46 46 46 46 46;50 50 50 50 50 50 50 50 50 50 50 50 50 50 50 50 50 50 50 50 50 50 50 50 50 50 50 50 50 50 50 50 50 50 50 50 50 50 50;47 47 47 47 47 47 47 47 47 47 47 47 47 47 47 47 47 47 47 47 47 47 47 47 47 47 47 47 47 47 47 47 47 47 47 47 47 47 47;48 48 48 48 48 48 48 48 48 48 48 48 48 48 48 48 48 48 48 48 48 48 48 48 48 48 48 48 48 48 48 48 48 48 48 48 48 48 48;40 40 40 40 40 40 40 40 40 40 40 40 40 40 40 40 40 40 40 40 40 40 40 40 40 40 40 40 40 40 40 40 40 40 40 40 40 40 40;52 52 52 52 52 52 52 52 52 52 52 52 52 52 52 52 52 52 52 52 52 52 52 52 52 52 52 52 52 52 52 52 52 52 52 52 52 52 52;36 36 36 36 36 36 36 36 36 36 36 36 36 36 36 36 36 36 36 36 36 36 36 36 36 36 36 36 36 36 36 36 36 36 36 36 36 36 36;38 38 38 38 38 38 38 38 38 38 38 38 38 38 38 38 38 38 38 38 38 38 38 38 38 38 38 38 38 38 38 38 38 38 38 38 38 38 38;40 40 40 40 40 40 40 40 40 40 40 40 40 40 40 40 40 40 40 40 40 40 40 40 40 40 40 40 40 40 40 40 40 40 40 40 40 40 40;28 28 28 28 28 28 28 28 28 28 28 28 28 28 28 28 28 28 28 28 28 28 28 28 28 28 28 28 28 28 28 28 28 28 28 28 28 28 28;37 37 37 37 37 37 37 37 37 37 37 37 37 37 37 37 37 37 37 37 37 37 37 37 37 37 37 37 37 37 37 37 37 37 37 37 37 37 37;49 49 49 49 49 49 49 49 49 49 49 49 49 49 49 49 49 49 49 49 49 49 49 49 49 49 49 49 49 49 49 49 49 49 49 49 49 49 49;47 47 47 47 47 47 47 47 47 47 47 47 47 47 47 47 47 47 47 47 47 47 47 47 47 47 47 47 47 47 47 47 47 47 47 47 47 47 47;40 40 40 40 40 40 40 40 40 40 40 40 40 40 40 40 40 40 40 40 40 40 40 40 40 40 40 40 40 40 40 40 40 40 40 40 40 40 40;
Vmax;46 46 46 46 46 46 46 46 46 46 46 46 46 46 46 46 46 46 46 46 46 46 46 46 46 46 46 46 46 46 46 46 46 46 46 46 46 46 46;50 50 50 50 50 50 50 50 50 50 50 50 50 50 50 50 50 50 50 50 50 50 50 50 50 50 50 50 50 50 50 50 50 50 50 50 50 50 50;47 47 47 47 47 47 47 47 47 47 47 47 47 47 47 47 47 47 47 47 47 47 47 47 47 47 47 47 47 47 47 47 47 47 47 47 47 47 47;48 48 48 48 48 48 48 48 48 48 48 48 48 48 48 48 48 48 48 48 48 48 48 48 48 48 48 48 48 48 48 48 48 48 48 48 48 48 48;40 40 40 40 40 40 40 40 40 40 40 40 40 40 40 40 40 40 40 40 40 40 40 40 40 40 40 40 40 40 40 40 40 40 40 40 40 40 40;52 52 52 52 52 52 52 52 52 52 52 52 52 52 52 52 52 52 52 52 52 52 52 52 52 52 52 52 52 52 52 52 52 52 52 52 52 52 52;36 36 36 36 36 36 36 36 36 36 36 36 36 36 36 36 36 36 36 36 36 36 36 36 36 36 36 36 36 36 36 36 36 36 36 36 36 36 36;38 38 38 38 38 38 38 38 38 38 38 38 38 38 38 38 38 38 38 38 38 38 38 38 38 38 38 38 38 38 38 38 38 38 38 38 38 38 38;40 40 40 40 40 40 40 40 40 40 40 40 40 40 40 40 40 40 40 40 40 40 40 40 40 40 40 40 40 40 40 40 40 40 40 40 40 40 40;28 28 28 28 28 28 28 28 28 28 28 28 28 28 28 28 28 28 28 28 28 28 28 28 28 28 28 28 28 28 28 28 28 28 28 28 28 28 28;37 37 37 37 37 37 37 37 37 37 37 37 37 37 37 37 37 37 37 37 37 37 37 37 37 37 37 37 37 37 37 37 37 37 37 37 37 37 37;49 49 49 49 49 49 49 49 49 49 49 49 49 49 49 49 49 49 49 49 49 49 49 49 49 49 49 49 49 49 49 49 49 49 49 49 49 49 49;47 47 47 47 47 47 47 47 47 47 47 47 47 47 47 47 47 47 47 47 47 47 47 47 47 47 47 47 47 47 47 47 47 47 47 47 47 47 47;40 40 40 40 40 40 40 40 40 40 40 40 40 40 40 40 40 40 40 40 40 40 40 40 40 40 40 40 40 40 40 40 40 40 40 40 40 40 40;
d;3.000 46.971 3.000 3.376 3.000 24.323 3.000 7.051 3.000 3.551 3.000 3.499 3.000 7.948 3.000 19.881 3.000 4.814 3.000 18.015 3.000 15.695 3.000 19.121 3.000 31.088 3.000 4.630 3.000 41.382 3.000 10.554 3.000 12.061 3.000 13.403 3.000 5.915 3.000
S;7.6799336931611846 7.6147163018568369 7.4861222912212915 7.4209048999169438 7.129529726233665 7.0643123349293173 6.8021215443911007 6.7369041530867531 6.507475456740659 6.4422580654363113 5.542647727127739 5.4774303358233913 5.3767721817931129 5.3115547904887652 4.6357296405197435 4.5705122492153958 4.1548385820484333 4.0896211907440856 3.7484332395339903 3.6832158482296427 3.2915927721343188 3.2263753808299711 3.1217215352601833 3.0565041439558356 2.6242976772526032 2.5590802859482555 2.3862921956139327 2.321074804309585 2.2450202228047713 2.1798028315004236 2.1026129005510956 2.0373955092467479 1.8841146613894413 1.8188972700850934 1.2901425428038873 1.2249251514995394 1.151540719040647 1.0863233277362991 0.065217391304347824 0;7.3988723310416242 7.3388723310416246 7.2205658412569225 7.1605658412569229 6.8925006814683059 6.8325006814683062 6.5912851541731472 6.5312851541731476 6.3202107535347407 6.2602107535347411 5.432569242290854 5.3725692422908544 5.279963740582998 5.2199637405829984 4.5982046026114984 4.5382046026114988 4.1557848288178931 4.0957848288178935 3.7818919137046056 3.7218919137046056 3.3615986836969078 3.3015986836969078 3.2053171457727028 3.1453171457727027 2.747687196405729 2.687687196405729 2.5287221532981521 2.468722153298152 2.3987519383137235 2.3387519383137234 2.2677372018403417 2.2077372018403416 2.0667188218116195 2.0067188218116194 1.5202644727129098 1.4602644727129097 1.3927507948507287 1.3327507948507287 0.39333333333333331 0.33333333333333331;8.1831975152925107 8.1193677280584673 7.993509760202401 7.9296799729683585 7.6445042710655748 7.5806744838315323 7.3240622207515758 7.2602324335175332 7.0356851987958242 6.9718554115617817 6.0913857187491356 6.0275559315150931 5.9290394403365223 5.8652096531024798 5.2037637616434376 5.139933974409395 4.7331044278204528 4.6692746405864103 4.3353460074871677 4.2715162202531252 3.8882255500321703 3.8243957627981278 3.7219685947936547 3.6581388075596122 3.2351282231266612 3.1712984358926186 3.0021866879058345 2.938356900671792 2.8639205017521872 2.8000907145181446 2.7245431225251853 2.6607133352911427 2.5106937820690982 2.4468639948350557 1.9293593681343009 1.8655295809002583 1.7937065193447466 1.729876732110704 0.73049645390070916 0.66666666666666663;8.3599364559461407 8.2974364559461407 8.1742005290870754 8.1117005290870754 7.8324659876405995 7.7699659876405995 7.5186998133748091 7.4561998133748091 7.2363306460431351 7.1738306460431351 6.3117040718307527 6.2492040718307527 6.1527400075517358 6.0902400075517358 5.4425742388314235 5.3800742388314235 4.9817203077964178 4.9192203077964178 4.5922485212200765 4.5297485212200765 4.1544430732953908 4.0919430732953908 3.9916498046243438 3.9291498046243438 3.5149519407004126 3.4524519407004126 3.2868633541300198 3.2243633541300198 3.1514777135212397 3.0889777135212397 3.0150040296948002 2.9525040296948002 2.805609883831548 2.743109883831548 2.2363866035203919 2.1738866035203919 2.1035598557472865 2.0410598557472865 1.0625 1;10.165257080468701 10.090257080468701 9.942373968237824 9.8673739682378248 9.5322925185020537 9.4572925185020544 9.1557731093831052 9.0807731093831059 8.8169301085850975 8.7419301085850982 7.7073782195302387 7.6323782195302385 7.5166213423954176 7.4416213423954174 6.664422419931042 6.5894224199310418 6.1113977026890351 6.036397702689035 5.6440315587974252 5.5690315587974251 5.1186650212878027 5.0436650212878025 4.923313098882546 4.8483130988825458 4.351275662173828 4.2762756621738278 4.0775693582893568 4.0025693582893567 3.9151065895588211 3.8401065895588209 3.7513381689670933 3.6763381689670931 3.5000651939311909 3.4250651939311907 2.8169972575578037 2.7419972575578035 2.6576051602300774 2.5826051602300772 1.4083333333333332 1.3333333333333333;8.4604541644631013 8.4027618567707929 8.2890056165931956 8.2313133089008872 7.9735583475656782 7.9158660398733707 7.6839280328587947 7.6262357251664872 7.4232795707064811 7.3655872630141737 6.5697781175873589 6.5120858098950514 6.4230420582528813 6.3653497505605738 5.7675044255879779 5.7098121178956704 5.3421007969402803 5.2844084892479728 4.9825883785621192 4.9248960708698117 4.5784602727854864 4.5207679650931789 4.4281895632429817 4.3704972555506743 3.988160765774738 3.9304684580824305 3.7776174550943757 3.7199251474020683 3.6526460945324253 3.5949537868401178 3.5266703863849429 3.4689780786926354 3.3333834825111719 3.2756911748188644 2.8079466083777973 2.7502543006854898 2.6853373027410852 2.6276449950487777 1.7243589743589745 1.6666666666666667;11.813248607928188 11.729915274594854 11.565600705449434 11.4822673721161 11.109954650187465 11.026621316854131 10.691599751166411 10.608266417833077 10.315107528057512 10.231774194724178 9.0822720957743339 8.998938762441 8.8703200100689763 8.7869866767356424 7.9234323184418924 7.8400989851085594 7.308960410395219 7.225627077061886 6.7896646949600976 6.7063313616267646 6.2059240977271841 6.1225907643938511 5.9888664061657888 5.9055330728324558 5.3532692542672144 5.2699359209338814 5.049151138840025 4.9658178055066919 4.8686369513616521 4.7853036180283191 4.6866720395930663 4.6033387062597333 4.4074798451087309 4.3241465117753979 3.6485154713605232 3.5651821380271898 3.4714131409963827 3.3880798076630492 2.0833333333333335 2;0 0.065217391304347824 1.1189320233884732 1.1841494146928211 1.2575338471517135 1.3227512384560614 1.8515059657372674 1.9167233570416153 2.0700042048989218 2.1352215962032695 2.2124115271525975 2.2776289184569452 2.3536834999617589 2.4189008912661065 2.5916889816004294 2.656906372904777 3.0891128396080094 3.1543302309123571 3.2589840764821449 3.3242014677864926 3.7158245438818165 3.7810419351861642 4.1222298863962594 4.1874472777006071 4.6031209448675696 4.6683383361719173 5.3441634861409391 5.4093808774452867 5.5100390314755652 5.5752564227799128 6.4748667610884851 6.5400841523928328 6.7695128487389269 6.8347302400432746 7.0969210305814912 7.1621384218858388 7.4535135955691176 7.5187309868734653 7.6473249975090107 7.7125423888133584;0.33333333333333331 0.39333333333333331 1.3627507948507285 1.4227507948507285 1.4902644727129095 1.5502644727129096 2.0367188218116192 2.0967188218116193 2.2377372018403414 2.2977372018403415 2.3687519383137232 2.4287519383137233 2.4987221532981518 2.5587221532981519 2.7176871964057288 2.7776871964057288 3.175317145772703 3.235317145772703 3.331598683696908 3.3915986836969081 3.7518919137046058 3.8118919137046059 4.1257848288178938 4.1857848288178934 4.5682046026114991 4.6282046026114987 5.2499637405829986 5.3099637405829982 5.4025692422908547 5.4625692422908543 6.2902107535347414 6.350210753534741 6.5612851541731478 6.6212851541731474 6.8625006814683065 6.9225006814683061 7.1905658412569231 7.2505658412569227 7.3688723310416249 7.4288723310416245;0.66666666666666663 0.73049645390070916 1.7617916257277253 1.8256214129617678 1.8974444745172796 1.9612742617513221 2.4787788884520769 2.5426086756861195 2.692628228908164 2.7564580161422065 2.8320056081351659 2.8958353953692084 2.9702717942888133 3.0341015815228558 3.2032133295096399 3.2670431167436824 3.6900537011766334 3.753883488410676 3.856310656415149 3.9201404436491916 4.3034311138701469 4.3672609011041894 4.701189534203432 4.7650193214374745 5.1718488680264167 5.2356786552604593 5.8971245467195015 5.960954333953544 6.0594708251321148 6.1233006123661573 7.0037703051788025 7.067600092412845 7.292147327134554 7.3559771143685966 7.6125893774485531 7.6764191646825957 7.9615948665853793 8.0254246538194227 8.1512826216754881 8.2151124089095315;1 1.0625 2.072309855747287 2.134809855747287 2.2051366035203923 2.2676366035203923 2.774359883831548 2.836859883831548 2.9837540296948002 3.0462540296948002 3.1202277135212397 3.1827277135212397 3.2556133541300198 3.3181133541300198 3.4837019407004126 3.5462019407004126 3.9603998046243438 4.0228998046243438 4.1231930732953908 4.1856930732953908 4.5609985212200765 4.6234985212200765 4.9504703077964178 5.0129703077964178 5.4113242388314235 5.4738242388314235 6.1214900075517358 6.1839900075517358 6.2804540718307527 6.3429540718307527 7.2050806460431351 7.2675806460431351 7.4874498133748091 7.5499498133748091 7.8012159876405995 7.8637159876405995 8.1429505290870754 8.2054505290870754 8.3286864559461407 8.3911864559461407;1.3333333333333333 1.4083333333333332 2.6201051602300773 2.6951051602300775 2.7794972575578036 2.8544972575578038 3.4625651939311908 3.537565193931191 3.7138381689670936 3.7888381689670938 3.8776065895588214 3.9526065895588216 4.0400693582893572 4.1150693582893574 4.3137756621738284 4.3887756621738285 4.8858130988825463 4.9608130988825465 5.081165021287803 5.1561650212878032 5.6065315587974256 5.6815315587974258 6.0738977026890355 6.1488977026890357 6.6269224199310424 6.7019224199310425 7.4791213423954179 7.5541213423954181 7.6698782195302391 7.7448782195302392 8.7794301085850979 8.8544301085850972 9.1182731093831055 9.1932731093831048 9.4947925185020541 9.5697925185020534 9.9048739682378244 9.9798739682378237 10.127757080468701 10.2027570804687;1.6666666666666667 1.7243589743589745 2.6564911488949314 2.7141834565872389 2.7791004545316436 2.836792762223951 3.3045373286650181 3.3622296363573256 3.4978242325387892 3.5555165402310966 3.6237999406862715 3.681492248378579 3.748771301248222 3.8064636089405295 3.9593146119285842 4.0170069196208917 4.3993434093968284 4.4570357170891359 4.5496141189393331 4.6073064266316406 4.9537422247159659 5.0114345324082734 5.313254643094127 5.3709469507864345 5.7386582717418246 5.7963505794341321 6.394195904406728 6.4518882120990355 6.5409319637412056 6.598624271433513 7.394433416860327 7.4521257245526344 7.6550818790126405 7.712774186704948 7.944712193719524 8.0024045014118315 8.2601594627470405 8.3178517704393489 8.4316080106169462 8.4893003183092546;2 2.0833333333333335 3.4297464743297157 3.5130798076630492 3.6068488046938563 3.6901821380271898 4.365813178442064 4.449146511775397 4.6450053729263994 4.7283387062597324 4.8269702846949851 4.9103036180283182 5.007484472173358 5.0908178055066911 5.3116025876005475 5.3949359209338805 5.9471997394991218 6.0305330728324549 6.1642574310605172 6.2475907643938502 6.7479980282934307 6.8313313616267637 7.2672937437285521 7.3506270770618851 7.8817656517752255 7.9650989851085585 8.8286533434023085 8.9119866767356424 9.0406054291076661 9.123938762441 10.273440861390842 10.356774194724176 10.649933084499741 10.733266417833075 11.068287983520795 11.151621316854129 11.523934038782764 11.607267372116098 11.771581941261518 11.854915274594852;
