m;1
n;2
P;39
P1;2 4 6 8 10 12 14 16 18 20 22 24 26 28 30 32 34 36 38
Q;40
M;100
h;1 1 1 1 1 1 1 1 1 1 1 1 1 1 1 1 1 1 1 1 1 1 1 1 1 1 1 1 1 1 1 1 1 1 1 1 1 1 1
Vmin;52 52 52 52 52 52 52 52 52 52 52 52 52 52 52 52 52 52 52 52 52 52 52 52 52 52 52 52 52 52 52 52 52 52 52 52 52 52 52;52 52 52 52 52 52 52 52 52 52 52 52 52 52 52 52 52 52 52 52 52 52 52 52 52 52 52 52 52 52 52 52 52 52 52 52 52 52 52;
Vmax;52 52 52 52 52 52 52 52 52 52 52 52 52 52 52 52 52 52 52 52 52 52 52 52 52 52 52 52 52 52 52 52 52 52 52 52 52 52 52;52 52 52 52 52 52 52 52 52 52 52 52 52 52 52 52 52 52 52 52 52 52 52 52 52 52 52 52 52 52 52 52 52 52 52 52 52 52 52;
d;3.000 11.581 3.000 10.746 3.000 6.957 3.000 5.079 3.000 25.235 3.000 3.464 3.000 22.868 3.000 4.694 3.000 23.735 3.000 27.574 3.000 17.801 3.000 5.235 3.000 19.494 3.000 12.843 3.000 5.536 3.000 4.730 3.000 31.780 3.000 18.303 3.000 5.856 3.000
S;6.2213266395185496 6.1636343318262421 6.0510269814633357 5.9933346737710282 5.6413537282119259 5.5836614205196184 4.9724996365421905 4.914807328849883 4.8238508436131893 4.7661585359208818 4.6597012606019481 4.6020089529096406 4.3550313080481047 4.2973390003557972 3.9224580720228563 3.8647657643305489 3.7640911725650223 3.7063988648727149 3.3640699050735714 3.3063775973812639 2.776111136317752 2.7184188286254445 2.2619786570777509 2.2042863493854434 2.1140159327677015 2.056323625075394 1.6165468029349859 1.5588544952426782 1.4922470877315719 1.4345547800392642 0.94926791170132763 0.89157560400901992 0.79390376949724073 0.73621146180493302 0.60242978410737802 0.54473747641507031 0.33808663160860974 0.28039432391630204 0.057692307692307696 0;0 0.057692307692307696 0.30924047776245589 0.3669327854547636 0.57358363026122428 0.63127593795353198 0.76505761565108699 0.8227499233433947 0.92042175785517388 0.97811406554748159 1.4634009338854184 1.5210932415777261 1.5877006490888323 1.6453929567811401 2.0851697789215482 2.1428620866138557 2.2331325032315976 2.2908248109239051 2.7472649824715987 2.8049572901639062 3.3352237512274181 3.3929160589197256 3.735245018718869 3.7929373264111765 3.893611918176703 3.9513042258690105 4.3261851542019514 4.3838774618942589 4.6308551067557948 4.6885474144481023 4.7950046897670351 4.8526969974593426 4.9436534826960363 5.0013457903883438 5.6125075743657717 5.6701998820580792 6.0221808276171815 6.079873135309489 6.1924804856723954 6.2501727933647029;
