m;6
n;12
P;39
P1;2 4 6 8 10 12 14 16 18 20 22 24 26 28 30 32 34 36 38
Q;40
M;100
h;1 1 1 1 1 1 1 1 1 1 1 1 1 1 1 1 1 1 1 1 1 1 1 1 1 1 1 1 1 1 1 1 1 1 1 1 1 1 1
Vmin;48 48 48 48 48 48 48 48 48 48 48 48 48 48 48 48 48 48 48 48 48 48 48 48 48 48 48 48 48 48 48 48 48 48 48 48 48 48 48;52 52 52 52 52 52 52 52 52 52 52 52 52 52 52 52 52 52 52 52 52 52 52 52 52 52 52 52 52 52 52 52 52 52 52 52 52 52 52;44 44 44 44 44 44 44 44 44 44 44 44 44 44 44 44 44 44 44 44 44 44 44 44 44 44 44 44 44 44 44 44 44 44 44 44 44 44 44;45 45 45 45 45 45 45 45 45 45 45 45 45 45 45 45 45 45 45 45 45 45 45 45 45 45 45 45 45 45 45 45 45 45 45 45 45 45 45;51 51 51 51 51 51 51 51 51 51 51 51 51 51 51 51 51 51 51 51 51 51 51 51 51 51 51 51 51 51 51 51 51 51 51 51 51 51 51;33 33 33 33 33 33 33 33 33 33 33 33 33 33 33 33 33 33 33 33 33 33 33 33 33 33 33 33 33 33 33 33 33 33 33 33 33 33 33;37 37 37 37 37 37 37 37 37 37 37 37 37 37 37 37 37 37 37 37 37 37 37 37 37 37 37 37 37 37 37 37 37 37 37 37 37 37 37;28 28 28 28 28 28 28 28 28 28 28 28 28 28 28 28 28 28 28 28 28 28 28 28 28 28 28 28 28 28 28 28 28 28 28 28 28 28 28;33 33 33 33 33 33 33 33 33 33 33 33 33 33 33 33 33 33 33 33 33 33 33 33 33 33 33 33 33 33 33 33 33 33 33 33 33 33 33;41 41 41 41 41 41 41 41 41 41 41 41 41 41 41 41 41 41 41 41 41 41 41 41 41 41 41 41 41 41 41 41 41 41 41 41 41 41 41;50 50 50 50 50 50 50 50 50 50 50 50 50 50 50 50 50 50 50 50 50 50 50 50 50 50 50 50 50 50 50 50 50 50 50 50 50 50 50;42 42 42 42 42 42 42 42 42 42 42 42 42 42 42 42 42 42 42 42 42 42 42 42 42 42 42 42 42 42 42 42 42 42 42 42 42 42 42;
Vmax;48 48 48 48 48 48 48 48 48 48 48 48 48 48 48 48 48 48 48 48 48 48 48 48 48 48 48 48 48 48 48 48 48 48 48 48 48 48 48;52 52 52 52 52 52 52 52 52 52 52 52 52 52 52 52 52 52 52 52 52 52 52 52 52 52 52 52 52 52 52 52 52 52 52 52 52 52 52;44 44 44 44 44 44 44 44 44 44 44 44 44 44 44 44 44 44 44 44 44 44 44 44 44 44 44 44 44 44 44 44 44 44 44 44 44 44 44;45 45 45 45 45 45 45 45 45 45 45 45 45 45 45 45 45 45 45 45 45 45 45 45 45 45 45 45 45 45 45 45 45 45 45 45 45 45 45;51 51 51 51 51 51 51 51 51 51 51 51 51 51 51 51 51 51 51 51 51 51 51 51 51 51 51 51 51 51 51 51 51 51 51 51 51 51 51;33 33 33 33 33 33 33 33 33 33 33 33 33 33 33 33 33 33 33 33 33 33 33 33 33 33 33 33 33 33 33 33 33 33 33 33 33 33 33;37 37 37 37 37 37 37 37 37 37 37 37 37 37 37 37 37 37 37 37 37 37 37 37 37 37 37 37 37 37 37 37 37 37 37 37 37 37 37;28 28 28 28 28 28 28 28 28 28 28 28 28 28 28 28 28 28 28 28 28 28 28 28 28 28 28 28 28 28 28 28 28 28 28 28 28 28 28;33 33 33 33 33 33 33 33 33 33 33 33 33 33 33 33 33 33 33 33 33 33 33 33 33 33 33 33 33 33 33 33 33 33 33 33 33 33 33;41 41 41 41 41 41 41 41 41 41 41 41 41 41 41 41 41 41 41 41 41 41 41 41 41 41 41 41 41 41 41 41 41 41 41 41 41 41 41;50 50 50 50 50 50 50 50 50 50 50 50 50 50 50 50 50 50 50 50 50 50 50 50 50 50 50 50 50 50 50 50 50 50 50 50 50 50 50;42 42 42 42 42 42 42 42 42 42 42 42 42 42 42 42 42 42 42 42 42 42 42 42 42 42 42 42 42 42 42 42 42 42 42 42 42 42 42;
d;3.000 29.187 3.000 35.754 3.000 5.039 3.000 5.350 3.000 22.856 3.000 5.585 3.000 5.966 3.000 4.321 3.000 29.109 3.000 3.539 3.000 36.432 3.000 19.435 3.000 22.422 3.000 3.394 3.000 20.399 3.000 3.598 3.000 10.984 3.000 34.539 3.000 12.314 3.000
S;7.712953221552648 7.650453221552648 7.3939178528741722 7.3314178528741722 6.6118500799794084 6.5493500799794084 6.3205177974280851 6.2580177974280851 6.18305381793349 6.12055381793349 5.6955732913749326 5.6330732913749326 5.5623698407632389 5.4998698407632389 5.0327354519200469 4.9702354519200469 4.5653495402702955 4.5028495402702955 3.7438464939899356 3.6813464939899356 3.6076212890058943 3.5451212890058943 2.9386906823142813 2.8761906823142813 2.7861728625740354 2.7236728625740354 2.5993899314463582 2.5368899314463582 2.420534785500505 2.358034785500505 1.8818769268072504 1.8193769268072504 1.7079153669250577 1.6454153669250577 1.540438893075931 1.477938893075931 0.73307105309716347 0.67057105309716347 0.0625 0;7.4529824609203894 7.3952901532280819 7.1584882744479508 7.1007959667556433 6.4365795610066305 6.378887253314323 6.1676574540361786 6.1099651463438711 6.0407676268103989 5.9830753191180914 5.5907856022948073 5.5330932946024998 5.4678285709609362 5.4101362632686287 4.9789352889518366 4.9212429812595291 4.5475021397366815 4.489809832044374 3.7891916354778878 3.7314993277855804 3.6634452924156964 3.6057529847233889 3.0459708862388233 2.9882785785465158 2.9051852064785963 2.8474928987862889 2.7327701931299715 2.675077885437664 2.5676731353337994 2.5099808276414919 2.0704504965400261 2.0127581888477186 1.9098705951103099 1.8521782874180022 1.7552769269418851 1.6975846192495774 1.0100143054230228 0.95232199773071513 0.39102564102564102 0.33333333333333331;9.0807974538150109 9.0126156356331926 8.7327588698021295 8.6645770516203111 7.8795940266442051 7.8114122084623867 7.5617769911336703 7.493595172951852 7.4118162862304757 7.3436344680486574 6.8800193481665941 6.8118375299847758 6.7347064929538369 6.6665246747720186 6.1569235233067188 6.0887417051249004 5.6470479833251712 5.5788661651433529 4.7508628419284147 4.6826810237465963 4.6022535274003697 4.5340717092185514 3.8725110473731554 3.8043292291913371 3.706127971292887 3.6379461531110686 3.5023647736990573 3.434182955517239 3.3072500690308537 3.2390682508490354 2.7196233140927579 2.6514414959109396 2.5298470669485478 2.4616652487667294 2.3471454591131367 2.2789636409313183 1.4663805427726631 1.3981987245908449 0.73484848484848486 0.66666666666666663;9.2271501029894907 9.1604834363228242 8.8868457097324498 8.8201790430657834 8.0526400853113689 7.9859734186447016 7.7418856505899569 7.6752189839232905 7.5952574057957225 7.5285907391290561 7.0752781774665943 7.0086115107999278 6.9331944968141208 6.8665278301474544 6.3682511487147169 6.3015844820480504 5.8697061762883154 5.8030395096216489 4.9934362602559315 4.926769593589265 4.8481293749396208 4.7814627082729544 4.1346033944685674 4.067936727801901 3.9719177200789719 3.9052510534123051 3.772682593542783 3.7060159268761161 3.5819037712005395 3.5152371045338726 3.007335388594401 2.9406687219277341 2.8217763913867286 2.7551097247200618 2.6431348192809931 2.5764681526143263 1.7819424566369744 1.7152757899703077 1.0666666666666667 1;8.5925834242064081 8.5337598947946436 8.2923148419207848 8.2334913125090203 7.5562510556668903 7.4974275262551258 7.2820559662068218 7.2232324367950573 7.1526781031530859 7.0938545737413214 6.6938729016862082 6.6350493722744437 6.5685049481693198 6.5096814187575553 6.0700255233757279 6.0112019939639634 5.6301329006465499 5.5713093712347854 4.8569535629709168 4.7981300335591524 4.728741605338878 4.6699180759271135 4.0991598578644188 4.0403363284526543 3.9556136745794821 3.8967901451677176 3.7798179746946099 3.7209944452828454 3.6114837196867482 3.5526601902749837 3.1045116173872147 3.0456880879754502 2.9407830904392691 2.8819595610275046 2.7831581738753854 2.7243346444636209 2.0232825597777224 1.9644590303659577 1.392156862745098 1.3333333333333333;12.885507716197795 12.794598625288703 12.421456270847285 12.330547179938193 11.283903146636719 11.192994055727628 10.860147099289339 10.769238008380247 10.660199492751746 10.569290401842654 9.9511369086665695 9.8602278177574778 9.7573864350495594 9.6664773441404677 8.987009142186734 8.8961000512776423 8.3071750888780045 8.2162659979689128 7.1122615670156613 7.0213524761065704 6.9141158143116019 6.8232067234025111 5.9411258409419831 5.8502167500328923 5.7192817395016258 5.6283726485925349 5.4475974760431862 5.3566883851340954 5.1874445364855815 5.0965354455764906 4.4039421965681207 4.3130331056590299 4.1509072003758405 4.0599981094667497 3.9073050565952929 3.8163959656862021 2.7329518348079951 2.6420427438989043 1.7575757575757576 1.6666666666666667;0 0.0625 0.70182105309716347 0.76432105309716347 1.509188893075931 1.571688893075931 1.6766653669250577 1.7391653669250577 1.8506269268072504 1.9131269268072504 2.389284785500505 2.451784785500505 2.5681399314463582 2.6306399314463582 2.7549228625740354 2.8174228625740354 2.9074406823142813 2.9699406823142813 3.5763712890058943 3.6388712890058943 3.7125964939899356 3.7750964939899356 4.5340995402702955 4.5965995402702955 5.0014854519200469 5.0639854519200469 5.5311198407632389 5.5936198407632389 5.6643232913749326 5.7268232913749326 6.15180381793349 6.21430381793349 6.2892677974280851 6.3517677974280851 6.5806000799794084 6.6431000799794084 7.3626678528741722 7.4251678528741722 7.681703221552648 7.744203221552648;0.33333333333333331 0.39102564102564102 0.98116815157686887 1.0388604592691766 1.7264307730957311 1.7841230807880388 1.8810244412641559 1.9387167489564636 2.0416043426938724 2.0992966503861799 2.5388269814876456 2.5965192891799531 2.7039240392838177 2.7616163469761252 2.8763390526324426 2.9340313603247501 3.0171247323926691 3.0748170400849766 3.6345991385695422 3.6922914462618497 3.7603454816317337 3.8180377893240411 4.5186559858905273 4.5763482935828348 4.9500891351056824 5.0077814427979899 5.438982417114782 5.4966747248070895 5.5619394484486531 5.6196317561409606 6.0119214729642447 6.0696137806565522 6.1388113001900244 6.1965036078823319 6.4077334071604763 6.4654257148527838 7.1296421206017966 7.1873344282941041 7.4241363070742352 7.4818286147665427;0.66666666666666663 0.73484848484848486 1.4322896336817541 1.5004714518635722 2.3130545500222275 2.3812363682040458 2.4957561578576386 2.5639379760394569 2.6855324050018488 2.7537142231836671 3.2731591599399446 3.3413409781217629 3.4682738646081481 3.5364556827899665 3.6720370622019778 3.7402188803837961 3.8384201382822463 3.9066019564640646 4.5681626183094606 4.6363444364912789 4.7167719328375055 4.7849537510193239 5.612957074234262 5.6811388924160804 6.1228326142158096 6.1910144323976279 6.7006155838629278 6.7687974020447461 6.8459284390756849 6.9141102572575033 7.3777253771395666 7.4459071953213849 7.5276860820427611 7.5958679002245795 7.8455031175532959 7.9136849357351142 8.6986679607112212 8.7668497788930395 9.0467065447241026 9.114888362905921;1 1.0666666666666667 1.7486091233036412 1.8152757899703078 2.6098014859476599 2.6764681526143268 2.7884430580533954 2.8551097247200623 2.9740020552610678 3.0406687219277346 3.5485704378672063 3.6152371045338731 3.7393492602094498 3.8060159268761167 3.9385843867456387 4.0052510534123051 4.1012700611352342 4.1679367278019006 4.8147960416062876 4.881462708272954 4.9601029269225982 5.0267695935892647 5.8363728429549822 5.9030395096216486 6.3349178153813837 6.4015844820480501 6.8998611634807876 6.966527830147454 7.041944844133261 7.1086115107999275 7.5619240724623893 7.6285907391290557 7.7085523172566237 7.7752189839232901 8.0193067519780357 8.0859734186447021 8.8535123763991166 8.920179043065783 9.1938167696561575 9.2604834363228239;1.3333333333333333 1.392156862745098 1.9938707950718402 2.0526943244836047 2.7537464091695032 2.8125699385812677 2.9113713257333869 2.9701948551451514 3.0750998526813325 3.133923382093097 3.5820719549808659 3.6408954843926304 3.7504062099887276 3.8092297394004921 3.9262019098735998 3.9850254392853643 4.0697480931585366 4.1285716225703011 4.6993298406329957 4.7581533700447602 4.8275417982650346 4.8863653276767991 5.6007211359406677 5.6595446653524322 6.0406137586698456 6.0994372880816101 6.5390931834634376 6.5979167128752021 6.6644611369803259 6.7232846663920904 7.1232663384472037 7.1820898678589682 7.2526442015009396 7.3114677309127041 7.526839290961008 7.5856628203727725 8.2629030772149044 8.3217266066266689 8.5631716595005276 8.6219951889122921;1.6666666666666667 1.7575757575757576 2.6874972893534501 2.7784063802625409 3.861850511140748 3.9527596020498388 4.1054526549212955 4.1963617458303863 4.3584876511135757 4.4493967420226666 5.1419899910310365 5.2328990819401273 5.4021429305886413 5.4930520214977321 5.6738271940470808 5.7647362849561716 5.8956712954874382 5.986580386396529 6.868661268857057 6.9595703597661478 7.0668070215611163 7.1577161124702071 8.2617205434234577 8.3526296343325495 8.9415545967321872 9.0324636876412789 9.7119318895950126 9.8028409805041044 9.9056823632120228 9.9965914541211145 10.614744947297199 10.705654038206291 10.814692553834792 10.905601644743884 11.238448601182172 11.329357692091264 12.37600172539274 12.466910816301832 12.84005317074325 12.930962261652342;
