m;2
n;4
P;39
P1;2 4 6 8 10 12 14 16 18 20 22 24 26 28 30 32 34 36 38
Q;40
M;100
h;1 1 1 1 1 1 1 1 1 1 1 1 1 1 1 1 1 1 1 1 1 1 1 1 1 1 1 1 1 1 1 1 1 1 1 1 1 1 1
Vmin;50 50 50 50 50 50 50 50 50 50 50 50 50 50 50 50 50 50 50 50 50 50 50 50 50 50 50 50 50 50 50 50 50 50 50 50 50 50 50;45 45 45 45 45 45 45 45 45 45 45 45 45 45 45 45 45 45 45 45 45 45 45 45 45 45 45 45 45 45 45 45 45 45 45 45 45 45 45;47 47 47 47 47 47 47 47 47 47 47 47 47 47 47 47 47 47 47 47 47 47 47 47 47 47 47 47 47 47 47 47 47 47 47 47 47 47 47;52 52 52 52 52 52 52 52 52 52 52 52 52 52 52 52 52 52 52 52 52 52 52 52 52 52 52 52 52 52 52 52 52 52 52 52 52 52 52;
Vmax;50 50 50 50 50 50 50 50 50 50 50 50 50 50 50 50 50 50 50 50 50 50 50 50 50 50 50 50 50 50 50 50 50 50 50 50 50 50 50;45 45 45 45 45 45 45 45 45 45 45 45 45 45 45 45 45 45 45 45 45 45 45 45 45 45 45 45 45 45 45 45 45 45 45 45 45 45 45;47 47 47 47 47 47 47 47 47 47 47 47 47 47 47 47 47 47 47 47 47 47 47 47 47 47 47 47 47 47 47 47 47 47 47 47 47 47 47;52 52 52 52 52 52 52 52 52 52 52 52 52 52 52 52 52 52 52 52 52 52 52 52 52 52 52 52 52 52 52 52 52 52 52 52 52 52 52;
d;3.000 21.818 3.000 7.773 3.000 9.590 3.000 12.159 3.000 24.207 3.000 7.764 3.000 24.927 3.000 34.387 3.000 28.647 3.000 4.372 3.000 15.144 3.000 54.038 3.000 8.577 3.000 15.711 3.000 7.887 3.000 5.912 3.000 26.248 3.000 3.650 3.000 5.000 3.000
S;7.5562054394397045 7.4962054394397049 7.3962048698242375 7.3362048698242379 7.2631984626515038 7.2031984626515042 6.6782451844613107 6.618245184461311 6.5000096358582775 6.4400096358582779 6.2822779855221391 6.2222779855221395 5.9080508903008795 5.8480508903008799 5.6765170336665669 5.6165170336665673 4.535753849078227 4.4757538490782274 4.1728661232828568 4.1128661232828572 4.025432132190498 3.9654321321904984 3.3924921438777291 3.3324921438777291 2.6447491929474753 2.5847491929474753 2.0862056483959228 2.0262056483959228 1.8709250100691353 1.8109250100691352 1.3267905885336455 1.2667905885336455 1.0236199522197786 0.96361995221977859 0.77181169310319775 0.7118116931031977 0.55635514531424013 0.49635514531424013 0.059999999999999998 0;8.7291171549330038 8.6624504882663373 8.5513387442491524 8.484672077582486 8.40355384739056 8.3368871807238936 7.7536057605125679 7.6869390938459015 7.5555662620647528 7.4888995953980864 7.31364220613571 7.2469755394690436 6.8978343225565331 6.8311676558898666 6.6405744818517416 6.5739078151850752 5.3730598323091412 5.3063931656424748 4.9698512480920636 4.9031845814253971 4.8060357024338867 4.7393690357672202 4.1027690487530322 4.0361023820863657 3.2719435477194172 3.2052768810527503 2.6513396093288031 2.5846729426621362 2.4121389000768167 2.3454722334101499 1.8075450983707169 1.7408784317040502 1.4706888357997538 1.4040221691330872 1.190901881225775 1.1242352145591084 0.95150571701582232 0.88483905034915566 0.39999999999999997 0.33333333333333331;0 0.059999999999999998 0.5263551453142401 0.58635514531424016 0.74181169310319772 0.80181169310319778 0.99361995221977861 1.0536199522197787 1.2967905885336455 1.3567905885336455 1.8409250100691352 1.9009250100691353 2.056205648395923 2.1162056483959231 2.6147491929474755 2.6747491929474756 3.3624921438777293 3.4224921438777294 3.9954321321904986 4.0554321321904983 4.1428661232828574 4.202866123282857 4.5057538490782276 4.5657538490782272 5.6465170336665675 5.7065170336665672 5.8780508903008801 5.9380508903008797 6.2522779855221398 6.3122779855221394 6.4700096358582782 6.5300096358582778 6.6482451844613113 6.7082451844613109 7.2331984626515045 7.2931984626515041 7.3662048698242382 7.4262048698242378 7.5262054394397051 7.5862054394397047;0.33333333333333331 0.39999999999999997 0.9181723836824891 0.98483905034915575 1.157568547892442 1.2242352145591087 1.4373555024664209 1.5040221691330875 1.7742117650373839 1.8408784317040505 2.3788055667434835 2.4454722334101504 2.6180062759954699 2.6846729426621367 3.238610214386084 3.3052768810527509 4.0694357154196998 4.1361023820863663 4.7727023691005543 4.8393690357672208 4.9365179147587313 5.0031845814253977 5.3397264989758089 5.4063931656424753 6.6072411485184084 6.6739078151850748 6.8645009892231998 6.9311676558898663 7.2803088728023768 7.3469755394690432 7.5222329287314196 7.588899595398086 7.7202724271792347 7.7869390938459011 8.3702205140572268 8.4368871807238932 8.5180054109158192 8.5846720775824856 8.6957838215996723 8.7624504882663388;
