m;4
n;8
P;39
P1;2 4 6 8 10 12 14 16 18 20 22 24 26 28 30 32 34 36 38
Q;40
M;100
h;1 1 1 1 1 1 1 1 1 1 1 1 1 1 1 1 1 1 1 1 1 1 1 1 1 1 1 1 1 1 1 1 1 1 1 1 1 1 1
Vmin;49 49 49 49 49 49 49 49 49 49 49 49 49 49 49 49 49 49 49 49 49 49 49 49 49 49 49 49 49 49 49 49 49 49 49 49 49 49 49;46 46 46 46 46 46 46 46 46 46 46 46 46 46 46 46 46 46 46 46 46 46 46 46 46 46 46 46 46 46 46 46 46 46 46 46 46 46 46;51 51 51 51 51 51 51 51 51 51 51 51 51 51 51 51 51 51 51 51 51 51 51 51 51 51 51 51 51 51 51 51 51 51 51 51 51 51 51;52 52 52 52 52 52 52 52 52 52 52 52 52 52 52 52 52 52 52 52 52 52 52 52 52 52 52 52 52 52 52 52 52 52 52 52 52 52 52;40 40 40 40 40 40 40 40 40 40 40 40 40 40 40 40 40 40 40 40 40 40 40 40 40 40 40 40 40 40 40 40 40 40 40 40 40 40 40;51 51 51 51 51 51 51 51 51 51 51 51 51 51 51 51 51 51 51 51 51 51 51 51 51 51 51 51 51 51 51 51 51 51 51 51 51 51 51;48 48 48 48 48 48 48 48 48 48 48 48 48 48 48 48 48 48 48 48 48 48 48 48 48 48 48 48 48 48 48 48 48 48 48 48 48 48 48;52 52 52 52 52 52 52 52 52 52 52 52 52 52 52 52 52 52 52 52 52 52 52 52 52 52 52 52 52 52 52 52 52 52 52 52 52 52 52;
Vmax;49 49 49 49 49 49 49 49 49 49 49 49 49 49 49 49 49 49 49 49 49 49 49 49 49 49 49 49 49 49 49 49 49 49 49 49 49 49 49;46 46 46 46 46 46 46 46 46 46 46 46 46 46 46 46 46 46 46 46 46 46 46 46 46 46 46 46 46 46 46 46 46 46 46 46 46 46 46;51 51 51 51 51 51 51 51 51 51 51 51 51 51 51 51 51 51 51 51 51 51 51 51 51 51 51 51 51 51 51 51 51 51 51 51 51 51 51;52 52 52 52 52 52 52 52 52 52 52 52 52 52 52 52 52 52 52 52 52 52 52 52 52 52 52 52 52 52 52 52 52 52 52 52 52 52 52;40 40 40 40 40 40 40 40 40 40 40 40 40 40 40 40 40 40 40 40 40 40 40 40 40 40 40 40 40 40 40 40 40 40 40 40 40 40 40;51 51 51 51 51 51 51 51 51 51 51 51 51 51 51 51 51 51 51 51 51 51 51 51 51 51 51 51 51 51 51 51 51 51 51 51 51 51 51;48 48 48 48 48 48 48 48 48 48 48 48 48 48 48 48 48 48 48 48 48 48 48 48 48 48 48 48 48 48 48 48 48 48 48 48 48 48 48;52 52 52 52 52 52 52 52 52 52 52 52 52 52 52 52 52 52 52 52 52 52 52 52 52 52 52 52 52 52 52 52 52 52 52 52 52 52 52;
d;3.000 12.019 3.000 48.157 3.000 12.842 3.000 23.900 3.000 10.827 3.000 7.546 3.000 26.833 3.000 4.104 3.000 23.204 3.000 27.159 3.000 5.852 3.000 3.608 3.000 17.190 3.000 15.763 3.000 4.363 3.000 12.519 3.000 6.020 3.000 8.819 3.000 18.933 3.000
S;7.1359044948356987 7.07468000503978 6.6882864532753166 6.6270619634793979 6.4470730904389679 6.3858486006430493 6.2629999923982194 6.2017755026023007 5.9462791667067352 5.8850546769108165 5.7960230143326843 5.7347985245367656 5.4130951538921277 5.351870664096209 5.0010449666804124 4.9398204768844938 4.8661940218497506 4.8049695320538319 4.6855348268240027 4.624310337028084 4.0700380668881406 4.008813577092222 3.5352697679140777 3.4740452781181594 3.3902903078081983 3.3290658180122801 2.7814492028970794 2.7202247131011612 2.5662233953845366 2.5049989055886184 2.2840434886480581 2.2228189988521398 1.7350675185033655 1.6738430287074471 1.4117536810704905 1.350529191274572 0.36773680234453554 0.30651231254861716 0.061224489795918366 0;7.9346229039191813 7.8694055126148337 7.4578123813874706 7.3925949900831229 7.2008677122791864 7.1356503209748388 7.0047898469749112 6.9395724556705636 6.6674133152600694 6.6021959239557217 6.5073578486007548 6.4421404572964072 6.0994564320445104 6.0342390407401627 5.6605334065363788 5.5953160152320311 5.5168878348689354 5.4516704435645877 5.3244465184284655 5.2592291271241178 4.6688086654533087 4.6035912741489611 4.0991641730678943 4.0339467817635466 3.9447295307811965 3.8795121394768488 3.2961813972889176 3.2309640059845699 3.066919124069035 3.0017017327646873 2.7663361799366992 2.7011187886323516 2.1815574291303963 2.1163400378260486 1.8371579066475514 1.7719405153432035 0.72505297061338203 0.65983557930903425 0.39855072463768115 0.33333333333333331;7.5227317695480185 7.463908240136254 7.0926673766762791 7.0338438472645146 6.8609133614021403 6.8020898319903758 6.6840588162257353 6.6252352868139708 6.3797584150711719 6.3209348856594074 6.2353946608294368 6.1765711314176723 5.8674835792296864 5.8086600498179219 5.4715922228890195 5.412768693477255 5.3420295504046589 5.2832060209928944 5.1684550296936473 5.1096315002818828 4.5770953975984074 4.5182718681866429 4.0632984044664653 4.0044748750547008 3.9240044133843464 3.8651808839725819 3.3390394302344482 3.2802159008226837 3.132253850467495 3.0734303210557306 2.8611398224265647 2.8023162930148002 2.3336923216993113 2.2748687922875468 2.0230574582834122 1.9642339288716477 1.0199824179388675 0.96115888852710274 0.72549019607843135 0.66666666666666663;7.7242176970567096 7.6665253893644021 7.3024237732786572 7.2447314655863497 7.0751265659905602 7.0174342582982527 6.9016730697598554 6.8439807620675479 6.603224599396726 6.5455322917044185 6.4616370711981013 6.4039447635057938 6.1008012027060383 6.0431088950137308 5.7125231416796147 5.6548308339873072 5.5854520590507226 5.5277597513584151 5.415215509891846 5.3575232021995385 4.8352281784138222 4.7775358707215148 4.3313118966882636 4.2736195889959561 4.1946966362038776 4.1370043285115701 3.6209809796530159 3.5632886719607084 3.4181720456508122 3.3604797379585047 3.1522717489183614 3.0945794412260539 2.6349674693589398 2.5772751616666323 2.3303063533164234 2.272614045624116 1.3465212175938892 1.2888289099015815 1.0576923076923077 1;0 0.061224489795918366 0.33712455744657638 0.39834904724249476 1.3811414361725314 1.4423659259684498 1.7044552736054064 1.7656797634013248 2.2534312437500992 2.3146557335460174 2.5356111504865777 2.5968356402824959 2.7508369579991205 2.8120614477950387 3.3596780629102394 3.4209025527061576 3.5046575230161188 3.565882012812037 4.0394258219901813 4.1006503117861 4.6549225819260434 4.716147071721962 4.8355817769517913 4.8968062667477099 4.9704327217824531 5.0316572115783718 5.3824829089941684 5.443707398790087 5.765410769434725 5.8266352592306436 5.9156669218087758 5.9768914116046945 6.23238774750026 6.2936122372961787 6.4164608455410086 6.4776853353369273 6.6576742083773572 6.7188986981732759 7.1052922499377393 7.166516739733658;0.33333333333333331 0.39855072463768115 0.69244427496120808 0.75766166626555587 1.8045492109953774 1.8697666022997252 2.1489487334782225 2.2141661247825701 2.7337274842845254 2.7989448755888731 3.0343104284168612 3.0995278197212088 3.2635727016367437 3.3287900929410914 3.9121208351290226 3.9773382264333703 4.0665554774157204 4.1317728687200681 4.6361999698011349 4.7014173611054826 5.2918378227762917 5.3570552140806393 5.4842791392167616 5.5494965305211092 5.627924710884205 5.6931421021885527 6.0668477363923365 6.1320651276966842 6.474749152948581 6.5399665442529287 6.6348046196078956 6.7000220109122433 6.9721811513227374 7.0373985426270851 7.1682590166270126 7.2334764079313603 7.4252036857352968 7.4904210770396444 7.9020142082670075 7.9672315995713552;0.66666666666666663 0.72549019607843135 0.9905706532329851 1.0493941826447497 1.99364569357753 2.0524692229892945 2.304280556993429 2.3631040864051935 2.8317280577206825 2.890551587132447 3.1028420857616128 3.1616656151733773 3.3096276655285659 3.3684511949403304 3.8945926486784641 3.9534161780902286 4.033886639760583 4.0927101691723475 4.5476836328925252 4.6065071623042897 5.1390432649877651 5.1978667943995296 5.3126177856987766 5.3714413151105411 5.4421804581831372 5.5010039875949017 5.8380718145238042 5.8968953439355687 6.2059828961235546 6.2648064255353191 6.3503466503652897 6.4091701797770542 6.654647051519853 6.7134705809316175 6.831501596696258 6.8903251261080225 7.0632556119703969 7.1220791413821614 7.4933200048421362 7.5521435342539007;1 1.0576923076923077 1.3176750637477355 1.3753673714400432 2.3014601994702701 2.3591525071625776 2.6061213155127865 2.663813623205094 3.1234255950722081 3.1811179027645156 3.3893258918046589 3.4470181994969664 3.5921348258068626 3.6498271334991701 4.1658504823577243 4.2235427900500317 4.3024657428421103 4.3601580505344177 4.8063820245676689 4.8640743322599764 5.3863693560456927 5.4440616637380002 5.5566059052045693 5.6142982128968768 5.6836769878334614 5.7413692955257689 6.071955048859885 6.1296473565521925 6.432790917351948 6.4904832250442555 6.5743784455505727 6.6320707532428802 6.8728269159137021 6.9305192236060096 7.0462804121444069 7.1039727198367144 7.2735776194325048 7.3312699271248123 7.6953715432105572 7.7530638509028647;
