m;5
n;10
P;39
P1;2 4 6 8 10 12 14 16 18 20 22 24 26 28 30 32 34 36 38
Q;40
M;100
h;1 1 1 1 1 1 1 1 1 1 1 1 1 1 1 1 1 1 1 1 1 1 1 1 1 1 1 1 1 1 1 1 1 1 1 1 1 1 1
Vmin;37 37 37 37 37 37 37 37 37 37 37 37 37 37 37 37 37 37 37 37 37 37 37 37 37 37 37 37 37 37 37 37 37 37 37 37 37 37 37;28 28 28 28 28 28 28 28 28 28 28 28 28 28 28 28 28 28 28 28 28 28 28 28 28 28 28 28 28 28 28 28 28 28 28 28 28 28 28;43 43 43 43 43 43 43 43 43 43 43 43 43 43 43 43 43 43 43 43 43 43 43 43 43 43 43 43 43 43 43 43 43 43 43 43 43 43 43;31 31 31 31 31 31 31 31 31 31 31 31 31 31 31 31 31 31 31 31 31 31 31 31 31 31 31 31 31 31 31 31 31 31 31 31 31 31 31;40 40 40 40 40 40 40 40 40 40 40 40 40 40 40 40 40 40 40 40 40 40 40 40 40 40 40 40 40 40 40 40 40 40 40 40 40 40 40;48 48 48 48 48 48 48 48 48 48 48 48 48 48 48 48 48 48 48 48 48 48 48 48 48 48 48 48 48 48 48 48 48 48 48 48 48 48 48;48 48 48 48 48 48 48 48 48 48 48 48 48 48 48 48 48 48 48 48 48 48 48 48 48 48 48 48 48 48 48 48 48 48 48 48 48 48 48;48 48 48 48 48 48 48 48 48 48 48 48 48 48 48 48 48 48 48 48 48 48 48 48 48 48 48 48 48 48 48 48 48 48 48 48 48 48 48;40 40 40 40 40 40 40 40 40 40 40 40 40 40 40 40 40 40 40 40 40 40 40 40 40 40 40 40 40 40 40 40 40 40 40 40 40 40 40;52 52 52 52 52 52 52 52 52 52 52 52 52 52 52 52 52 52 52 52 52 52 52 52 52 52 52 52 52 52 52 52 52 52 52 52 52 52 52;
Vmax;37 37 37 37 37 37 37 37 37 37 37 37 37 37 37 37 37 37 37 37 37 37 37 37 37 37 37 37 37 37 37 37 37 37 37 37 37 37 37;28 28 28 28 28 28 28 28 28 28 28 28 28 28 28 28 28 28 28 28 28 28 28 28 28 28 28 28 28 28 28 28 28 28 28 28 28 28 28;43 43 43 43 43 43 43 43 43 43 43 43 43 43 43 43 43 43 43 43 43 43 43 43 43 43 43 43 43 43 43 43 43 43 43 43 43 43 43;31 31 31 31 31 31 31 31 31 31 31 31 31 31 31 31 31 31 31 31 31 31 31 31 31 31 31 31 31 31 31 31 31 31 31 31 31 31 31;40 40 40 40 40 40 40 40 40 40 40 40 40 40 40 40 40 40 40 40 40 40 40 40 40 40 40 40 40 40 40 40 40 40 40 40 40 40 40;48 48 48 48 48 48 48 48 48 48 48 48 48 48 48 48 48 48 48 48 48 48 48 48 48 48 48 48 48 48 48 48 48 48 48 48 48 48 48;48 48 48 48 48 48 48 48 48 48 48 48 48 48 48 48 48 48 48 48 48 48 48 48 48 48 48 48 48 48 48 48 48 48 48 48 48 48 48;48 48 48 48 48 48 48 48 48 48 48 48 48 48 48 48 48 48 48 48 48 48 48 48 48 48 48 48 48 48 48 48 48 48 48 48 48 48 48;40 40 40 40 40 40 40 40 40 40 40 40 40 40 40 40 40 40 40 40 40 40 40 40 40 40 40 40 40 40 40 40 40 40 40 40 40 40 40;52 52 52 52 52 52 52 52 52 52 52 52 52 52 52 52 52 52 52 52 52 52 52 52 52 52 52 52 52 52 52 52 52 52 52 52 52 52 52;
d;3.000 27.633 3.000 3.850 3.000 10.563 3.000 13.717 3.000 16.950 3.000 13.745 3.000 5.292 3.000 13.449 3.000 10.781 3.000 4.072 3.000 6.735 3.000 25.763 3.000 15.313 3.000 15.313 3.000 4.744 3.000 20.508 3.000 19.223 3.000 4.273 3.000 13.022 3.000
S;8.2417665047742918 8.1606854236932111 7.8087382984076337 7.727657217326553 7.6121757779743602 7.5310946968932795 7.0115631124622446 6.9304820313811639 6.376203597002184 6.2951225159211033 6.1668999586545707 6.08581887757349 5.6719649593488866 5.5908838782678059 5.1770094982054005 5.0959284171243198 4.3996368683344462 4.3185557872533655 4.1365352575034482 4.0554541764223675 3.945411045720729 3.8643299646396478 3.5729486966577206 3.4918676155766395 3.1283702912595359 3.0472892101784548 2.9042608555352483 2.8231797744541671 2.4517054223009529 2.3706243412198718 1.9125181963579791 1.831437115276898 1.4607077394798975 1.3796266583988164 1.0941322754091438 1.0130511943280627 0.90899586669465116 0.82791478561357001 0.081081081081081086 0;11.224239071785078 11.117096214642221 10.652023227657708 10.54488037051485 10.392279897085167 10.28513703994231 9.5986131605155851 9.4914703033727275 8.7590309436576472 8.6518880865147896 8.4824511358411581 8.3753082786983004 7.8284298867586468 7.7212870296157901 7.17438159881904 7.0672387416761833 6.1471391950609933 6.0399963379181365 5.7994692093200317 5.692326352177175 5.5469122151785806 5.4397693580357238 5.0547298253453201 4.9475869682024634 4.467251218212005 4.3601083610691482 4.1711066067191966 4.0639637495763399 3.573086927088164 3.4659440699453068 2.8605895213778059 2.7534466642349487 2.2635542747889121 2.1564114176460549 1.7791509829811303 1.6720081258382731 1.5345064428941222 1.427363585751265 0.44047619047619047 0.33333333333333331;7.7584192405422234 7.6886517986817582 7.3858135745988198 7.3160461327383546 7.2166783825980962 7.146910940737631 6.6998721355295308 6.6301046936690655 6.1531674361801763 6.083399994319711 5.9730689566717645 5.9033015148112993 5.5471946549436177 5.4774272130831525 5.1213027465178271 5.0515353046573619 4.4524007161637495 4.3826332743032843 4.2260109580068441 4.1562435161463789 4.0615552408914803 3.9917877990310151 3.7410643823954031 3.6712969405349378 3.3585201730992909 3.2887527312388256 3.1656818214295548 3.0959143795690895 2.7762736579488818 2.7065062160884166 2.3123218588816719 2.2425544170212066 1.9235547215679734 1.8537872797075083 1.6081293222512785 1.5383618803908135 1.4488259007992732 1.3790584589388082 0.73643410852713176 0.66666666666666663;10.836947118601582 10.740172925053194 10.320107001325248 10.22333280777686 10.085500122098436 9.988725928550048 9.3686398439065552 9.2718656503581673 8.6103075190026104 8.5135333254542225 8.3604934990393289 8.263719305490941 7.7697646289002851 7.6729904353518981 7.1790113365677364 7.0822371430193494 6.251179488012081 6.154405294463694 5.9371549847621798 5.8403807912137928 5.7090389900537719 5.6122647965053849 5.2644871540753426 5.1677129605269556 4.7338613153742832 4.6370871218258962 4.4663758598323922 4.3696016662840051 3.9262290524237171 3.8294548588753301 3.282683008556297 3.18590881500791 2.7434253664760062 2.6466511729276192 2.3058998125851069 2.2091256190367199 2.0849305505710349 1.9881563570226479 1.096774193548387 1;8.9569673502495526 8.8819673502495533 8.556416259360395 8.4814162593603957 8.3745959279596178 8.2995959279596185 7.8190292123609115 7.7440292123609114 7.2313216605603552 7.156321660560355 7.037715795088813 6.9627157950888128 6.5799009207310553 6.5049009207310551 6.1220671191733302 6.0470671191733301 5.4029974365426972 5.327997436542697 5.1596284465240236 5.0846284465240235 4.9828385506250079 4.9078385506250077 4.6383108777417252 4.5633108777417251 4.2270758527484045 4.1520758527484043 4.0197746247034383 3.9447746247034385 3.6011608489617153 3.5261608489617151 3.1024126649644646 3.0274126649644644 2.6844879923522389 2.6094879923522387 2.3454056880867915 2.2704056880867913 2.1741545100258857 2.0991545100258855 1.4083333333333332 1.3333333333333333;0 0.081081081081081086 0.86845532615411059 0.94953640723519173 1.0535917348686032 1.1346728159496844 1.4201671989393569 1.5012482800204381 1.8719776558174388 1.9530587368985199 2.4111648817604125 2.4922459628414937 2.8637203149947079 2.9448013960757891 3.0878297507189956 3.1689108318000767 3.5324081561171803 3.6134892371982614 3.9048705051801886 3.9859515862612698 4.0959947169629087 4.1770757980439894 4.3590963277939068 4.4401774088749875 5.136468957664861 5.2175500387459417 5.6314244188083471 5.7125054998894278 6.1263594181140313 6.207440499195112 6.3356630564616445 6.4167441375427252 6.9710225719217052 7.0521036530027859 7.5716352374338207 7.6527163185149014 7.7681977578670942 7.8492788389481749 8.2012259642337515 8.2823070453148322;0.33333333333333331 0.44047619047619047 1.4809350143226936 1.5880778714655508 1.7255795544097017 1.8327224115525589 2.2099828462174833 2.3171257033603405 2.807018092806377 2.9141609499492342 3.5195154985167352 3.6266583556595924 4.1175351781477678 4.2246780352906246 4.4136797896405762 4.5208226467834329 5.0011583967738913 5.1083012539167481 5.4933407866071517 5.6004836437500085 5.7458977807486029 5.8530406378914597 6.0935677664895644 6.2007106236324212 7.1208101702476112 7.227953027390468 7.774858458187218 7.8820013153300748 8.4288797072697292 8.5360225644125869 8.7054595150862184 8.8126023722290761 9.5450417319441563 9.6521845890870139 10.338708468513738 10.445851325656596 10.598451799086279 10.705594656229136 11.170667643213649 11.277810500356507;0.66666666666666663 0.73643410852713176 1.4139421798690408 1.4837096217295058 1.5732456013210461 1.6430130431815111 1.888671000637741 1.958438442498206 2.2774381379514392 2.3472055798119045 2.7413899370186492 2.8111573788791144 3.1307981004993222 3.2005655423597874 3.3236364521690582 3.3934038940295235 3.7061806614651704 3.7759481033256357 4.0266715199612477 4.096438961821713 4.1911272370766115 4.2608946789370767 4.4175169952335169 4.4872844370939822 5.0864190255875945 5.1561864674480598 5.5123109340133851 5.5820783758738504 5.9381852357415319 6.0079526776019971 6.1182837152499436 6.1880511571104089 6.6649884145992981 6.7347558564597634 7.1817946616678636 7.2515621035283289 7.3509298536685872 7.4206972955290524 7.7235355196119908 7.793302961472456;1 1.096774193548387 2.0365434537968414 2.1333176473452284 2.257512715810913 2.3542869093593 2.6950382697018123 2.7918124632501993 3.2342959117821031 3.3310701053304901 3.8778419556495232 3.9746161491979102 4.4179887630581982 4.5147629566065852 4.6854742186000893 4.7822484121484763 5.2161000573011478 5.3128742508495348 5.6606518932795771 5.7574260868279641 5.888767887987985 5.985542081536372 6.2027923912378862 6.2995665847862732 7.1306242397935415 7.2273984333419286 7.7213775321260902 7.8181517256744772 8.3121064022651332 8.4088805958135211 8.5619204222284147 8.6586946157768026 9.3202527471323595 9.4170269406807474 10.03711302532424 10.133887218872628 10.271719904551052 10.36849409809944 10.788560021827386 10.885334215375774;1.3333333333333333 1.4083333333333332 2.1366545100258856 2.2116545100258858 2.3079056880867914 2.3829056880867916 2.6469879923522388 2.721987992352239 3.0649126649644645 3.1399126649644646 3.5636608489617152 3.6386608489617154 3.9822746247034386 4.0572746247034388 4.1895758527484048 4.264575852748405 4.6008108777417256 4.6758108777417258 4.9453385506250083 5.0203385506250084 5.122128446524024 5.1971284465240242 5.3654974365426975 5.4404974365426977 6.0845671191733306 6.1595671191733308 6.5424009207310556 6.6174009207310558 7.0002157950888133 7.0752157950888135 7.1938216605603555 7.2688216605603557 7.7815292123609119 7.8565292123609121 8.33709592795962 8.4120959279596192 8.5189162593603971 8.5939162593603964 8.9194673502495547 8.994467350249554;
