m;8
n;16
P;39
P1;2 4 6 8 10 12 14 16 18 20 22 24 26 28 30 32 34 36 38
Q;40
M;100
h;1 1 1 1 1 1 1 1 1 1 1 1 1 1 1 1 1 1 1 1 1 1 1 1 1 1 1 1 1 1 1 1 1 1 1 1 1 1 1
Vmin;37 37 37 37 37 37 37 37 37 37 37 37 37 37 37 37 37 37 37 37 37 37 37 37 37 37 37 37 37 37 37 37 37 37 37 37 37 37 37;28 28 28 28 28 28 28 28 28 28 28 28 28 28 28 28 28 28 28 28 28 28 28 28 28 28 28 28 28 28 28 28 28 28 28 28 28 28 28;34 34 34 34 34 34 34 34 34 34 34 34 34 34 34 34 34 34 34 34 34 34 34 34 34 34 34 34 34 34 34 34 34 34 34 34 34 34 34;36 36 36 36 36 36 36 36 36 36 36 36 36 36 36 36 36 36 36 36 36 36 36 36 36 36 36 36 36 36 36 36 36 36 36 36 36 36 36;30 30 30 30 30 30 30 30 30 30 30 30 30 30 30 30 30 30 30 30 30 30 30 30 30 30 30 30 30 30 30 30 30 30 30 30 30 30 30;48 48 48 48 48 48 48 48 48 48 48 48 48 48 48 48 48 48 48 48 48 48 48 48 48 48 48 48 48 48 48 48 48 48 48 48 48 48 48;48 48 48 48 48 48 48 48 48 48 48 48 48 48 48 48 48 48 48 48 48 48 48 48 48 48 48 48 48 48 48 48 48 48 48 48 48 48 48;49 49 49 49 49 49 49 49 49 49 49 49 49 49 49 49 49 49 49 49 49 49 49 49 49 49 49 49 49 49 49 49 49 49 49 49 49 49 49;32 32 32 32 32 32 32 32 32 32 32 32 32 32 32 32 32 32 32 32 32 32 32 32 32 32 32 32 32 32 32 32 32 32 32 32 32 32 32;52 52 52 52 52 52 52 52 52 52 52 52 52 52 52 52 52 52 52 52 52 52 52 52 52 52 52 52 52 52 52 52 52 52 52 52 52 52 52;48 48 48 48 48 48 48 48 48 48 48 48 48 48 48 48 48 48 48 48 48 48 48 48 48 48 48 48 48 48 48 48 48 48 48 48 48 48 48;41 41 41 41 41 41 41 41 41 41 41 41 41 41 41 41 41 41 41 41 41 41 41 41 41 41 41 41 41 41 41 41 41 41 41 41 41 41 41;39 39 39 39 39 39 39 39 39 39 39 39 39 39 39 39 39 39 39 39 39 39 39 39 39 39 39 39 39 39 39 39 39 39 39 39 39 39 39;44 44 44 44 44 44 44 44 44 44 44 44 44 44 44 44 44 44 44 44 44 44 44 44 44 44 44 44 44 44 44 44 44 44 44 44 44 44 44;41 41 41 41 41 41 41 41 41 41 41 41 41 41 41 41 41 41 41 41 41 41 41 41 41 41 41 41 41 41 41 41 41 41 41 41 41 41 41;36 36 36 36 36 36 36 36 36 36 36 36 36 36 36 36 36 36 36 36 36 36 36 36 36 36 36 36 36 36 36 36 36 36 36 36 36 36 36;
Vmax;37 37 37 37 37 37 37 37 37 37 37 37 37 37 37 37 37 37 37 37 37 37 37 37 37 37 37 37 37 37 37 37 37 37 37 37 37 37 37;28 28 28 28 28 28 28 28 28 28 28 28 28 28 28 28 28 28 28 28 28 28 28 28 28 28 28 28 28 28 28 28 28 28 28 28 28 28 28;34 34 34 34 34 34 34 34 34 34 34 34 34 34 34 34 34 34 34 34 34 34 34 34 34 34 34 34 34 34 34 34 34 34 34 34 34 34 34;36 36 36 36 36 36 36 36 36 36 36 36 36 36 36 36 36 36 36 36 36 36 36 36 36 36 36 36 36 36 36 36 36 36 36 36 36 36 36;30 30 30 30 30 30 30 30 30 30 30 30 30 30 30 30 30 30 30 30 30 30 30 30 30 30 30 30 30 30 30 30 30 30 30 30 30 30 30;48 48 48 48 48 48 48 48 48 48 48 48 48 48 48 48 48 48 48 48 48 48 48 48 48 48 48 48 48 48 48 48 48 48 48 48 48 48 48;48 48 48 48 48 48 48 48 48 48 48 48 48 48 48 48 48 48 48 48 48 48 48 48 48 48 48 48 48 48 48 48 48 48 48 48 48 48 48;49 49 49 49 49 49 49 49 49 49 49 49 49 49 49 49 49 49 49 49 49 49 49 49 49 49 49 49 49 49 49 49 49 49 49 49 49 49 49;32 32 32 32 32 32 32 32 32 32 32 32 32 32 32 32 32 32 32 32 32 32 32 32 32 32 32 32 32 32 32 32 32 32 32 32 32 32 32;52 52 52 52 52 52 52 52 52 52 52 52 52 52 52 52 52 52 52 52 52 52 52 52 52 52 52 52 52 52 52 52 52 52 52 52 52 52 52;48 48 48 48 48 48 48 48 48 48 48 48 48 48 48 48 48 48 48 48 48 48 48 48 48 48 48 48 48 48 48 48 48 48 48 48 48 48 48;41 41 41 41 41 41 41 41 41 41 41 41 41 41 41 41 41 41 41 41 41 41 41 41 41 41 41 41 41 41 41 41 41 41 41 41 41 41 41;39 39 39 39 39 39 39 39 39 39 39 39 39 39 39 39 39 39 39 39 39 39 39 39 39 39 39 39 39 39 39 39 39 39 39 39 39 39 39;44 44 44 44 44 44 44 44 44 44 44 44 44 44 44 44 44 44 44 44 44 44 44 44 44 44 44 44 44 44 44 44 44 44 44 44 44 44 44;41 41 41 41 41 41 41 41 41 41 41 41 41 41 41 41 41 41 41 41 41 41 41 41 41 41 41 41 41 41 41 41 41 41 41 41 41 41 41;36 36 36 36 36 36 36 36 36 36 36 36 36 36 36 36 36 36 36 36 36 36 36 36 36 36 36 36 36 36 36 36 36 36 36 36 36 36 36;
d;3.000 5.036 3.000 10.669 3.000 9.957 3.000 5.554 3.000 4.074 3.000 5.055 3.000 5.103 3.000 4.172 3.000 3.195 3.000 12.449 3.000 3.157 3.000 9.960 3.000 12.387 3.000 12.969 3.000 29.945 3.000 4.064 3.000 5.185 3.000 11.903 3.000 23.066 3.000
S;6.4297238378085355 6.3486427567274548 5.7252496204611507 5.64416853938007 5.3224615777645656 5.2413804966834849 5.1012489034743451 5.0201678223932644 4.9103199370232469 4.8292388559421662 4.0199212835897207 3.93884020250864 3.5883337488554186 3.5072526677743374 3.1724563776601733 3.0913752965790922 2.8221886244258463 2.7411075433447651 2.6557820849267082 2.5747010038456271 2.2382503668214291 2.1571692857403479 2.0708249273486867 1.9897438462676058 1.8769937576088036 1.7959126765277225 1.6579913222461489 1.5769102411650677 1.4402771286925555 1.3591960476114744 1.2490994739038579 1.1680183928227768 1.0179034481900386 0.9368223671089575 0.66770293869163733 0.58662185761055619 0.29828039229750469 0.21719931121642358 0.081081081081081086 0;8.8297541190088999 8.7226112618660423 7.8988417603712824 7.7916989032284256 7.3665861325222233 7.2594432753793665 7.0742693843530029 6.9671265272101461 6.8219703929711946 6.7148275358283378 5.645372172362606 5.5382293152197493 5.0750600728922786 4.9679172157494218 4.5255078323842763 4.4183649752414196 4.0626540156103443 3.9555111584674871 3.842759659843626 3.7356168027007688 3.2910213180616505 3.1838784609187933 3.0697805587583837 2.9626377016155265 2.8136465130306805 2.7065036558878233 2.5242504377300299 2.4171075805871727 2.2365566819627816 2.1294138248199244 1.9839290667062883 1.8767862095634311 1.6784200327273129 1.5712771755844557 1.2156550737472827 1.1085122166044254 0.72748956601217873 0.62034670886932164 0.44047619047619047 0.33333333333333331;7.6637190783994855 7.5754837842818388 6.8970853712861544 6.8088500771685077 6.4587572071751644 6.3705219130575177 6.2180257675063952 6.1297904733887485 6.0102501275449054 5.9220148334272587 5.0412868870437153 4.9530515929260686 4.5716180992446223 4.4833828051269755 4.1190456658850909 4.0308103717674442 3.7378719344242057 3.6496366403065585 3.556782464969261 3.4685471708516138 3.1024097129135164 3.0141744187958692 2.9202114405461201 2.831976146428473 2.7092775205350703 2.6210422264174231 2.4709513408757107 2.3827160467580635 2.2340270714203299 2.1457917773026827 2.0259808000326296 1.9377455059149824 1.7743851249911204 1.6861498308734735 1.3932845705369779 1.3050492764193309 0.99126591710806877 0.90303062299042169 0.75490196078431371 0.66666666666666663;7.6083272777476614 7.5249939444143283 6.8842843321406262 6.8009509988072931 6.4703077327024694 6.3869743993691364 6.2429502619041868 6.1596169285708537 6.0467177130516694 5.9633843797183363 5.1315857636894338 5.0482524303561007 4.6880096863236238 4.6046763529902908 4.260580165928511 4.1772468325951779 3.9005827528821198 3.8172494195487863 3.7295538095080056 3.6462204761746722 3.3004239881220245 3.2170906547886911 3.1283478419972615 3.045014508663928 2.9291324730979369 2.8457991397646034 2.7040466367529863 2.6207133034196528 2.480284826711793 2.3969514933784595 2.2837966815122979 2.2004633481789644 2.0461785439730948 1.9628452106397616 1.6862502425441825 1.6029169092108493 1.306565958750213 1.2232326254168797 1.0833333333333333 1;9.2633260666305279 9.1633260666305283 8.3944745319020857 8.2944745319020861 7.897702612576297 7.7977026125762974 7.6248736476183581 7.5248736476183584 7.3893945889953363 7.2893945889953367 6.2912362497606544 6.1912362497606548 5.758944956921682 5.6589449569216823 5.2460295324475466 5.1460295324475469 4.8140326367918771 4.7140326367918775 4.6087979047429402 4.5087979047429405 4.0938421190797634 3.9938421190797637 3.8873507437300479 3.7873507437300478 3.6482923010508581 3.548292301050858 3.3781892974369172 3.2781892974369171 3.1096751253874855 3.0096751253874854 2.8738893511480916 2.7738893511480915 2.5887475861010478 2.4887475861010477 2.1568336243863526 2.0568336243863525 1.7012124838335891 1.6012124838335891 1.4333333333333333 1.3333333333333333;6.6229121249774154 6.5604121249774154 6.079879915772139 6.017379915772139 5.7693974661935208 5.7068974661935208 5.5988793630948086 5.5363793630948086 5.4517049514554197 5.3892049514554197 4.7653559894337434 4.7028559894337434 4.4326739314093855 4.3701739314093855 4.1121017911130506 4.0496017911130506 3.8421037313282569 3.7796037313282569 3.7138320237976714 3.6513320237976714 3.3919846577581856 3.3294846577581856 3.2629275481646132 3.2004275481646132 3.1135160214901196 3.0510160214901196 2.9447016442314067 2.8822016442314067 2.776880286700512 2.714380286700512 2.6295141778008908 2.5670141778008908 2.4513005746464884 2.3888005746464884 2.1813543485748039 2.1188543485748039 1.8965911357293266 1.8340911357293266 1.7291666666666667 1.6666666666666667;6.9562454583107485 6.8937454583107485 6.4132132491054721 6.3507132491054721 6.1027307995268538 6.0402307995268538 5.9322126964281416 5.8697126964281416 5.7850382847887527 5.7225382847887527 5.0986893227670764 5.0361893227670764 4.7660072647427185 4.7035072647427185 4.4454351244463837 4.3829351244463837 4.1754370646615904 4.1129370646615904 4.0471653571310044 3.9846653571310044 3.7253179910915186 3.6628179910915186 3.5962608814979462 3.5337608814979462 3.4468493548234527 3.3843493548234527 3.2780349775647397 3.2155349775647397 3.1102136200338451 3.0477136200338451 2.9628475111342238 2.9003475111342238 2.7846339079798215 2.7221339079798215 2.514687681908137 2.452187681908137 2.2299244690626598 2.1674244690626598 2.0625 2;7.1884309251479452 7.1272064353520266 6.6564810059264499 6.5952565161305312 6.3523349328698444 6.2911104430739258 6.1852967910588612 6.1240723012629426 6.0411259388406844 5.9799014490447657 5.3687840984929194 5.3075596086970007 5.0428914702241601 4.9816669804282414 4.7288616185053014 4.6676371287093827 4.4643737232059113 4.4031492334099926 4.3387198056249288 4.2774953158290101 4.0234407531780851 3.9622162633821665 3.8970174621476468 3.8357929723517286 3.750655150303245 3.6894306605073268 3.5852859644171589 3.5240614746212406 3.4208895325501603 3.359665042754242 3.2765308952607355 3.2153064054648173 3.101954304415607 3.0407298146196888 2.8375171849984469 2.7762926952025286 2.5585654662926736 2.4973409764967553 2.3945578231292517 2.3333333333333335;0 0.081081081081081086 0.25773985175696412 0.33882093283804521 0.62716239815109676 0.7082434792321779 0.97736290764949807 1.0584439887305792 1.2085589333633173 1.2896400144443985 1.399736588152015 1.4808176692330961 1.6174507817056083 1.6985318627866894 1.836453217068263 1.9175342981493442 2.0302843868081464 2.1113654678892275 2.1977098262808887 2.2787909073619699 2.6152415443861674 2.6963226254672485 2.7816480838853055 2.8627291649663866 3.1319158371196325 3.2129969182007136 3.5477932083148778 3.6288742893959589 3.9793807430491803 4.060461824130261 4.8697793964827065 4.9508604775637872 5.0607083629338048 5.1417894440148855 5.2819210372240253 5.363002118305106 5.6847090799206104 5.7657901610016911 6.3891832972679952 6.4702643783490759;0.33333333333333331 0.44047619047619047 0.67391813744075013 0.78106099458360723 1.1620836451758538 1.269226502318711 1.6248486041558841 1.7319914612987413 1.9303576381348593 2.0375004952777163 2.1829852533913523 2.2901281105342095 2.4706790091586006 2.5778218663014578 2.7600750844592512 2.8672179416021084 3.0162091301869545 3.1233519873298117 3.2374498894902213 3.3445927466330785 3.7891882312721967 3.8963310884150539 4.0090825870389146 4.1162254441817714 4.4719364038128466 4.5790792609557034 5.0214886443208488 5.1286315014637056 5.5918007437911763 5.6989436009340331 6.7683989643997648 6.8755418215426216 7.0206979557815732 7.1278408129244299 7.3130147039507936 7.4201575610936503 7.8452703317998527 7.9524131889427094 8.7761826904374693 8.883325547580327;0.66666666666666663 0.75490196078431371 0.94714827004924529 1.0353835641668923 1.3491669234781543 1.4374022175958012 1.7302674779322968 1.8185027720499438 1.9818631529738058 2.070098447091453 2.189909424361506 2.2781447184791532 2.4268336938168868 2.515068987934534 2.6651598734762465 2.7533951675938937 2.8760937934872963 2.9643290876049435 3.0582920658546926 3.1465273599723398 3.5126648179104372 3.6009001120280844 3.6937542873653819 3.7819895814830291 4.0749280188262675 4.1631633129439143 4.5275004521857989 4.6157357463034456 4.9971692399848919 5.0854045341025387 5.966132480486082 6.0543677746037288 6.1739081204475719 6.2621434145652186 6.4146395601163411 6.5028748542339878 6.852967724227331 6.9412030183449778 7.6196014313406621 7.7078367254583089;1 1.0833333333333333 1.2648992920835465 1.3482326254168797 1.644583575877516 1.7279169092108493 2.0045118773064283 2.0878452106397618 2.2421300148456313 2.3254633481789648 2.4386181600451264 2.5219514933784599 2.6623799700863198 2.7457133034196533 2.8874658064312704 2.9707991397646039 3.0866811753305949 3.1700145086639284 3.258757321455358 3.3420906547886915 3.6878871428413391 3.7712204761746726 3.8589160862154532 3.9422494195487867 4.2189134992618449 4.3022468325951779 4.6463430196569577 4.7296763529902908 5.0899190970227686 5.1732524303561016 6.0050510463850042 6.0883843797183372 6.2012835952375216 6.2846169285708546 6.4286410660358042 6.5119743993691372 6.842617665473961 6.925950998807294 7.5666606110809962 7.6499939444143292;1.3333333333333333 1.4333333333333333 1.6512124838335891 1.7512124838335892 2.1068336243863528 2.2068336243863529 2.5387475861010476 2.6387475861010476 2.8238893511480914 2.9238893511480915 3.0596751253874852 3.1596751253874853 3.3281892974369169 3.428189297436917 3.5982923010508578 3.6982923010508579 3.8373507437300476 3.9373507437300477 4.0438421190797635 4.1438421190797632 4.5587979047429403 4.65879790474294 4.7640326367918773 4.8640326367918769 5.1960295324475467 5.2960295324475464 5.7089449569216821 5.8089449569216818 6.2412362497606546 6.3412362497606543 7.3393945889953365 7.4393945889953361 7.5748736476183582 7.6748736476183579 7.8477026125762972 7.9477026125762968 8.344474531902085 8.4444745319020846 9.2133260666305272 9.3133260666305269;1.6666666666666667 1.7291666666666667 1.8653411357293266 1.9278411357293266 2.1501043485748039 2.2126043485748039 2.4200505746464884 2.4825505746464884 2.5982641778008908 2.6607641778008908 2.745630286700512 2.808130286700512 2.9134516442314067 2.9759516442314067 3.0822660214901196 3.1447660214901196 3.2316775481646132 3.2941775481646132 3.3607346577581856 3.4232346577581856 3.6825820237976714 3.7450820237976714 3.8108537313282569 3.8733537313282569 4.0808517911130506 4.1433517911130506 4.4014239314093855 4.4639239314093855 4.7341059894337434 4.7966059894337434 5.4204549514554197 5.4829549514554197 5.5676293630948086 5.6301293630948086 5.7381474661935208 5.8006474661935208 6.048629915772139 6.111129915772139 6.5916621249774154 6.6541621249774154;2 2.0625 2.1986744690626598 2.2611744690626598 2.483437681908137 2.545937681908137 2.7533839079798215 2.8158839079798215 2.9315975111342238 2.9940975111342238 3.0789636200338451 3.1414636200338451 3.2467849775647397 3.3092849775647397 3.4155993548234527 3.4780993548234527 3.5650108814979462 3.6275108814979462 3.6940679910915186 3.7565679910915186 4.0159153571310044 4.0784153571310044 4.1441870646615904 4.2066870646615904 4.4141851244463837 4.4766851244463837 4.7347572647427185 4.7972572647427185 5.0674393227670764 5.1299393227670764 5.7537882847887527 5.8162882847887527 5.9009626964281416 5.9634626964281416 6.0714807995268538 6.1339807995268538 6.3819632491054721 6.4444632491054721 6.9249954583107485 6.9874954583107485;2.3333333333333335 2.3945578231292517 2.5279532213947142 2.5891777111906324 2.8069049401004875 2.8681294298964057 3.0713420595176477 3.1325665493135659 3.2459186503627762 3.3071431401586944 3.3902772876522009 3.4515017774481191 3.5546737195192 3.6158982093151182 3.7200429054052861 3.7812673952012044 3.8664052172496879 3.9276297070456061 3.9928285082801258 4.0540529980760445 4.3081075607269694 4.3693320505228881 4.433761478307952 4.4949859681038706 4.6982493736073421 4.7594738634032607 5.0122792253262007 5.0735037151221194 5.33817185359496 5.3993963433908787 6.0105136939427251 6.0717381837386437 6.1546845461609019 6.2159090359568205 6.3217226879718851 6.3829471777678037 6.6258687610284905 6.6870932508244092 7.1578186802499859 7.2190431700459046;
